n lam mean variance std
3000 0.810000 1500.494122 38699.107443 196.720887
bin_midpoint probability
1.000000 0.000000
2.000000 0.000000
3.000000 0.000000
4.000000 0.000000
5.000000 0.000000
6.000000 0.000000
7.000000 0.000000
8.000000 0.000000
9.000000 0.000000
10.000000 0.000000
11.000000 0.000000
12.000000 0.000000
13.000000 0.000000
14.000000 0.000000
15.000000 0.000000
16.000000 0.000000
17.000000 0.000000
18.000000 0.000000
19.000000 0.000000
20.000000 0.000000
21.000000 0.000000
22.000000 0.000000
23.000000 0.000000
24.000000 0.000000
25.000000 0.000000
26.000000 0.000000
27.000000 0.000000
28.000000 0.000000
29.000000 0.000000
30.000000 0.000000
31.000000 0.000000
32.000000 0.000000
33.000000 0.000000
34.000000 0.000000
35.000000 0.000000
36.000000 0.000000
37.000000 0.000000
38.000000 0.000000
39.000000 0.000000
40.000000 0.000000
41.000000 0.000000
42.000000 0.000000
43.000000 0.000000
44.000000 0.000000
45.000000 0.000000
46.000000 0.000000
47.000000 0.000000
48.000000 0.000000
49.000000 0.000000
50.000000 0.000000
51.000000 0.000000
52.000000 0.000000
53.000000 0.000000
54.000000 0.000000
55.000000 0.000000
56.000000 0.000000
57.000000 0.000000
58.000000 0.000000
59.000000 0.000000
60.000000 0.000000
61.000000 0.000000
62.000000 0.000000
63.000000 0.000000
64.000000 0.000000
65.000000 0.000000
66.000000 0.000000
67.000000 0.000000
68.000000 0.000000
69.000000 0.000000
70.000000 0.000000
71.000000 0.000000
72.000000 0.000000
73.000000 0.000000
74.000000 0.000000
75.000000 0.000000
76.000000 0.000000
77.000000 0.000000
78.000000 0.000000
79.000000 0.000000
80.000000 0.000000
81.000000 0.000000
82.000000 0.000000
83.000000 0.000000
84.000000 0.000000
85.000000 0.000000
86.000000 0.000000
87.000000 0.000000
88.000000 0.000000
89.000000 0.000000
90.000000 0.000000
91.000000 0.000000
92.000000 0.000000
93.000000 0.000000
94.000000 0.000000
95.000000 0.000000
96.000000 0.000000
97.000000 0.000000
98.000000 0.000000
99.000000 0.000000
100.000000 0.000000
101.000000 0.000000
102.000000 0.000000
103.000000 0.000000
104.000000 0.000000
105.000000 0.000000
106.000000 0.000000
107.000000 0.000000
108.000000 0.000000
109.000000 0.000000
110.000000 0.000000
111.000000 0.000000
112.000000 0.000000
113.000000 0.000000
114.000000 0.000000
115.000000 0.000000
116.000000 0.000000
117.000000 0.000000
118.000000 0.000000
119.000000 0.000000
120.000000 0.000000
121.000000 0.000000
122.000000 0.000000
123.000000 0.000000
124.000000 0.000000
125.000000 0.000000
126.000000 0.000000
127.000000 0.000000
128.000000 0.000000
129.000000 0.000000
130.000000 0.000000
131.000000 0.000000
132.000000 0.000000
133.000000 0.000000
134.000000 0.000000
135.000000 0.000000
136.000000 0.000000
137.000000 0.000000
138.000000 0.000000
139.000000 0.000000
140.000000 0.000000
141.000000 0.000000
142.000000 0.000000
143.000000 0.000000
144.000000 0.000000
145.000000 0.000000
146.000000 0.000000
147.000000 0.000000
148.000000 0.000000
149.000000 0.000000
150.000000 0.000000
151.000000 0.000000
152.000000 0.000000
153.000000 0.000000
154.000000 0.000000
155.000000 0.000000
156.000000 0.000000
157.000000 0.000000
158.000000 0.000000
159.000000 0.000000
160.000000 0.000000
161.000000 0.000000
162.000000 0.000000
163.000000 0.000000
164.000000 0.000000
165.000000 0.000000
166.000000 0.000000
167.000000 0.000000
168.000000 0.000000
169.000000 0.000000
170.000000 0.000000
171.000000 0.000000
172.000000 0.000000
173.000000 0.000000
174.000000 0.000000
175.000000 0.000000
176.000000 0.000000
177.000000 0.000000
178.000000 0.000000
179.000000 0.000000
180.000000 0.000000
181.000000 0.000000
182.000000 0.000000
183.000000 0.000000
184.000000 0.000000
185.000000 0.000000
186.000000 0.000000
187.000000 0.000000
188.000000 0.000000
189.000000 0.000000
190.000000 0.000000
191.000000 0.000000
192.000000 0.000000
193.000000 0.000000
194.000000 0.000000
195.000000 0.000000
196.000000 0.000000
197.000000 0.000000
198.000000 0.000000
199.000000 0.000000
200.000000 0.000000
201.000000 0.000000
202.000000 0.000000
203.000000 0.000000
204.000000 0.000000
205.000000 0.000000
206.000000 0.000000
207.000000 0.000000
208.000000 0.000000
209.000000 0.000000
210.000000 0.000000
211.000000 0.000000
212.000000 0.000000
213.000000 0.000000
214.000000 0.000000
215.000000 0.000000
216.000000 0.000000
217.000000 0.000000
218.000000 0.000000
219.000000 0.000000
220.000000 0.000000
221.000000 0.000000
222.000000 0.000000
223.000000 0.000000
224.000000 0.000000
225.000000 0.000000
226.000000 0.000000
227.000000 0.000000
228.000000 0.000000
229.000000 0.000000
230.000000 0.000000
231.000000 0.000000
232.000000 0.000000
233.000000 0.000000
234.000000 0.000000
235.000000 0.000000
236.000000 0.000000
237.000000 0.000000
238.000000 0.000000
239.000000 0.000000
240.000000 0.000000
241.000000 0.000000
242.000000 0.000000
243.000000 0.000000
244.000000 0.000000
245.000000 0.000000
246.000000 0.000000
247.000000 0.000000
248.000000 0.000000
249.000000 0.000000
250.000000 0.000000
251.000000 0.000000
252.000000 0.000000
253.000000 0.000000
254.000000 0.000000
255.000000 0.000000
256.000000 0.000000
257.000000 0.000000
258.000000 0.000000
259.000000 0.000000
260.000000 0.000000
261.000000 0.000000
262.000000 0.000000
263.000000 0.000000
264.000000 0.000000
265.000000 0.000000
266.000000 0.000000
267.000000 0.000000
268.000000 0.000000
269.000000 0.000000
270.000000 0.000000
271.000000 0.000000
272.000000 0.000000
273.000000 0.000000
274.000000 0.000000
275.000000 0.000000
276.000000 0.000000
277.000000 0.000000
278.000000 0.000000
279.000000 0.000000
280.000000 0.000000
281.000000 0.000000
282.000000 0.000000
283.000000 0.000000
284.000000 0.000000
285.000000 0.000000
286.000000 0.000000
287.000000 0.000000
288.000000 0.000000
289.000000 0.000000
290.000000 0.000000
291.000000 0.000000
292.000000 0.000000
293.000000 0.000000
294.000000 0.000000
295.000000 0.000000
296.000000 0.000000
297.000000 0.000000
298.000000 0.000000
299.000000 0.000000
300.000000 0.000000
301.000000 0.000000
302.000000 0.000000
303.000000 0.000000
304.000000 0.000000
305.000000 0.000000
306.000000 0.000000
307.000000 0.000000
308.000000 0.000000
309.000000 0.000000
310.000000 0.000000
311.000000 0.000000
312.000000 0.000000
313.000000 0.000000
314.000000 0.000000
315.000000 0.000000
316.000000 0.000000
317.000000 0.000000
318.000000 0.000000
319.000000 0.000000
320.000000 0.000000
321.000000 0.000000
322.000000 0.000000
323.000000 0.000000
324.000000 0.000000
325.000000 0.000000
326.000000 0.000000
327.000000 0.000000
328.000000 0.000000
329.000000 0.000000
330.000000 0.000000
331.000000 0.000000
332.000000 0.000000
333.000000 0.000000
334.000000 0.000000
335.000000 0.000000
336.000000 0.000000
337.000000 0.000000
338.000000 0.000000
339.000000 0.000000
340.000000 0.000000
341.000000 0.000000
342.000000 0.000000
343.000000 0.000000
344.000000 0.000000
345.000000 0.000000
346.000000 0.000000
347.000000 0.000000
348.000000 0.000000
349.000000 0.000000
350.000000 0.000000
351.000000 0.000000
352.000000 0.000000
353.000000 0.000000
354.000000 0.000000
355.000000 0.000000
356.000000 0.000000
357.000000 0.000000
358.000000 0.000000
359.000000 0.000000
360.000000 0.000000
361.000000 0.000000
362.000000 0.000000
363.000000 0.000000
364.000000 0.000000
365.000000 0.000000
366.000000 0.000000
367.000000 0.000000
368.000000 0.000000
369.000000 0.000000
370.000000 0.000000
371.000000 0.000000
372.000000 0.000000
373.000000 0.000000
374.000000 0.000000
375.000000 0.000000
376.000000 0.000000
377.000000 0.000000
378.000000 0.000000
379.000000 0.000000
380.000000 0.000000
381.000000 0.000000
382.000000 0.000000
383.000000 0.000000
384.000000 0.000000
385.000000 0.000000
386.000000 0.000000
387.000000 0.000000
388.000000 0.000000
389.000000 0.000000
390.000000 0.000000
391.000000 0.000000
392.000000 0.000000
393.000000 0.000000
394.000000 0.000000
395.000000 0.000000
396.000000 0.000000
397.000000 0.000000
398.000000 0.000000
399.000000 0.000000
400.000000 0.000000
401.000000 0.000000
402.000000 0.000000
403.000000 0.000000
404.000000 0.000000
405.000000 0.000000
406.000000 0.000000
407.000000 0.000000
408.000000 0.000000
409.000000 0.000000
410.000000 0.000000
411.000000 0.000000
412.000000 0.000000
413.000000 0.000000
414.000000 0.000000
415.000000 0.000000
416.000000 0.000000
417.000000 0.000000
418.000000 0.000000
419.000000 0.000000
420.000000 0.000000
421.000000 0.000000
422.000000 0.000000
423.000000 0.000000
424.000000 0.000000
425.000000 0.000000
426.000000 0.000000
427.000000 0.000000
428.000000 0.000000
429.000000 0.000000
430.000000 0.000000
431.000000 0.000000
432.000000 0.000000
433.000000 0.000000
434.000000 0.000000
435.000000 0.000000
436.000000 0.000000
437.000000 0.000000
438.000000 0.000000
439.000000 0.000000
440.000000 0.000000
441.000000 0.000000
442.000000 0.000000
443.000000 0.000000
444.000000 0.000000
445.000000 0.000000
446.000000 0.000000
447.000000 0.000000
448.000000 0.000000
449.000000 0.000000
450.000000 0.000000
451.000000 0.000000
452.000000 0.000000
453.000000 0.000000
454.000000 0.000000
455.000000 0.000000
456.000000 0.000000
457.000000 0.000000
458.000000 0.000000
459.000000 0.000000
460.000000 0.000000
461.000000 0.000000
462.000000 0.000000
463.000000 0.000000
464.000000 0.000000
465.000000 0.000000
466.000000 0.000000
467.000000 0.000000
468.000000 0.000000
469.000000 0.000000
470.000000 0.000000
471.000000 0.000000
472.000000 0.000000
473.000000 0.000000
474.000000 0.000000
475.000000 0.000000
476.000000 0.000000
477.000000 0.000000
478.000000 0.000000
479.000000 0.000000
480.000000 0.000000
481.000000 0.000000
482.000000 0.000000
483.000000 0.000000
484.000000 0.000000
485.000000 0.000000
486.000000 0.000000
487.000000 0.000000
488.000000 0.000000
489.000000 0.000000
490.000000 0.000000
491.000000 0.000000
492.000000 0.000000
493.000000 0.000000
494.000000 0.000000
495.000000 0.000000
496.000000 0.000000
497.000000 0.000000
498.000000 0.000000
499.000000 0.000000
500.000000 0.000000
501.000000 0.000000
502.000000 0.000000
503.000000 0.000000
504.000000 0.000000
505.000000 0.000000
506.000000 0.000000
507.000000 0.000000
508.000000 0.000000
509.000000 0.000000
510.000000 0.000000
511.000000 0.000000
512.000000 0.000000
513.000000 0.000000
514.000000 0.000000
515.000000 0.000000
516.000000 0.000000
517.000000 0.000000
518.000000 0.000000
519.000000 0.000000
520.000000 0.000000
521.000000 0.000000
522.000000 0.000000
523.000000 0.000000
524.000000 0.000000
525.000000 0.000000
526.000000 0.000000
527.000000 0.000000
528.000000 0.000000
529.000000 0.000000
530.000000 0.000000
531.000000 0.000000
532.000000 0.000000
533.000000 0.000000
534.000000 0.000000
535.000000 0.000000
536.000000 0.000000
537.000000 0.000000
538.000000 0.000000
539.000000 0.000000
540.000000 0.000000
541.000000 0.000000
542.000000 0.000000
543.000000 0.000000
544.000000 0.000000
545.000000 0.000000
546.000000 0.000000
547.000000 0.000000
548.000000 0.000000
549.000000 0.000000
550.000000 0.000000
551.000000 0.000000
552.000000 0.000000
553.000000 0.000000
554.000000 0.000000
555.000000 0.000000
556.000000 0.000000
557.000000 0.000000
558.000000 0.000000
559.000000 0.000000
560.000000 0.000000
561.000000 0.000000
562.000000 0.000000
563.000000 0.000000
564.000000 0.000000
565.000000 0.000000
566.000000 0.000000
567.000000 0.000000
568.000000 0.000000
569.000000 0.000000
570.000000 0.000000
571.000000 0.000000
572.000000 0.000000
573.000000 0.000000
574.000000 0.000000
575.000000 0.000000
576.000000 0.000000
577.000000 0.000000
578.000000 0.000000
579.000000 0.000000
580.000000 0.000000
581.000000 0.000000
582.000000 0.000000
583.000000 0.000000
584.000000 0.000000
585.000000 0.000000
586.000000 0.000000
587.000000 0.000000
588.000000 0.000000
589.000000 0.000000
590.000000 0.000000
591.000000 0.000000
592.000000 0.000000
593.000000 0.000000
594.000000 0.000000
595.000000 0.000000
596.000000 0.000000
597.000000 0.000000
598.000000 0.000000
599.000000 0.000000
600.000000 0.000000
601.000000 0.000000
602.000000 0.000000
603.000000 0.000000
604.000000 0.000000
605.000000 0.000000
606.000000 0.000000
607.000000 0.000000
608.000000 0.000000
609.000000 0.000000
610.000000 0.000000
611.000000 0.000000
612.000000 0.000000
613.000000 0.000000
614.000000 0.000000
615.000000 0.000000
616.000000 0.000000
617.000000 0.000000
618.000000 0.000000
619.000000 0.000000
620.000000 0.000000
621.000000 0.000000
622.000000 0.000000
623.000000 0.000000
624.000000 0.000000
625.000000 0.000000
626.000000 0.000000
627.000000 0.000000
628.000000 0.000000
629.000000 0.000000
630.000000 0.000000
631.000000 0.000000
632.000000 0.000000
633.000000 0.000000
634.000000 0.000000
635.000000 0.000000
636.000000 0.000000
637.000000 0.000000
638.000000 0.000000
639.000000 0.000000
640.000000 0.000000
641.000000 0.000000
642.000000 0.000000
643.000000 0.000000
644.000000 0.000000
645.000000 0.000000
646.000000 0.000000
647.000000 0.000000
648.000000 0.000000
649.000000 0.000000
650.000000 0.000000
651.000000 0.000000
652.000000 0.000000
653.000000 0.000000
654.000000 0.000000
655.000000 0.000000
656.000000 0.000000
657.000000 0.000000
658.000000 0.000000
659.000000 0.000000
660.000000 0.000000
661.000000 0.000000
662.000000 0.000000
663.000000 0.000000
664.000000 0.000000
665.000000 0.000000
666.000000 0.000000
667.000000 0.000000
668.000000 0.000000
669.000000 0.000000
670.000000 0.000000
671.000000 0.000000
672.000000 0.000000
673.000000 0.000000
674.000000 0.000000
675.000000 0.000000
676.000000 0.000000
677.000000 0.000000
678.000000 0.000000
679.000000 0.000000
680.000000 0.000000
681.000000 0.000000
682.000000 0.000000
683.000000 0.000000
684.000000 0.000000
685.000000 0.000000
686.000000 0.000000
687.000000 0.000000
688.000000 0.000000
689.000000 0.000000
690.000000 0.000000
691.000000 0.000000
692.000000 0.000000
693.000000 0.000000
694.000000 0.000000
695.000000 0.000000
696.000000 0.000000
697.000000 0.000000
698.000000 0.000000
699.000000 0.000000
700.000000 0.000000
701.000000 0.000000
702.000000 0.000000
703.000000 0.000000
704.000000 0.000000
705.000000 0.000000
706.000000 0.000000
707.000000 0.000000
708.000000 0.000000
709.000000 0.000000
710.000000 0.000000
711.000000 0.000000
712.000000 0.000000
713.000000 0.000000
714.000000 0.000000
715.000000 0.000000
716.000000 0.000000
717.000000 0.000000
718.000000 0.000000
719.000000 0.000000
720.000000 0.000000
721.000000 0.000000
722.000000 0.000000
723.000000 0.000000
724.000000 0.000000
725.000000 0.000000
726.000000 0.000000
727.000000 0.000000
728.000000 0.000000
729.000000 0.000000
730.000000 0.000000
731.000000 0.000000
732.000000 0.000000
733.000000 0.000000
734.000000 0.000000
735.000000 0.000000
736.000000 0.000000
737.000000 0.000000
738.000000 0.000000
739.000000 0.000000
740.000000 0.000000
741.000000 0.000000
742.000000 0.000000
743.000000 0.000000
744.000000 0.000000
745.000000 0.000000
746.000000 0.000000
747.000000 0.000000
748.000000 0.000000
749.000000 0.000000
750.000000 0.000000
751.000000 0.000000
752.000000 0.000000
753.000000 0.000000
754.000000 0.000001
755.000000 0.000001
756.000000 0.000001
757.000000 0.000001
758.000000 0.000001
759.000000 0.000001
760.000000 0.000001
761.000000 0.000001
762.000000 0.000001
763.000000 0.000001
764.000000 0.000001
765.000000 0.000001
766.000000 0.000001
767.000000 0.000001
768.000000 0.000001
769.000000 0.000001
770.000000 0.000001
771.000000 0.000001
772.000000 0.000001
773.000000 0.000001
774.000000 0.000001
775.000000 0.000001
776.000000 0.000001
777.000000 0.000001
778.000000 0.000001
779.000000 0.000001
780.000000 0.000001
781.000000 0.000001
782.000000 0.000001
783.000000 0.000001
784.000000 0.000001
785.000000 0.000001
786.000000 0.000001
787.000000 0.000001
788.000000 0.000001
789.000000 0.000001
790.000000 0.000001
791.000000 0.000001
792.000000 0.000001
793.000000 0.000001
794.000000 0.000001
795.000000 0.000001
796.000000 0.000002
797.000000 0.000002
798.000000 0.000002
799.000000 0.000002
800.000000 0.000002
801.000000 0.000002
802.000000 0.000002
803.000000 0.000002
804.000000 0.000002
805.000000 0.000002
806.000000 0.000002
807.000000 0.000002
808.000000 0.000002
809.000000 0.000002
810.000000 0.000002
811.000000 0.000002
812.000000 0.000002
813.000000 0.000002
814.000000 0.000002
815.000000 0.000002
816.000000 0.000002
817.000000 0.000003
818.000000 0.000003
819.000000 0.000003
820.000000 0.000003
821.000000 0.000003
822.000000 0.000003
823.000000 0.000003
824.000000 0.000003
825.000000 0.000003
826.000000 0.000003
827.000000 0.000003
828.000000 0.000003
829.000000 0.000003
830.000000 0.000003
831.000000 0.000003
832.000000 0.000004
833.000000 0.000004
834.000000 0.000004
835.000000 0.000004
836.000000 0.000004
837.000000 0.000004
838.000000 0.000004
839.000000 0.000004
840.000000 0.000004
841.000000 0.000004
842.000000 0.000004
843.000000 0.000005
844.000000 0.000005
845.000000 0.000005
846.000000 0.000005
847.000000 0.000005
848.000000 0.000005
849.000000 0.000005
850.000000 0.000005
851.000000 0.000005
852.000000 0.000005
853.000000 0.000006
854.000000 0.000006
855.000000 0.000006
856.000000 0.000006
857.000000 0.000006
858.000000 0.000006
859.000000 0.000006
860.000000 0.000006
861.000000 0.000007
862.000000 0.000007
863.000000 0.000007
864.000000 0.000007
865.000000 0.000007
866.000000 0.000007
867.000000 0.000008
868.000000 0.000008
869.000000 0.000008
870.000000 0.000008
871.000000 0.000008
872.000000 0.000008
873.000000 0.000008
874.000000 0.000009
875.000000 0.000009
876.000000 0.000009
877.000000 0.000009
878.000000 0.000009
879.000000 0.000010
880.000000 0.000010
881.000000 0.000010
882.000000 0.000010
883.000000 0.000010
884.000000 0.000011
885.000000 0.000011
886.000000 0.000011
887.000000 0.000011
888.000000 0.000011
889.000000 0.000012
890.000000 0.000012
891.000000 0.000012
892.000000 0.000012
893.000000 0.000013
894.000000 0.000013
895.000000 0.000013
896.000000 0.000013
897.000000 0.000014
898.000000 0.000014
899.000000 0.000014
900.000000 0.000014
901.000000 0.000015
902.000000 0.000015
903.000000 0.000015
904.000000 0.000015
905.000000 0.000016
906.000000 0.000016
907.000000 0.000016
908.000000 0.000017
909.000000 0.000017
910.000000 0.000017
911.000000 0.000018
912.000000 0.000018
913.000000 0.000018
914.000000 0.000019
915.000000 0.000019
916.000000 0.000019
917.000000 0.000020
918.000000 0.000020
919.000000 0.000020
920.000000 0.000021
921.000000 0.000021
922.000000 0.000022
923.000000 0.000022
924.000000 0.000022
925.000000 0.000023
926.000000 0.000023
927.000000 0.000024
928.000000 0.000024
929.000000 0.000024
930.000000 0.000025
931.000000 0.000025
932.000000 0.000026
933.000000 0.000026
934.000000 0.000027
935.000000 0.000027
936.000000 0.000028
937.000000 0.000028
938.000000 0.000028
939.000000 0.000029
940.000000 0.000029
941.000000 0.000030
942.000000 0.000030
943.000000 0.000031
944.000000 0.000032
945.000000 0.000032
946.000000 0.000033
947.000000 0.000033
948.000000 0.000034
949.000000 0.000034
950.000000 0.000035
951.000000 0.000035
952.000000 0.000036
953.000000 0.000037
954.000000 0.000037
955.000000 0.000038
956.000000 0.000038
957.000000 0.000039
958.000000 0.000040
959.000000 0.000040
960.000000 0.000041
961.000000 0.000042
962.000000 0.000042
963.000000 0.000043
964.000000 0.000044
965.000000 0.000044
966.000000 0.000045
967.000000 0.000046
968.000000 0.000046
969.000000 0.000047
970.000000 0.000048
971.000000 0.000049
972.000000 0.000050
973.000000 0.000050
974.000000 0.000051
975.000000 0.000052
976.000000 0.000053
977.000000 0.000053
978.000000 0.000054
979.000000 0.000055
980.000000 0.000056
981.000000 0.000057
982.000000 0.000058
983.000000 0.000059
984.000000 0.000060
985.000000 0.000060
986.000000 0.000061
987.000000 0.000062
988.000000 0.000063
989.000000 0.000064
990.000000 0.000065
991.000000 0.000066
992.000000 0.000067
993.000000 0.000068
994.000000 0.000069
995.000000 0.000070
996.000000 0.000071
997.000000 0.000072
998.000000 0.000073
999.000000 0.000074
1000.000000 0.000075
1001.000000 0.000076
1002.000000 0.000077
1003.000000 0.000079
1004.000000 0.000080
1005.000000 0.000081
1006.000000 0.000082
1007.000000 0.000083
1008.000000 0.000084
1009.000000 0.000086
1010.000000 0.000087
1011.000000 0.000088
1012.000000 0.000089
1013.000000 0.000091
1014.000000 0.000092
1015.000000 0.000093
1016.000000 0.000094
1017.000000 0.000096
1018.000000 0.000097
1019.000000 0.000098
1020.000000 0.000100
1021.000000 0.000101
1022.000000 0.000102
1023.000000 0.000104
1024.000000 0.000105
1025.000000 0.000107
1026.000000 0.000108
1027.000000 0.000110
1028.000000 0.000111
1029.000000 0.000113
1030.000000 0.000114
1031.000000 0.000115
1032.000000 0.000117
1033.000000 0.000119
1034.000000 0.000120
1035.000000 0.000122
1036.000000 0.000123
1037.000000 0.000125
1038.000000 0.000127
1039.000000 0.000128
1040.000000 0.000130
1041.000000 0.000132
1042.000000 0.000133
1043.000000 0.000135
1044.000000 0.000137
1045.000000 0.000138
1046.000000 0.000140
1047.000000 0.000142
1048.000000 0.000144
1049.000000 0.000145
1050.000000 0.000147
1051.000000 0.000149
1052.000000 0.000151
1053.000000 0.000153
1054.000000 0.000155
1055.000000 0.000157
1056.000000 0.000159
1057.000000 0.000161
1058.000000 0.000163
1059.000000 0.000165
1060.000000 0.000167
1061.000000 0.000169
1062.000000 0.000171
1063.000000 0.000173
1064.000000 0.000175
1065.000000 0.000177
1066.000000 0.000179
1067.000000 0.000182
1068.000000 0.000183
1069.000000 0.000186
1070.000000 0.000188
1071.000000 0.000190
1072.000000 0.000192
1073.000000 0.000195
1074.000000 0.000197
1075.000000 0.000199
1076.000000 0.000201
1077.000000 0.000204
1078.000000 0.000206
1079.000000 0.000209
1080.000000 0.000211
1081.000000 0.000213
1082.000000 0.000216
1083.000000 0.000218
1084.000000 0.000221
1085.000000 0.000223
1086.000000 0.000226
1087.000000 0.000228
1088.000000 0.000231
1089.000000 0.000233
1090.000000 0.000236
1091.000000 0.000238
1092.000000 0.000242
1093.000000 0.000244
1094.000000 0.000247
1095.000000 0.000249
1096.000000 0.000252
1097.000000 0.000255
1098.000000 0.000258
1099.000000 0.000260
1100.000000 0.000263
1101.000000 0.000266
1102.000000 0.000269
1103.000000 0.000272
1104.000000 0.000275
1105.000000 0.000278
1106.000000 0.000280
1107.000000 0.000284
1108.000000 0.000286
1109.000000 0.000290
1110.000000 0.000292
1111.000000 0.000296
1112.000000 0.000299
1113.000000 0.000302
1114.000000 0.000304
1115.000000 0.000308
1116.000000 0.000311
1117.000000 0.000315
1118.000000 0.000317
1119.000000 0.000321
1120.000000 0.000324
1121.000000 0.000328
1122.000000 0.000330
1123.000000 0.000334
1124.000000 0.000338
1125.000000 0.000340
1126.000000 0.000344
1127.000000 0.000347
1128.000000 0.000351
1129.000000 0.000354
1130.000000 0.000358
1131.000000 0.000361
1132.000000 0.000365
1133.000000 0.000368
1134.000000 0.000372
1135.000000 0.000375
1136.000000 0.000380
1137.000000 0.000382
1138.000000 0.000387
1139.000000 0.000390
1140.000000 0.000394
1141.000000 0.000397
1142.000000 0.000401
1143.000000 0.000406
1144.000000 0.000409
1145.000000 0.000413
1146.000000 0.000416
1147.000000 0.000421
1148.000000 0.000424
1149.000000 0.000428
1150.000000 0.000432
1151.000000 0.000436
1152.000000 0.000440
1153.000000 0.000445
1154.000000 0.000448
1155.000000 0.000453
1156.000000 0.000456
1157.000000 0.000461
1158.000000 0.000464
1159.000000 0.000469
1160.000000 0.000473
1161.000000 0.000477
1162.000000 0.000482
1163.000000 0.000485
1164.000000 0.000490
1165.000000 0.000494
1166.000000 0.000499
1167.000000 0.000502
1168.000000 0.000507
1169.000000 0.000511
1170.000000 0.000516
1171.000000 0.000519
1172.000000 0.000525
1173.000000 0.000529
1174.000000 0.000534
1175.000000 0.000537
1176.000000 0.000543
1177.000000 0.000546
1178.000000 0.000552
1179.000000 0.000556
1180.000000 0.000560
1181.000000 0.000566
1182.000000 0.000569
1183.000000 0.000575
1184.000000 0.000578
1185.000000 0.000584
1186.000000 0.000587
1187.000000 0.000594
1188.000000 0.000598
1189.000000 0.000604
1190.000000 0.000607
1191.000000 0.000613
1192.000000 0.000616
1193.000000 0.000623
1194.000000 0.000626
1195.000000 0.000632
1196.000000 0.000637
1197.000000 0.000642
1198.000000 0.000646
1199.000000 0.000651
1200.000000 0.000657
1201.000000 0.000661
1202.000000 0.000667
1203.000000 0.000672
1204.000000 0.000678
1205.000000 0.000681
1206.000000 0.000688
1207.000000 0.000691
1208.000000 0.000699
1209.000000 0.000701
1210.000000 0.000709
1211.000000 0.000711
1212.000000 0.000719
1213.000000 0.000723
1214.000000 0.000729
1215.000000 0.000733
1216.000000 0.000740
1217.000000 0.000744
1218.000000 0.000750
1219.000000 0.000755
1220.000000 0.000760
1221.000000 0.000766
1222.000000 0.000771
1223.000000 0.000777
1224.000000 0.000781
1225.000000 0.000788
1226.000000 0.000793
1227.000000 0.000799
1228.000000 0.000803
1229.000000 0.000811
1230.000000 0.000814
1231.000000 0.000822
1232.000000 0.000825
1233.000000 0.000833
1234.000000 0.000837
1235.000000 0.000844
1236.000000 0.000847
1237.000000 0.000854
1238.000000 0.000860
1239.000000 0.000865
1240.000000 0.000871
1241.000000 0.000877
1242.000000 0.000882
1243.000000 0.000887
1244.000000 0.000894
1245.000000 0.000899
1246.000000 0.000906
1247.000000 0.000910
1248.000000 0.000918
1249.000000 0.000921
1250.000000 0.000930
1251.000000 0.000933
1252.000000 0.000941
1253.000000 0.000944
1254.000000 0.000953
1255.000000 0.000956
1256.000000 0.000964
1257.000000 0.000969
1258.000000 0.000974
1259.000000 0.000980
1260.000000 0.000987
1261.000000 0.000992
1262.000000 0.000998
1263.000000 0.001004
1264.000000 0.001010
1265.000000 0.001016
1266.000000 0.001021
1267.000000 0.001028
1268.000000 0.001032
1269.000000 0.001041
1270.000000 0.001044
1271.000000 0.001052
1272.000000 0.001056
1273.000000 0.001064
1274.000000 0.001068
1275.000000 0.001075
1276.000000 0.001081
1277.000000 0.001087
1278.000000 0.001092
1279.000000 0.001100
1280.000000 0.001105
1281.000000 0.001110
1282.000000 0.001117
1283.000000 0.001123
1284.000000 0.001129
1285.000000 0.001134
1286.000000 0.001142
1287.000000 0.001146
1288.000000 0.001154
1289.000000 0.001158
1290.000000 0.001165
1291.000000 0.001171
1292.000000 0.001177
1293.000000 0.001182
1294.000000 0.001190
1295.000000 0.001195
1296.000000 0.001201
1297.000000 0.001206
1298.000000 0.001214
1299.000000 0.001219
1300.000000 0.001224
1301.000000 0.001231
1302.000000 0.001238
1303.000000 0.001243
1304.000000 0.001249
1305.000000 0.001255
1306.000000 0.001260
1307.000000 0.001268
1308.000000 0.001272
1309.000000 0.001279
1310.000000 0.001285
1311.000000 0.001291
1312.000000 0.001296
1313.000000 0.001302
1314.000000 0.001308
1315.000000 0.001315
1316.000000 0.001320
1317.000000 0.001327
1318.000000 0.001332
1319.000000 0.001338
1320.000000 0.001344
1321.000000 0.001350
1322.000000 0.001356
1323.000000 0.001361
1324.000000 0.001369
1325.000000 0.001372
1326.000000 0.001380
1327.000000 0.001384
1328.000000 0.001391
1329.000000 0.001397
1330.000000 0.001403
1331.000000 0.001407
1332.000000 0.001415
1333.000000 0.001419
1334.000000 0.001425
1335.000000 0.001431
1336.000000 0.001438
1337.000000 0.001443
1338.000000 0.001448
1339.000000 0.001453
1340.000000 0.001461
1341.000000 0.001465
1342.000000 0.001470
1343.000000 0.001478
1344.000000 0.001481
1345.000000 0.001488
1346.000000 0.001492
1347.000000 0.001499
1348.000000 0.001505
1349.000000 0.001511
1350.000000 0.001515
1351.000000 0.001521
1352.000000 0.001526
1353.000000 0.001531
1354.000000 0.001538
1355.000000 0.001544
1356.000000 0.001547
1357.000000 0.001553
1358.000000 0.001559
1359.000000 0.001564
1360.000000 0.001570
1361.000000 0.001574
1362.000000 0.001580
1363.000000 0.001585
1364.000000 0.001591
1365.000000 0.001595
1366.000000 0.001601
1367.000000 0.001606
1368.000000 0.001612
1369.000000 0.001615
1370.000000 0.001621
1371.000000 0.001626
1372.000000 0.001632
1373.000000 0.001635
1374.000000 0.001643
1375.000000 0.001646
1376.000000 0.001650
1377.000000 0.001656
1378.000000 0.001661
1379.000000 0.001666
1380.000000 0.001671
1381.000000 0.001675
1382.000000 0.001680
1383.000000 0.001686
1384.000000 0.001689
1385.000000 0.001695
1386.000000 0.001699
1387.000000 0.001704
1388.000000 0.001708
1389.000000 0.001713
1390.000000 0.001717
1391.000000 0.001722
1392.000000 0.001726
1393.000000 0.001732
1394.000000 0.001735
1395.000000 0.001739
1396.000000 0.001745
1397.000000 0.001748
1398.000000 0.001752
1399.000000 0.001758
1400.000000 0.001761
1401.000000 0.001765
1402.000000 0.001770
1403.000000 0.001773
1404.000000 0.001778
1405.000000 0.001783
1406.000000 0.001786
1407.000000 0.001790
1408.000000 0.001794
1409.000000 0.001797
1410.000000 0.001802
1411.000000 0.001805
1412.000000 0.001811
1413.000000 0.001814
1414.000000 0.001816
1415.000000 0.001821
1416.000000 0.001825
1417.000000 0.001827
1418.000000 0.001832
1419.000000 0.001836
1420.000000 0.001837
1421.000000 0.001843
1422.000000 0.001845
1423.000000 0.001849
1424.000000 0.001854
1425.000000 0.001856
1426.000000 0.001859
1427.000000 0.001862
1428.000000 0.001865
1429.000000 0.001869
1430.000000 0.001872
1431.000000 0.001876
1432.000000 0.001878
1433.000000 0.001881
1434.000000 0.001884
1435.000000 0.001887
1436.000000 0.001891
1437.000000 0.001893
1438.000000 0.001896
1439.000000 0.001899
1440.000000 0.001901
1441.000000 0.001904
1442.000000 0.001907
1443.000000 0.001910
1444.000000 0.001913
1445.000000 0.001914
1446.000000 0.001917
1447.000000 0.001919
1448.000000 0.001922
1449.000000 0.001924
1450.000000 0.001928
1451.000000 0.001928
1452.000000 0.001931
1453.000000 0.001934
1454.000000 0.001934
1455.000000 0.001938
1456.000000 0.001941
1457.000000 0.001940
1458.000000 0.001944
1459.000000 0.001945
1460.000000 0.001947
1461.000000 0.001950
1462.000000 0.001951
1463.000000 0.001953
1464.000000 0.001955
1465.000000 0.001956
1466.000000 0.001958
1467.000000 0.001959
1468.000000 0.001960
1469.000000 0.001965
1470.000000 0.001963
1471.000000 0.001965
1472.000000 0.001966
1473.000000 0.001968
1474.000000 0.001968
1475.000000 0.001971
1476.000000 0.001971
1477.000000 0.001974
1478.000000 0.001973
1479.000000 0.001974
1480.000000 0.001976
1481.000000 0.001978
1482.000000 0.001976
1483.000000 0.001978
1484.000000 0.001979
1485.000000 0.001980
1486.000000 0.001981
1487.000000 0.001980
1488.000000 0.001983
1489.000000 0.001982
1490.000000 0.001983
1491.000000 0.001983
1492.000000 0.001984
1493.000000 0.001984
1494.000000 0.001987
1495.000000 0.001984
1496.000000 0.001986
1497.000000 0.001985
1498.000000 0.001985
1499.000000 0.001985
1500.000000 0.001988
1501.000000 0.001984
1502.000000 0.001987
1503.000000 0.001985
1504.000000 0.001985
1505.000000 0.001985
1506.000000 0.001985
1507.000000 0.001985
1508.000000 0.001984
1509.000000 0.001984
1510.000000 0.001984
1511.000000 0.001983
1512.000000 0.001982
1513.000000 0.001983
1514.000000 0.001980
1515.000000 0.001981
1516.000000 0.001980
1517.000000 0.001980
1518.000000 0.001977
1519.000000 0.001980
1520.000000 0.001976
1521.000000 0.001976
1522.000000 0.001974
1523.000000 0.001974
1524.000000 0.001972
1525.000000 0.001972
1526.000000 0.001971
1527.000000 0.001970
1528.000000 0.001967
1529.000000 0.001967
1530.000000 0.001965
1531.000000 0.001964
1532.000000 0.001962
1533.000000 0.001961
1534.000000 0.001961
1535.000000 0.001957
1536.000000 0.001957
1537.000000 0.001955
1538.000000 0.001953
1539.000000 0.001950
1540.000000 0.001950
1541.000000 0.001947
1542.000000 0.001947
1543.000000 0.001943
1544.000000 0.001942
1545.000000 0.001940
1546.000000 0.001938
1547.000000 0.001935
1548.000000 0.001933
1549.000000 0.001930
1550.000000 0.001930
1551.000000 0.001927
1552.000000 0.001924
1553.000000 0.001922
1554.000000 0.001919
1555.000000 0.001916
1556.000000 0.001915
1557.000000 0.001912
1558.000000 0.001910
1559.000000 0.001907
1560.000000 0.001904
1561.000000 0.001901
1562.000000 0.001899
1563.000000 0.001895
1564.000000 0.001893
1565.000000 0.001891
1566.000000 0.001887
1567.000000 0.001884
1568.000000 0.001881
1569.000000 0.001878
1570.000000 0.001875
1571.000000 0.001872
1572.000000 0.001869
1573.000000 0.001866
1574.000000 0.001862
1575.000000 0.001860
1576.000000 0.001856
1577.000000 0.001852
1578.000000 0.001849
1579.000000 0.001846
1580.000000 0.001842
1581.000000 0.001840
1582.000000 0.001834
1583.000000 0.001833
1584.000000 0.001828
1585.000000 0.001824
1586.000000 0.001820
1587.000000 0.001817
1588.000000 0.001812
1589.000000 0.001809
1590.000000 0.001805
1591.000000 0.001803
1592.000000 0.001798
1593.000000 0.001793
1594.000000 0.001790
1595.000000 0.001786
1596.000000 0.001781
1597.000000 0.001778
1598.000000 0.001774
1599.000000 0.001768
1600.000000 0.001767
1601.000000 0.001761
1602.000000 0.001757
1603.000000 0.001753
1604.000000 0.001748
1605.000000 0.001744
1606.000000 0.001740
1607.000000 0.001735
1608.000000 0.001731
1609.000000 0.001725
1610.000000 0.001723
1611.000000 0.001717
1612.000000 0.001713
1613.000000 0.001708
1614.000000 0.001704
1615.000000 0.001699
1616.000000 0.001694
1617.000000 0.001690
1618.000000 0.001685
1619.000000 0.001679
1620.000000 0.001675
1621.000000 0.001671
1622.000000 0.001666
1623.000000 0.001662
1624.000000 0.001656
1625.000000 0.001651
1626.000000 0.001646
1627.000000 0.001642
1628.000000 0.001635
1629.000000 0.001632
1630.000000 0.001626
1631.000000 0.001622
1632.000000 0.001616
1633.000000 0.001611
1634.000000 0.001605
1635.000000 0.001602
1636.000000 0.001595
1637.000000 0.001591
1638.000000 0.001584
1639.000000 0.001581
1640.000000 0.001575
1641.000000 0.001570
1642.000000 0.001563
1643.000000 0.001559
1644.000000 0.001553
1645.000000 0.001547
1646.000000 0.001543
1647.000000 0.001537
1648.000000 0.001533
1649.000000 0.001526
1650.000000 0.001521
1651.000000 0.001515
1652.000000 0.001510
1653.000000 0.001503
1654.000000 0.001500
1655.000000 0.001493
1656.000000 0.001489
1657.000000 0.001482
1658.000000 0.001477
1659.000000 0.001470
1660.000000 0.001466
1661.000000 0.001459
1662.000000 0.001454
1663.000000 0.001447
1664.000000 0.001444
1665.000000 0.001436
1666.000000 0.001431
1667.000000 0.001426
1668.000000 0.001420
1669.000000 0.001413
1670.000000 0.001407
1671.000000 0.001403
1672.000000 0.001397
1673.000000 0.001392
1674.000000 0.001384
1675.000000 0.001379
1676.000000 0.001373
1677.000000 0.001368
1678.000000 0.001361
1679.000000 0.001357
1680.000000 0.001349
1681.000000 0.001345
1682.000000 0.001337
1683.000000 0.001332
1684.000000 0.001326
1685.000000 0.001320
1686.000000 0.001315
1687.000000 0.001309
1688.000000 0.001303
1689.000000 0.001297
1690.000000 0.001290
1691.000000 0.001285
1692.000000 0.001279
1693.000000 0.001273
1694.000000 0.001267
1695.000000 0.001261
1696.000000 0.001255
1697.000000 0.001249
1698.000000 0.001244
1699.000000 0.001237
1700.000000 0.001231
1701.000000 0.001224
1702.000000 0.001219
1703.000000 0.001212
1704.000000 0.001207
1705.000000 0.001201
1706.000000 0.001195
1707.000000 0.001188
1708.000000 0.001183
1709.000000 0.001177
1710.000000 0.001171
1711.000000 0.001165
1712.000000 0.001159
1713.000000 0.001153
1714.000000 0.001147
1715.000000 0.001140
1716.000000 0.001135
1717.000000 0.001129
1718.000000 0.001123
1719.000000 0.001117
1720.000000 0.001111
1721.000000 0.001105
1722.000000 0.001099
1723.000000 0.001093
1724.000000 0.001087
1725.000000 0.001081
1726.000000 0.001075
1727.000000 0.001069
1728.000000 0.001063
1729.000000 0.001057
1730.000000 0.001052
1731.000000 0.001045
1732.000000 0.001039
1733.000000 0.001033
1734.000000 0.001027
1735.000000 0.001022
1736.000000 0.001016
1737.000000 0.001010
1738.000000 0.001004
1739.000000 0.000998
1740.000000 0.000992
1741.000000 0.000986
1742.000000 0.000980
1743.000000 0.000975
1744.000000 0.000968
1745.000000 0.000963
1746.000000 0.000956
1747.000000 0.000951
1748.000000 0.000945
1749.000000 0.000940
1750.000000 0.000933
1751.000000 0.000928
1752.000000 0.000922
1753.000000 0.000916
1754.000000 0.000911
1755.000000 0.000905
1756.000000 0.000899
1757.000000 0.000893
1758.000000 0.000888
1759.000000 0.000882
1760.000000 0.000877
1761.000000 0.000870
1762.000000 0.000866
1763.000000 0.000859
1764.000000 0.000854
1765.000000 0.000848
1766.000000 0.000843
1767.000000 0.000837
1768.000000 0.000832
1769.000000 0.000826
1770.000000 0.000821
1771.000000 0.000815
1772.000000 0.000810
1773.000000 0.000804
1774.000000 0.000799
1775.000000 0.000792
1776.000000 0.000788
1777.000000 0.000782
1778.000000 0.000776
1779.000000 0.000771
1780.000000 0.000766
1781.000000 0.000760
1782.000000 0.000755
1783.000000 0.000750
1784.000000 0.000744
1785.000000 0.000739
1786.000000 0.000734
1787.000000 0.000729
1788.000000 0.000723
1789.000000 0.000719
1790.000000 0.000713
1791.000000 0.000708
1792.000000 0.000702
1793.000000 0.000698
1794.000000 0.000692
1795.000000 0.000687
1796.000000 0.000682
1797.000000 0.000677
1798.000000 0.000671
1799.000000 0.000667
1800.000000 0.000662
1801.000000 0.000657
1802.000000 0.000652
1803.000000 0.000647
1804.000000 0.000641
1805.000000 0.000637
1806.000000 0.000632
1807.000000 0.000626
1808.000000 0.000623
1809.000000 0.000617
1810.000000 0.000612
1811.000000 0.000607
1812.000000 0.000603
1813.000000 0.000597
1814.000000 0.000594
1815.000000 0.000588
1816.000000 0.000584
1817.000000 0.000579
1818.000000 0.000575
1819.000000 0.000570
1820.000000 0.000565
1821.000000 0.000560
1822.000000 0.000556
1823.000000 0.000551
1824.000000 0.000547
1825.000000 0.000542
1826.000000 0.000538
1827.000000 0.000533
1828.000000 0.000529
1829.000000 0.000524
1830.000000 0.000520
1831.000000 0.000516
1832.000000 0.000511
1833.000000 0.000507
1834.000000 0.000502
1835.000000 0.000498
1836.000000 0.000493
1837.000000 0.000490
1838.000000 0.000485
1839.000000 0.000481
1840.000000 0.000477
1841.000000 0.000473
1842.000000 0.000468
1843.000000 0.000465
1844.000000 0.000460
1845.000000 0.000456
1846.000000 0.000452
1847.000000 0.000448
1848.000000 0.000444
1849.000000 0.000440
1850.000000 0.000436
1851.000000 0.000432
1852.000000 0.000428
1853.000000 0.000424
1854.000000 0.000420
1855.000000 0.000417
1856.000000 0.000413
1857.000000 0.000409
1858.000000 0.000405
1859.000000 0.000401
1860.000000 0.000398
1861.000000 0.000394
1862.000000 0.000390
1863.000000 0.000386
1864.000000 0.000383
1865.000000 0.000379
1866.000000 0.000375
1867.000000 0.000372
1868.000000 0.000368
1869.000000 0.000365
1870.000000 0.000361
1871.000000 0.000358
1872.000000 0.000354
1873.000000 0.000351
1874.000000 0.000347
1875.000000 0.000344
1876.000000 0.000341
1877.000000 0.000337
1878.000000 0.000334
1879.000000 0.000331
1880.000000 0.000327
1881.000000 0.000324
1882.000000 0.000321
1883.000000 0.000317
1884.000000 0.000315
1885.000000 0.000311
1886.000000 0.000308
1887.000000 0.000305
1888.000000 0.000302
1889.000000 0.000299
1890.000000 0.000296
1891.000000 0.000292
1892.000000 0.000290
1893.000000 0.000287
1894.000000 0.000283
1895.000000 0.000280
1896.000000 0.000278
1897.000000 0.000275
1898.000000 0.000272
1899.000000 0.000269
1900.000000 0.000266
1901.000000 0.000263
1902.000000 0.000260
1903.000000 0.000258
1904.000000 0.000255
1905.000000 0.000252
1906.000000 0.000249
1907.000000 0.000247
1908.000000 0.000244
1909.000000 0.000242
1910.000000 0.000238
1911.000000 0.000236
1912.000000 0.000233
1913.000000 0.000231
1914.000000 0.000228
1915.000000 0.000226
1916.000000 0.000223
1917.000000 0.000221
1918.000000 0.000218
1919.000000 0.000216
1920.000000 0.000213
1921.000000 0.000211
1922.000000 0.000209
1923.000000 0.000206
1924.000000 0.000204
1925.000000 0.000201
1926.000000 0.000199
1927.000000 0.000197
1928.000000 0.000195
1929.000000 0.000192
1930.000000 0.000190
1931.000000 0.000188
1932.000000 0.000186
1933.000000 0.000183
1934.000000 0.000181
1935.000000 0.000179
1936.000000 0.000177
1937.000000 0.000175
1938.000000 0.000173
1939.000000 0.000171
1940.000000 0.000169
1941.000000 0.000167
1942.000000 0.000165
1943.000000 0.000163
1944.000000 0.000161
1945.000000 0.000159
1946.000000 0.000157
1947.000000 0.000155
1948.000000 0.000153
1949.000000 0.000151
1950.000000 0.000149
1951.000000 0.000147
1952.000000 0.000145
1953.000000 0.000144
1954.000000 0.000142
1955.000000 0.000140
1956.000000 0.000138
1957.000000 0.000137
1958.000000 0.000135
1959.000000 0.000133
1960.000000 0.000132
1961.000000 0.000130
1962.000000 0.000128
1963.000000 0.000127
1964.000000 0.000125
1965.000000 0.000123
1966.000000 0.000122
1967.000000 0.000120
1968.000000 0.000119
1969.000000 0.000117
1970.000000 0.000115
1971.000000 0.000114
1972.000000 0.000112
1973.000000 0.000111
1974.000000 0.000110
1975.000000 0.000108
1976.000000 0.000107
1977.000000 0.000105
1978.000000 0.000104
1979.000000 0.000102
1980.000000 0.000101
1981.000000 0.000100
1982.000000 0.000098
1983.000000 0.000097
1984.000000 0.000096
1985.000000 0.000094
1986.000000 0.000093
1987.000000 0.000092
1988.000000 0.000091
1989.000000 0.000089
1990.000000 0.000088
1991.000000 0.000087
1992.000000 0.000086
1993.000000 0.000084
1994.000000 0.000083
1995.000000 0.000082
1996.000000 0.000081
1997.000000 0.000080
1998.000000 0.000079
1999.000000 0.000077
2000.000000 0.000076
2001.000000 0.000075
2002.000000 0.000074
2003.000000 0.000073
2004.000000 0.000072
2005.000000 0.000071
2006.000000 0.000070
2007.000000 0.000069
2008.000000 0.000068
2009.000000 0.000067
2010.000000 0.000066
2011.000000 0.000065
2012.000000 0.000064
2013.000000 0.000063
2014.000000 0.000062
2015.000000 0.000061
2016.000000 0.000060
2017.000000 0.000059
2018.000000 0.000059
2019.000000 0.000058
2020.000000 0.000057
2021.000000 0.000056
2022.000000 0.000055
2023.000000 0.000054
2024.000000 0.000053
2025.000000 0.000053
2026.000000 0.000052
2027.000000 0.000051
2028.000000 0.000050
2029.000000 0.000050
2030.000000 0.000049
2031.000000 0.000048
2032.000000 0.000047
2033.000000 0.000047
2034.000000 0.000046
2035.000000 0.000045
2036.000000 0.000044
2037.000000 0.000044
2038.000000 0.000043
2039.000000 0.000042
2040.000000 0.000042
2041.000000 0.000041
2042.000000 0.000040
2043.000000 0.000040
2044.000000 0.000039
2045.000000 0.000038
2046.000000 0.000038
2047.000000 0.000037
2048.000000 0.000037
2049.000000 0.000036
2050.000000 0.000035
2051.000000 0.000035
2052.000000 0.000034
2053.000000 0.000034
2054.000000 0.000033
2055.000000 0.000033
2056.000000 0.000032
2057.000000 0.000032
2058.000000 0.000031
2059.000000 0.000030
2060.000000 0.000030
2061.000000 0.000029
2062.000000 0.000029
2063.000000 0.000028
2064.000000 0.000028
2065.000000 0.000027
2066.000000 0.000027
2067.000000 0.000027
2068.000000 0.000026
2069.000000 0.000026
2070.000000 0.000025
2071.000000 0.000025
2072.000000 0.000024
2073.000000 0.000024
2074.000000 0.000024
2075.000000 0.000023
2076.000000 0.000023
2077.000000 0.000022
2078.000000 0.000022
2079.000000 0.000022
2080.000000 0.000021
2081.000000 0.000021
2082.000000 0.000020
2083.000000 0.000020
2084.000000 0.000020
2085.000000 0.000019
2086.000000 0.000019
2087.000000 0.000019
2088.000000 0.000018
2089.000000 0.000018
2090.000000 0.000018
2091.000000 0.000017
2092.000000 0.000017
2093.000000 0.000017
2094.000000 0.000016
2095.000000 0.000016
2096.000000 0.000016
2097.000000 0.000016
2098.000000 0.000015
2099.000000 0.000015
2100.000000 0.000015
2101.000000 0.000014
2102.000000 0.000014
2103.000000 0.000014
2104.000000 0.000014
2105.000000 0.000013
2106.000000 0.000013
2107.000000 0.000013
2108.000000 0.000013
2109.000000 0.000012
2110.000000 0.000012
2111.000000 0.000012
2112.000000 0.000012
2113.000000 0.000011
2114.000000 0.000011
2115.000000 0.000011
2116.000000 0.000011
2117.000000 0.000011
2118.000000 0.000010
2119.000000 0.000010
2120.000000 0.000010
2121.000000 0.000010
2122.000000 0.000010
2123.000000 0.000009
2124.000000 0.000009
2125.000000 0.000009
2126.000000 0.000009
2127.000000 0.000009
2128.000000 0.000008
2129.000000 0.000008
2130.000000 0.000008
2131.000000 0.000008
2132.000000 0.000008
2133.000000 0.000008
2134.000000 0.000008
2135.000000 0.000007
2136.000000 0.000007
2137.000000 0.000007
2138.000000 0.000007
2139.000000 0.000007
2140.000000 0.000007
2141.000000 0.000007
2142.000000 0.000006
2143.000000 0.000006
2144.000000 0.000006
2145.000000 0.000006
2146.000000 0.000006
2147.000000 0.000006
2148.000000 0.000006
2149.000000 0.000005
2150.000000 0.000005
2151.000000 0.000005
2152.000000 0.000005
2153.000000 0.000005
2154.000000 0.000005
2155.000000 0.000005
2156.000000 0.000005
2157.000000 0.000005
2158.000000 0.000005
2159.000000 0.000004
2160.000000 0.000004
2161.000000 0.000004
2162.000000 0.000004
2163.000000 0.000004
2164.000000 0.000004
2165.000000 0.000004
2166.000000 0.000004
2167.000000 0.000004
2168.000000 0.000004
2169.000000 0.000004
2170.000000 0.000003
2171.000000 0.000003
2172.000000 0.000003
2173.000000 0.000003
2174.000000 0.000003
2175.000000 0.000003
2176.000000 0.000003
2177.000000 0.000003
2178.000000 0.000003
2179.000000 0.000003
2180.000000 0.000003
2181.000000 0.000003
2182.000000 0.000003
2183.000000 0.000003
2184.000000 0.000003
2185.000000 0.000002
2186.000000 0.000002
2187.000000 0.000002
2188.000000 0.000002
2189.000000 0.000002
2190.000000 0.000002
2191.000000 0.000002
2192.000000 0.000002
2193.000000 0.000002
2194.000000 0.000002
2195.000000 0.000002
2196.000000 0.000002
2197.000000 0.000002
2198.000000 0.000002
2199.000000 0.000002
2200.000000 0.000002
2201.000000 0.000002
2202.000000 0.000002
2203.000000 0.000002
2204.000000 0.000002
2205.000000 0.000002
2206.000000 0.000001
2207.000000 0.000001
2208.000000 0.000001
2209.000000 0.000001
2210.000000 0.000001
2211.000000 0.000001
2212.000000 0.000001
2213.000000 0.000001
2214.000000 0.000001
2215.000000 0.000001
2216.000000 0.000001
2217.000000 0.000001
2218.000000 0.000001
2219.000000 0.000001
2220.000000 0.000001
2221.000000 0.000001
2222.000000 0.000001
2223.000000 0.000001
2224.000000 0.000001
2225.000000 0.000001
2226.000000 0.000001
2227.000000 0.000001
2228.000000 0.000001
2229.000000 0.000001
2230.000000 0.000001
2231.000000 0.000001
2232.000000 0.000001
2233.000000 0.000001
2234.000000 0.000001
2235.000000 0.000001
2236.000000 0.000001
2237.000000 0.000001
2238.000000 0.000001
2239.000000 0.000001
2240.000000 0.000001
2241.000000 0.000001
2242.000000 0.000001
2243.000000 0.000001
2244.000000 0.000001
2245.000000 0.000001
2246.000000 0.000001
2247.000000 0.000001
2248.000000 0.000000
2249.000000 0.000000
2250.000000 0.000000
2251.000000 0.000000
2252.000000 0.000000
2253.000000 0.000000
2254.000000 0.000000
2255.000000 0.000000
2256.000000 0.000000
2257.000000 0.000000
2258.000000 0.000000
2259.000000 0.000000
2260.000000 0.000000
2261.000000 0.000000
2262.000000 0.000000
2263.000000 0.000000
2264.000000 0.000000
2265.000000 0.000000
2266.000000 0.000000
2267.000000 0.000000
2268.000000 0.000000
2269.000000 0.000000
2270.000000 0.000000
2271.000000 0.000000
2272.000000 0.000000
2273.000000 0.000000
2274.000000 0.000000
2275.000000 0.000000
2276.000000 0.000000
2277.000000 0.000000
2278.000000 0.000000
2279.000000 0.000000
2280.000000 0.000000
2281.000000 0.000000
2282.000000 0.000000
2283.000000 0.000000
2284.000000 0.000000
2285.000000 0.000000
2286.000000 0.000000
2287.000000 0.000000
2288.000000 0.000000
2289.000000 0.000000
2290.000000 0.000000
2291.000000 0.000000
2292.000000 0.000000
2293.000000 0.000000
2294.000000 0.000000
2295.000000 0.000000
2296.000000 0.000000
2297.000000 0.000000
2298.000000 0.000000
2299.000000 0.000000
2300.000000 0.000000
2301.000000 0.000000
2302.000000 0.000000
2303.000000 0.000000
2304.000000 0.000000
2305.000000 0.000000
2306.000000 0.000000
2307.000000 0.000000
2308.000000 0.000000
2309.000000 0.000000
2310.000000 0.000000
2311.000000 0.000000
2312.000000 0.000000
2313.000000 0.000000
2314.000000 0.000000
2315.000000 0.000000
2316.000000 0.000000
2317.000000 0.000000
2318.000000 0.000000
2319.000000 0.000000
2320.000000 0.000000
2321.000000 0.000000
2322.000000 0.000000
2323.000000 0.000000
2324.000000 0.000000
2325.000000 0.000000
2326.000000 0.000000
2327.000000 0.000000
2328.000000 0.000000
2329.000000 0.000000
2330.000000 0.000000
2331.000000 0.000000
2332.000000 0.000000
2333.000000 0.000000
2334.000000 0.000000
2335.000000 0.000000
2336.000000 0.000000
2337.000000 0.000000
2338.000000 0.000000
2339.000000 0.000000
2340.000000 0.000000
2341.000000 0.000000
2342.000000 0.000000
2343.000000 0.000000
2344.000000 0.000000
2345.000000 0.000000
2346.000000 0.000000
2347.000000 0.000000
2348.000000 0.000000
2349.000000 0.000000
2350.000000 0.000000
2351.000000 0.000000
2352.000000 0.000000
2353.000000 0.000000
2354.000000 0.000000
2355.000000 0.000000
2356.000000 0.000000
2357.000000 0.000000
2358.000000 0.000000
2359.000000 0.000000
2360.000000 0.000000
2361.000000 0.000000
2362.000000 0.000000
2363.000000 0.000000
2364.000000 0.000000
2365.000000 0.000000
2366.000000 0.000000
2367.000000 0.000000
2368.000000 0.000000
2369.000000 0.000000
2370.000000 0.000000
2371.000000 0.000000
2372.000000 0.000000
2373.000000 0.000000
2374.000000 0.000000
2375.000000 0.000000
2376.000000 0.000000
2377.000000 0.000000
2378.000000 0.000000
2379.000000 0.000000
2380.000000 0.000000
2381.000000 0.000000
2382.000000 0.000000
2383.000000 0.000000
2384.000000 0.000000
2385.000000 0.000000
2386.000000 0.000000
2387.000000 0.000000
2388.000000 0.000000
2389.000000 0.000000
2390.000000 0.000000
2391.000000 0.000000
2392.000000 0.000000
2393.000000 0.000000
2394.000000 0.000000
2395.000000 0.000000
2396.000000 0.000000
2397.000000 0.000000
2398.000000 0.000000
2399.000000 0.000000
2400.000000 0.000000
2401.000000 0.000000
2402.000000 0.000000
2403.000000 0.000000
2404.000000 0.000000
2405.000000 0.000000
2406.000000 0.000000
2407.000000 0.000000
2408.000000 0.000000
2409.000000 0.000000
2410.000000 0.000000
2411.000000 0.000000
2412.000000 0.000000
2413.000000 0.000000
2414.000000 0.000000
2415.000000 0.000000
2416.000000 0.000000
2417.000000 0.000000
2418.000000 0.000000
2419.000000 0.000000
2420.000000 0.000000
2421.000000 0.000000
2422.000000 0.000000
2423.000000 0.000000
2424.000000 0.000000
2425.000000 0.000000
2426.000000 0.000000
2427.000000 0.000000
2428.000000 0.000000
2429.000000 0.000000
2430.000000 0.000000
2431.000000 0.000000
2432.000000 0.000000
2433.000000 0.000000
2434.000000 0.000000
2435.000000 0.000000
2436.000000 0.000000
2437.000000 0.000000
2438.000000 0.000000
2439.000000 0.000000
2440.000000 0.000000
2441.000000 0.000000
2442.000000 0.000000
2443.000000 0.000000
2444.000000 0.000000
2445.000000 0.000000
2446.000000 0.000000
2447.000000 0.000000
2448.000000 0.000000
2449.000000 0.000000
2450.000000 0.000000
2451.000000 0.000000
2452.000000 0.000000
2453.000000 0.000000
2454.000000 0.000000
2455.000000 0.000000
2456.000000 0.000000
2457.000000 0.000000
2458.000000 0.000000
2459.000000 0.000000
2460.000000 0.000000
2461.000000 0.000000
2462.000000 0.000000
2463.000000 0.000000
2464.000000 0.000000
2465.000000 0.000000
2466.000000 0.000000
2467.000000 0.000000
2468.000000 0.000000
2469.000000 0.000000
2470.000000 0.000000
2471.000000 0.000000
2472.000000 0.000000
2473.000000 0.000000
2474.000000 0.000000
2475.000000 0.000000
2476.000000 0.000000
2477.000000 0.000000
2478.000000 0.000000
2479.000000 0.000000
2480.000000 0.000000
2481.000000 0.000000
2482.000000 0.000000
2483.000000 0.000000
2484.000000 0.000000
2485.000000 0.000000
2486.000000 0.000000
2487.000000 0.000000
2488.000000 0.000000
2489.000000 0.000000
2490.000000 0.000000
2491.000000 0.000000
2492.000000 0.000000
2493.000000 0.000000
2494.000000 0.000000
2495.000000 0.000000
2496.000000 0.000000
2497.000000 0.000000
2498.000000 0.000000
2499.000000 0.000000
2500.000000 0.000000
2501.000000 0.000000
2502.000000 0.000000
2503.000000 0.000000
2504.000000 0.000000
2505.000000 0.000000
2506.000000 0.000000
2507.000000 0.000000
2508.000000 0.000000
2509.000000 0.000000
2510.000000 0.000000
2511.000000 0.000000
2512.000000 0.000000
2513.000000 0.000000
2514.000000 0.000000
2515.000000 0.000000
2516.000000 0.000000
2517.000000 0.000000
2518.000000 0.000000
2519.000000 0.000000
2520.000000 0.000000
2521.000000 0.000000
2522.000000 0.000000
2523.000000 0.000000
2524.000000 0.000000
2525.000000 0.000000
2526.000000 0.000000
2527.000000 0.000000
2528.000000 0.000000
2529.000000 0.000000
2530.000000 0.000000
2531.000000 0.000000
2532.000000 0.000000
2533.000000 0.000000
2534.000000 0.000000
2535.000000 0.000000
2536.000000 0.000000
2537.000000 0.000000
2538.000000 0.000000
2539.000000 0.000000
2540.000000 0.000000
2541.000000 0.000000
2542.000000 0.000000
2543.000000 0.000000
2544.000000 0.000000
2545.000000 0.000000
2546.000000 0.000000
2547.000000 0.000000
2548.000000 0.000000
2549.000000 0.000000
2550.000000 0.000000
2551.000000 0.000000
2552.000000 0.000000
2553.000000 0.000000
2554.000000 0.000000
2555.000000 0.000000
2556.000000 0.000000
2557.000000 0.000000
2558.000000 0.000000
2559.000000 0.000000
2560.000000 0.000000
2561.000000 0.000000
2562.000000 0.000000
2563.000000 0.000000
2564.000000 0.000000
2565.000000 0.000000
2566.000000 0.000000
2567.000000 0.000000
2568.000000 0.000000
2569.000000 0.000000
2570.000000 0.000000
2571.000000 0.000000
2572.000000 0.000000
2573.000000 0.000000
2574.000000 0.000000
2575.000000 0.000000
2576.000000 0.000000
2577.000000 0.000000
2578.000000 0.000000
2579.000000 0.000000
2580.000000 0.000000
2581.000000 0.000000
2582.000000 0.000000
2583.000000 0.000000
2584.000000 0.000000
2585.000000 0.000000
2586.000000 0.000000
2587.000000 0.000000
2588.000000 0.000000
2589.000000 0.000000
2590.000000 0.000000
2591.000000 0.000000
2592.000000 0.000000
2593.000000 0.000000
2594.000000 0.000000
2595.000000 0.000000
2596.000000 0.000000
2597.000000 0.000000
2598.000000 0.000000
2599.000000 0.000000
2600.000000 0.000000
2601.000000 0.000000
2602.000000 0.000000
2603.000000 0.000000
2604.000000 0.000000
2605.000000 0.000000
2606.000000 0.000000
2607.000000 0.000000
2608.000000 0.000000
2609.000000 0.000000
2610.000000 0.000000
2611.000000 0.000000
2612.000000 0.000000
2613.000000 0.000000
2614.000000 0.000000
2615.000000 0.000000
2616.000000 0.000000
2617.000000 0.000000
2618.000000 0.000000
2619.000000 0.000000
2620.000000 0.000000
2621.000000 0.000000
2622.000000 0.000000
2623.000000 0.000000
2624.000000 0.000000
2625.000000 0.000000
2626.000000 0.000000
2627.000000 0.000000
2628.000000 0.000000
2629.000000 0.000000
2630.000000 0.000000
2631.000000 0.000000
2632.000000 0.000000
2633.000000 0.000000
2634.000000 0.000000
2635.000000 0.000000
2636.000000 0.000000
2637.000000 0.000000
2638.000000 0.000000
2639.000000 0.000000
2640.000000 0.000000
2641.000000 0.000000
2642.000000 0.000000
2643.000000 0.000000
2644.000000 0.000000
2645.000000 0.000000
2646.000000 0.000000
2647.000000 0.000000
2648.000000 0.000000
2649.000000 0.000000
2650.000000 0.000000
2651.000000 0.000000
2652.000000 0.000000
2653.000000 0.000000
2654.000000 0.000000
2655.000000 0.000000
2656.000000 0.000000
2657.000000 0.000000
2658.000000 0.000000
2659.000000 0.000000
2660.000000 0.000000
2661.000000 0.000000
2662.000000 0.000000
2663.000000 0.000000
2664.000000 0.000000
2665.000000 0.000000
2666.000000 0.000000
2667.000000 0.000000
2668.000000 0.000000
2669.000000 0.000000
2670.000000 0.000000
2671.000000 0.000000
2672.000000 0.000000
2673.000000 0.000000
2674.000000 0.000000
2675.000000 0.000000
2676.000000 0.000000
2677.000000 0.000000
2678.000000 0.000000
2679.000000 0.000000
2680.000000 0.000000
2681.000000 0.000000
2682.000000 0.000000
2683.000000 0.000000
2684.000000 0.000000
2685.000000 0.000000
2686.000000 0.000000
2687.000000 0.000000
2688.000000 0.000000
2689.000000 0.000000
2690.000000 0.000000
2691.000000 0.000000
2692.000000 0.000000
2693.000000 0.000000
2694.000000 0.000000
2695.000000 0.000000
2696.000000 0.000000
2697.000000 0.000000
2698.000000 0.000000
2699.000000 0.000000
2700.000000 0.000000
2701.000000 0.000000
2702.000000 0.000000
2703.000000 0.000000
2704.000000 0.000000
2705.000000 0.000000
2706.000000 0.000000
2707.000000 0.000000
2708.000000 0.000000
2709.000000 0.000000
2710.000000 0.000000
2711.000000 0.000000
2712.000000 0.000000
2713.000000 0.000000
2714.000000 0.000000
2715.000000 0.000000
2716.000000 0.000000
2717.000000 0.000000
2718.000000 0.000000
2719.000000 0.000000
2720.000000 0.000000
2721.000000 0.000000
2722.000000 0.000000
2723.000000 0.000000
2724.000000 0.000000
2725.000000 0.000000
2726.000000 0.000000
2727.000000 0.000000
2728.000000 0.000000
2729.000000 0.000000
2730.000000 0.000000
2731.000000 0.000000
2732.000000 0.000000
2733.000000 0.000000
2734.000000 0.000000
2735.000000 0.000000
2736.000000 0.000000
2737.000000 0.000000
2738.000000 0.000000
2739.000000 0.000000
2740.000000 0.000000
2741.000000 0.000000
2742.000000 0.000000
2743.000000 0.000000
2744.000000 0.000000
2745.000000 0.000000
2746.000000 0.000000
2747.000000 0.000000
2748.000000 0.000000
2749.000000 0.000000
2750.000000 0.000000
2751.000000 0.000000
2752.000000 0.000000
2753.000000 0.000000
2754.000000 0.000000
2755.000000 0.000000
2756.000000 0.000000
2757.000000 0.000000
2758.000000 0.000000
2759.000000 0.000000
2760.000000 0.000000
2761.000000 0.000000
2762.000000 0.000000
2763.000000 0.000000
2764.000000 0.000000
2765.000000 0.000000
2766.000000 0.000000
2767.000000 0.000000
2768.000000 0.000000
2769.000000 0.000000
2770.000000 0.000000
2771.000000 0.000000
2772.000000 0.000000
2773.000000 0.000000
2774.000000 0.000000
2775.000000 0.000000
2776.000000 0.000000
2777.000000 0.000000
2778.000000 0.000000
2779.000000 0.000000
2780.000000 0.000000
2781.000000 0.000000
2782.000000 0.000000
2783.000000 0.000000
2784.000000 0.000000
2785.000000 0.000000
2786.000000 0.000000
2787.000000 0.000000
2788.000000 0.000000
2789.000000 0.000000
2790.000000 0.000000
2791.000000 0.000000
2792.000000 0.000000
2793.000000 0.000000
2794.000000 0.000000
2795.000000 0.000000
2796.000000 0.000000
2797.000000 0.000000
2798.000000 0.000000
2799.000000 0.000000
2800.000000 0.000000
2801.000000 0.000000
2802.000000 0.000000
2803.000000 0.000000
2804.000000 0.000000
2805.000000 0.000000
2806.000000 0.000000
2807.000000 0.000000
2808.000000 0.000000
2809.000000 0.000000
2810.000000 0.000000
2811.000000 0.000000
2812.000000 0.000000
2813.000000 0.000000
2814.000000 0.000000
2815.000000 0.000000
2816.000000 0.000000
2817.000000 0.000000
2818.000000 0.000000
2819.000000 0.000000
2820.000000 0.000000
2821.000000 0.000000
2822.000000 0.000000
2823.000000 0.000000
2824.000000 0.000000
2825.000000 0.000000
2826.000000 0.000000
2827.000000 0.000000
2828.000000 0.000000
2829.000000 0.000000
2830.000000 0.000000
2831.000000 0.000000
2832.000000 0.000000
2833.000000 0.000000
2834.000000 0.000000
2835.000000 0.000000
2836.000000 0.000000
2837.000000 0.000000
2838.000000 0.000000
2839.000000 0.000000
2840.000000 0.000000
2841.000000 0.000000
2842.000000 0.000000
2843.000000 0.000000
2844.000000 0.000000
2845.000000 0.000000
2846.000000 0.000000
2847.000000 0.000000
2848.000000 0.000000
2849.000000 0.000000
2850.000000 0.000000
2851.000000 0.000000
2852.000000 0.000000
2853.000000 0.000000
2854.000000 0.000000
2855.000000 0.000000
2856.000000 0.000000
2857.000000 0.000000
2858.000000 0.000000
2859.000000 0.000000
2860.000000 0.000000
2861.000000 0.000000
2862.000000 0.000000
2863.000000 0.000000
2864.000000 0.000000
2865.000000 0.000000
2866.000000 0.000000
2867.000000 0.000000
2868.000000 0.000000
2869.000000 0.000000
2870.000000 0.000000
2871.000000 0.000000
2872.000000 0.000000
2873.000000 0.000000
2874.000000 0.000000
2875.000000 0.000000
2876.000000 0.000000
2877.000000 0.000000
2878.000000 0.000000
2879.000000 0.000000
2880.000000 0.000000
2881.000000 0.000000
2882.000000 0.000000
2883.000000 0.000000
2884.000000 0.000000
2885.000000 0.000000
2886.000000 0.000000
2887.000000 0.000000
2888.000000 0.000000
2889.000000 0.000000
2890.000000 0.000000
2891.000000 0.000000
2892.000000 0.000000
2893.000000 0.000000
2894.000000 0.000000
2895.000000 0.000000
2896.000000 0.000000
2897.000000 0.000000
2898.000000 0.000000
2899.000000 0.000000
2900.000000 0.000000
2901.000000 0.000000
2902.000000 0.000000
2903.000000 0.000000
2904.000000 0.000000
2905.000000 0.000000
2906.000000 0.000000
2907.000000 0.000000
2908.000000 0.000000
2909.000000 0.000000
2910.000000 0.000000
2911.000000 0.000000
2912.000000 0.000000
2913.000000 0.000000
2914.000000 0.000000
2915.000000 0.000000
2916.000000 0.000000
2917.000000 0.000000
2918.000000 0.000000
2919.000000 0.000000
2920.000000 0.000000
2921.000000 0.000000
2922.000000 0.000000
2923.000000 0.000000
2924.000000 0.000000
2925.000000 0.000000
2926.000000 0.000000
2927.000000 0.000000
2928.000000 0.000000
2929.000000 0.000000
2930.000000 0.000000
2931.000000 0.000000
2932.000000 0.000000
2933.000000 0.000000
2934.000000 0.000000
2935.000000 0.000000
2936.000000 0.000000
2937.000000 0.000000
2938.000000 0.000000
2939.000000 0.000000
2940.000000 0.000000
2941.000000 0.000000
2942.000000 0.000000
2943.000000 0.000000
2944.000000 0.000000
2945.000000 0.000000
2946.000000 0.000000
2947.000000 0.000000
2948.000000 0.000000
2949.000000 0.000000
2950.000000 0.000000
2951.000000 0.000000
2952.000000 0.000000
2953.000000 0.000000
2954.000000 0.000000
2955.000000 0.000000
2956.000000 0.000000
2957.000000 0.000000
2958.000000 0.000000
2959.000000 0.000000
2960.000000 0.000000
2961.000000 0.000000
2962.000000 0.000000
2963.000000 0.000000
2964.000000 0.000000
2965.000000 0.000000
2966.000000 0.000000
2967.000000 0.000000
2968.000000 0.000000
2969.000000 0.000000
2970.000000 0.000000
2971.000000 0.000000
2972.000000 0.000000
2973.000000 0.000000
2974.000000 0.000000
2975.000000 0.000000
2976.000000 0.000000
2977.000000 0.000000
2978.000000 0.000000
2979.000000 0.000000
2980.000000 0.000000
2981.000000 0.000000
2982.000000 0.000000
2983.000000 0.000000
2984.000000 0.000000
2985.000000 0.000000
2986.000000 0.000000
2987.000000 0.000000
2988.000000 0.000000
2989.000000 0.000000
2990.000000 0.000000
2991.000000 0.000000
2992.000000 0.000000
2993.000000 0.000000
2994.000000 0.000000
2995.000000 0.000000
2996.000000 0.000000
2997.000000 0.000000
2998.000000 0.000000
2999.000000 0.000000
3000.000000 0.000000
