n lam mean variance std
3000 0.190000 1500.499201 229463.228892 479.023203
bin_midpoint probability
1.000000 0.000000
2.000000 0.000000
3.000000 0.000000
4.000000 0.000000
5.000000 0.000000
6.000000 0.000000
7.000000 0.000000
8.000000 0.000000
9.000000 0.000000
10.000000 0.000000
11.000000 0.000000
12.000000 0.000000
13.000000 0.000000
14.000000 0.000000
15.000000 0.000000
16.000000 0.000000
17.000000 0.000000
18.000000 0.000000
19.000000 0.000000
20.000000 0.000000
21.000000 0.000000
22.000000 0.000000
23.000000 0.000000
24.000000 0.000000
25.000000 0.000000
26.000000 0.000000
27.000000 0.000000
28.000000 0.000000
29.000000 0.000000
30.000000 0.000000
31.000000 0.000000
32.000000 0.000000
33.000000 0.000000
34.000000 0.000000
35.000000 0.000000
36.000000 0.000000
37.000000 0.000000
38.000000 0.000000
39.000000 0.000000
40.000000 0.000000
41.000000 0.000000
42.000000 0.000000
43.000000 0.000000
44.000000 0.000000
45.000000 0.000000
46.000000 0.000000
47.000000 0.000000
48.000000 0.000000
49.000000 0.000000
50.000000 0.000000
51.000000 0.000000
52.000000 0.000000
53.000000 0.000000
54.000000 0.000000
55.000000 0.000000
56.000000 0.000000
57.000000 0.000000
58.000000 0.000000
59.000000 0.000000
60.000000 0.000000
61.000000 0.000000
62.000000 0.000000
63.000000 0.000000
64.000000 0.000000
65.000000 0.000000
66.000000 0.000000
67.000000 0.000000
68.000000 0.000000
69.000000 0.000000
70.000000 0.000000
71.000000 0.000000
72.000000 0.000000
73.000000 0.000000
74.000000 0.000000
75.000000 0.000000
76.000000 0.000000
77.000000 0.000000
78.000000 0.000000
79.000000 0.000000
80.000000 0.000000
81.000000 0.000000
82.000000 0.000000
83.000000 0.000000
84.000000 0.000000
85.000000 0.000000
86.000000 0.000000
87.000000 0.000000
88.000000 0.000000
89.000000 0.000000
90.000000 0.000000
91.000000 0.000000
92.000000 0.000000
93.000000 0.000000
94.000000 0.000000
95.000000 0.000000
96.000000 0.000000
97.000000 0.000000
98.000000 0.000000
99.000000 0.000000
100.000000 0.000000
101.000000 0.000000
102.000000 0.000000
103.000000 0.000000
104.000000 0.000000
105.000000 0.000000
106.000000 0.000000
107.000000 0.000000
108.000000 0.000000
109.000000 0.000000
110.000000 0.000000
111.000000 0.000000
112.000000 0.000000
113.000000 0.000000
114.000000 0.000000
115.000000 0.000000
116.000000 0.000000
117.000000 0.000000
118.000000 0.000000
119.000000 0.000000
120.000000 0.000000
121.000000 0.000000
122.000000 0.000000
123.000000 0.000000
124.000000 0.000000
125.000000 0.000000
126.000000 0.000000
127.000000 0.000000
128.000000 0.000000
129.000000 0.000000
130.000000 0.000000
131.000000 0.000000
132.000000 0.000000
133.000000 0.000000
134.000000 0.000000
135.000000 0.000001
136.000000 0.000001
137.000000 0.000001
138.000000 0.000001
139.000000 0.000001
140.000000 0.000001
141.000000 0.000001
142.000000 0.000001
143.000000 0.000001
144.000000 0.000001
145.000000 0.000001
146.000000 0.000001
147.000000 0.000001
148.000000 0.000001
149.000000 0.000001
150.000000 0.000001
151.000000 0.000001
152.000000 0.000001
153.000000 0.000001
154.000000 0.000001
155.000000 0.000001
156.000000 0.000001
157.000000 0.000001
158.000000 0.000001
159.000000 0.000001
160.000000 0.000001
161.000000 0.000001
162.000000 0.000001
163.000000 0.000001
164.000000 0.000001
165.000000 0.000001
166.000000 0.000001
167.000000 0.000001
168.000000 0.000002
169.000000 0.000002
170.000000 0.000002
171.000000 0.000002
172.000000 0.000002
173.000000 0.000002
174.000000 0.000002
175.000000 0.000002
176.000000 0.000002
177.000000 0.000002
178.000000 0.000002
179.000000 0.000002
180.000000 0.000002
181.000000 0.000002
182.000000 0.000002
183.000000 0.000002
184.000000 0.000002
185.000000 0.000002
186.000000 0.000002
187.000000 0.000003
188.000000 0.000003
189.000000 0.000003
190.000000 0.000003
191.000000 0.000003
192.000000 0.000003
193.000000 0.000003
194.000000 0.000003
195.000000 0.000003
196.000000 0.000003
197.000000 0.000003
198.000000 0.000003
199.000000 0.000003
200.000000 0.000003
201.000000 0.000003
202.000000 0.000004
203.000000 0.000004
204.000000 0.000004
205.000000 0.000004
206.000000 0.000004
207.000000 0.000004
208.000000 0.000004
209.000000 0.000004
210.000000 0.000004
211.000000 0.000004
212.000000 0.000004
213.000000 0.000005
214.000000 0.000005
215.000000 0.000005
216.000000 0.000005
217.000000 0.000005
218.000000 0.000005
219.000000 0.000005
220.000000 0.000005
221.000000 0.000005
222.000000 0.000005
223.000000 0.000006
224.000000 0.000006
225.000000 0.000006
226.000000 0.000006
227.000000 0.000006
228.000000 0.000006
229.000000 0.000006
230.000000 0.000006
231.000000 0.000006
232.000000 0.000007
233.000000 0.000007
234.000000 0.000007
235.000000 0.000007
236.000000 0.000007
237.000000 0.000007
238.000000 0.000007
239.000000 0.000008
240.000000 0.000008
241.000000 0.000008
242.000000 0.000008
243.000000 0.000008
244.000000 0.000008
245.000000 0.000008
246.000000 0.000009
247.000000 0.000009
248.000000 0.000009
249.000000 0.000009
250.000000 0.000009
251.000000 0.000009
252.000000 0.000009
253.000000 0.000010
254.000000 0.000010
255.000000 0.000010
256.000000 0.000010
257.000000 0.000010
258.000000 0.000010
259.000000 0.000011
260.000000 0.000011
261.000000 0.000011
262.000000 0.000011
263.000000 0.000011
264.000000 0.000012
265.000000 0.000012
266.000000 0.000012
267.000000 0.000012
268.000000 0.000012
269.000000 0.000012
270.000000 0.000013
271.000000 0.000013
272.000000 0.000013
273.000000 0.000013
274.000000 0.000013
275.000000 0.000014
276.000000 0.000014
277.000000 0.000014
278.000000 0.000014
279.000000 0.000014
280.000000 0.000015
281.000000 0.000015
282.000000 0.000015
283.000000 0.000015
284.000000 0.000016
285.000000 0.000016
286.000000 0.000016
287.000000 0.000016
288.000000 0.000016
289.000000 0.000017
290.000000 0.000017
291.000000 0.000017
292.000000 0.000017
293.000000 0.000018
294.000000 0.000018
295.000000 0.000018
296.000000 0.000018
297.000000 0.000019
298.000000 0.000019
299.000000 0.000019
300.000000 0.000019
301.000000 0.000020
302.000000 0.000020
303.000000 0.000020
304.000000 0.000020
305.000000 0.000021
306.000000 0.000021
307.000000 0.000021
308.000000 0.000022
309.000000 0.000022
310.000000 0.000022
311.000000 0.000022
312.000000 0.000023
313.000000 0.000023
314.000000 0.000023
315.000000 0.000024
316.000000 0.000024
317.000000 0.000024
318.000000 0.000024
319.000000 0.000025
320.000000 0.000025
321.000000 0.000025
322.000000 0.000026
323.000000 0.000026
324.000000 0.000026
325.000000 0.000027
326.000000 0.000027
327.000000 0.000027
328.000000 0.000027
329.000000 0.000028
330.000000 0.000028
331.000000 0.000029
332.000000 0.000029
333.000000 0.000029
334.000000 0.000029
335.000000 0.000030
336.000000 0.000030
337.000000 0.000030
338.000000 0.000031
339.000000 0.000031
340.000000 0.000031
341.000000 0.000032
342.000000 0.000032
343.000000 0.000033
344.000000 0.000033
345.000000 0.000033
346.000000 0.000034
347.000000 0.000034
348.000000 0.000034
349.000000 0.000035
350.000000 0.000035
351.000000 0.000035
352.000000 0.000036
353.000000 0.000036
354.000000 0.000036
355.000000 0.000037
356.000000 0.000037
357.000000 0.000038
358.000000 0.000038
359.000000 0.000038
360.000000 0.000039
361.000000 0.000039
362.000000 0.000040
363.000000 0.000040
364.000000 0.000040
365.000000 0.000041
366.000000 0.000041
367.000000 0.000042
368.000000 0.000042
369.000000 0.000042
370.000000 0.000043
371.000000 0.000043
372.000000 0.000044
373.000000 0.000044
374.000000 0.000045
375.000000 0.000045
376.000000 0.000045
377.000000 0.000046
378.000000 0.000046
379.000000 0.000046
380.000000 0.000047
381.000000 0.000047
382.000000 0.000048
383.000000 0.000048
384.000000 0.000049
385.000000 0.000049
386.000000 0.000050
387.000000 0.000050
388.000000 0.000051
389.000000 0.000051
390.000000 0.000051
391.000000 0.000052
392.000000 0.000052
393.000000 0.000053
394.000000 0.000053
395.000000 0.000054
396.000000 0.000054
397.000000 0.000055
398.000000 0.000055
399.000000 0.000055
400.000000 0.000056
401.000000 0.000056
402.000000 0.000057
403.000000 0.000057
404.000000 0.000058
405.000000 0.000058
406.000000 0.000059
407.000000 0.000059
408.000000 0.000060
409.000000 0.000060
410.000000 0.000061
411.000000 0.000061
412.000000 0.000062
413.000000 0.000062
414.000000 0.000063
415.000000 0.000063
416.000000 0.000064
417.000000 0.000064
418.000000 0.000065
419.000000 0.000065
420.000000 0.000066
421.000000 0.000066
422.000000 0.000067
423.000000 0.000067
424.000000 0.000068
425.000000 0.000068
426.000000 0.000069
427.000000 0.000069
428.000000 0.000070
429.000000 0.000070
430.000000 0.000071
431.000000 0.000071
432.000000 0.000072
433.000000 0.000072
434.000000 0.000073
435.000000 0.000073
436.000000 0.000074
437.000000 0.000074
438.000000 0.000075
439.000000 0.000076
440.000000 0.000076
441.000000 0.000077
442.000000 0.000077
443.000000 0.000078
444.000000 0.000078
445.000000 0.000079
446.000000 0.000079
447.000000 0.000080
448.000000 0.000080
449.000000 0.000081
450.000000 0.000081
451.000000 0.000082
452.000000 0.000082
453.000000 0.000083
454.000000 0.000083
455.000000 0.000084
456.000000 0.000085
457.000000 0.000085
458.000000 0.000086
459.000000 0.000086
460.000000 0.000087
461.000000 0.000087
462.000000 0.000088
463.000000 0.000088
464.000000 0.000089
465.000000 0.000090
466.000000 0.000090
467.000000 0.000091
468.000000 0.000091
469.000000 0.000092
470.000000 0.000093
471.000000 0.000093
472.000000 0.000094
473.000000 0.000094
474.000000 0.000095
475.000000 0.000095
476.000000 0.000096
477.000000 0.000097
478.000000 0.000097
479.000000 0.000098
480.000000 0.000098
481.000000 0.000099
482.000000 0.000099
483.000000 0.000100
484.000000 0.000101
485.000000 0.000101
486.000000 0.000102
487.000000 0.000102
488.000000 0.000103
489.000000 0.000104
490.000000 0.000104
491.000000 0.000105
492.000000 0.000105
493.000000 0.000106
494.000000 0.000107
495.000000 0.000107
496.000000 0.000108
497.000000 0.000108
498.000000 0.000109
499.000000 0.000109
500.000000 0.000110
501.000000 0.000111
502.000000 0.000112
503.000000 0.000112
504.000000 0.000113
505.000000 0.000113
506.000000 0.000114
507.000000 0.000115
508.000000 0.000115
509.000000 0.000116
510.000000 0.000116
511.000000 0.000117
512.000000 0.000117
513.000000 0.000118
514.000000 0.000119
515.000000 0.000119
516.000000 0.000120
517.000000 0.000121
518.000000 0.000121
519.000000 0.000122
520.000000 0.000123
521.000000 0.000123
522.000000 0.000124
523.000000 0.000124
524.000000 0.000125
525.000000 0.000126
526.000000 0.000126
527.000000 0.000127
528.000000 0.000127
529.000000 0.000128
530.000000 0.000129
531.000000 0.000130
532.000000 0.000130
533.000000 0.000131
534.000000 0.000131
535.000000 0.000132
536.000000 0.000133
537.000000 0.000133
538.000000 0.000134
539.000000 0.000135
540.000000 0.000135
541.000000 0.000136
542.000000 0.000137
543.000000 0.000137
544.000000 0.000138
545.000000 0.000139
546.000000 0.000139
547.000000 0.000140
548.000000 0.000141
549.000000 0.000141
550.000000 0.000142
551.000000 0.000142
552.000000 0.000143
553.000000 0.000144
554.000000 0.000145
555.000000 0.000145
556.000000 0.000146
557.000000 0.000146
558.000000 0.000147
559.000000 0.000148
560.000000 0.000148
561.000000 0.000149
562.000000 0.000150
563.000000 0.000150
564.000000 0.000151
565.000000 0.000152
566.000000 0.000152
567.000000 0.000153
568.000000 0.000154
569.000000 0.000154
570.000000 0.000155
571.000000 0.000156
572.000000 0.000156
573.000000 0.000157
574.000000 0.000158
575.000000 0.000159
576.000000 0.000159
577.000000 0.000160
578.000000 0.000160
579.000000 0.000161
580.000000 0.000162
581.000000 0.000163
582.000000 0.000163
583.000000 0.000164
584.000000 0.000164
585.000000 0.000165
586.000000 0.000166
587.000000 0.000167
588.000000 0.000167
589.000000 0.000168
590.000000 0.000169
591.000000 0.000170
592.000000 0.000170
593.000000 0.000171
594.000000 0.000171
595.000000 0.000172
596.000000 0.000173
597.000000 0.000174
598.000000 0.000174
599.000000 0.000175
600.000000 0.000176
601.000000 0.000176
602.000000 0.000177
603.000000 0.000178
604.000000 0.000179
605.000000 0.000179
606.000000 0.000180
607.000000 0.000180
608.000000 0.000182
609.000000 0.000182
610.000000 0.000183
611.000000 0.000183
612.000000 0.000184
613.000000 0.000185
614.000000 0.000186
615.000000 0.000186
616.000000 0.000187
617.000000 0.000188
618.000000 0.000189
619.000000 0.000189
620.000000 0.000190
621.000000 0.000191
622.000000 0.000191
623.000000 0.000192
624.000000 0.000193
625.000000 0.000194
626.000000 0.000194
627.000000 0.000195
628.000000 0.000195
629.000000 0.000197
630.000000 0.000197
631.000000 0.000198
632.000000 0.000198
633.000000 0.000200
634.000000 0.000200
635.000000 0.000201
636.000000 0.000201
637.000000 0.000202
638.000000 0.000203
639.000000 0.000204
640.000000 0.000204
641.000000 0.000205
642.000000 0.000206
643.000000 0.000207
644.000000 0.000208
645.000000 0.000208
646.000000 0.000209
647.000000 0.000210
648.000000 0.000211
649.000000 0.000211
650.000000 0.000212
651.000000 0.000212
652.000000 0.000214
653.000000 0.000214
654.000000 0.000215
655.000000 0.000215
656.000000 0.000217
657.000000 0.000217
658.000000 0.000218
659.000000 0.000218
660.000000 0.000220
661.000000 0.000220
662.000000 0.000221
663.000000 0.000222
664.000000 0.000223
665.000000 0.000223
666.000000 0.000224
667.000000 0.000224
668.000000 0.000226
669.000000 0.000226
670.000000 0.000227
671.000000 0.000228
672.000000 0.000228
673.000000 0.000229
674.000000 0.000230
675.000000 0.000231
676.000000 0.000232
677.000000 0.000233
678.000000 0.000233
679.000000 0.000234
680.000000 0.000234
681.000000 0.000236
682.000000 0.000236
683.000000 0.000237
684.000000 0.000237
685.000000 0.000239
686.000000 0.000239
687.000000 0.000240
688.000000 0.000241
689.000000 0.000242
690.000000 0.000242
691.000000 0.000243
692.000000 0.000244
693.000000 0.000245
694.000000 0.000246
695.000000 0.000247
696.000000 0.000247
697.000000 0.000248
698.000000 0.000249
699.000000 0.000249
700.000000 0.000251
701.000000 0.000251
702.000000 0.000252
703.000000 0.000252
704.000000 0.000254
705.000000 0.000254
706.000000 0.000255
707.000000 0.000255
708.000000 0.000257
709.000000 0.000257
710.000000 0.000258
711.000000 0.000259
712.000000 0.000260
713.000000 0.000260
714.000000 0.000262
715.000000 0.000262
716.000000 0.000263
717.000000 0.000263
718.000000 0.000265
719.000000 0.000265
720.000000 0.000266
721.000000 0.000267
722.000000 0.000268
723.000000 0.000268
724.000000 0.000269
725.000000 0.000270
726.000000 0.000271
727.000000 0.000272
728.000000 0.000272
729.000000 0.000273
730.000000 0.000274
731.000000 0.000275
732.000000 0.000275
733.000000 0.000277
734.000000 0.000277
735.000000 0.000279
736.000000 0.000279
737.000000 0.000280
738.000000 0.000280
739.000000 0.000282
740.000000 0.000282
741.000000 0.000283
742.000000 0.000284
743.000000 0.000285
744.000000 0.000285
745.000000 0.000287
746.000000 0.000287
747.000000 0.000288
748.000000 0.000288
749.000000 0.000290
750.000000 0.000290
751.000000 0.000291
752.000000 0.000292
753.000000 0.000293
754.000000 0.000294
755.000000 0.000294
756.000000 0.000296
757.000000 0.000296
758.000000 0.000297
759.000000 0.000297
760.000000 0.000299
761.000000 0.000299
762.000000 0.000301
763.000000 0.000301
764.000000 0.000303
765.000000 0.000302
766.000000 0.000304
767.000000 0.000304
768.000000 0.000306
769.000000 0.000306
770.000000 0.000307
771.000000 0.000308
772.000000 0.000309
773.000000 0.000309
774.000000 0.000310
775.000000 0.000311
776.000000 0.000312
777.000000 0.000313
778.000000 0.000313
779.000000 0.000315
780.000000 0.000315
781.000000 0.000317
782.000000 0.000317
783.000000 0.000318
784.000000 0.000318
785.000000 0.000320
786.000000 0.000320
787.000000 0.000322
788.000000 0.000322
789.000000 0.000323
790.000000 0.000323
791.000000 0.000325
792.000000 0.000325
793.000000 0.000327
794.000000 0.000327
795.000000 0.000328
796.000000 0.000329
797.000000 0.000330
798.000000 0.000330
799.000000 0.000331
800.000000 0.000332
801.000000 0.000333
802.000000 0.000334
803.000000 0.000334
804.000000 0.000336
805.000000 0.000336
806.000000 0.000338
807.000000 0.000338
808.000000 0.000339
809.000000 0.000340
810.000000 0.000341
811.000000 0.000341
812.000000 0.000343
813.000000 0.000343
814.000000 0.000345
815.000000 0.000345
816.000000 0.000346
817.000000 0.000347
818.000000 0.000348
819.000000 0.000348
820.000000 0.000350
821.000000 0.000350
822.000000 0.000351
823.000000 0.000352
824.000000 0.000353
825.000000 0.000354
826.000000 0.000354
827.000000 0.000355
828.000000 0.000356
829.000000 0.000357
830.000000 0.000358
831.000000 0.000359
832.000000 0.000360
833.000000 0.000361
834.000000 0.000361
835.000000 0.000362
836.000000 0.000363
837.000000 0.000364
838.000000 0.000365
839.000000 0.000366
840.000000 0.000366
841.000000 0.000367
842.000000 0.000368
843.000000 0.000369
844.000000 0.000370
845.000000 0.000371
846.000000 0.000372
847.000000 0.000373
848.000000 0.000374
849.000000 0.000374
850.000000 0.000375
851.000000 0.000376
852.000000 0.000377
853.000000 0.000378
854.000000 0.000379
855.000000 0.000379
856.000000 0.000381
857.000000 0.000381
858.000000 0.000382
859.000000 0.000383
860.000000 0.000384
861.000000 0.000384
862.000000 0.000386
863.000000 0.000387
864.000000 0.000388
865.000000 0.000388
866.000000 0.000389
867.000000 0.000390
868.000000 0.000391
869.000000 0.000392
870.000000 0.000393
871.000000 0.000393
872.000000 0.000395
873.000000 0.000395
874.000000 0.000396
875.000000 0.000397
876.000000 0.000398
877.000000 0.000399
878.000000 0.000400
879.000000 0.000400
880.000000 0.000402
881.000000 0.000402
882.000000 0.000403
883.000000 0.000404
884.000000 0.000405
885.000000 0.000406
886.000000 0.000406
887.000000 0.000408
888.000000 0.000408
889.000000 0.000410
890.000000 0.000410
891.000000 0.000411
892.000000 0.000412
893.000000 0.000413
894.000000 0.000413
895.000000 0.000415
896.000000 0.000415
897.000000 0.000417
898.000000 0.000417
899.000000 0.000418
900.000000 0.000419
901.000000 0.000420
902.000000 0.000421
903.000000 0.000422
904.000000 0.000422
905.000000 0.000424
906.000000 0.000424
907.000000 0.000425
908.000000 0.000426
909.000000 0.000427
910.000000 0.000428
911.000000 0.000428
912.000000 0.000430
913.000000 0.000430
914.000000 0.000432
915.000000 0.000432
916.000000 0.000433
917.000000 0.000434
918.000000 0.000435
919.000000 0.000435
920.000000 0.000437
921.000000 0.000437
922.000000 0.000439
923.000000 0.000439
924.000000 0.000441
925.000000 0.000441
926.000000 0.000442
927.000000 0.000443
928.000000 0.000444
929.000000 0.000445
930.000000 0.000446
931.000000 0.000446
932.000000 0.000447
933.000000 0.000448
934.000000 0.000449
935.000000 0.000450
936.000000 0.000450
937.000000 0.000452
938.000000 0.000452
939.000000 0.000454
940.000000 0.000454
941.000000 0.000455
942.000000 0.000455
943.000000 0.000458
944.000000 0.000457
945.000000 0.000459
946.000000 0.000459
947.000000 0.000461
948.000000 0.000461
949.000000 0.000463
950.000000 0.000463
951.000000 0.000464
952.000000 0.000465
953.000000 0.000466
954.000000 0.000467
955.000000 0.000468
956.000000 0.000468
957.000000 0.000469
958.000000 0.000470
959.000000 0.000471
960.000000 0.000472
961.000000 0.000472
962.000000 0.000474
963.000000 0.000474
964.000000 0.000476
965.000000 0.000476
966.000000 0.000477
967.000000 0.000478
968.000000 0.000480
969.000000 0.000480
970.000000 0.000481
971.000000 0.000481
972.000000 0.000483
973.000000 0.000483
974.000000 0.000485
975.000000 0.000485
976.000000 0.000486
977.000000 0.000487
978.000000 0.000487
979.000000 0.000489
980.000000 0.000489
981.000000 0.000491
982.000000 0.000490
983.000000 0.000492
984.000000 0.000493
985.000000 0.000494
986.000000 0.000495
987.000000 0.000496
988.000000 0.000496
989.000000 0.000497
990.000000 0.000498
991.000000 0.000499
992.000000 0.000500
993.000000 0.000501
994.000000 0.000502
995.000000 0.000502
996.000000 0.000504
997.000000 0.000503
998.000000 0.000506
999.000000 0.000506
1000.000000 0.000508
1001.000000 0.000507
1002.000000 0.000509
1003.000000 0.000509
1004.000000 0.000511
1005.000000 0.000511
1006.000000 0.000512
1007.000000 0.000513
1008.000000 0.000514
1009.000000 0.000514
1010.000000 0.000516
1011.000000 0.000516
1012.000000 0.000517
1013.000000 0.000518
1014.000000 0.000519
1015.000000 0.000520
1016.000000 0.000520
1017.000000 0.000522
1018.000000 0.000522
1019.000000 0.000524
1020.000000 0.000523
1021.000000 0.000526
1022.000000 0.000525
1023.000000 0.000527
1024.000000 0.000528
1025.000000 0.000529
1026.000000 0.000529
1027.000000 0.000530
1028.000000 0.000530
1029.000000 0.000532
1030.000000 0.000533
1031.000000 0.000533
1032.000000 0.000534
1033.000000 0.000535
1034.000000 0.000536
1035.000000 0.000536
1036.000000 0.000538
1037.000000 0.000538
1038.000000 0.000540
1039.000000 0.000540
1040.000000 0.000542
1041.000000 0.000541
1042.000000 0.000544
1043.000000 0.000543
1044.000000 0.000545
1045.000000 0.000545
1046.000000 0.000547
1047.000000 0.000546
1048.000000 0.000548
1049.000000 0.000549
1050.000000 0.000550
1051.000000 0.000550
1052.000000 0.000551
1053.000000 0.000552
1054.000000 0.000552
1055.000000 0.000554
1056.000000 0.000554
1057.000000 0.000556
1058.000000 0.000555
1059.000000 0.000557
1060.000000 0.000557
1061.000000 0.000559
1062.000000 0.000559
1063.000000 0.000561
1064.000000 0.000561
1065.000000 0.000562
1066.000000 0.000562
1067.000000 0.000564
1068.000000 0.000564
1069.000000 0.000566
1070.000000 0.000566
1071.000000 0.000567
1072.000000 0.000568
1073.000000 0.000568
1074.000000 0.000570
1075.000000 0.000570
1076.000000 0.000572
1077.000000 0.000572
1078.000000 0.000573
1079.000000 0.000573
1080.000000 0.000575
1081.000000 0.000575
1082.000000 0.000576
1083.000000 0.000576
1084.000000 0.000578
1085.000000 0.000578
1086.000000 0.000580
1087.000000 0.000580
1088.000000 0.000581
1089.000000 0.000582
1090.000000 0.000582
1091.000000 0.000584
1092.000000 0.000584
1093.000000 0.000585
1094.000000 0.000585
1095.000000 0.000587
1096.000000 0.000587
1097.000000 0.000588
1098.000000 0.000589
1099.000000 0.000590
1100.000000 0.000590
1101.000000 0.000592
1102.000000 0.000592
1103.000000 0.000593
1104.000000 0.000593
1105.000000 0.000595
1106.000000 0.000595
1107.000000 0.000596
1108.000000 0.000597
1109.000000 0.000597
1110.000000 0.000599
1111.000000 0.000599
1112.000000 0.000600
1113.000000 0.000600
1114.000000 0.000602
1115.000000 0.000602
1116.000000 0.000604
1117.000000 0.000604
1118.000000 0.000605
1119.000000 0.000605
1120.000000 0.000607
1121.000000 0.000607
1122.000000 0.000608
1123.000000 0.000609
1124.000000 0.000609
1125.000000 0.000610
1126.000000 0.000611
1127.000000 0.000612
1128.000000 0.000612
1129.000000 0.000614
1130.000000 0.000613
1131.000000 0.000615
1132.000000 0.000615
1133.000000 0.000617
1134.000000 0.000616
1135.000000 0.000618
1136.000000 0.000618
1137.000000 0.000619
1138.000000 0.000620
1139.000000 0.000621
1140.000000 0.000621
1141.000000 0.000622
1142.000000 0.000623
1143.000000 0.000624
1144.000000 0.000624
1145.000000 0.000625
1146.000000 0.000626
1147.000000 0.000626
1148.000000 0.000628
1149.000000 0.000627
1150.000000 0.000629
1151.000000 0.000629
1152.000000 0.000631
1153.000000 0.000631
1154.000000 0.000633
1155.000000 0.000632
1156.000000 0.000634
1157.000000 0.000634
1158.000000 0.000636
1159.000000 0.000635
1160.000000 0.000637
1161.000000 0.000637
1162.000000 0.000638
1163.000000 0.000638
1164.000000 0.000639
1165.000000 0.000640
1166.000000 0.000641
1167.000000 0.000642
1168.000000 0.000641
1169.000000 0.000643
1170.000000 0.000643
1171.000000 0.000645
1172.000000 0.000644
1173.000000 0.000647
1174.000000 0.000645
1175.000000 0.000647
1176.000000 0.000647
1177.000000 0.000649
1178.000000 0.000649
1179.000000 0.000651
1180.000000 0.000650
1181.000000 0.000652
1182.000000 0.000651
1183.000000 0.000653
1184.000000 0.000653
1185.000000 0.000654
1186.000000 0.000655
1187.000000 0.000655
1188.000000 0.000656
1189.000000 0.000656
1190.000000 0.000658
1191.000000 0.000658
1192.000000 0.000660
1193.000000 0.000659
1194.000000 0.000660
1195.000000 0.000660
1196.000000 0.000662
1197.000000 0.000662
1198.000000 0.000664
1199.000000 0.000663
1200.000000 0.000665
1201.000000 0.000664
1202.000000 0.000666
1203.000000 0.000666
1204.000000 0.000668
1205.000000 0.000667
1206.000000 0.000668
1207.000000 0.000669
1208.000000 0.000670
1209.000000 0.000670
1210.000000 0.000671
1211.000000 0.000672
1212.000000 0.000672
1213.000000 0.000673
1214.000000 0.000673
1215.000000 0.000675
1216.000000 0.000675
1217.000000 0.000676
1218.000000 0.000675
1219.000000 0.000677
1220.000000 0.000676
1221.000000 0.000678
1222.000000 0.000679
1223.000000 0.000680
1224.000000 0.000679
1225.000000 0.000681
1226.000000 0.000681
1227.000000 0.000682
1228.000000 0.000682
1229.000000 0.000684
1230.000000 0.000684
1231.000000 0.000684
1232.000000 0.000684
1233.000000 0.000685
1234.000000 0.000687
1235.000000 0.000687
1236.000000 0.000687
1237.000000 0.000688
1238.000000 0.000689
1239.000000 0.000688
1240.000000 0.000689
1241.000000 0.000691
1242.000000 0.000691
1243.000000 0.000692
1244.000000 0.000692
1245.000000 0.000692
1246.000000 0.000693
1247.000000 0.000694
1248.000000 0.000695
1249.000000 0.000695
1250.000000 0.000696
1251.000000 0.000696
1252.000000 0.000696
1253.000000 0.000698
1254.000000 0.000698
1255.000000 0.000698
1256.000000 0.000699
1257.000000 0.000700
1258.000000 0.000699
1259.000000 0.000701
1260.000000 0.000702
1261.000000 0.000702
1262.000000 0.000702
1263.000000 0.000703
1264.000000 0.000703
1265.000000 0.000704
1266.000000 0.000705
1267.000000 0.000706
1268.000000 0.000706
1269.000000 0.000707
1270.000000 0.000706
1271.000000 0.000707
1272.000000 0.000709
1273.000000 0.000709
1274.000000 0.000709
1275.000000 0.000710
1276.000000 0.000710
1277.000000 0.000710
1278.000000 0.000711
1279.000000 0.000713
1280.000000 0.000712
1281.000000 0.000713
1282.000000 0.000713
1283.000000 0.000713
1284.000000 0.000714
1285.000000 0.000715
1286.000000 0.000715
1287.000000 0.000716
1288.000000 0.000717
1289.000000 0.000716
1290.000000 0.000717
1291.000000 0.000719
1292.000000 0.000718
1293.000000 0.000719
1294.000000 0.000719
1295.000000 0.000720
1296.000000 0.000719
1297.000000 0.000721
1298.000000 0.000722
1299.000000 0.000722
1300.000000 0.000722
1301.000000 0.000723
1302.000000 0.000722
1303.000000 0.000724
1304.000000 0.000725
1305.000000 0.000725
1306.000000 0.000725
1307.000000 0.000726
1308.000000 0.000726
1309.000000 0.000726
1310.000000 0.000728
1311.000000 0.000728
1312.000000 0.000728
1313.000000 0.000729
1314.000000 0.000729
1315.000000 0.000729
1316.000000 0.000730
1317.000000 0.000731
1318.000000 0.000731
1319.000000 0.000731
1320.000000 0.000731
1321.000000 0.000731
1322.000000 0.000733
1323.000000 0.000733
1324.000000 0.000733
1325.000000 0.000734
1326.000000 0.000735
1327.000000 0.000734
1328.000000 0.000735
1329.000000 0.000736
1330.000000 0.000736
1331.000000 0.000736
1332.000000 0.000737
1333.000000 0.000736
1334.000000 0.000738
1335.000000 0.000738
1336.000000 0.000739
1337.000000 0.000739
1338.000000 0.000739
1339.000000 0.000739
1340.000000 0.000740
1341.000000 0.000740
1342.000000 0.000741
1343.000000 0.000741
1344.000000 0.000742
1345.000000 0.000742
1346.000000 0.000741
1347.000000 0.000743
1348.000000 0.000743
1349.000000 0.000743
1350.000000 0.000744
1351.000000 0.000744
1352.000000 0.000744
1353.000000 0.000745
1354.000000 0.000745
1355.000000 0.000746
1356.000000 0.000746
1357.000000 0.000747
1358.000000 0.000746
1359.000000 0.000747
1360.000000 0.000747
1361.000000 0.000748
1362.000000 0.000748
1363.000000 0.000749
1364.000000 0.000749
1365.000000 0.000749
1366.000000 0.000749
1367.000000 0.000750
1368.000000 0.000750
1369.000000 0.000751
1370.000000 0.000751
1371.000000 0.000751
1372.000000 0.000752
1373.000000 0.000752
1374.000000 0.000753
1375.000000 0.000753
1376.000000 0.000753
1377.000000 0.000753
1378.000000 0.000754
1379.000000 0.000754
1380.000000 0.000754
1381.000000 0.000754
1382.000000 0.000755
1383.000000 0.000755
1384.000000 0.000755
1385.000000 0.000755
1386.000000 0.000756
1387.000000 0.000756
1388.000000 0.000757
1389.000000 0.000757
1390.000000 0.000757
1391.000000 0.000757
1392.000000 0.000758
1393.000000 0.000758
1394.000000 0.000758
1395.000000 0.000758
1396.000000 0.000758
1397.000000 0.000759
1398.000000 0.000759
1399.000000 0.000760
1400.000000 0.000760
1401.000000 0.000760
1402.000000 0.000760
1403.000000 0.000761
1404.000000 0.000761
1405.000000 0.000761
1406.000000 0.000761
1407.000000 0.000761
1408.000000 0.000761
1409.000000 0.000762
1410.000000 0.000762
1411.000000 0.000762
1412.000000 0.000763
1413.000000 0.000763
1414.000000 0.000762
1415.000000 0.000763
1416.000000 0.000763
1417.000000 0.000764
1418.000000 0.000764
1419.000000 0.000764
1420.000000 0.000764
1421.000000 0.000765
1422.000000 0.000764
1423.000000 0.000765
1424.000000 0.000765
1425.000000 0.000765
1426.000000 0.000765
1427.000000 0.000765
1428.000000 0.000766
1429.000000 0.000766
1430.000000 0.000766
1431.000000 0.000767
1432.000000 0.000766
1433.000000 0.000766
1434.000000 0.000767
1435.000000 0.000767
1436.000000 0.000767
1437.000000 0.000768
1438.000000 0.000768
1439.000000 0.000767
1440.000000 0.000769
1441.000000 0.000768
1442.000000 0.000768
1443.000000 0.000769
1444.000000 0.000768
1445.000000 0.000768
1446.000000 0.000769
1447.000000 0.000769
1448.000000 0.000769
1449.000000 0.000769
1450.000000 0.000769
1451.000000 0.000769
1452.000000 0.000769
1453.000000 0.000770
1454.000000 0.000770
1455.000000 0.000770
1456.000000 0.000770
1457.000000 0.000770
1458.000000 0.000770
1459.000000 0.000771
1460.000000 0.000771
1461.000000 0.000771
1462.000000 0.000771
1463.000000 0.000771
1464.000000 0.000770
1465.000000 0.000772
1466.000000 0.000771
1467.000000 0.000771
1468.000000 0.000771
1469.000000 0.000771
1470.000000 0.000771
1471.000000 0.000772
1472.000000 0.000771
1473.000000 0.000772
1474.000000 0.000772
1475.000000 0.000772
1476.000000 0.000772
1477.000000 0.000772
1478.000000 0.000772
1479.000000 0.000772
1480.000000 0.000772
1481.000000 0.000772
1482.000000 0.000772
1483.000000 0.000771
1484.000000 0.000773
1485.000000 0.000772
1486.000000 0.000773
1487.000000 0.000772
1488.000000 0.000772
1489.000000 0.000772
1490.000000 0.000773
1491.000000 0.000772
1492.000000 0.000773
1493.000000 0.000773
1494.000000 0.000773
1495.000000 0.000772
1496.000000 0.000773
1497.000000 0.000773
1498.000000 0.000773
1499.000000 0.000773
1500.000000 0.000773
1501.000000 0.000772
1502.000000 0.000772
1503.000000 0.000773
1504.000000 0.000772
1505.000000 0.000773
1506.000000 0.000773
1507.000000 0.000772
1508.000000 0.000772
1509.000000 0.000773
1510.000000 0.000772
1511.000000 0.000773
1512.000000 0.000772
1513.000000 0.000772
1514.000000 0.000772
1515.000000 0.000773
1516.000000 0.000772
1517.000000 0.000773
1518.000000 0.000772
1519.000000 0.000772
1520.000000 0.000771
1521.000000 0.000772
1522.000000 0.000772
1523.000000 0.000772
1524.000000 0.000772
1525.000000 0.000772
1526.000000 0.000771
1527.000000 0.000771
1528.000000 0.000772
1529.000000 0.000771
1530.000000 0.000772
1531.000000 0.000771
1532.000000 0.000771
1533.000000 0.000770
1534.000000 0.000772
1535.000000 0.000771
1536.000000 0.000771
1537.000000 0.000771
1538.000000 0.000771
1539.000000 0.000770
1540.000000 0.000771
1541.000000 0.000770
1542.000000 0.000770
1543.000000 0.000771
1544.000000 0.000770
1545.000000 0.000769
1546.000000 0.000770
1547.000000 0.000770
1548.000000 0.000770
1549.000000 0.000770
1550.000000 0.000769
1551.000000 0.000769
1552.000000 0.000769
1553.000000 0.000769
1554.000000 0.000769
1555.000000 0.000769
1556.000000 0.000769
1557.000000 0.000768
1558.000000 0.000768
1559.000000 0.000768
1560.000000 0.000768
1561.000000 0.000768
1562.000000 0.000768
1563.000000 0.000767
1564.000000 0.000767
1565.000000 0.000768
1566.000000 0.000767
1567.000000 0.000767
1568.000000 0.000767
1569.000000 0.000766
1570.000000 0.000766
1571.000000 0.000767
1572.000000 0.000766
1573.000000 0.000766
1574.000000 0.000766
1575.000000 0.000765
1576.000000 0.000765
1577.000000 0.000765
1578.000000 0.000765
1579.000000 0.000765
1580.000000 0.000764
1581.000000 0.000765
1582.000000 0.000764
1583.000000 0.000764
1584.000000 0.000764
1585.000000 0.000763
1586.000000 0.000763
1587.000000 0.000763
1588.000000 0.000762
1589.000000 0.000762
1590.000000 0.000763
1591.000000 0.000762
1592.000000 0.000762
1593.000000 0.000762
1594.000000 0.000761
1595.000000 0.000761
1596.000000 0.000761
1597.000000 0.000761
1598.000000 0.000760
1599.000000 0.000760
1600.000000 0.000760
1601.000000 0.000759
1602.000000 0.000760
1603.000000 0.000759
1604.000000 0.000759
1605.000000 0.000759
1606.000000 0.000759
1607.000000 0.000758
1608.000000 0.000758
1609.000000 0.000758
1610.000000 0.000757
1611.000000 0.000757
1612.000000 0.000757
1613.000000 0.000756
1614.000000 0.000756
1615.000000 0.000756
1616.000000 0.000755
1617.000000 0.000755
1618.000000 0.000755
1619.000000 0.000755
1620.000000 0.000754
1621.000000 0.000754
1622.000000 0.000754
1623.000000 0.000753
1624.000000 0.000753
1625.000000 0.000753
1626.000000 0.000752
1627.000000 0.000753
1628.000000 0.000752
1629.000000 0.000752
1630.000000 0.000751
1631.000000 0.000751
1632.000000 0.000750
1633.000000 0.000750
1634.000000 0.000750
1635.000000 0.000749
1636.000000 0.000749
1637.000000 0.000749
1638.000000 0.000749
1639.000000 0.000748
1640.000000 0.000748
1641.000000 0.000747
1642.000000 0.000747
1643.000000 0.000747
1644.000000 0.000747
1645.000000 0.000745
1646.000000 0.000746
1647.000000 0.000745
1648.000000 0.000745
1649.000000 0.000745
1650.000000 0.000745
1651.000000 0.000743
1652.000000 0.000744
1653.000000 0.000743
1654.000000 0.000743
1655.000000 0.000742
1656.000000 0.000742
1657.000000 0.000741
1658.000000 0.000742
1659.000000 0.000741
1660.000000 0.000740
1661.000000 0.000740
1662.000000 0.000740
1663.000000 0.000739
1664.000000 0.000738
1665.000000 0.000739
1666.000000 0.000738
1667.000000 0.000738
1668.000000 0.000737
1669.000000 0.000737
1670.000000 0.000736
1671.000000 0.000737
1672.000000 0.000735
1673.000000 0.000735
1674.000000 0.000735
1675.000000 0.000734
1676.000000 0.000733
1677.000000 0.000734
1678.000000 0.000733
1679.000000 0.000733
1680.000000 0.000732
1681.000000 0.000732
1682.000000 0.000731
1683.000000 0.000731
1684.000000 0.000731
1685.000000 0.000730
1686.000000 0.000730
1687.000000 0.000729
1688.000000 0.000729
1689.000000 0.000728
1690.000000 0.000728
1691.000000 0.000727
1692.000000 0.000727
1693.000000 0.000726
1694.000000 0.000726
1695.000000 0.000725
1696.000000 0.000726
1697.000000 0.000724
1698.000000 0.000724
1699.000000 0.000723
1700.000000 0.000723
1701.000000 0.000722
1702.000000 0.000722
1703.000000 0.000722
1704.000000 0.000721
1705.000000 0.000721
1706.000000 0.000720
1707.000000 0.000719
1708.000000 0.000719
1709.000000 0.000719
1710.000000 0.000718
1711.000000 0.000718
1712.000000 0.000717
1713.000000 0.000716
1714.000000 0.000716
1715.000000 0.000716
1716.000000 0.000715
1717.000000 0.000715
1718.000000 0.000714
1719.000000 0.000713
1720.000000 0.000713
1721.000000 0.000712
1722.000000 0.000712
1723.000000 0.000711
1724.000000 0.000711
1725.000000 0.000710
1726.000000 0.000709
1727.000000 0.000709
1728.000000 0.000709
1729.000000 0.000708
1730.000000 0.000708
1731.000000 0.000707
1732.000000 0.000706
1733.000000 0.000706
1734.000000 0.000706
1735.000000 0.000704
1736.000000 0.000704
1737.000000 0.000704
1738.000000 0.000702
1739.000000 0.000703
1740.000000 0.000702
1741.000000 0.000702
1742.000000 0.000701
1743.000000 0.000700
1744.000000 0.000700
1745.000000 0.000699
1746.000000 0.000698
1747.000000 0.000698
1748.000000 0.000697
1749.000000 0.000697
1750.000000 0.000696
1751.000000 0.000695
1752.000000 0.000695
1753.000000 0.000695
1754.000000 0.000694
1755.000000 0.000693
1756.000000 0.000693
1757.000000 0.000692
1758.000000 0.000692
1759.000000 0.000691
1760.000000 0.000691
1761.000000 0.000690
1762.000000 0.000690
1763.000000 0.000688
1764.000000 0.000688
1765.000000 0.000687
1766.000000 0.000687
1767.000000 0.000686
1768.000000 0.000686
1769.000000 0.000685
1770.000000 0.000684
1771.000000 0.000684
1772.000000 0.000683
1773.000000 0.000682
1774.000000 0.000682
1775.000000 0.000681
1776.000000 0.000680
1777.000000 0.000680
1778.000000 0.000679
1779.000000 0.000679
1780.000000 0.000678
1781.000000 0.000678
1782.000000 0.000676
1783.000000 0.000676
1784.000000 0.000675
1785.000000 0.000675
1786.000000 0.000674
1787.000000 0.000674
1788.000000 0.000672
1789.000000 0.000672
1790.000000 0.000672
1791.000000 0.000671
1792.000000 0.000670
1793.000000 0.000670
1794.000000 0.000669
1795.000000 0.000668
1796.000000 0.000668
1797.000000 0.000667
1798.000000 0.000667
1799.000000 0.000666
1800.000000 0.000665
1801.000000 0.000664
1802.000000 0.000664
1803.000000 0.000663
1804.000000 0.000663
1805.000000 0.000661
1806.000000 0.000661
1807.000000 0.000660
1808.000000 0.000660
1809.000000 0.000659
1810.000000 0.000658
1811.000000 0.000657
1812.000000 0.000657
1813.000000 0.000656
1814.000000 0.000656
1815.000000 0.000655
1816.000000 0.000654
1817.000000 0.000654
1818.000000 0.000653
1819.000000 0.000652
1820.000000 0.000651
1821.000000 0.000651
1822.000000 0.000650
1823.000000 0.000649
1824.000000 0.000648
1825.000000 0.000648
1826.000000 0.000647
1827.000000 0.000646
1828.000000 0.000646
1829.000000 0.000645
1830.000000 0.000644
1831.000000 0.000644
1832.000000 0.000642
1833.000000 0.000642
1834.000000 0.000641
1835.000000 0.000641
1836.000000 0.000640
1837.000000 0.000639
1838.000000 0.000638
1839.000000 0.000638
1840.000000 0.000637
1841.000000 0.000636
1842.000000 0.000636
1843.000000 0.000635
1844.000000 0.000634
1845.000000 0.000633
1846.000000 0.000633
1847.000000 0.000632
1848.000000 0.000632
1849.000000 0.000630
1850.000000 0.000630
1851.000000 0.000629
1852.000000 0.000628
1853.000000 0.000627
1854.000000 0.000627
1855.000000 0.000626
1856.000000 0.000625
1857.000000 0.000624
1858.000000 0.000624
1859.000000 0.000623
1860.000000 0.000622
1861.000000 0.000622
1862.000000 0.000621
1863.000000 0.000620
1864.000000 0.000619
1865.000000 0.000619
1866.000000 0.000618
1867.000000 0.000617
1868.000000 0.000616
1869.000000 0.000615
1870.000000 0.000615
1871.000000 0.000614
1872.000000 0.000613
1873.000000 0.000613
1874.000000 0.000612
1875.000000 0.000611
1876.000000 0.000610
1877.000000 0.000609
1878.000000 0.000609
1879.000000 0.000608
1880.000000 0.000607
1881.000000 0.000606
1882.000000 0.000606
1883.000000 0.000604
1884.000000 0.000604
1885.000000 0.000603
1886.000000 0.000603
1887.000000 0.000602
1888.000000 0.000601
1889.000000 0.000600
1890.000000 0.000599
1891.000000 0.000598
1892.000000 0.000598
1893.000000 0.000596
1894.000000 0.000596
1895.000000 0.000596
1896.000000 0.000595
1897.000000 0.000594
1898.000000 0.000593
1899.000000 0.000592
1900.000000 0.000591
1901.000000 0.000591
1902.000000 0.000589
1903.000000 0.000589
1904.000000 0.000588
1905.000000 0.000587
1906.000000 0.000586
1907.000000 0.000586
1908.000000 0.000584
1909.000000 0.000584
1910.000000 0.000583
1911.000000 0.000583
1912.000000 0.000581
1913.000000 0.000580
1914.000000 0.000580
1915.000000 0.000580
1916.000000 0.000579
1917.000000 0.000578
1918.000000 0.000576
1919.000000 0.000576
1920.000000 0.000576
1921.000000 0.000574
1922.000000 0.000574
1923.000000 0.000573
1924.000000 0.000572
1925.000000 0.000571
1926.000000 0.000571
1927.000000 0.000569
1928.000000 0.000569
1929.000000 0.000568
1930.000000 0.000567
1931.000000 0.000566
1932.000000 0.000565
1933.000000 0.000564
1934.000000 0.000564
1935.000000 0.000563
1936.000000 0.000562
1937.000000 0.000561
1938.000000 0.000560
1939.000000 0.000560
1940.000000 0.000559
1941.000000 0.000558
1942.000000 0.000557
1943.000000 0.000556
1944.000000 0.000555
1945.000000 0.000555
1946.000000 0.000554
1947.000000 0.000553
1948.000000 0.000552
1949.000000 0.000551
1950.000000 0.000550
1951.000000 0.000550
1952.000000 0.000549
1953.000000 0.000548
1954.000000 0.000547
1955.000000 0.000546
1956.000000 0.000545
1957.000000 0.000545
1958.000000 0.000544
1959.000000 0.000543
1960.000000 0.000542
1961.000000 0.000541
1962.000000 0.000540
1963.000000 0.000539
1964.000000 0.000539
1965.000000 0.000538
1966.000000 0.000537
1967.000000 0.000536
1968.000000 0.000535
1969.000000 0.000534
1970.000000 0.000534
1971.000000 0.000533
1972.000000 0.000532
1973.000000 0.000531
1974.000000 0.000530
1975.000000 0.000529
1976.000000 0.000529
1977.000000 0.000528
1978.000000 0.000527
1979.000000 0.000526
1980.000000 0.000525
1981.000000 0.000524
1982.000000 0.000524
1983.000000 0.000522
1984.000000 0.000521
1985.000000 0.000521
1986.000000 0.000520
1987.000000 0.000519
1988.000000 0.000518
1989.000000 0.000517
1990.000000 0.000517
1991.000000 0.000516
1992.000000 0.000515
1993.000000 0.000513
1994.000000 0.000512
1995.000000 0.000512
1996.000000 0.000511
1997.000000 0.000510
1998.000000 0.000510
1999.000000 0.000508
2000.000000 0.000507
2001.000000 0.000507
2002.000000 0.000506
2003.000000 0.000505
2004.000000 0.000504
2005.000000 0.000503
2006.000000 0.000502
2007.000000 0.000502
2008.000000 0.000501
2009.000000 0.000500
2010.000000 0.000499
2011.000000 0.000498
2012.000000 0.000497
2013.000000 0.000496
2014.000000 0.000496
2015.000000 0.000495
2016.000000 0.000494
2017.000000 0.000493
2018.000000 0.000492
2019.000000 0.000491
2020.000000 0.000491
2021.000000 0.000490
2022.000000 0.000488
2023.000000 0.000488
2024.000000 0.000487
2025.000000 0.000486
2026.000000 0.000485
2027.000000 0.000484
2028.000000 0.000483
2029.000000 0.000483
2030.000000 0.000481
2031.000000 0.000480
2032.000000 0.000480
2033.000000 0.000479
2034.000000 0.000478
2035.000000 0.000477
2036.000000 0.000476
2037.000000 0.000475
2038.000000 0.000474
2039.000000 0.000474
2040.000000 0.000473
2041.000000 0.000472
2042.000000 0.000471
2043.000000 0.000470
2044.000000 0.000469
2045.000000 0.000468
2046.000000 0.000468
2047.000000 0.000467
2048.000000 0.000466
2049.000000 0.000465
2050.000000 0.000464
2051.000000 0.000463
2052.000000 0.000462
2053.000000 0.000461
2054.000000 0.000461
2055.000000 0.000459
2056.000000 0.000458
2057.000000 0.000458
2058.000000 0.000457
2059.000000 0.000456
2060.000000 0.000455
2061.000000 0.000454
2062.000000 0.000453
2063.000000 0.000453
2064.000000 0.000451
2065.000000 0.000451
2066.000000 0.000450
2067.000000 0.000449
2068.000000 0.000448
2069.000000 0.000447
2070.000000 0.000446
2071.000000 0.000446
2072.000000 0.000445
2073.000000 0.000444
2074.000000 0.000443
2075.000000 0.000442
2076.000000 0.000441
2077.000000 0.000440
2078.000000 0.000439
2079.000000 0.000439
2080.000000 0.000437
2081.000000 0.000436
2082.000000 0.000436
2083.000000 0.000435
2084.000000 0.000434
2085.000000 0.000433
2086.000000 0.000432
2087.000000 0.000431
2088.000000 0.000430
2089.000000 0.000429
2090.000000 0.000429
2091.000000 0.000428
2092.000000 0.000427
2093.000000 0.000426
2094.000000 0.000425
2095.000000 0.000424
2096.000000 0.000424
2097.000000 0.000423
2098.000000 0.000422
2099.000000 0.000421
2100.000000 0.000420
2101.000000 0.000419
2102.000000 0.000418
2103.000000 0.000417
2104.000000 0.000417
2105.000000 0.000415
2106.000000 0.000414
2107.000000 0.000414
2108.000000 0.000413
2109.000000 0.000412
2110.000000 0.000411
2111.000000 0.000410
2112.000000 0.000409
2113.000000 0.000408
2114.000000 0.000408
2115.000000 0.000407
2116.000000 0.000406
2117.000000 0.000405
2118.000000 0.000404
2119.000000 0.000403
2120.000000 0.000402
2121.000000 0.000401
2122.000000 0.000401
2123.000000 0.000400
2124.000000 0.000399
2125.000000 0.000398
2126.000000 0.000397
2127.000000 0.000396
2128.000000 0.000395
2129.000000 0.000395
2130.000000 0.000394
2131.000000 0.000393
2132.000000 0.000392
2133.000000 0.000391
2134.000000 0.000390
2135.000000 0.000389
2136.000000 0.000388
2137.000000 0.000387
2138.000000 0.000387
2139.000000 0.000386
2140.000000 0.000385
2141.000000 0.000384
2142.000000 0.000383
2143.000000 0.000382
2144.000000 0.000381
2145.000000 0.000380
2146.000000 0.000380
2147.000000 0.000379
2148.000000 0.000378
2149.000000 0.000377
2150.000000 0.000376
2151.000000 0.000375
2152.000000 0.000374
2153.000000 0.000374
2154.000000 0.000373
2155.000000 0.000372
2156.000000 0.000371
2157.000000 0.000370
2158.000000 0.000369
2159.000000 0.000368
2160.000000 0.000367
2161.000000 0.000366
2162.000000 0.000366
2163.000000 0.000365
2164.000000 0.000364
2165.000000 0.000363
2166.000000 0.000362
2167.000000 0.000361
2168.000000 0.000360
2169.000000 0.000360
2170.000000 0.000359
2171.000000 0.000358
2172.000000 0.000357
2173.000000 0.000356
2174.000000 0.000355
2175.000000 0.000354
2176.000000 0.000354
2177.000000 0.000353
2178.000000 0.000352
2179.000000 0.000351
2180.000000 0.000350
2181.000000 0.000349
2182.000000 0.000349
2183.000000 0.000348
2184.000000 0.000347
2185.000000 0.000346
2186.000000 0.000345
2187.000000 0.000344
2188.000000 0.000343
2189.000000 0.000342
2190.000000 0.000342
2191.000000 0.000341
2192.000000 0.000340
2193.000000 0.000339
2194.000000 0.000338
2195.000000 0.000337
2196.000000 0.000336
2197.000000 0.000336
2198.000000 0.000335
2199.000000 0.000334
2200.000000 0.000333
2201.000000 0.000332
2202.000000 0.000331
2203.000000 0.000331
2204.000000 0.000330
2205.000000 0.000329
2206.000000 0.000328
2207.000000 0.000327
2208.000000 0.000326
2209.000000 0.000325
2210.000000 0.000325
2211.000000 0.000324
2212.000000 0.000323
2213.000000 0.000322
2214.000000 0.000321
2215.000000 0.000320
2216.000000 0.000320
2217.000000 0.000319
2218.000000 0.000318
2219.000000 0.000317
2220.000000 0.000316
2221.000000 0.000315
2222.000000 0.000315
2223.000000 0.000314
2224.000000 0.000313
2225.000000 0.000312
2226.000000 0.000311
2227.000000 0.000310
2228.000000 0.000309
2229.000000 0.000309
2230.000000 0.000308
2231.000000 0.000307
2232.000000 0.000306
2233.000000 0.000305
2234.000000 0.000304
2235.000000 0.000304
2236.000000 0.000303
2237.000000 0.000302
2238.000000 0.000301
2239.000000 0.000300
2240.000000 0.000299
2241.000000 0.000299
2242.000000 0.000298
2243.000000 0.000297
2244.000000 0.000296
2245.000000 0.000295
2246.000000 0.000295
2247.000000 0.000294
2248.000000 0.000293
2249.000000 0.000292
2250.000000 0.000291
2251.000000 0.000290
2252.000000 0.000290
2253.000000 0.000289
2254.000000 0.000288
2255.000000 0.000287
2256.000000 0.000286
2257.000000 0.000285
2258.000000 0.000285
2259.000000 0.000284
2260.000000 0.000283
2261.000000 0.000282
2262.000000 0.000281
2263.000000 0.000281
2264.000000 0.000280
2265.000000 0.000279
2266.000000 0.000278
2267.000000 0.000277
2268.000000 0.000276
2269.000000 0.000276
2270.000000 0.000275
2271.000000 0.000274
2272.000000 0.000273
2273.000000 0.000273
2274.000000 0.000272
2275.000000 0.000271
2276.000000 0.000270
2277.000000 0.000269
2278.000000 0.000268
2279.000000 0.000268
2280.000000 0.000267
2281.000000 0.000266
2282.000000 0.000265
2283.000000 0.000264
2284.000000 0.000264
2285.000000 0.000263
2286.000000 0.000262
2287.000000 0.000261
2288.000000 0.000260
2289.000000 0.000260
2290.000000 0.000259
2291.000000 0.000258
2292.000000 0.000257
2293.000000 0.000257
2294.000000 0.000256
2295.000000 0.000255
2296.000000 0.000254
2297.000000 0.000253
2298.000000 0.000253
2299.000000 0.000252
2300.000000 0.000251
2301.000000 0.000250
2302.000000 0.000249
2303.000000 0.000249
2304.000000 0.000248
2305.000000 0.000247
2306.000000 0.000246
2307.000000 0.000246
2308.000000 0.000245
2309.000000 0.000244
2310.000000 0.000243
2311.000000 0.000242
2312.000000 0.000242
2313.000000 0.000241
2314.000000 0.000240
2315.000000 0.000239
2316.000000 0.000238
2317.000000 0.000238
2318.000000 0.000237
2319.000000 0.000236
2320.000000 0.000236
2321.000000 0.000235
2322.000000 0.000234
2323.000000 0.000233
2324.000000 0.000232
2325.000000 0.000232
2326.000000 0.000231
2327.000000 0.000230
2328.000000 0.000229
2329.000000 0.000228
2330.000000 0.000228
2331.000000 0.000227
2332.000000 0.000226
2333.000000 0.000225
2334.000000 0.000225
2335.000000 0.000224
2336.000000 0.000223
2337.000000 0.000223
2338.000000 0.000222
2339.000000 0.000221
2340.000000 0.000220
2341.000000 0.000219
2342.000000 0.000219
2343.000000 0.000218
2344.000000 0.000217
2345.000000 0.000217
2346.000000 0.000216
2347.000000 0.000215
2348.000000 0.000214
2349.000000 0.000214
2350.000000 0.000213
2351.000000 0.000212
2352.000000 0.000211
2353.000000 0.000210
2354.000000 0.000210
2355.000000 0.000209
2356.000000 0.000208
2357.000000 0.000207
2358.000000 0.000207
2359.000000 0.000206
2360.000000 0.000205
2361.000000 0.000204
2362.000000 0.000204
2363.000000 0.000203
2364.000000 0.000202
2365.000000 0.000202
2366.000000 0.000201
2367.000000 0.000200
2368.000000 0.000199
2369.000000 0.000198
2370.000000 0.000198
2371.000000 0.000197
2372.000000 0.000196
2373.000000 0.000196
2374.000000 0.000195
2375.000000 0.000194
2376.000000 0.000194
2377.000000 0.000193
2378.000000 0.000192
2379.000000 0.000191
2380.000000 0.000191
2381.000000 0.000190
2382.000000 0.000189
2383.000000 0.000189
2384.000000 0.000188
2385.000000 0.000187
2386.000000 0.000186
2387.000000 0.000186
2388.000000 0.000185
2389.000000 0.000184
2390.000000 0.000183
2391.000000 0.000183
2392.000000 0.000182
2393.000000 0.000181
2394.000000 0.000180
2395.000000 0.000180
2396.000000 0.000179
2397.000000 0.000178
2398.000000 0.000178
2399.000000 0.000177
2400.000000 0.000176
2401.000000 0.000176
2402.000000 0.000175
2403.000000 0.000174
2404.000000 0.000174
2405.000000 0.000173
2406.000000 0.000172
2407.000000 0.000172
2408.000000 0.000171
2409.000000 0.000170
2410.000000 0.000169
2411.000000 0.000169
2412.000000 0.000168
2413.000000 0.000167
2414.000000 0.000167
2415.000000 0.000166
2416.000000 0.000165
2417.000000 0.000165
2418.000000 0.000164
2419.000000 0.000163
2420.000000 0.000163
2421.000000 0.000162
2422.000000 0.000161
2423.000000 0.000161
2424.000000 0.000160
2425.000000 0.000159
2426.000000 0.000159
2427.000000 0.000158
2428.000000 0.000157
2429.000000 0.000156
2430.000000 0.000156
2431.000000 0.000155
2432.000000 0.000154
2433.000000 0.000154
2434.000000 0.000153
2435.000000 0.000152
2436.000000 0.000152
2437.000000 0.000151
2438.000000 0.000150
2439.000000 0.000150
2440.000000 0.000149
2441.000000 0.000148
2442.000000 0.000148
2443.000000 0.000147
2444.000000 0.000146
2445.000000 0.000146
2446.000000 0.000145
2447.000000 0.000144
2448.000000 0.000144
2449.000000 0.000143
2450.000000 0.000142
2451.000000 0.000142
2452.000000 0.000141
2453.000000 0.000141
2454.000000 0.000140
2455.000000 0.000139
2456.000000 0.000138
2457.000000 0.000138
2458.000000 0.000137
2459.000000 0.000137
2460.000000 0.000136
2461.000000 0.000135
2462.000000 0.000135
2463.000000 0.000134
2464.000000 0.000133
2465.000000 0.000133
2466.000000 0.000132
2467.000000 0.000131
2468.000000 0.000131
2469.000000 0.000130
2470.000000 0.000129
2471.000000 0.000129
2472.000000 0.000128
2473.000000 0.000127
2474.000000 0.000127
2475.000000 0.000126
2476.000000 0.000126
2477.000000 0.000125
2478.000000 0.000124
2479.000000 0.000124
2480.000000 0.000123
2481.000000 0.000122
2482.000000 0.000122
2483.000000 0.000121
2484.000000 0.000121
2485.000000 0.000120
2486.000000 0.000119
2487.000000 0.000119
2488.000000 0.000118
2489.000000 0.000118
2490.000000 0.000117
2491.000000 0.000116
2492.000000 0.000116
2493.000000 0.000115
2494.000000 0.000114
2495.000000 0.000114
2496.000000 0.000113
2497.000000 0.000113
2498.000000 0.000112
2499.000000 0.000111
2500.000000 0.000111
2501.000000 0.000110
2502.000000 0.000110
2503.000000 0.000109
2504.000000 0.000108
2505.000000 0.000108
2506.000000 0.000107
2507.000000 0.000107
2508.000000 0.000106
2509.000000 0.000105
2510.000000 0.000105
2511.000000 0.000104
2512.000000 0.000104
2513.000000 0.000103
2514.000000 0.000102
2515.000000 0.000102
2516.000000 0.000101
2517.000000 0.000101
2518.000000 0.000100
2519.000000 0.000099
2520.000000 0.000099
2521.000000 0.000098
2522.000000 0.000098
2523.000000 0.000097
2524.000000 0.000097
2525.000000 0.000096
2526.000000 0.000095
2527.000000 0.000095
2528.000000 0.000094
2529.000000 0.000094
2530.000000 0.000093
2531.000000 0.000092
2532.000000 0.000092
2533.000000 0.000091
2534.000000 0.000091
2535.000000 0.000090
2536.000000 0.000090
2537.000000 0.000089
2538.000000 0.000088
2539.000000 0.000088
2540.000000 0.000087
2541.000000 0.000087
2542.000000 0.000086
2543.000000 0.000086
2544.000000 0.000085
2545.000000 0.000085
2546.000000 0.000084
2547.000000 0.000084
2548.000000 0.000083
2549.000000 0.000082
2550.000000 0.000082
2551.000000 0.000081
2552.000000 0.000081
2553.000000 0.000080
2554.000000 0.000080
2555.000000 0.000079
2556.000000 0.000079
2557.000000 0.000078
2558.000000 0.000078
2559.000000 0.000077
2560.000000 0.000076
2561.000000 0.000076
2562.000000 0.000075
2563.000000 0.000075
2564.000000 0.000074
2565.000000 0.000074
2566.000000 0.000073
2567.000000 0.000073
2568.000000 0.000072
2569.000000 0.000072
2570.000000 0.000071
2571.000000 0.000071
2572.000000 0.000070
2573.000000 0.000070
2574.000000 0.000069
2575.000000 0.000069
2576.000000 0.000068
2577.000000 0.000068
2578.000000 0.000067
2579.000000 0.000067
2580.000000 0.000066
2581.000000 0.000066
2582.000000 0.000065
2583.000000 0.000065
2584.000000 0.000064
2585.000000 0.000064
2586.000000 0.000063
2587.000000 0.000063
2588.000000 0.000062
2589.000000 0.000062
2590.000000 0.000061
2591.000000 0.000061
2592.000000 0.000060
2593.000000 0.000060
2594.000000 0.000059
2595.000000 0.000059
2596.000000 0.000058
2597.000000 0.000058
2598.000000 0.000057
2599.000000 0.000057
2600.000000 0.000056
2601.000000 0.000056
2602.000000 0.000055
2603.000000 0.000055
2604.000000 0.000055
2605.000000 0.000054
2606.000000 0.000054
2607.000000 0.000053
2608.000000 0.000053
2609.000000 0.000052
2610.000000 0.000052
2611.000000 0.000051
2612.000000 0.000051
2613.000000 0.000050
2614.000000 0.000050
2615.000000 0.000050
2616.000000 0.000049
2617.000000 0.000049
2618.000000 0.000048
2619.000000 0.000048
2620.000000 0.000047
2621.000000 0.000047
2622.000000 0.000047
2623.000000 0.000046
2624.000000 0.000046
2625.000000 0.000045
2626.000000 0.000045
2627.000000 0.000044
2628.000000 0.000044
2629.000000 0.000044
2630.000000 0.000043
2631.000000 0.000043
2632.000000 0.000042
2633.000000 0.000042
2634.000000 0.000042
2635.000000 0.000041
2636.000000 0.000041
2637.000000 0.000040
2638.000000 0.000040
2639.000000 0.000040
2640.000000 0.000039
2641.000000 0.000039
2642.000000 0.000038
2643.000000 0.000038
2644.000000 0.000038
2645.000000 0.000037
2646.000000 0.000037
2647.000000 0.000037
2648.000000 0.000036
2649.000000 0.000036
2650.000000 0.000035
2651.000000 0.000035
2652.000000 0.000035
2653.000000 0.000034
2654.000000 0.000034
2655.000000 0.000034
2656.000000 0.000033
2657.000000 0.000033
2658.000000 0.000033
2659.000000 0.000032
2660.000000 0.000032
2661.000000 0.000032
2662.000000 0.000031
2663.000000 0.000031
2664.000000 0.000030
2665.000000 0.000030
2666.000000 0.000030
2667.000000 0.000029
2668.000000 0.000029
2669.000000 0.000029
2670.000000 0.000028
2671.000000 0.000028
2672.000000 0.000028
2673.000000 0.000028
2674.000000 0.000027
2675.000000 0.000027
2676.000000 0.000027
2677.000000 0.000026
2678.000000 0.000026
2679.000000 0.000026
2680.000000 0.000025
2681.000000 0.000025
2682.000000 0.000025
2683.000000 0.000024
2684.000000 0.000024
2685.000000 0.000024
2686.000000 0.000024
2687.000000 0.000023
2688.000000 0.000023
2689.000000 0.000023
2690.000000 0.000022
2691.000000 0.000022
2692.000000 0.000022
2693.000000 0.000022
2694.000000 0.000021
2695.000000 0.000021
2696.000000 0.000021
2697.000000 0.000020
2698.000000 0.000020
2699.000000 0.000020
2700.000000 0.000020
2701.000000 0.000019
2702.000000 0.000019
2703.000000 0.000019
2704.000000 0.000019
2705.000000 0.000018
2706.000000 0.000018
2707.000000 0.000018
2708.000000 0.000018
2709.000000 0.000017
2710.000000 0.000017
2711.000000 0.000017
2712.000000 0.000017
2713.000000 0.000016
2714.000000 0.000016
2715.000000 0.000016
2716.000000 0.000016
2717.000000 0.000016
2718.000000 0.000015
2719.000000 0.000015
2720.000000 0.000015
2721.000000 0.000015
2722.000000 0.000014
2723.000000 0.000014
2724.000000 0.000014
2725.000000 0.000014
2726.000000 0.000014
2727.000000 0.000013
2728.000000 0.000013
2729.000000 0.000013
2730.000000 0.000013
2731.000000 0.000013
2732.000000 0.000012
2733.000000 0.000012
2734.000000 0.000012
2735.000000 0.000012
2736.000000 0.000012
2737.000000 0.000012
2738.000000 0.000011
2739.000000 0.000011
2740.000000 0.000011
2741.000000 0.000011
2742.000000 0.000011
2743.000000 0.000010
2744.000000 0.000010
2745.000000 0.000010
2746.000000 0.000010
2747.000000 0.000010
2748.000000 0.000010
2749.000000 0.000009
2750.000000 0.000009
2751.000000 0.000009
2752.000000 0.000009
2753.000000 0.000009
2754.000000 0.000009
2755.000000 0.000009
2756.000000 0.000008
2757.000000 0.000008
2758.000000 0.000008
2759.000000 0.000008
2760.000000 0.000008
2761.000000 0.000008
2762.000000 0.000008
2763.000000 0.000007
2764.000000 0.000007
2765.000000 0.000007
2766.000000 0.000007
2767.000000 0.000007
2768.000000 0.000007
2769.000000 0.000007
2770.000000 0.000006
2771.000000 0.000006
2772.000000 0.000006
2773.000000 0.000006
2774.000000 0.000006
2775.000000 0.000006
2776.000000 0.000006
2777.000000 0.000006
2778.000000 0.000006
2779.000000 0.000005
2780.000000 0.000005
2781.000000 0.000005
2782.000000 0.000005
2783.000000 0.000005
2784.000000 0.000005
2785.000000 0.000005
2786.000000 0.000005
2787.000000 0.000005
2788.000000 0.000005
2789.000000 0.000004
2790.000000 0.000004
2791.000000 0.000004
2792.000000 0.000004
2793.000000 0.000004
2794.000000 0.000004
2795.000000 0.000004
2796.000000 0.000004
2797.000000 0.000004
2798.000000 0.000004
2799.000000 0.000004
2800.000000 0.000003
2801.000000 0.000003
2802.000000 0.000003
2803.000000 0.000003
2804.000000 0.000003
2805.000000 0.000003
2806.000000 0.000003
2807.000000 0.000003
2808.000000 0.000003
2809.000000 0.000003
2810.000000 0.000003
2811.000000 0.000003
2812.000000 0.000003
2813.000000 0.000003
2814.000000 0.000003
2815.000000 0.000002
2816.000000 0.000002
2817.000000 0.000002
2818.000000 0.000002
2819.000000 0.000002
2820.000000 0.000002
2821.000000 0.000002
2822.000000 0.000002
2823.000000 0.000002
2824.000000 0.000002
2825.000000 0.000002
2826.000000 0.000002
2827.000000 0.000002
2828.000000 0.000002
2829.000000 0.000002
2830.000000 0.000002
2831.000000 0.000002
2832.000000 0.000002
2833.000000 0.000002
2834.000000 0.000001
2835.000000 0.000001
2836.000000 0.000001
2837.000000 0.000001
2838.000000 0.000001
2839.000000 0.000001
2840.000000 0.000001
2841.000000 0.000001
2842.000000 0.000001
2843.000000 0.000001
2844.000000 0.000001
2845.000000 0.000001
2846.000000 0.000001
2847.000000 0.000001
2848.000000 0.000001
2849.000000 0.000001
2850.000000 0.000001
2851.000000 0.000001
2852.000000 0.000001
2853.000000 0.000001
2854.000000 0.000001
2855.000000 0.000001
2856.000000 0.000001
2857.000000 0.000001
2858.000000 0.000001
2859.000000 0.000001
2860.000000 0.000001
2861.000000 0.000001
2862.000000 0.000001
2863.000000 0.000001
2864.000000 0.000001
2865.000000 0.000001
2866.000000 0.000001
2867.000000 0.000000
2868.000000 0.000000
2869.000000 0.000000
2870.000000 0.000000
2871.000000 0.000000
2872.000000 0.000000
2873.000000 0.000000
2874.000000 0.000000
2875.000000 0.000000
2876.000000 0.000000
2877.000000 0.000000
2878.000000 0.000000
2879.000000 0.000000
2880.000000 0.000000
2881.000000 0.000000
2882.000000 0.000000
2883.000000 0.000000
2884.000000 0.000000
2885.000000 0.000000
2886.000000 0.000000
2887.000000 0.000000
2888.000000 0.000000
2889.000000 0.000000
2890.000000 0.000000
2891.000000 0.000000
2892.000000 0.000000
2893.000000 0.000000
2894.000000 0.000000
2895.000000 0.000000
2896.000000 0.000000
2897.000000 0.000000
2898.000000 0.000000
2899.000000 0.000000
2900.000000 0.000000
2901.000000 0.000000
2902.000000 0.000000
2903.000000 0.000000
2904.000000 0.000000
2905.000000 0.000000
2906.000000 0.000000
2907.000000 0.000000
2908.000000 0.000000
2909.000000 0.000000
2910.000000 0.000000
2911.000000 0.000000
2912.000000 0.000000
2913.000000 0.000000
2914.000000 0.000000
2915.000000 0.000000
2916.000000 0.000000
2917.000000 0.000000
2918.000000 0.000000
2919.000000 0.000000
2920.000000 0.000000
2921.000000 0.000000
2922.000000 0.000000
2923.000000 0.000000
2924.000000 0.000000
2925.000000 0.000000
2926.000000 0.000000
2927.000000 0.000000
2928.000000 0.000000
2929.000000 0.000000
2930.000000 0.000000
2931.000000 0.000000
2932.000000 0.000000
2933.000000 0.000000
2934.000000 0.000000
2935.000000 0.000000
2936.000000 0.000000
2937.000000 0.000000
2938.000000 0.000000
2939.000000 0.000000
2940.000000 0.000000
2941.000000 0.000000
2942.000000 0.000000
2943.000000 0.000000
2944.000000 0.000000
2945.000000 0.000000
2946.000000 0.000000
2947.000000 0.000000
2948.000000 0.000000
2949.000000 0.000000
2950.000000 0.000000
2951.000000 0.000000
2952.000000 0.000000
2953.000000 0.000000
2954.000000 0.000000
2955.000000 0.000000
2956.000000 0.000000
2957.000000 0.000000
2958.000000 0.000000
2959.000000 0.000000
2960.000000 0.000000
2961.000000 0.000000
2962.000000 0.000000
2963.000000 0.000000
2964.000000 0.000000
2965.000000 0.000000
2966.000000 0.000000
2967.000000 0.000000
2968.000000 0.000000
2969.000000 0.000000
2970.000000 0.000000
2971.000000 0.000000
2972.000000 0.000000
2973.000000 0.000000
2974.000000 0.000000
2975.000000 0.000000
2976.000000 0.000000
2977.000000 0.000000
2978.000000 0.000000
2979.000000 0.000000
2980.000000 0.000000
2981.000000 0.000000
2982.000000 0.000000
2983.000000 0.000000
2984.000000 0.000000
2985.000000 0.000000
2986.000000 0.000000
2987.000000 0.000000
2988.000000 0.000000
2989.000000 0.000000
2990.000000 0.000000
2991.000000 0.000000
2992.000000 0.000000
2993.000000 0.000000
2994.000000 0.000000
2995.000000 0.000000
2996.000000 0.000000
2997.000000 0.000000
2998.000000 0.000000
2999.000000 0.000000
3000.000000 0.000000
