n lam mean variance std
3000 0.280000 1500.500000 193315.858730 439.676994
bin_midpoint probability
1.000000 0.000000
2.000000 0.000000
3.000000 0.000000
4.000000 0.000000
5.000000 0.000000
6.000000 0.000000
7.000000 0.000000
8.000000 0.000000
9.000000 0.000000
10.000000 0.000000
11.000000 0.000000
12.000000 0.000000
13.000000 0.000000
14.000000 0.000000
15.000000 0.000000
16.000000 0.000000
17.000000 0.000000
18.000000 0.000000
19.000000 0.000000
20.000000 0.000000
21.000000 0.000000
22.000000 0.000000
23.000000 0.000000
24.000000 0.000000
25.000000 0.000000
26.000000 0.000000
27.000000 0.000000
28.000000 0.000000
29.000000 0.000000
30.000000 0.000000
31.000000 0.000000
32.000000 0.000000
33.000000 0.000000
34.000000 0.000000
35.000000 0.000000
36.000000 0.000000
37.000000 0.000000
38.000000 0.000000
39.000000 0.000000
40.000000 0.000000
41.000000 0.000000
42.000000 0.000000
43.000000 0.000000
44.000000 0.000000
45.000000 0.000000
46.000000 0.000000
47.000000 0.000000
48.000000 0.000000
49.000000 0.000000
50.000000 0.000000
51.000000 0.000000
52.000000 0.000000
53.000000 0.000000
54.000000 0.000000
55.000000 0.000000
56.000000 0.000000
57.000000 0.000000
58.000000 0.000000
59.000000 0.000000
60.000000 0.000000
61.000000 0.000000
62.000000 0.000000
63.000000 0.000000
64.000000 0.000000
65.000000 0.000000
66.000000 0.000000
67.000000 0.000000
68.000000 0.000000
69.000000 0.000000
70.000000 0.000000
71.000000 0.000000
72.000000 0.000000
73.000000 0.000000
74.000000 0.000000
75.000000 0.000000
76.000000 0.000000
77.000000 0.000000
78.000000 0.000000
79.000000 0.000000
80.000000 0.000000
81.000000 0.000000
82.000000 0.000000
83.000000 0.000000
84.000000 0.000000
85.000000 0.000000
86.000000 0.000000
87.000000 0.000000
88.000000 0.000000
89.000000 0.000000
90.000000 0.000000
91.000000 0.000000
92.000000 0.000000
93.000000 0.000000
94.000000 0.000000
95.000000 0.000000
96.000000 0.000000
97.000000 0.000000
98.000000 0.000000
99.000000 0.000000
100.000000 0.000000
101.000000 0.000000
102.000000 0.000000
103.000000 0.000000
104.000000 0.000000
105.000000 0.000000
106.000000 0.000000
107.000000 0.000000
108.000000 0.000000
109.000000 0.000000
110.000000 0.000000
111.000000 0.000000
112.000000 0.000000
113.000000 0.000000
114.000000 0.000000
115.000000 0.000000
116.000000 0.000000
117.000000 0.000000
118.000000 0.000000
119.000000 0.000000
120.000000 0.000000
121.000000 0.000000
122.000000 0.000000
123.000000 0.000000
124.000000 0.000000
125.000000 0.000000
126.000000 0.000000
127.000000 0.000000
128.000000 0.000000
129.000000 0.000000
130.000000 0.000000
131.000000 0.000000
132.000000 0.000000
133.000000 0.000000
134.000000 0.000000
135.000000 0.000000
136.000000 0.000000
137.000000 0.000000
138.000000 0.000000
139.000000 0.000000
140.000000 0.000000
141.000000 0.000000
142.000000 0.000000
143.000000 0.000000
144.000000 0.000000
145.000000 0.000000
146.000000 0.000000
147.000000 0.000000
148.000000 0.000000
149.000000 0.000000
150.000000 0.000000
151.000000 0.000000
152.000000 0.000000
153.000000 0.000000
154.000000 0.000000
155.000000 0.000000
156.000000 0.000000
157.000000 0.000000
158.000000 0.000000
159.000000 0.000000
160.000000 0.000000
161.000000 0.000000
162.000000 0.000000
163.000000 0.000000
164.000000 0.000000
165.000000 0.000000
166.000000 0.000000
167.000000 0.000000
168.000000 0.000000
169.000000 0.000000
170.000000 0.000000
171.000000 0.000000
172.000000 0.000000
173.000000 0.000000
174.000000 0.000000
175.000000 0.000000
176.000000 0.000000
177.000000 0.000000
178.000000 0.000000
179.000000 0.000000
180.000000 0.000000
181.000000 0.000000
182.000000 0.000000
183.000000 0.000000
184.000000 0.000000
185.000000 0.000000
186.000000 0.000000
187.000000 0.000000
188.000000 0.000000
189.000000 0.000000
190.000000 0.000000
191.000000 0.000000
192.000000 0.000000
193.000000 0.000000
194.000000 0.000000
195.000000 0.000000
196.000000 0.000001
197.000000 0.000001
198.000000 0.000001
199.000000 0.000001
200.000000 0.000001
201.000000 0.000001
202.000000 0.000001
203.000000 0.000001
204.000000 0.000001
205.000000 0.000001
206.000000 0.000001
207.000000 0.000001
208.000000 0.000001
209.000000 0.000001
210.000000 0.000001
211.000000 0.000001
212.000000 0.000001
213.000000 0.000001
214.000000 0.000001
215.000000 0.000001
216.000000 0.000001
217.000000 0.000001
218.000000 0.000001
219.000000 0.000001
220.000000 0.000001
221.000000 0.000001
222.000000 0.000001
223.000000 0.000001
224.000000 0.000001
225.000000 0.000001
226.000000 0.000001
227.000000 0.000001
228.000000 0.000001
229.000000 0.000001
230.000000 0.000001
231.000000 0.000001
232.000000 0.000001
233.000000 0.000001
234.000000 0.000001
235.000000 0.000002
236.000000 0.000002
237.000000 0.000002
238.000000 0.000002
239.000000 0.000002
240.000000 0.000002
241.000000 0.000002
242.000000 0.000002
243.000000 0.000002
244.000000 0.000002
245.000000 0.000002
246.000000 0.000002
247.000000 0.000002
248.000000 0.000002
249.000000 0.000002
250.000000 0.000002
251.000000 0.000002
252.000000 0.000002
253.000000 0.000002
254.000000 0.000002
255.000000 0.000002
256.000000 0.000002
257.000000 0.000003
258.000000 0.000003
259.000000 0.000003
260.000000 0.000003
261.000000 0.000003
262.000000 0.000003
263.000000 0.000003
264.000000 0.000003
265.000000 0.000003
266.000000 0.000003
267.000000 0.000003
268.000000 0.000003
269.000000 0.000003
270.000000 0.000003
271.000000 0.000003
272.000000 0.000003
273.000000 0.000004
274.000000 0.000004
275.000000 0.000004
276.000000 0.000004
277.000000 0.000004
278.000000 0.000004
279.000000 0.000004
280.000000 0.000004
281.000000 0.000004
282.000000 0.000004
283.000000 0.000004
284.000000 0.000004
285.000000 0.000004
286.000000 0.000005
287.000000 0.000005
288.000000 0.000005
289.000000 0.000005
290.000000 0.000005
291.000000 0.000005
292.000000 0.000005
293.000000 0.000005
294.000000 0.000005
295.000000 0.000005
296.000000 0.000005
297.000000 0.000006
298.000000 0.000006
299.000000 0.000006
300.000000 0.000006
301.000000 0.000006
302.000000 0.000006
303.000000 0.000006
304.000000 0.000006
305.000000 0.000006
306.000000 0.000006
307.000000 0.000007
308.000000 0.000007
309.000000 0.000007
310.000000 0.000007
311.000000 0.000007
312.000000 0.000007
313.000000 0.000007
314.000000 0.000007
315.000000 0.000007
316.000000 0.000008
317.000000 0.000008
318.000000 0.000008
319.000000 0.000008
320.000000 0.000008
321.000000 0.000008
322.000000 0.000008
323.000000 0.000009
324.000000 0.000009
325.000000 0.000009
326.000000 0.000009
327.000000 0.000009
328.000000 0.000009
329.000000 0.000009
330.000000 0.000009
331.000000 0.000010
332.000000 0.000010
333.000000 0.000010
334.000000 0.000010
335.000000 0.000010
336.000000 0.000010
337.000000 0.000011
338.000000 0.000011
339.000000 0.000011
340.000000 0.000011
341.000000 0.000011
342.000000 0.000011
343.000000 0.000012
344.000000 0.000012
345.000000 0.000012
346.000000 0.000012
347.000000 0.000012
348.000000 0.000012
349.000000 0.000013
350.000000 0.000013
351.000000 0.000013
352.000000 0.000013
353.000000 0.000013
354.000000 0.000013
355.000000 0.000014
356.000000 0.000014
357.000000 0.000014
358.000000 0.000014
359.000000 0.000014
360.000000 0.000015
361.000000 0.000015
362.000000 0.000015
363.000000 0.000015
364.000000 0.000015
365.000000 0.000016
366.000000 0.000016
367.000000 0.000016
368.000000 0.000016
369.000000 0.000016
370.000000 0.000017
371.000000 0.000017
372.000000 0.000017
373.000000 0.000017
374.000000 0.000018
375.000000 0.000018
376.000000 0.000018
377.000000 0.000018
378.000000 0.000018
379.000000 0.000019
380.000000 0.000019
381.000000 0.000019
382.000000 0.000019
383.000000 0.000020
384.000000 0.000020
385.000000 0.000020
386.000000 0.000020
387.000000 0.000021
388.000000 0.000021
389.000000 0.000021
390.000000 0.000021
391.000000 0.000022
392.000000 0.000022
393.000000 0.000022
394.000000 0.000022
395.000000 0.000023
396.000000 0.000023
397.000000 0.000023
398.000000 0.000024
399.000000 0.000024
400.000000 0.000024
401.000000 0.000024
402.000000 0.000025
403.000000 0.000025
404.000000 0.000025
405.000000 0.000026
406.000000 0.000026
407.000000 0.000026
408.000000 0.000026
409.000000 0.000027
410.000000 0.000027
411.000000 0.000027
412.000000 0.000028
413.000000 0.000028
414.000000 0.000028
415.000000 0.000029
416.000000 0.000029
417.000000 0.000029
418.000000 0.000029
419.000000 0.000030
420.000000 0.000030
421.000000 0.000030
422.000000 0.000031
423.000000 0.000031
424.000000 0.000031
425.000000 0.000032
426.000000 0.000032
427.000000 0.000032
428.000000 0.000033
429.000000 0.000033
430.000000 0.000034
431.000000 0.000034
432.000000 0.000034
433.000000 0.000035
434.000000 0.000035
435.000000 0.000035
436.000000 0.000036
437.000000 0.000036
438.000000 0.000036
439.000000 0.000037
440.000000 0.000037
441.000000 0.000037
442.000000 0.000038
443.000000 0.000038
444.000000 0.000039
445.000000 0.000039
446.000000 0.000039
447.000000 0.000040
448.000000 0.000040
449.000000 0.000041
450.000000 0.000041
451.000000 0.000041
452.000000 0.000042
453.000000 0.000042
454.000000 0.000043
455.000000 0.000043
456.000000 0.000043
457.000000 0.000044
458.000000 0.000044
459.000000 0.000045
460.000000 0.000045
461.000000 0.000045
462.000000 0.000046
463.000000 0.000046
464.000000 0.000047
465.000000 0.000047
466.000000 0.000048
467.000000 0.000048
468.000000 0.000048
469.000000 0.000049
470.000000 0.000049
471.000000 0.000050
472.000000 0.000050
473.000000 0.000051
474.000000 0.000051
475.000000 0.000052
476.000000 0.000052
477.000000 0.000053
478.000000 0.000053
479.000000 0.000053
480.000000 0.000054
481.000000 0.000054
482.000000 0.000055
483.000000 0.000055
484.000000 0.000056
485.000000 0.000056
486.000000 0.000057
487.000000 0.000057
488.000000 0.000058
489.000000 0.000058
490.000000 0.000059
491.000000 0.000059
492.000000 0.000060
493.000000 0.000060
494.000000 0.000061
495.000000 0.000061
496.000000 0.000062
497.000000 0.000062
498.000000 0.000063
499.000000 0.000063
500.000000 0.000064
501.000000 0.000064
502.000000 0.000065
503.000000 0.000065
504.000000 0.000066
505.000000 0.000066
506.000000 0.000067
507.000000 0.000067
508.000000 0.000068
509.000000 0.000069
510.000000 0.000069
511.000000 0.000070
512.000000 0.000070
513.000000 0.000071
514.000000 0.000071
515.000000 0.000072
516.000000 0.000072
517.000000 0.000073
518.000000 0.000073
519.000000 0.000074
520.000000 0.000075
521.000000 0.000075
522.000000 0.000076
523.000000 0.000076
524.000000 0.000077
525.000000 0.000077
526.000000 0.000078
527.000000 0.000079
528.000000 0.000079
529.000000 0.000080
530.000000 0.000080
531.000000 0.000081
532.000000 0.000082
533.000000 0.000082
534.000000 0.000083
535.000000 0.000083
536.000000 0.000084
537.000000 0.000085
538.000000 0.000085
539.000000 0.000086
540.000000 0.000086
541.000000 0.000087
542.000000 0.000088
543.000000 0.000088
544.000000 0.000089
545.000000 0.000090
546.000000 0.000090
547.000000 0.000091
548.000000 0.000091
549.000000 0.000092
550.000000 0.000093
551.000000 0.000093
552.000000 0.000094
553.000000 0.000095
554.000000 0.000095
555.000000 0.000096
556.000000 0.000097
557.000000 0.000097
558.000000 0.000098
559.000000 0.000098
560.000000 0.000099
561.000000 0.000100
562.000000 0.000100
563.000000 0.000101
564.000000 0.000102
565.000000 0.000102
566.000000 0.000103
567.000000 0.000104
568.000000 0.000104
569.000000 0.000105
570.000000 0.000106
571.000000 0.000107
572.000000 0.000107
573.000000 0.000108
574.000000 0.000109
575.000000 0.000109
576.000000 0.000110
577.000000 0.000111
578.000000 0.000111
579.000000 0.000112
580.000000 0.000113
581.000000 0.000113
582.000000 0.000114
583.000000 0.000115
584.000000 0.000116
585.000000 0.000116
586.000000 0.000117
587.000000 0.000118
588.000000 0.000118
589.000000 0.000119
590.000000 0.000120
591.000000 0.000121
592.000000 0.000121
593.000000 0.000122
594.000000 0.000123
595.000000 0.000123
596.000000 0.000124
597.000000 0.000125
598.000000 0.000126
599.000000 0.000126
600.000000 0.000127
601.000000 0.000128
602.000000 0.000129
603.000000 0.000129
604.000000 0.000130
605.000000 0.000131
606.000000 0.000132
607.000000 0.000132
608.000000 0.000133
609.000000 0.000134
610.000000 0.000135
611.000000 0.000135
612.000000 0.000136
613.000000 0.000137
614.000000 0.000138
615.000000 0.000138
616.000000 0.000139
617.000000 0.000140
618.000000 0.000141
619.000000 0.000142
620.000000 0.000142
621.000000 0.000143
622.000000 0.000144
623.000000 0.000145
624.000000 0.000145
625.000000 0.000146
626.000000 0.000147
627.000000 0.000148
628.000000 0.000149
629.000000 0.000149
630.000000 0.000150
631.000000 0.000151
632.000000 0.000152
633.000000 0.000153
634.000000 0.000153
635.000000 0.000154
636.000000 0.000155
637.000000 0.000156
638.000000 0.000157
639.000000 0.000157
640.000000 0.000158
641.000000 0.000159
642.000000 0.000160
643.000000 0.000161
644.000000 0.000162
645.000000 0.000162
646.000000 0.000163
647.000000 0.000164
648.000000 0.000165
649.000000 0.000166
650.000000 0.000166
651.000000 0.000167
652.000000 0.000168
653.000000 0.000169
654.000000 0.000170
655.000000 0.000171
656.000000 0.000171
657.000000 0.000172
658.000000 0.000173
659.000000 0.000174
660.000000 0.000175
661.000000 0.000176
662.000000 0.000177
663.000000 0.000177
664.000000 0.000178
665.000000 0.000179
666.000000 0.000180
667.000000 0.000181
668.000000 0.000182
669.000000 0.000182
670.000000 0.000183
671.000000 0.000184
672.000000 0.000185
673.000000 0.000186
674.000000 0.000187
675.000000 0.000188
676.000000 0.000189
677.000000 0.000189
678.000000 0.000190
679.000000 0.000191
680.000000 0.000192
681.000000 0.000193
682.000000 0.000194
683.000000 0.000195
684.000000 0.000196
685.000000 0.000196
686.000000 0.000197
687.000000 0.000198
688.000000 0.000199
689.000000 0.000200
690.000000 0.000201
691.000000 0.000202
692.000000 0.000203
693.000000 0.000203
694.000000 0.000204
695.000000 0.000205
696.000000 0.000206
697.000000 0.000207
698.000000 0.000208
699.000000 0.000209
700.000000 0.000210
701.000000 0.000211
702.000000 0.000212
703.000000 0.000212
704.000000 0.000213
705.000000 0.000214
706.000000 0.000215
707.000000 0.000216
708.000000 0.000217
709.000000 0.000218
710.000000 0.000219
711.000000 0.000220
712.000000 0.000221
713.000000 0.000222
714.000000 0.000222
715.000000 0.000223
716.000000 0.000224
717.000000 0.000225
718.000000 0.000226
719.000000 0.000227
720.000000 0.000228
721.000000 0.000229
722.000000 0.000230
723.000000 0.000231
724.000000 0.000232
725.000000 0.000233
726.000000 0.000233
727.000000 0.000234
728.000000 0.000235
729.000000 0.000236
730.000000 0.000237
731.000000 0.000238
732.000000 0.000239
733.000000 0.000240
734.000000 0.000241
735.000000 0.000242
736.000000 0.000243
737.000000 0.000244
738.000000 0.000245
739.000000 0.000246
740.000000 0.000247
741.000000 0.000248
742.000000 0.000248
743.000000 0.000249
744.000000 0.000250
745.000000 0.000251
746.000000 0.000252
747.000000 0.000253
748.000000 0.000254
749.000000 0.000255
750.000000 0.000256
751.000000 0.000257
752.000000 0.000258
753.000000 0.000259
754.000000 0.000260
755.000000 0.000261
756.000000 0.000262
757.000000 0.000263
758.000000 0.000264
759.000000 0.000265
760.000000 0.000266
761.000000 0.000267
762.000000 0.000268
763.000000 0.000268
764.000000 0.000269
765.000000 0.000270
766.000000 0.000271
767.000000 0.000272
768.000000 0.000273
769.000000 0.000274
770.000000 0.000275
771.000000 0.000276
772.000000 0.000277
773.000000 0.000278
774.000000 0.000279
775.000000 0.000280
776.000000 0.000281
777.000000 0.000282
778.000000 0.000283
779.000000 0.000284
780.000000 0.000285
781.000000 0.000286
782.000000 0.000287
783.000000 0.000288
784.000000 0.000289
785.000000 0.000290
786.000000 0.000291
787.000000 0.000292
788.000000 0.000293
789.000000 0.000294
790.000000 0.000295
791.000000 0.000296
792.000000 0.000297
793.000000 0.000298
794.000000 0.000299
795.000000 0.000300
796.000000 0.000301
797.000000 0.000302
798.000000 0.000303
799.000000 0.000304
800.000000 0.000305
801.000000 0.000306
802.000000 0.000307
803.000000 0.000308
804.000000 0.000309
805.000000 0.000310
806.000000 0.000311
807.000000 0.000312
808.000000 0.000313
809.000000 0.000314
810.000000 0.000315
811.000000 0.000316
812.000000 0.000317
813.000000 0.000318
814.000000 0.000319
815.000000 0.000320
816.000000 0.000321
817.000000 0.000322
818.000000 0.000323
819.000000 0.000324
820.000000 0.000325
821.000000 0.000326
822.000000 0.000327
823.000000 0.000328
824.000000 0.000329
825.000000 0.000330
826.000000 0.000331
827.000000 0.000332
828.000000 0.000333
829.000000 0.000334
830.000000 0.000335
831.000000 0.000336
832.000000 0.000337
833.000000 0.000338
834.000000 0.000339
835.000000 0.000340
836.000000 0.000341
837.000000 0.000342
838.000000 0.000343
839.000000 0.000344
840.000000 0.000345
841.000000 0.000346
842.000000 0.000347
843.000000 0.000348
844.000000 0.000349
845.000000 0.000350
846.000000 0.000351
847.000000 0.000352
848.000000 0.000353
849.000000 0.000354
850.000000 0.000355
851.000000 0.000356
852.000000 0.000357
853.000000 0.000358
854.000000 0.000359
855.000000 0.000361
856.000000 0.000362
857.000000 0.000363
858.000000 0.000364
859.000000 0.000365
860.000000 0.000366
861.000000 0.000367
862.000000 0.000368
863.000000 0.000369
864.000000 0.000370
865.000000 0.000371
866.000000 0.000372
867.000000 0.000373
868.000000 0.000374
869.000000 0.000375
870.000000 0.000376
871.000000 0.000377
872.000000 0.000378
873.000000 0.000379
874.000000 0.000380
875.000000 0.000381
876.000000 0.000382
877.000000 0.000383
878.000000 0.000384
879.000000 0.000385
880.000000 0.000386
881.000000 0.000387
882.000000 0.000389
883.000000 0.000390
884.000000 0.000391
885.000000 0.000392
886.000000 0.000393
887.000000 0.000394
888.000000 0.000395
889.000000 0.000396
890.000000 0.000397
891.000000 0.000398
892.000000 0.000399
893.000000 0.000400
894.000000 0.000401
895.000000 0.000402
896.000000 0.000403
897.000000 0.000404
898.000000 0.000405
899.000000 0.000406
900.000000 0.000407
901.000000 0.000408
902.000000 0.000409
903.000000 0.000411
904.000000 0.000412
905.000000 0.000413
906.000000 0.000414
907.000000 0.000415
908.000000 0.000416
909.000000 0.000417
910.000000 0.000418
911.000000 0.000419
912.000000 0.000420
913.000000 0.000421
914.000000 0.000422
915.000000 0.000423
916.000000 0.000424
917.000000 0.000425
918.000000 0.000426
919.000000 0.000427
920.000000 0.000428
921.000000 0.000429
922.000000 0.000430
923.000000 0.000432
924.000000 0.000433
925.000000 0.000434
926.000000 0.000435
927.000000 0.000436
928.000000 0.000437
929.000000 0.000438
930.000000 0.000439
931.000000 0.000440
932.000000 0.000441
933.000000 0.000442
934.000000 0.000443
935.000000 0.000444
936.000000 0.000445
937.000000 0.000446
938.000000 0.000447
939.000000 0.000448
940.000000 0.000449
941.000000 0.000451
942.000000 0.000452
943.000000 0.000453
944.000000 0.000454
945.000000 0.000455
946.000000 0.000456
947.000000 0.000457
948.000000 0.000458
949.000000 0.000459
950.000000 0.000460
951.000000 0.000461
952.000000 0.000462
953.000000 0.000463
954.000000 0.000464
955.000000 0.000465
956.000000 0.000466
957.000000 0.000467
958.000000 0.000468
959.000000 0.000470
960.000000 0.000471
961.000000 0.000472
962.000000 0.000473
963.000000 0.000474
964.000000 0.000475
965.000000 0.000476
966.000000 0.000477
967.000000 0.000478
968.000000 0.000479
969.000000 0.000480
970.000000 0.000481
971.000000 0.000482
972.000000 0.000483
973.000000 0.000484
974.000000 0.000485
975.000000 0.000486
976.000000 0.000487
977.000000 0.000489
978.000000 0.000490
979.000000 0.000491
980.000000 0.000492
981.000000 0.000493
982.000000 0.000494
983.000000 0.000495
984.000000 0.000496
985.000000 0.000497
986.000000 0.000498
987.000000 0.000499
988.000000 0.000500
989.000000 0.000501
990.000000 0.000502
991.000000 0.000503
992.000000 0.000504
993.000000 0.000505
994.000000 0.000506
995.000000 0.000507
996.000000 0.000509
997.000000 0.000510
998.000000 0.000511
999.000000 0.000512
1000.000000 0.000513
1001.000000 0.000514
1002.000000 0.000515
1003.000000 0.000516
1004.000000 0.000517
1005.000000 0.000518
1006.000000 0.000519
1007.000000 0.000520
1008.000000 0.000521
1009.000000 0.000522
1010.000000 0.000523
1011.000000 0.000524
1012.000000 0.000525
1013.000000 0.000526
1014.000000 0.000527
1015.000000 0.000528
1016.000000 0.000529
1017.000000 0.000530
1018.000000 0.000531
1019.000000 0.000533
1020.000000 0.000534
1021.000000 0.000535
1022.000000 0.000536
1023.000000 0.000537
1024.000000 0.000538
1025.000000 0.000539
1026.000000 0.000540
1027.000000 0.000541
1028.000000 0.000542
1029.000000 0.000543
1030.000000 0.000544
1031.000000 0.000545
1032.000000 0.000546
1033.000000 0.000547
1034.000000 0.000548
1035.000000 0.000549
1036.000000 0.000550
1037.000000 0.000551
1038.000000 0.000552
1039.000000 0.000553
1040.000000 0.000554
1041.000000 0.000555
1042.000000 0.000556
1043.000000 0.000557
1044.000000 0.000558
1045.000000 0.000559
1046.000000 0.000560
1047.000000 0.000561
1048.000000 0.000562
1049.000000 0.000563
1050.000000 0.000564
1051.000000 0.000565
1052.000000 0.000567
1053.000000 0.000568
1054.000000 0.000569
1055.000000 0.000570
1056.000000 0.000571
1057.000000 0.000572
1058.000000 0.000573
1059.000000 0.000574
1060.000000 0.000575
1061.000000 0.000576
1062.000000 0.000577
1063.000000 0.000578
1064.000000 0.000579
1065.000000 0.000580
1066.000000 0.000581
1067.000000 0.000582
1068.000000 0.000583
1069.000000 0.000584
1070.000000 0.000585
1071.000000 0.000586
1072.000000 0.000587
1073.000000 0.000588
1074.000000 0.000589
1075.000000 0.000590
1076.000000 0.000591
1077.000000 0.000592
1078.000000 0.000593
1079.000000 0.000594
1080.000000 0.000595
1081.000000 0.000596
1082.000000 0.000597
1083.000000 0.000598
1084.000000 0.000599
1085.000000 0.000600
1086.000000 0.000601
1087.000000 0.000602
1088.000000 0.000603
1089.000000 0.000604
1090.000000 0.000605
1091.000000 0.000606
1092.000000 0.000607
1093.000000 0.000608
1094.000000 0.000609
1095.000000 0.000610
1096.000000 0.000611
1097.000000 0.000612
1098.000000 0.000612
1099.000000 0.000613
1100.000000 0.000614
1101.000000 0.000615
1102.000000 0.000616
1103.000000 0.000617
1104.000000 0.000618
1105.000000 0.000619
1106.000000 0.000620
1107.000000 0.000621
1108.000000 0.000622
1109.000000 0.000623
1110.000000 0.000624
1111.000000 0.000625
1112.000000 0.000626
1113.000000 0.000627
1114.000000 0.000628
1115.000000 0.000629
1116.000000 0.000630
1117.000000 0.000631
1118.000000 0.000632
1119.000000 0.000633
1120.000000 0.000634
1121.000000 0.000635
1122.000000 0.000636
1123.000000 0.000637
1124.000000 0.000638
1125.000000 0.000638
1126.000000 0.000639
1127.000000 0.000640
1128.000000 0.000641
1129.000000 0.000642
1130.000000 0.000643
1131.000000 0.000644
1132.000000 0.000645
1133.000000 0.000646
1134.000000 0.000647
1135.000000 0.000648
1136.000000 0.000649
1137.000000 0.000650
1138.000000 0.000651
1139.000000 0.000652
1140.000000 0.000652
1141.000000 0.000653
1142.000000 0.000654
1143.000000 0.000655
1144.000000 0.000656
1145.000000 0.000657
1146.000000 0.000658
1147.000000 0.000659
1148.000000 0.000660
1149.000000 0.000661
1150.000000 0.000662
1151.000000 0.000663
1152.000000 0.000663
1153.000000 0.000664
1154.000000 0.000665
1155.000000 0.000666
1156.000000 0.000667
1157.000000 0.000668
1158.000000 0.000669
1159.000000 0.000670
1160.000000 0.000671
1161.000000 0.000672
1162.000000 0.000672
1163.000000 0.000673
1164.000000 0.000674
1165.000000 0.000675
1166.000000 0.000676
1167.000000 0.000677
1168.000000 0.000678
1169.000000 0.000679
1170.000000 0.000680
1171.000000 0.000680
1172.000000 0.000681
1173.000000 0.000682
1174.000000 0.000683
1175.000000 0.000684
1176.000000 0.000685
1177.000000 0.000686
1178.000000 0.000687
1179.000000 0.000687
1180.000000 0.000688
1181.000000 0.000689
1182.000000 0.000690
1183.000000 0.000691
1184.000000 0.000692
1185.000000 0.000693
1186.000000 0.000693
1187.000000 0.000694
1188.000000 0.000695
1189.000000 0.000696
1190.000000 0.000697
1191.000000 0.000698
1192.000000 0.000698
1193.000000 0.000699
1194.000000 0.000700
1195.000000 0.000701
1196.000000 0.000702
1197.000000 0.000703
1198.000000 0.000703
1199.000000 0.000704
1200.000000 0.000705
1201.000000 0.000706
1202.000000 0.000707
1203.000000 0.000708
1204.000000 0.000708
1205.000000 0.000709
1206.000000 0.000710
1207.000000 0.000711
1208.000000 0.000712
1209.000000 0.000712
1210.000000 0.000713
1211.000000 0.000714
1212.000000 0.000715
1213.000000 0.000716
1214.000000 0.000716
1215.000000 0.000717
1216.000000 0.000718
1217.000000 0.000719
1218.000000 0.000720
1219.000000 0.000720
1220.000000 0.000721
1221.000000 0.000722
1222.000000 0.000723
1223.000000 0.000724
1224.000000 0.000724
1225.000000 0.000725
1226.000000 0.000726
1227.000000 0.000727
1228.000000 0.000727
1229.000000 0.000728
1230.000000 0.000729
1231.000000 0.000730
1232.000000 0.000731
1233.000000 0.000731
1234.000000 0.000732
1235.000000 0.000733
1236.000000 0.000734
1237.000000 0.000734
1238.000000 0.000735
1239.000000 0.000736
1240.000000 0.000737
1241.000000 0.000737
1242.000000 0.000738
1243.000000 0.000739
1244.000000 0.000740
1245.000000 0.000740
1246.000000 0.000741
1247.000000 0.000742
1248.000000 0.000742
1249.000000 0.000743
1250.000000 0.000744
1251.000000 0.000745
1252.000000 0.000745
1253.000000 0.000746
1254.000000 0.000747
1255.000000 0.000747
1256.000000 0.000748
1257.000000 0.000749
1258.000000 0.000750
1259.000000 0.000750
1260.000000 0.000751
1261.000000 0.000752
1262.000000 0.000752
1263.000000 0.000753
1264.000000 0.000754
1265.000000 0.000754
1266.000000 0.000755
1267.000000 0.000756
1268.000000 0.000757
1269.000000 0.000757
1270.000000 0.000758
1271.000000 0.000759
1272.000000 0.000759
1273.000000 0.000760
1274.000000 0.000761
1275.000000 0.000761
1276.000000 0.000762
1277.000000 0.000763
1278.000000 0.000763
1279.000000 0.000764
1280.000000 0.000765
1281.000000 0.000765
1282.000000 0.000766
1283.000000 0.000766
1284.000000 0.000767
1285.000000 0.000768
1286.000000 0.000768
1287.000000 0.000769
1288.000000 0.000770
1289.000000 0.000770
1290.000000 0.000771
1291.000000 0.000772
1292.000000 0.000772
1293.000000 0.000773
1294.000000 0.000773
1295.000000 0.000774
1296.000000 0.000775
1297.000000 0.000775
1298.000000 0.000776
1299.000000 0.000776
1300.000000 0.000777
1301.000000 0.000778
1302.000000 0.000778
1303.000000 0.000779
1304.000000 0.000779
1305.000000 0.000780
1306.000000 0.000781
1307.000000 0.000781
1308.000000 0.000782
1309.000000 0.000782
1310.000000 0.000783
1311.000000 0.000784
1312.000000 0.000784
1313.000000 0.000785
1314.000000 0.000785
1315.000000 0.000786
1316.000000 0.000786
1317.000000 0.000787
1318.000000 0.000787
1319.000000 0.000788
1320.000000 0.000789
1321.000000 0.000789
1322.000000 0.000790
1323.000000 0.000790
1324.000000 0.000791
1325.000000 0.000791
1326.000000 0.000792
1327.000000 0.000792
1328.000000 0.000793
1329.000000 0.000793
1330.000000 0.000794
1331.000000 0.000794
1332.000000 0.000795
1333.000000 0.000795
1334.000000 0.000796
1335.000000 0.000796
1336.000000 0.000797
1337.000000 0.000797
1338.000000 0.000798
1339.000000 0.000798
1340.000000 0.000799
1341.000000 0.000799
1342.000000 0.000800
1343.000000 0.000800
1344.000000 0.000801
1345.000000 0.000801
1346.000000 0.000802
1347.000000 0.000802
1348.000000 0.000803
1349.000000 0.000803
1350.000000 0.000804
1351.000000 0.000804
1352.000000 0.000805
1353.000000 0.000805
1354.000000 0.000806
1355.000000 0.000806
1356.000000 0.000807
1357.000000 0.000807
1358.000000 0.000807
1359.000000 0.000808
1360.000000 0.000808
1361.000000 0.000809
1362.000000 0.000809
1363.000000 0.000810
1364.000000 0.000810
1365.000000 0.000810
1366.000000 0.000811
1367.000000 0.000811
1368.000000 0.000812
1369.000000 0.000812
1370.000000 0.000813
1371.000000 0.000813
1372.000000 0.000813
1373.000000 0.000814
1374.000000 0.000814
1375.000000 0.000815
1376.000000 0.000815
1377.000000 0.000815
1378.000000 0.000816
1379.000000 0.000816
1380.000000 0.000816
1381.000000 0.000817
1382.000000 0.000817
1383.000000 0.000818
1384.000000 0.000818
1385.000000 0.000818
1386.000000 0.000819
1387.000000 0.000819
1388.000000 0.000819
1389.000000 0.000820
1390.000000 0.000820
1391.000000 0.000820
1392.000000 0.000821
1393.000000 0.000821
1394.000000 0.000821
1395.000000 0.000822
1396.000000 0.000822
1397.000000 0.000822
1398.000000 0.000823
1399.000000 0.000823
1400.000000 0.000823
1401.000000 0.000824
1402.000000 0.000824
1403.000000 0.000824
1404.000000 0.000825
1405.000000 0.000825
1406.000000 0.000825
1407.000000 0.000826
1408.000000 0.000826
1409.000000 0.000826
1410.000000 0.000826
1411.000000 0.000827
1412.000000 0.000827
1413.000000 0.000827
1414.000000 0.000828
1415.000000 0.000828
1416.000000 0.000828
1417.000000 0.000828
1418.000000 0.000829
1419.000000 0.000829
1420.000000 0.000829
1421.000000 0.000829
1422.000000 0.000830
1423.000000 0.000830
1424.000000 0.000830
1425.000000 0.000830
1426.000000 0.000831
1427.000000 0.000831
1428.000000 0.000831
1429.000000 0.000831
1430.000000 0.000832
1431.000000 0.000832
1432.000000 0.000832
1433.000000 0.000832
1434.000000 0.000832
1435.000000 0.000833
1436.000000 0.000833
1437.000000 0.000833
1438.000000 0.000833
1439.000000 0.000833
1440.000000 0.000834
1441.000000 0.000834
1442.000000 0.000834
1443.000000 0.000834
1444.000000 0.000834
1445.000000 0.000835
1446.000000 0.000835
1447.000000 0.000835
1448.000000 0.000835
1449.000000 0.000835
1450.000000 0.000835
1451.000000 0.000836
1452.000000 0.000836
1453.000000 0.000836
1454.000000 0.000836
1455.000000 0.000836
1456.000000 0.000836
1457.000000 0.000837
1458.000000 0.000837
1459.000000 0.000837
1460.000000 0.000837
1461.000000 0.000837
1462.000000 0.000837
1463.000000 0.000837
1464.000000 0.000837
1465.000000 0.000838
1466.000000 0.000838
1467.000000 0.000838
1468.000000 0.000838
1469.000000 0.000838
1470.000000 0.000838
1471.000000 0.000838
1472.000000 0.000838
1473.000000 0.000838
1474.000000 0.000838
1475.000000 0.000839
1476.000000 0.000839
1477.000000 0.000839
1478.000000 0.000839
1479.000000 0.000839
1480.000000 0.000839
1481.000000 0.000839
1482.000000 0.000839
1483.000000 0.000839
1484.000000 0.000839
1485.000000 0.000839
1486.000000 0.000839
1487.000000 0.000839
1488.000000 0.000839
1489.000000 0.000839
1490.000000 0.000839
1491.000000 0.000839
1492.000000 0.000839
1493.000000 0.000839
1494.000000 0.000839
1495.000000 0.000840
1496.000000 0.000840
1497.000000 0.000840
1498.000000 0.000840
1499.000000 0.000840
1500.000000 0.000840
1501.000000 0.000840
1502.000000 0.000840
1503.000000 0.000840
1504.000000 0.000840
1505.000000 0.000840
1506.000000 0.000840
1507.000000 0.000839
1508.000000 0.000839
1509.000000 0.000839
1510.000000 0.000839
1511.000000 0.000839
1512.000000 0.000839
1513.000000 0.000839
1514.000000 0.000839
1515.000000 0.000839
1516.000000 0.000839
1517.000000 0.000839
1518.000000 0.000839
1519.000000 0.000839
1520.000000 0.000839
1521.000000 0.000839
1522.000000 0.000839
1523.000000 0.000839
1524.000000 0.000839
1525.000000 0.000839
1526.000000 0.000839
1527.000000 0.000838
1528.000000 0.000838
1529.000000 0.000838
1530.000000 0.000838
1531.000000 0.000838
1532.000000 0.000838
1533.000000 0.000838
1534.000000 0.000838
1535.000000 0.000838
1536.000000 0.000838
1537.000000 0.000837
1538.000000 0.000837
1539.000000 0.000837
1540.000000 0.000837
1541.000000 0.000837
1542.000000 0.000837
1543.000000 0.000837
1544.000000 0.000837
1545.000000 0.000836
1546.000000 0.000836
1547.000000 0.000836
1548.000000 0.000836
1549.000000 0.000836
1550.000000 0.000836
1551.000000 0.000835
1552.000000 0.000835
1553.000000 0.000835
1554.000000 0.000835
1555.000000 0.000835
1556.000000 0.000835
1557.000000 0.000834
1558.000000 0.000834
1559.000000 0.000834
1560.000000 0.000834
1561.000000 0.000834
1562.000000 0.000833
1563.000000 0.000833
1564.000000 0.000833
1565.000000 0.000833
1566.000000 0.000833
1567.000000 0.000832
1568.000000 0.000832
1569.000000 0.000832
1570.000000 0.000832
1571.000000 0.000832
1572.000000 0.000831
1573.000000 0.000831
1574.000000 0.000831
1575.000000 0.000831
1576.000000 0.000830
1577.000000 0.000830
1578.000000 0.000830
1579.000000 0.000830
1580.000000 0.000829
1581.000000 0.000829
1582.000000 0.000829
1583.000000 0.000829
1584.000000 0.000828
1585.000000 0.000828
1586.000000 0.000828
1587.000000 0.000828
1588.000000 0.000827
1589.000000 0.000827
1590.000000 0.000827
1591.000000 0.000826
1592.000000 0.000826
1593.000000 0.000826
1594.000000 0.000826
1595.000000 0.000825
1596.000000 0.000825
1597.000000 0.000825
1598.000000 0.000824
1599.000000 0.000824
1600.000000 0.000824
1601.000000 0.000823
1602.000000 0.000823
1603.000000 0.000823
1604.000000 0.000822
1605.000000 0.000822
1606.000000 0.000822
1607.000000 0.000821
1608.000000 0.000821
1609.000000 0.000821
1610.000000 0.000820
1611.000000 0.000820
1612.000000 0.000820
1613.000000 0.000819
1614.000000 0.000819
1615.000000 0.000819
1616.000000 0.000818
1617.000000 0.000818
1618.000000 0.000818
1619.000000 0.000817
1620.000000 0.000817
1621.000000 0.000816
1622.000000 0.000816
1623.000000 0.000816
1624.000000 0.000815
1625.000000 0.000815
1626.000000 0.000815
1627.000000 0.000814
1628.000000 0.000814
1629.000000 0.000813
1630.000000 0.000813
1631.000000 0.000813
1632.000000 0.000812
1633.000000 0.000812
1634.000000 0.000811
1635.000000 0.000811
1636.000000 0.000810
1637.000000 0.000810
1638.000000 0.000810
1639.000000 0.000809
1640.000000 0.000809
1641.000000 0.000808
1642.000000 0.000808
1643.000000 0.000807
1644.000000 0.000807
1645.000000 0.000807
1646.000000 0.000806
1647.000000 0.000806
1648.000000 0.000805
1649.000000 0.000805
1650.000000 0.000804
1651.000000 0.000804
1652.000000 0.000803
1653.000000 0.000803
1654.000000 0.000802
1655.000000 0.000802
1656.000000 0.000801
1657.000000 0.000801
1658.000000 0.000800
1659.000000 0.000800
1660.000000 0.000799
1661.000000 0.000799
1662.000000 0.000798
1663.000000 0.000798
1664.000000 0.000797
1665.000000 0.000797
1666.000000 0.000796
1667.000000 0.000796
1668.000000 0.000795
1669.000000 0.000795
1670.000000 0.000794
1671.000000 0.000794
1672.000000 0.000793
1673.000000 0.000793
1674.000000 0.000792
1675.000000 0.000792
1676.000000 0.000791
1677.000000 0.000791
1678.000000 0.000790
1679.000000 0.000790
1680.000000 0.000789
1681.000000 0.000789
1682.000000 0.000788
1683.000000 0.000787
1684.000000 0.000787
1685.000000 0.000786
1686.000000 0.000786
1687.000000 0.000785
1688.000000 0.000785
1689.000000 0.000784
1690.000000 0.000784
1691.000000 0.000783
1692.000000 0.000782
1693.000000 0.000782
1694.000000 0.000781
1695.000000 0.000781
1696.000000 0.000780
1697.000000 0.000779
1698.000000 0.000779
1699.000000 0.000778
1700.000000 0.000778
1701.000000 0.000777
1702.000000 0.000776
1703.000000 0.000776
1704.000000 0.000775
1705.000000 0.000775
1706.000000 0.000774
1707.000000 0.000773
1708.000000 0.000773
1709.000000 0.000772
1710.000000 0.000772
1711.000000 0.000771
1712.000000 0.000770
1713.000000 0.000770
1714.000000 0.000769
1715.000000 0.000768
1716.000000 0.000768
1717.000000 0.000767
1718.000000 0.000766
1719.000000 0.000766
1720.000000 0.000765
1721.000000 0.000765
1722.000000 0.000764
1723.000000 0.000763
1724.000000 0.000763
1725.000000 0.000762
1726.000000 0.000761
1727.000000 0.000761
1728.000000 0.000760
1729.000000 0.000759
1730.000000 0.000759
1731.000000 0.000758
1732.000000 0.000757
1733.000000 0.000757
1734.000000 0.000756
1735.000000 0.000755
1736.000000 0.000754
1737.000000 0.000754
1738.000000 0.000753
1739.000000 0.000752
1740.000000 0.000752
1741.000000 0.000751
1742.000000 0.000750
1743.000000 0.000750
1744.000000 0.000749
1745.000000 0.000748
1746.000000 0.000747
1747.000000 0.000747
1748.000000 0.000746
1749.000000 0.000745
1750.000000 0.000745
1751.000000 0.000744
1752.000000 0.000743
1753.000000 0.000742
1754.000000 0.000742
1755.000000 0.000741
1756.000000 0.000740
1757.000000 0.000740
1758.000000 0.000739
1759.000000 0.000738
1760.000000 0.000737
1761.000000 0.000737
1762.000000 0.000736
1763.000000 0.000735
1764.000000 0.000734
1765.000000 0.000734
1766.000000 0.000733
1767.000000 0.000732
1768.000000 0.000731
1769.000000 0.000731
1770.000000 0.000730
1771.000000 0.000729
1772.000000 0.000728
1773.000000 0.000727
1774.000000 0.000727
1775.000000 0.000726
1776.000000 0.000725
1777.000000 0.000724
1778.000000 0.000724
1779.000000 0.000723
1780.000000 0.000722
1781.000000 0.000721
1782.000000 0.000720
1783.000000 0.000720
1784.000000 0.000719
1785.000000 0.000718
1786.000000 0.000717
1787.000000 0.000716
1788.000000 0.000716
1789.000000 0.000715
1790.000000 0.000714
1791.000000 0.000713
1792.000000 0.000712
1793.000000 0.000712
1794.000000 0.000711
1795.000000 0.000710
1796.000000 0.000709
1797.000000 0.000708
1798.000000 0.000708
1799.000000 0.000707
1800.000000 0.000706
1801.000000 0.000705
1802.000000 0.000704
1803.000000 0.000703
1804.000000 0.000703
1805.000000 0.000702
1806.000000 0.000701
1807.000000 0.000700
1808.000000 0.000699
1809.000000 0.000698
1810.000000 0.000698
1811.000000 0.000697
1812.000000 0.000696
1813.000000 0.000695
1814.000000 0.000694
1815.000000 0.000693
1816.000000 0.000693
1817.000000 0.000692
1818.000000 0.000691
1819.000000 0.000690
1820.000000 0.000689
1821.000000 0.000688
1822.000000 0.000687
1823.000000 0.000687
1824.000000 0.000686
1825.000000 0.000685
1826.000000 0.000684
1827.000000 0.000683
1828.000000 0.000682
1829.000000 0.000681
1830.000000 0.000680
1831.000000 0.000680
1832.000000 0.000679
1833.000000 0.000678
1834.000000 0.000677
1835.000000 0.000676
1836.000000 0.000675
1837.000000 0.000674
1838.000000 0.000673
1839.000000 0.000672
1840.000000 0.000672
1841.000000 0.000671
1842.000000 0.000670
1843.000000 0.000669
1844.000000 0.000668
1845.000000 0.000667
1846.000000 0.000666
1847.000000 0.000665
1848.000000 0.000664
1849.000000 0.000663
1850.000000 0.000663
1851.000000 0.000662
1852.000000 0.000661
1853.000000 0.000660
1854.000000 0.000659
1855.000000 0.000658
1856.000000 0.000657
1857.000000 0.000656
1858.000000 0.000655
1859.000000 0.000654
1860.000000 0.000653
1861.000000 0.000652
1862.000000 0.000652
1863.000000 0.000651
1864.000000 0.000650
1865.000000 0.000649
1866.000000 0.000648
1867.000000 0.000647
1868.000000 0.000646
1869.000000 0.000645
1870.000000 0.000644
1871.000000 0.000643
1872.000000 0.000642
1873.000000 0.000641
1874.000000 0.000640
1875.000000 0.000639
1876.000000 0.000638
1877.000000 0.000638
1878.000000 0.000637
1879.000000 0.000636
1880.000000 0.000635
1881.000000 0.000634
1882.000000 0.000633
1883.000000 0.000632
1884.000000 0.000631
1885.000000 0.000630
1886.000000 0.000629
1887.000000 0.000628
1888.000000 0.000627
1889.000000 0.000626
1890.000000 0.000625
1891.000000 0.000624
1892.000000 0.000623
1893.000000 0.000622
1894.000000 0.000621
1895.000000 0.000620
1896.000000 0.000619
1897.000000 0.000618
1898.000000 0.000617
1899.000000 0.000616
1900.000000 0.000615
1901.000000 0.000614
1902.000000 0.000613
1903.000000 0.000612
1904.000000 0.000612
1905.000000 0.000611
1906.000000 0.000610
1907.000000 0.000609
1908.000000 0.000608
1909.000000 0.000607
1910.000000 0.000606
1911.000000 0.000605
1912.000000 0.000604
1913.000000 0.000603
1914.000000 0.000602
1915.000000 0.000601
1916.000000 0.000600
1917.000000 0.000599
1918.000000 0.000598
1919.000000 0.000597
1920.000000 0.000596
1921.000000 0.000595
1922.000000 0.000594
1923.000000 0.000593
1924.000000 0.000592
1925.000000 0.000591
1926.000000 0.000590
1927.000000 0.000589
1928.000000 0.000588
1929.000000 0.000587
1930.000000 0.000586
1931.000000 0.000585
1932.000000 0.000584
1933.000000 0.000583
1934.000000 0.000582
1935.000000 0.000581
1936.000000 0.000580
1937.000000 0.000579
1938.000000 0.000578
1939.000000 0.000577
1940.000000 0.000576
1941.000000 0.000575
1942.000000 0.000574
1943.000000 0.000573
1944.000000 0.000572
1945.000000 0.000571
1946.000000 0.000570
1947.000000 0.000569
1948.000000 0.000568
1949.000000 0.000567
1950.000000 0.000565
1951.000000 0.000564
1952.000000 0.000563
1953.000000 0.000562
1954.000000 0.000561
1955.000000 0.000560
1956.000000 0.000559
1957.000000 0.000558
1958.000000 0.000557
1959.000000 0.000556
1960.000000 0.000555
1961.000000 0.000554
1962.000000 0.000553
1963.000000 0.000552
1964.000000 0.000551
1965.000000 0.000550
1966.000000 0.000549
1967.000000 0.000548
1968.000000 0.000547
1969.000000 0.000546
1970.000000 0.000545
1971.000000 0.000544
1972.000000 0.000543
1973.000000 0.000542
1974.000000 0.000541
1975.000000 0.000540
1976.000000 0.000539
1977.000000 0.000538
1978.000000 0.000537
1979.000000 0.000536
1980.000000 0.000535
1981.000000 0.000534
1982.000000 0.000533
1983.000000 0.000531
1984.000000 0.000530
1985.000000 0.000529
1986.000000 0.000528
1987.000000 0.000527
1988.000000 0.000526
1989.000000 0.000525
1990.000000 0.000524
1991.000000 0.000523
1992.000000 0.000522
1993.000000 0.000521
1994.000000 0.000520
1995.000000 0.000519
1996.000000 0.000518
1997.000000 0.000517
1998.000000 0.000516
1999.000000 0.000515
2000.000000 0.000514
2001.000000 0.000513
2002.000000 0.000512
2003.000000 0.000511
2004.000000 0.000510
2005.000000 0.000509
2006.000000 0.000507
2007.000000 0.000506
2008.000000 0.000505
2009.000000 0.000504
2010.000000 0.000503
2011.000000 0.000502
2012.000000 0.000501
2013.000000 0.000500
2014.000000 0.000499
2015.000000 0.000498
2016.000000 0.000497
2017.000000 0.000496
2018.000000 0.000495
2019.000000 0.000494
2020.000000 0.000493
2021.000000 0.000492
2022.000000 0.000491
2023.000000 0.000490
2024.000000 0.000489
2025.000000 0.000487
2026.000000 0.000486
2027.000000 0.000485
2028.000000 0.000484
2029.000000 0.000483
2030.000000 0.000482
2031.000000 0.000481
2032.000000 0.000480
2033.000000 0.000479
2034.000000 0.000478
2035.000000 0.000477
2036.000000 0.000476
2037.000000 0.000475
2038.000000 0.000474
2039.000000 0.000473
2040.000000 0.000472
2041.000000 0.000471
2042.000000 0.000470
2043.000000 0.000468
2044.000000 0.000467
2045.000000 0.000466
2046.000000 0.000465
2047.000000 0.000464
2048.000000 0.000463
2049.000000 0.000462
2050.000000 0.000461
2051.000000 0.000460
2052.000000 0.000459
2053.000000 0.000458
2054.000000 0.000457
2055.000000 0.000456
2056.000000 0.000455
2057.000000 0.000454
2058.000000 0.000453
2059.000000 0.000452
2060.000000 0.000451
2061.000000 0.000449
2062.000000 0.000448
2063.000000 0.000447
2064.000000 0.000446
2065.000000 0.000445
2066.000000 0.000444
2067.000000 0.000443
2068.000000 0.000442
2069.000000 0.000441
2070.000000 0.000440
2071.000000 0.000439
2072.000000 0.000438
2073.000000 0.000437
2074.000000 0.000436
2075.000000 0.000435
2076.000000 0.000434
2077.000000 0.000433
2078.000000 0.000432
2079.000000 0.000430
2080.000000 0.000429
2081.000000 0.000428
2082.000000 0.000427
2083.000000 0.000426
2084.000000 0.000425
2085.000000 0.000424
2086.000000 0.000423
2087.000000 0.000422
2088.000000 0.000421
2089.000000 0.000420
2090.000000 0.000419
2091.000000 0.000418
2092.000000 0.000417
2093.000000 0.000416
2094.000000 0.000415
2095.000000 0.000414
2096.000000 0.000413
2097.000000 0.000412
2098.000000 0.000411
2099.000000 0.000409
2100.000000 0.000408
2101.000000 0.000407
2102.000000 0.000406
2103.000000 0.000405
2104.000000 0.000404
2105.000000 0.000403
2106.000000 0.000402
2107.000000 0.000401
2108.000000 0.000400
2109.000000 0.000399
2110.000000 0.000398
2111.000000 0.000397
2112.000000 0.000396
2113.000000 0.000395
2114.000000 0.000394
2115.000000 0.000393
2116.000000 0.000392
2117.000000 0.000391
2118.000000 0.000390
2119.000000 0.000389
2120.000000 0.000387
2121.000000 0.000386
2122.000000 0.000385
2123.000000 0.000384
2124.000000 0.000383
2125.000000 0.000382
2126.000000 0.000381
2127.000000 0.000380
2128.000000 0.000379
2129.000000 0.000378
2130.000000 0.000377
2131.000000 0.000376
2132.000000 0.000375
2133.000000 0.000374
2134.000000 0.000373
2135.000000 0.000372
2136.000000 0.000371
2137.000000 0.000370
2138.000000 0.000369
2139.000000 0.000368
2140.000000 0.000367
2141.000000 0.000366
2142.000000 0.000365
2143.000000 0.000364
2144.000000 0.000363
2145.000000 0.000362
2146.000000 0.000361
2147.000000 0.000359
2148.000000 0.000358
2149.000000 0.000357
2150.000000 0.000356
2151.000000 0.000355
2152.000000 0.000354
2153.000000 0.000353
2154.000000 0.000352
2155.000000 0.000351
2156.000000 0.000350
2157.000000 0.000349
2158.000000 0.000348
2159.000000 0.000347
2160.000000 0.000346
2161.000000 0.000345
2162.000000 0.000344
2163.000000 0.000343
2164.000000 0.000342
2165.000000 0.000341
2166.000000 0.000340
2167.000000 0.000339
2168.000000 0.000338
2169.000000 0.000337
2170.000000 0.000336
2171.000000 0.000335
2172.000000 0.000334
2173.000000 0.000333
2174.000000 0.000332
2175.000000 0.000331
2176.000000 0.000330
2177.000000 0.000329
2178.000000 0.000328
2179.000000 0.000327
2180.000000 0.000326
2181.000000 0.000325
2182.000000 0.000324
2183.000000 0.000323
2184.000000 0.000322
2185.000000 0.000321
2186.000000 0.000320
2187.000000 0.000319
2188.000000 0.000318
2189.000000 0.000317
2190.000000 0.000316
2191.000000 0.000315
2192.000000 0.000314
2193.000000 0.000313
2194.000000 0.000312
2195.000000 0.000311
2196.000000 0.000310
2197.000000 0.000309
2198.000000 0.000308
2199.000000 0.000307
2200.000000 0.000306
2201.000000 0.000305
2202.000000 0.000304
2203.000000 0.000303
2204.000000 0.000302
2205.000000 0.000301
2206.000000 0.000300
2207.000000 0.000299
2208.000000 0.000298
2209.000000 0.000297
2210.000000 0.000296
2211.000000 0.000295
2212.000000 0.000294
2213.000000 0.000293
2214.000000 0.000292
2215.000000 0.000291
2216.000000 0.000290
2217.000000 0.000289
2218.000000 0.000288
2219.000000 0.000287
2220.000000 0.000286
2221.000000 0.000285
2222.000000 0.000284
2223.000000 0.000283
2224.000000 0.000282
2225.000000 0.000281
2226.000000 0.000280
2227.000000 0.000279
2228.000000 0.000278
2229.000000 0.000277
2230.000000 0.000276
2231.000000 0.000275
2232.000000 0.000274
2233.000000 0.000273
2234.000000 0.000272
2235.000000 0.000271
2236.000000 0.000270
2237.000000 0.000269
2238.000000 0.000268
2239.000000 0.000268
2240.000000 0.000267
2241.000000 0.000266
2242.000000 0.000265
2243.000000 0.000264
2244.000000 0.000263
2245.000000 0.000262
2246.000000 0.000261
2247.000000 0.000260
2248.000000 0.000259
2249.000000 0.000258
2250.000000 0.000257
2251.000000 0.000256
2252.000000 0.000255
2253.000000 0.000254
2254.000000 0.000253
2255.000000 0.000252
2256.000000 0.000251
2257.000000 0.000250
2258.000000 0.000249
2259.000000 0.000248
2260.000000 0.000248
2261.000000 0.000247
2262.000000 0.000246
2263.000000 0.000245
2264.000000 0.000244
2265.000000 0.000243
2266.000000 0.000242
2267.000000 0.000241
2268.000000 0.000240
2269.000000 0.000239
2270.000000 0.000238
2271.000000 0.000237
2272.000000 0.000236
2273.000000 0.000235
2274.000000 0.000234
2275.000000 0.000233
2276.000000 0.000233
2277.000000 0.000232
2278.000000 0.000231
2279.000000 0.000230
2280.000000 0.000229
2281.000000 0.000228
2282.000000 0.000227
2283.000000 0.000226
2284.000000 0.000225
2285.000000 0.000224
2286.000000 0.000223
2287.000000 0.000222
2288.000000 0.000222
2289.000000 0.000221
2290.000000 0.000220
2291.000000 0.000219
2292.000000 0.000218
2293.000000 0.000217
2294.000000 0.000216
2295.000000 0.000215
2296.000000 0.000214
2297.000000 0.000213
2298.000000 0.000212
2299.000000 0.000212
2300.000000 0.000211
2301.000000 0.000210
2302.000000 0.000209
2303.000000 0.000208
2304.000000 0.000207
2305.000000 0.000206
2306.000000 0.000205
2307.000000 0.000204
2308.000000 0.000203
2309.000000 0.000203
2310.000000 0.000202
2311.000000 0.000201
2312.000000 0.000200
2313.000000 0.000199
2314.000000 0.000198
2315.000000 0.000197
2316.000000 0.000196
2317.000000 0.000196
2318.000000 0.000195
2319.000000 0.000194
2320.000000 0.000193
2321.000000 0.000192
2322.000000 0.000191
2323.000000 0.000190
2324.000000 0.000189
2325.000000 0.000189
2326.000000 0.000188
2327.000000 0.000187
2328.000000 0.000186
2329.000000 0.000185
2330.000000 0.000184
2331.000000 0.000183
2332.000000 0.000182
2333.000000 0.000182
2334.000000 0.000181
2335.000000 0.000180
2336.000000 0.000179
2337.000000 0.000178
2338.000000 0.000177
2339.000000 0.000177
2340.000000 0.000176
2341.000000 0.000175
2342.000000 0.000174
2343.000000 0.000173
2344.000000 0.000172
2345.000000 0.000171
2346.000000 0.000171
2347.000000 0.000170
2348.000000 0.000169
2349.000000 0.000168
2350.000000 0.000167
2351.000000 0.000166
2352.000000 0.000166
2353.000000 0.000165
2354.000000 0.000164
2355.000000 0.000163
2356.000000 0.000162
2357.000000 0.000162
2358.000000 0.000161
2359.000000 0.000160
2360.000000 0.000159
2361.000000 0.000158
2362.000000 0.000157
2363.000000 0.000157
2364.000000 0.000156
2365.000000 0.000155
2366.000000 0.000154
2367.000000 0.000153
2368.000000 0.000153
2369.000000 0.000152
2370.000000 0.000151
2371.000000 0.000150
2372.000000 0.000149
2373.000000 0.000149
2374.000000 0.000148
2375.000000 0.000147
2376.000000 0.000146
2377.000000 0.000145
2378.000000 0.000145
2379.000000 0.000144
2380.000000 0.000143
2381.000000 0.000142
2382.000000 0.000142
2383.000000 0.000141
2384.000000 0.000140
2385.000000 0.000139
2386.000000 0.000138
2387.000000 0.000138
2388.000000 0.000137
2389.000000 0.000136
2390.000000 0.000135
2391.000000 0.000135
2392.000000 0.000134
2393.000000 0.000133
2394.000000 0.000132
2395.000000 0.000132
2396.000000 0.000131
2397.000000 0.000130
2398.000000 0.000129
2399.000000 0.000129
2400.000000 0.000128
2401.000000 0.000127
2402.000000 0.000126
2403.000000 0.000126
2404.000000 0.000125
2405.000000 0.000124
2406.000000 0.000123
2407.000000 0.000123
2408.000000 0.000122
2409.000000 0.000121
2410.000000 0.000121
2411.000000 0.000120
2412.000000 0.000119
2413.000000 0.000118
2414.000000 0.000118
2415.000000 0.000117
2416.000000 0.000116
2417.000000 0.000116
2418.000000 0.000115
2419.000000 0.000114
2420.000000 0.000113
2421.000000 0.000113
2422.000000 0.000112
2423.000000 0.000111
2424.000000 0.000111
2425.000000 0.000110
2426.000000 0.000109
2427.000000 0.000109
2428.000000 0.000108
2429.000000 0.000107
2430.000000 0.000107
2431.000000 0.000106
2432.000000 0.000105
2433.000000 0.000104
2434.000000 0.000104
2435.000000 0.000103
2436.000000 0.000102
2437.000000 0.000102
2438.000000 0.000101
2439.000000 0.000100
2440.000000 0.000100
2441.000000 0.000099
2442.000000 0.000098
2443.000000 0.000098
2444.000000 0.000097
2445.000000 0.000097
2446.000000 0.000096
2447.000000 0.000095
2448.000000 0.000095
2449.000000 0.000094
2450.000000 0.000093
2451.000000 0.000093
2452.000000 0.000092
2453.000000 0.000091
2454.000000 0.000091
2455.000000 0.000090
2456.000000 0.000090
2457.000000 0.000089
2458.000000 0.000088
2459.000000 0.000088
2460.000000 0.000087
2461.000000 0.000086
2462.000000 0.000086
2463.000000 0.000085
2464.000000 0.000085
2465.000000 0.000084
2466.000000 0.000083
2467.000000 0.000083
2468.000000 0.000082
2469.000000 0.000082
2470.000000 0.000081
2471.000000 0.000080
2472.000000 0.000080
2473.000000 0.000079
2474.000000 0.000079
2475.000000 0.000078
2476.000000 0.000077
2477.000000 0.000077
2478.000000 0.000076
2479.000000 0.000076
2480.000000 0.000075
2481.000000 0.000075
2482.000000 0.000074
2483.000000 0.000073
2484.000000 0.000073
2485.000000 0.000072
2486.000000 0.000072
2487.000000 0.000071
2488.000000 0.000071
2489.000000 0.000070
2490.000000 0.000070
2491.000000 0.000069
2492.000000 0.000069
2493.000000 0.000068
2494.000000 0.000067
2495.000000 0.000067
2496.000000 0.000066
2497.000000 0.000066
2498.000000 0.000065
2499.000000 0.000065
2500.000000 0.000064
2501.000000 0.000064
2502.000000 0.000063
2503.000000 0.000063
2504.000000 0.000062
2505.000000 0.000062
2506.000000 0.000061
2507.000000 0.000061
2508.000000 0.000060
2509.000000 0.000060
2510.000000 0.000059
2511.000000 0.000059
2512.000000 0.000058
2513.000000 0.000058
2514.000000 0.000057
2515.000000 0.000057
2516.000000 0.000056
2517.000000 0.000056
2518.000000 0.000055
2519.000000 0.000055
2520.000000 0.000054
2521.000000 0.000054
2522.000000 0.000053
2523.000000 0.000053
2524.000000 0.000053
2525.000000 0.000052
2526.000000 0.000052
2527.000000 0.000051
2528.000000 0.000051
2529.000000 0.000050
2530.000000 0.000050
2531.000000 0.000049
2532.000000 0.000049
2533.000000 0.000048
2534.000000 0.000048
2535.000000 0.000048
2536.000000 0.000047
2537.000000 0.000047
2538.000000 0.000046
2539.000000 0.000046
2540.000000 0.000045
2541.000000 0.000045
2542.000000 0.000045
2543.000000 0.000044
2544.000000 0.000044
2545.000000 0.000043
2546.000000 0.000043
2547.000000 0.000043
2548.000000 0.000042
2549.000000 0.000042
2550.000000 0.000041
2551.000000 0.000041
2552.000000 0.000041
2553.000000 0.000040
2554.000000 0.000040
2555.000000 0.000039
2556.000000 0.000039
2557.000000 0.000039
2558.000000 0.000038
2559.000000 0.000038
2560.000000 0.000037
2561.000000 0.000037
2562.000000 0.000037
2563.000000 0.000036
2564.000000 0.000036
2565.000000 0.000036
2566.000000 0.000035
2567.000000 0.000035
2568.000000 0.000035
2569.000000 0.000034
2570.000000 0.000034
2571.000000 0.000034
2572.000000 0.000033
2573.000000 0.000033
2574.000000 0.000032
2575.000000 0.000032
2576.000000 0.000032
2577.000000 0.000031
2578.000000 0.000031
2579.000000 0.000031
2580.000000 0.000030
2581.000000 0.000030
2582.000000 0.000030
2583.000000 0.000029
2584.000000 0.000029
2585.000000 0.000029
2586.000000 0.000029
2587.000000 0.000028
2588.000000 0.000028
2589.000000 0.000028
2590.000000 0.000027
2591.000000 0.000027
2592.000000 0.000027
2593.000000 0.000026
2594.000000 0.000026
2595.000000 0.000026
2596.000000 0.000026
2597.000000 0.000025
2598.000000 0.000025
2599.000000 0.000025
2600.000000 0.000024
2601.000000 0.000024
2602.000000 0.000024
2603.000000 0.000024
2604.000000 0.000023
2605.000000 0.000023
2606.000000 0.000023
2607.000000 0.000022
2608.000000 0.000022
2609.000000 0.000022
2610.000000 0.000022
2611.000000 0.000021
2612.000000 0.000021
2613.000000 0.000021
2614.000000 0.000021
2615.000000 0.000020
2616.000000 0.000020
2617.000000 0.000020
2618.000000 0.000020
2619.000000 0.000019
2620.000000 0.000019
2621.000000 0.000019
2622.000000 0.000019
2623.000000 0.000018
2624.000000 0.000018
2625.000000 0.000018
2626.000000 0.000018
2627.000000 0.000018
2628.000000 0.000017
2629.000000 0.000017
2630.000000 0.000017
2631.000000 0.000017
2632.000000 0.000016
2633.000000 0.000016
2634.000000 0.000016
2635.000000 0.000016
2636.000000 0.000016
2637.000000 0.000015
2638.000000 0.000015
2639.000000 0.000015
2640.000000 0.000015
2641.000000 0.000015
2642.000000 0.000014
2643.000000 0.000014
2644.000000 0.000014
2645.000000 0.000014
2646.000000 0.000014
2647.000000 0.000013
2648.000000 0.000013
2649.000000 0.000013
2650.000000 0.000013
2651.000000 0.000013
2652.000000 0.000013
2653.000000 0.000012
2654.000000 0.000012
2655.000000 0.000012
2656.000000 0.000012
2657.000000 0.000012
2658.000000 0.000012
2659.000000 0.000011
2660.000000 0.000011
2661.000000 0.000011
2662.000000 0.000011
2663.000000 0.000011
2664.000000 0.000011
2665.000000 0.000010
2666.000000 0.000010
2667.000000 0.000010
2668.000000 0.000010
2669.000000 0.000010
2670.000000 0.000010
2671.000000 0.000009
2672.000000 0.000009
2673.000000 0.000009
2674.000000 0.000009
2675.000000 0.000009
2676.000000 0.000009
2677.000000 0.000009
2678.000000 0.000009
2679.000000 0.000008
2680.000000 0.000008
2681.000000 0.000008
2682.000000 0.000008
2683.000000 0.000008
2684.000000 0.000008
2685.000000 0.000008
2686.000000 0.000007
2687.000000 0.000007
2688.000000 0.000007
2689.000000 0.000007
2690.000000 0.000007
2691.000000 0.000007
2692.000000 0.000007
2693.000000 0.000007
2694.000000 0.000007
2695.000000 0.000006
2696.000000 0.000006
2697.000000 0.000006
2698.000000 0.000006
2699.000000 0.000006
2700.000000 0.000006
2701.000000 0.000006
2702.000000 0.000006
2703.000000 0.000006
2704.000000 0.000006
2705.000000 0.000005
2706.000000 0.000005
2707.000000 0.000005
2708.000000 0.000005
2709.000000 0.000005
2710.000000 0.000005
2711.000000 0.000005
2712.000000 0.000005
2713.000000 0.000005
2714.000000 0.000005
2715.000000 0.000005
2716.000000 0.000004
2717.000000 0.000004
2718.000000 0.000004
2719.000000 0.000004
2720.000000 0.000004
2721.000000 0.000004
2722.000000 0.000004
2723.000000 0.000004
2724.000000 0.000004
2725.000000 0.000004
2726.000000 0.000004
2727.000000 0.000004
2728.000000 0.000004
2729.000000 0.000003
2730.000000 0.000003
2731.000000 0.000003
2732.000000 0.000003
2733.000000 0.000003
2734.000000 0.000003
2735.000000 0.000003
2736.000000 0.000003
2737.000000 0.000003
2738.000000 0.000003
2739.000000 0.000003
2740.000000 0.000003
2741.000000 0.000003
2742.000000 0.000003
2743.000000 0.000003
2744.000000 0.000003
2745.000000 0.000002
2746.000000 0.000002
2747.000000 0.000002
2748.000000 0.000002
2749.000000 0.000002
2750.000000 0.000002
2751.000000 0.000002
2752.000000 0.000002
2753.000000 0.000002
2754.000000 0.000002
2755.000000 0.000002
2756.000000 0.000002
2757.000000 0.000002
2758.000000 0.000002
2759.000000 0.000002
2760.000000 0.000002
2761.000000 0.000002
2762.000000 0.000002
2763.000000 0.000002
2764.000000 0.000002
2765.000000 0.000002
2766.000000 0.000002
2767.000000 0.000001
2768.000000 0.000001
2769.000000 0.000001
2770.000000 0.000001
2771.000000 0.000001
2772.000000 0.000001
2773.000000 0.000001
2774.000000 0.000001
2775.000000 0.000001
2776.000000 0.000001
2777.000000 0.000001
2778.000000 0.000001
2779.000000 0.000001
2780.000000 0.000001
2781.000000 0.000001
2782.000000 0.000001
2783.000000 0.000001
2784.000000 0.000001
2785.000000 0.000001
2786.000000 0.000001
2787.000000 0.000001
2788.000000 0.000001
2789.000000 0.000001
2790.000000 0.000001
2791.000000 0.000001
2792.000000 0.000001
2793.000000 0.000001
2794.000000 0.000001
2795.000000 0.000001
2796.000000 0.000001
2797.000000 0.000001
2798.000000 0.000001
2799.000000 0.000001
2800.000000 0.000001
2801.000000 0.000001
2802.000000 0.000001
2803.000000 0.000001
2804.000000 0.000001
2805.000000 0.000001
2806.000000 0.000000
2807.000000 0.000000
2808.000000 0.000000
2809.000000 0.000000
2810.000000 0.000000
2811.000000 0.000000
2812.000000 0.000000
2813.000000 0.000000
2814.000000 0.000000
2815.000000 0.000000
2816.000000 0.000000
2817.000000 0.000000
2818.000000 0.000000
2819.000000 0.000000
2820.000000 0.000000
2821.000000 0.000000
2822.000000 0.000000
2823.000000 0.000000
2824.000000 0.000000
2825.000000 0.000000
2826.000000 0.000000
2827.000000 0.000000
2828.000000 0.000000
2829.000000 0.000000
2830.000000 0.000000
2831.000000 0.000000
2832.000000 0.000000
2833.000000 0.000000
2834.000000 0.000000
2835.000000 0.000000
2836.000000 0.000000
2837.000000 0.000000
2838.000000 0.000000
2839.000000 0.000000
2840.000000 0.000000
2841.000000 0.000000
2842.000000 0.000000
2843.000000 0.000000
2844.000000 0.000000
2845.000000 0.000000
2846.000000 0.000000
2847.000000 0.000000
2848.000000 0.000000
2849.000000 0.000000
2850.000000 0.000000
2851.000000 0.000000
2852.000000 0.000000
2853.000000 0.000000
2854.000000 0.000000
2855.000000 0.000000
2856.000000 0.000000
2857.000000 0.000000
2858.000000 0.000000
2859.000000 0.000000
2860.000000 0.000000
2861.000000 0.000000
2862.000000 0.000000
2863.000000 0.000000
2864.000000 0.000000
2865.000000 0.000000
2866.000000 0.000000
2867.000000 0.000000
2868.000000 0.000000
2869.000000 0.000000
2870.000000 0.000000
2871.000000 0.000000
2872.000000 0.000000
2873.000000 0.000000
2874.000000 0.000000
2875.000000 0.000000
2876.000000 0.000000
2877.000000 0.000000
2878.000000 0.000000
2879.000000 0.000000
2880.000000 0.000000
2881.000000 0.000000
2882.000000 0.000000
2883.000000 0.000000
2884.000000 0.000000
2885.000000 0.000000
2886.000000 0.000000
2887.000000 0.000000
2888.000000 0.000000
2889.000000 0.000000
2890.000000 0.000000
2891.000000 0.000000
2892.000000 0.000000
2893.000000 0.000000
2894.000000 0.000000
2895.000000 0.000000
2896.000000 0.000000
2897.000000 0.000000
2898.000000 0.000000
2899.000000 0.000000
2900.000000 0.000000
2901.000000 0.000000
2902.000000 0.000000
2903.000000 0.000000
2904.000000 0.000000
2905.000000 0.000000
2906.000000 0.000000
2907.000000 0.000000
2908.000000 0.000000
2909.000000 0.000000
2910.000000 0.000000
2911.000000 0.000000
2912.000000 0.000000
2913.000000 0.000000
2914.000000 0.000000
2915.000000 0.000000
2916.000000 0.000000
2917.000000 0.000000
2918.000000 0.000000
2919.000000 0.000000
2920.000000 0.000000
2921.000000 0.000000
2922.000000 0.000000
2923.000000 0.000000
2924.000000 0.000000
2925.000000 0.000000
2926.000000 0.000000
2927.000000 0.000000
2928.000000 0.000000
2929.000000 0.000000
2930.000000 0.000000
2931.000000 0.000000
2932.000000 0.000000
2933.000000 0.000000
2934.000000 0.000000
2935.000000 0.000000
2936.000000 0.000000
2937.000000 0.000000
2938.000000 0.000000
2939.000000 0.000000
2940.000000 0.000000
2941.000000 0.000000
2942.000000 0.000000
2943.000000 0.000000
2944.000000 0.000000
2945.000000 0.000000
2946.000000 0.000000
2947.000000 0.000000
2948.000000 0.000000
2949.000000 0.000000
2950.000000 0.000000
2951.000000 0.000000
2952.000000 0.000000
2953.000000 0.000000
2954.000000 0.000000
2955.000000 0.000000
2956.000000 0.000000
2957.000000 0.000000
2958.000000 0.000000
2959.000000 0.000000
2960.000000 0.000000
2961.000000 0.000000
2962.000000 0.000000
2963.000000 0.000000
2964.000000 0.000000
2965.000000 0.000000
2966.000000 0.000000
2967.000000 0.000000
2968.000000 0.000000
2969.000000 0.000000
2970.000000 0.000000
2971.000000 0.000000
2972.000000 0.000000
2973.000000 0.000000
2974.000000 0.000000
2975.000000 0.000000
2976.000000 0.000000
2977.000000 0.000000
2978.000000 0.000000
2979.000000 0.000000
2980.000000 0.000000
2981.000000 0.000000
2982.000000 0.000000
2983.000000 0.000000
2984.000000 0.000000
2985.000000 0.000000
2986.000000 0.000000
2987.000000 0.000000
2988.000000 0.000000
2989.000000 0.000000
2990.000000 0.000000
2991.000000 0.000000
2992.000000 0.000000
2993.000000 0.000000
2994.000000 0.000000
2995.000000 0.000000
2996.000000 0.000000
2997.000000 0.000000
2998.000000 0.000000
2999.000000 0.000000
3000.000000 0.000000
