n lam mean variance std
3000 0.550000 1500.465947 104023.863538 322.527307
bin_midpoint probability
1.000000 0.000000
2.000000 0.000000
3.000000 0.000000
4.000000 0.000000
5.000000 0.000000
6.000000 0.000000
7.000000 0.000000
8.000000 0.000000
9.000000 0.000000
10.000000 0.000000
11.000000 0.000000
12.000000 0.000000
13.000000 0.000000
14.000000 0.000000
15.000000 0.000000
16.000000 0.000000
17.000000 0.000000
18.000000 0.000000
19.000000 0.000000
20.000000 0.000000
21.000000 0.000000
22.000000 0.000000
23.000000 0.000000
24.000000 0.000000
25.000000 0.000000
26.000000 0.000000
27.000000 0.000000
28.000000 0.000000
29.000000 0.000000
30.000000 0.000000
31.000000 0.000000
32.000000 0.000000
33.000000 0.000000
34.000000 0.000000
35.000000 0.000000
36.000000 0.000000
37.000000 0.000000
38.000000 0.000000
39.000000 0.000000
40.000000 0.000000
41.000000 0.000000
42.000000 0.000000
43.000000 0.000000
44.000000 0.000000
45.000000 0.000000
46.000000 0.000000
47.000000 0.000000
48.000000 0.000000
49.000000 0.000000
50.000000 0.000000
51.000000 0.000000
52.000000 0.000000
53.000000 0.000000
54.000000 0.000000
55.000000 0.000000
56.000000 0.000000
57.000000 0.000000
58.000000 0.000000
59.000000 0.000000
60.000000 0.000000
61.000000 0.000000
62.000000 0.000000
63.000000 0.000000
64.000000 0.000000
65.000000 0.000000
66.000000 0.000000
67.000000 0.000000
68.000000 0.000000
69.000000 0.000000
70.000000 0.000000
71.000000 0.000000
72.000000 0.000000
73.000000 0.000000
74.000000 0.000000
75.000000 0.000000
76.000000 0.000000
77.000000 0.000000
78.000000 0.000000
79.000000 0.000000
80.000000 0.000000
81.000000 0.000000
82.000000 0.000000
83.000000 0.000000
84.000000 0.000000
85.000000 0.000000
86.000000 0.000000
87.000000 0.000000
88.000000 0.000000
89.000000 0.000000
90.000000 0.000000
91.000000 0.000000
92.000000 0.000000
93.000000 0.000000
94.000000 0.000000
95.000000 0.000000
96.000000 0.000000
97.000000 0.000000
98.000000 0.000000
99.000000 0.000000
100.000000 0.000000
101.000000 0.000000
102.000000 0.000000
103.000000 0.000000
104.000000 0.000000
105.000000 0.000000
106.000000 0.000000
107.000000 0.000000
108.000000 0.000000
109.000000 0.000000
110.000000 0.000000
111.000000 0.000000
112.000000 0.000000
113.000000 0.000000
114.000000 0.000000
115.000000 0.000000
116.000000 0.000000
117.000000 0.000000
118.000000 0.000000
119.000000 0.000000
120.000000 0.000000
121.000000 0.000000
122.000000 0.000000
123.000000 0.000000
124.000000 0.000000
125.000000 0.000000
126.000000 0.000000
127.000000 0.000000
128.000000 0.000000
129.000000 0.000000
130.000000 0.000000
131.000000 0.000000
132.000000 0.000000
133.000000 0.000000
134.000000 0.000000
135.000000 0.000000
136.000000 0.000000
137.000000 0.000000
138.000000 0.000000
139.000000 0.000000
140.000000 0.000000
141.000000 0.000000
142.000000 0.000000
143.000000 0.000000
144.000000 0.000000
145.000000 0.000000
146.000000 0.000000
147.000000 0.000000
148.000000 0.000000
149.000000 0.000000
150.000000 0.000000
151.000000 0.000000
152.000000 0.000000
153.000000 0.000000
154.000000 0.000000
155.000000 0.000000
156.000000 0.000000
157.000000 0.000000
158.000000 0.000000
159.000000 0.000000
160.000000 0.000000
161.000000 0.000000
162.000000 0.000000
163.000000 0.000000
164.000000 0.000000
165.000000 0.000000
166.000000 0.000000
167.000000 0.000000
168.000000 0.000000
169.000000 0.000000
170.000000 0.000000
171.000000 0.000000
172.000000 0.000000
173.000000 0.000000
174.000000 0.000000
175.000000 0.000000
176.000000 0.000000
177.000000 0.000000
178.000000 0.000000
179.000000 0.000000
180.000000 0.000000
181.000000 0.000000
182.000000 0.000000
183.000000 0.000000
184.000000 0.000000
185.000000 0.000000
186.000000 0.000000
187.000000 0.000000
188.000000 0.000000
189.000000 0.000000
190.000000 0.000000
191.000000 0.000000
192.000000 0.000000
193.000000 0.000000
194.000000 0.000000
195.000000 0.000000
196.000000 0.000000
197.000000 0.000000
198.000000 0.000000
199.000000 0.000000
200.000000 0.000000
201.000000 0.000000
202.000000 0.000000
203.000000 0.000000
204.000000 0.000000
205.000000 0.000000
206.000000 0.000000
207.000000 0.000000
208.000000 0.000000
209.000000 0.000000
210.000000 0.000000
211.000000 0.000000
212.000000 0.000000
213.000000 0.000000
214.000000 0.000000
215.000000 0.000000
216.000000 0.000000
217.000000 0.000000
218.000000 0.000000
219.000000 0.000000
220.000000 0.000000
221.000000 0.000000
222.000000 0.000000
223.000000 0.000000
224.000000 0.000000
225.000000 0.000000
226.000000 0.000000
227.000000 0.000000
228.000000 0.000000
229.000000 0.000000
230.000000 0.000000
231.000000 0.000000
232.000000 0.000000
233.000000 0.000000
234.000000 0.000000
235.000000 0.000000
236.000000 0.000000
237.000000 0.000000
238.000000 0.000000
239.000000 0.000000
240.000000 0.000000
241.000000 0.000000
242.000000 0.000000
243.000000 0.000000
244.000000 0.000000
245.000000 0.000000
246.000000 0.000000
247.000000 0.000000
248.000000 0.000000
249.000000 0.000000
250.000000 0.000000
251.000000 0.000000
252.000000 0.000000
253.000000 0.000000
254.000000 0.000000
255.000000 0.000000
256.000000 0.000000
257.000000 0.000000
258.000000 0.000000
259.000000 0.000000
260.000000 0.000000
261.000000 0.000000
262.000000 0.000000
263.000000 0.000000
264.000000 0.000000
265.000000 0.000000
266.000000 0.000000
267.000000 0.000000
268.000000 0.000000
269.000000 0.000000
270.000000 0.000000
271.000000 0.000000
272.000000 0.000000
273.000000 0.000000
274.000000 0.000000
275.000000 0.000000
276.000000 0.000000
277.000000 0.000000
278.000000 0.000000
279.000000 0.000000
280.000000 0.000000
281.000000 0.000000
282.000000 0.000000
283.000000 0.000000
284.000000 0.000000
285.000000 0.000000
286.000000 0.000000
287.000000 0.000000
288.000000 0.000000
289.000000 0.000000
290.000000 0.000000
291.000000 0.000000
292.000000 0.000000
293.000000 0.000000
294.000000 0.000000
295.000000 0.000000
296.000000 0.000000
297.000000 0.000000
298.000000 0.000000
299.000000 0.000000
300.000000 0.000000
301.000000 0.000000
302.000000 0.000000
303.000000 0.000000
304.000000 0.000000
305.000000 0.000000
306.000000 0.000000
307.000000 0.000000
308.000000 0.000000
309.000000 0.000000
310.000000 0.000000
311.000000 0.000000
312.000000 0.000000
313.000000 0.000000
314.000000 0.000000
315.000000 0.000000
316.000000 0.000000
317.000000 0.000000
318.000000 0.000000
319.000000 0.000000
320.000000 0.000000
321.000000 0.000000
322.000000 0.000000
323.000000 0.000000
324.000000 0.000000
325.000000 0.000000
326.000000 0.000000
327.000000 0.000000
328.000000 0.000000
329.000000 0.000000
330.000000 0.000000
331.000000 0.000000
332.000000 0.000000
333.000000 0.000000
334.000000 0.000000
335.000000 0.000000
336.000000 0.000000
337.000000 0.000000
338.000000 0.000000
339.000000 0.000000
340.000000 0.000000
341.000000 0.000000
342.000000 0.000000
343.000000 0.000000
344.000000 0.000000
345.000000 0.000000
346.000000 0.000000
347.000000 0.000000
348.000000 0.000000
349.000000 0.000000
350.000000 0.000000
351.000000 0.000000
352.000000 0.000000
353.000000 0.000000
354.000000 0.000000
355.000000 0.000000
356.000000 0.000000
357.000000 0.000000
358.000000 0.000000
359.000000 0.000000
360.000000 0.000000
361.000000 0.000000
362.000000 0.000000
363.000000 0.000000
364.000000 0.000000
365.000000 0.000000
366.000000 0.000000
367.000000 0.000000
368.000000 0.000000
369.000000 0.000000
370.000000 0.000000
371.000000 0.000000
372.000000 0.000000
373.000000 0.000000
374.000000 0.000000
375.000000 0.000000
376.000000 0.000000
377.000000 0.000000
378.000000 0.000000
379.000000 0.000000
380.000000 0.000000
381.000000 0.000000
382.000000 0.000000
383.000000 0.000000
384.000000 0.000000
385.000000 0.000000
386.000000 0.000000
387.000000 0.000000
388.000000 0.000000
389.000000 0.000000
390.000000 0.000000
391.000000 0.000000
392.000000 0.000000
393.000000 0.000000
394.000000 0.000000
395.000000 0.000000
396.000000 0.000000
397.000000 0.000000
398.000000 0.000000
399.000000 0.000000
400.000000 0.000000
401.000000 0.000000
402.000000 0.000000
403.000000 0.000000
404.000000 0.000000
405.000000 0.000000
406.000000 0.000000
407.000000 0.000000
408.000000 0.000000
409.000000 0.000000
410.000000 0.000000
411.000000 0.000000
412.000000 0.000000
413.000000 0.000000
414.000000 0.000000
415.000000 0.000000
416.000000 0.000000
417.000000 0.000000
418.000000 0.000000
419.000000 0.000000
420.000000 0.000000
421.000000 0.000001
422.000000 0.000001
423.000000 0.000001
424.000000 0.000001
425.000000 0.000001
426.000000 0.000001
427.000000 0.000001
428.000000 0.000001
429.000000 0.000001
430.000000 0.000001
431.000000 0.000001
432.000000 0.000001
433.000000 0.000001
434.000000 0.000001
435.000000 0.000001
436.000000 0.000001
437.000000 0.000001
438.000000 0.000001
439.000000 0.000001
440.000000 0.000001
441.000000 0.000001
442.000000 0.000001
443.000000 0.000001
444.000000 0.000001
445.000000 0.000001
446.000000 0.000001
447.000000 0.000001
448.000000 0.000001
449.000000 0.000001
450.000000 0.000001
451.000000 0.000001
452.000000 0.000001
453.000000 0.000001
454.000000 0.000001
455.000000 0.000001
456.000000 0.000001
457.000000 0.000001
458.000000 0.000001
459.000000 0.000001
460.000000 0.000001
461.000000 0.000001
462.000000 0.000001
463.000000 0.000001
464.000000 0.000001
465.000000 0.000001
466.000000 0.000001
467.000000 0.000001
468.000000 0.000001
469.000000 0.000002
470.000000 0.000002
471.000000 0.000002
472.000000 0.000002
473.000000 0.000002
474.000000 0.000002
475.000000 0.000002
476.000000 0.000002
477.000000 0.000002
478.000000 0.000002
479.000000 0.000002
480.000000 0.000002
481.000000 0.000002
482.000000 0.000002
483.000000 0.000002
484.000000 0.000002
485.000000 0.000002
486.000000 0.000002
487.000000 0.000002
488.000000 0.000002
489.000000 0.000002
490.000000 0.000002
491.000000 0.000002
492.000000 0.000002
493.000000 0.000002
494.000000 0.000003
495.000000 0.000003
496.000000 0.000003
497.000000 0.000003
498.000000 0.000003
499.000000 0.000003
500.000000 0.000003
501.000000 0.000003
502.000000 0.000003
503.000000 0.000003
504.000000 0.000003
505.000000 0.000003
506.000000 0.000003
507.000000 0.000003
508.000000 0.000003
509.000000 0.000003
510.000000 0.000003
511.000000 0.000003
512.000000 0.000004
513.000000 0.000004
514.000000 0.000004
515.000000 0.000004
516.000000 0.000004
517.000000 0.000004
518.000000 0.000004
519.000000 0.000004
520.000000 0.000004
521.000000 0.000004
522.000000 0.000004
523.000000 0.000004
524.000000 0.000004
525.000000 0.000004
526.000000 0.000005
527.000000 0.000005
528.000000 0.000005
529.000000 0.000005
530.000000 0.000005
531.000000 0.000005
532.000000 0.000005
533.000000 0.000005
534.000000 0.000005
535.000000 0.000005
536.000000 0.000005
537.000000 0.000005
538.000000 0.000006
539.000000 0.000006
540.000000 0.000006
541.000000 0.000006
542.000000 0.000006
543.000000 0.000006
544.000000 0.000006
545.000000 0.000006
546.000000 0.000006
547.000000 0.000006
548.000000 0.000007
549.000000 0.000007
550.000000 0.000007
551.000000 0.000007
552.000000 0.000007
553.000000 0.000007
554.000000 0.000007
555.000000 0.000007
556.000000 0.000007
557.000000 0.000008
558.000000 0.000008
559.000000 0.000008
560.000000 0.000008
561.000000 0.000008
562.000000 0.000008
563.000000 0.000008
564.000000 0.000008
565.000000 0.000009
566.000000 0.000009
567.000000 0.000009
568.000000 0.000009
569.000000 0.000009
570.000000 0.000009
571.000000 0.000009
572.000000 0.000009
573.000000 0.000010
574.000000 0.000010
575.000000 0.000010
576.000000 0.000010
577.000000 0.000010
578.000000 0.000010
579.000000 0.000011
580.000000 0.000011
581.000000 0.000011
582.000000 0.000011
583.000000 0.000011
584.000000 0.000011
585.000000 0.000011
586.000000 0.000012
587.000000 0.000012
588.000000 0.000012
589.000000 0.000012
590.000000 0.000012
591.000000 0.000013
592.000000 0.000013
593.000000 0.000013
594.000000 0.000013
595.000000 0.000013
596.000000 0.000013
597.000000 0.000014
598.000000 0.000014
599.000000 0.000014
600.000000 0.000014
601.000000 0.000014
602.000000 0.000015
603.000000 0.000015
604.000000 0.000015
605.000000 0.000015
606.000000 0.000015
607.000000 0.000016
608.000000 0.000016
609.000000 0.000016
610.000000 0.000016
611.000000 0.000017
612.000000 0.000017
613.000000 0.000017
614.000000 0.000017
615.000000 0.000017
616.000000 0.000018
617.000000 0.000018
618.000000 0.000018
619.000000 0.000018
620.000000 0.000019
621.000000 0.000019
622.000000 0.000019
623.000000 0.000019
624.000000 0.000020
625.000000 0.000020
626.000000 0.000020
627.000000 0.000020
628.000000 0.000021
629.000000 0.000021
630.000000 0.000021
631.000000 0.000021
632.000000 0.000022
633.000000 0.000022
634.000000 0.000022
635.000000 0.000023
636.000000 0.000023
637.000000 0.000023
638.000000 0.000023
639.000000 0.000024
640.000000 0.000024
641.000000 0.000024
642.000000 0.000025
643.000000 0.000025
644.000000 0.000025
645.000000 0.000026
646.000000 0.000026
647.000000 0.000026
648.000000 0.000026
649.000000 0.000027
650.000000 0.000027
651.000000 0.000028
652.000000 0.000028
653.000000 0.000028
654.000000 0.000028
655.000000 0.000029
656.000000 0.000029
657.000000 0.000029
658.000000 0.000030
659.000000 0.000030
660.000000 0.000031
661.000000 0.000031
662.000000 0.000031
663.000000 0.000032
664.000000 0.000032
665.000000 0.000032
666.000000 0.000033
667.000000 0.000033
668.000000 0.000034
669.000000 0.000034
670.000000 0.000034
671.000000 0.000035
672.000000 0.000035
673.000000 0.000036
674.000000 0.000036
675.000000 0.000036
676.000000 0.000037
677.000000 0.000037
678.000000 0.000038
679.000000 0.000038
680.000000 0.000038
681.000000 0.000039
682.000000 0.000039
683.000000 0.000040
684.000000 0.000040
685.000000 0.000041
686.000000 0.000041
687.000000 0.000041
688.000000 0.000042
689.000000 0.000042
690.000000 0.000043
691.000000 0.000043
692.000000 0.000044
693.000000 0.000044
694.000000 0.000045
695.000000 0.000045
696.000000 0.000046
697.000000 0.000046
698.000000 0.000047
699.000000 0.000047
700.000000 0.000048
701.000000 0.000048
702.000000 0.000049
703.000000 0.000049
704.000000 0.000050
705.000000 0.000050
706.000000 0.000051
707.000000 0.000051
708.000000 0.000052
709.000000 0.000052
710.000000 0.000053
711.000000 0.000053
712.000000 0.000054
713.000000 0.000054
714.000000 0.000055
715.000000 0.000056
716.000000 0.000056
717.000000 0.000057
718.000000 0.000057
719.000000 0.000058
720.000000 0.000058
721.000000 0.000059
722.000000 0.000060
723.000000 0.000060
724.000000 0.000061
725.000000 0.000061
726.000000 0.000062
727.000000 0.000063
728.000000 0.000063
729.000000 0.000064
730.000000 0.000064
731.000000 0.000065
732.000000 0.000066
733.000000 0.000066
734.000000 0.000067
735.000000 0.000068
736.000000 0.000068
737.000000 0.000069
738.000000 0.000070
739.000000 0.000070
740.000000 0.000071
741.000000 0.000072
742.000000 0.000072
743.000000 0.000073
744.000000 0.000074
745.000000 0.000074
746.000000 0.000075
747.000000 0.000076
748.000000 0.000076
749.000000 0.000077
750.000000 0.000078
751.000000 0.000078
752.000000 0.000079
753.000000 0.000080
754.000000 0.000081
755.000000 0.000081
756.000000 0.000082
757.000000 0.000083
758.000000 0.000084
759.000000 0.000085
760.000000 0.000085
761.000000 0.000086
762.000000 0.000087
763.000000 0.000087
764.000000 0.000088
765.000000 0.000089
766.000000 0.000090
767.000000 0.000091
768.000000 0.000092
769.000000 0.000092
770.000000 0.000093
771.000000 0.000094
772.000000 0.000095
773.000000 0.000095
774.000000 0.000096
775.000000 0.000097
776.000000 0.000098
777.000000 0.000099
778.000000 0.000100
779.000000 0.000100
780.000000 0.000101
781.000000 0.000102
782.000000 0.000103
783.000000 0.000104
784.000000 0.000105
785.000000 0.000106
786.000000 0.000107
787.000000 0.000108
788.000000 0.000108
789.000000 0.000109
790.000000 0.000110
791.000000 0.000111
792.000000 0.000112
793.000000 0.000113
794.000000 0.000114
795.000000 0.000115
796.000000 0.000116
797.000000 0.000117
798.000000 0.000118
799.000000 0.000118
800.000000 0.000120
801.000000 0.000120
802.000000 0.000121
803.000000 0.000122
804.000000 0.000123
805.000000 0.000124
806.000000 0.000125
807.000000 0.000126
808.000000 0.000127
809.000000 0.000128
810.000000 0.000129
811.000000 0.000130
812.000000 0.000131
813.000000 0.000132
814.000000 0.000133
815.000000 0.000134
816.000000 0.000135
817.000000 0.000136
818.000000 0.000138
819.000000 0.000139
820.000000 0.000140
821.000000 0.000141
822.000000 0.000142
823.000000 0.000143
824.000000 0.000144
825.000000 0.000145
826.000000 0.000146
827.000000 0.000147
828.000000 0.000148
829.000000 0.000149
830.000000 0.000151
831.000000 0.000152
832.000000 0.000153
833.000000 0.000154
834.000000 0.000155
835.000000 0.000156
836.000000 0.000157
837.000000 0.000159
838.000000 0.000160
839.000000 0.000161
840.000000 0.000162
841.000000 0.000163
842.000000 0.000164
843.000000 0.000166
844.000000 0.000167
845.000000 0.000168
846.000000 0.000169
847.000000 0.000170
848.000000 0.000172
849.000000 0.000173
850.000000 0.000174
851.000000 0.000175
852.000000 0.000176
853.000000 0.000178
854.000000 0.000179
855.000000 0.000180
856.000000 0.000181
857.000000 0.000183
858.000000 0.000184
859.000000 0.000185
860.000000 0.000186
861.000000 0.000188
862.000000 0.000189
863.000000 0.000190
864.000000 0.000192
865.000000 0.000193
866.000000 0.000194
867.000000 0.000196
868.000000 0.000197
869.000000 0.000198
870.000000 0.000199
871.000000 0.000201
872.000000 0.000202
873.000000 0.000203
874.000000 0.000205
875.000000 0.000206
876.000000 0.000208
877.000000 0.000209
878.000000 0.000210
879.000000 0.000212
880.000000 0.000213
881.000000 0.000215
882.000000 0.000216
883.000000 0.000217
884.000000 0.000218
885.000000 0.000220
886.000000 0.000222
887.000000 0.000223
888.000000 0.000224
889.000000 0.000226
890.000000 0.000227
891.000000 0.000229
892.000000 0.000230
893.000000 0.000231
894.000000 0.000233
895.000000 0.000234
896.000000 0.000236
897.000000 0.000237
898.000000 0.000239
899.000000 0.000240
900.000000 0.000242
901.000000 0.000243
902.000000 0.000245
903.000000 0.000246
904.000000 0.000248
905.000000 0.000249
906.000000 0.000251
907.000000 0.000252
908.000000 0.000254
909.000000 0.000255
910.000000 0.000257
911.000000 0.000258
912.000000 0.000260
913.000000 0.000262
914.000000 0.000263
915.000000 0.000265
916.000000 0.000266
917.000000 0.000268
918.000000 0.000269
919.000000 0.000271
920.000000 0.000272
921.000000 0.000274
922.000000 0.000276
923.000000 0.000277
924.000000 0.000279
925.000000 0.000280
926.000000 0.000282
927.000000 0.000284
928.000000 0.000285
929.000000 0.000287
930.000000 0.000289
931.000000 0.000290
932.000000 0.000292
933.000000 0.000293
934.000000 0.000295
935.000000 0.000297
936.000000 0.000299
937.000000 0.000300
938.000000 0.000302
939.000000 0.000303
940.000000 0.000305
941.000000 0.000307
942.000000 0.000308
943.000000 0.000310
944.000000 0.000312
945.000000 0.000313
946.000000 0.000315
947.000000 0.000317
948.000000 0.000319
949.000000 0.000320
950.000000 0.000322
951.000000 0.000324
952.000000 0.000326
953.000000 0.000328
954.000000 0.000329
955.000000 0.000331
956.000000 0.000332
957.000000 0.000334
958.000000 0.000336
959.000000 0.000338
960.000000 0.000339
961.000000 0.000341
962.000000 0.000343
963.000000 0.000345
964.000000 0.000347
965.000000 0.000348
966.000000 0.000350
967.000000 0.000352
968.000000 0.000354
969.000000 0.000356
970.000000 0.000357
971.000000 0.000359
972.000000 0.000361
973.000000 0.000363
974.000000 0.000365
975.000000 0.000367
976.000000 0.000368
977.000000 0.000371
978.000000 0.000372
979.000000 0.000374
980.000000 0.000376
981.000000 0.000378
982.000000 0.000380
983.000000 0.000381
984.000000 0.000383
985.000000 0.000385
986.000000 0.000387
987.000000 0.000389
988.000000 0.000391
989.000000 0.000393
990.000000 0.000395
991.000000 0.000397
992.000000 0.000398
993.000000 0.000400
994.000000 0.000402
995.000000 0.000404
996.000000 0.000406
997.000000 0.000408
998.000000 0.000410
999.000000 0.000412
1000.000000 0.000414
1001.000000 0.000415
1002.000000 0.000418
1003.000000 0.000420
1004.000000 0.000421
1005.000000 0.000423
1006.000000 0.000425
1007.000000 0.000427
1008.000000 0.000430
1009.000000 0.000431
1010.000000 0.000433
1011.000000 0.000435
1012.000000 0.000437
1013.000000 0.000439
1014.000000 0.000441
1015.000000 0.000443
1016.000000 0.000445
1017.000000 0.000447
1018.000000 0.000449
1019.000000 0.000451
1020.000000 0.000453
1021.000000 0.000455
1022.000000 0.000457
1023.000000 0.000459
1024.000000 0.000461
1025.000000 0.000463
1026.000000 0.000465
1027.000000 0.000467
1028.000000 0.000469
1029.000000 0.000471
1030.000000 0.000473
1031.000000 0.000475
1032.000000 0.000477
1033.000000 0.000479
1034.000000 0.000481
1035.000000 0.000483
1036.000000 0.000485
1037.000000 0.000487
1038.000000 0.000489
1039.000000 0.000491
1040.000000 0.000493
1041.000000 0.000495
1042.000000 0.000497
1043.000000 0.000500
1044.000000 0.000501
1045.000000 0.000503
1046.000000 0.000505
1047.000000 0.000508
1048.000000 0.000510
1049.000000 0.000511
1050.000000 0.000514
1051.000000 0.000516
1052.000000 0.000518
1053.000000 0.000520
1054.000000 0.000522
1055.000000 0.000524
1056.000000 0.000526
1057.000000 0.000528
1058.000000 0.000530
1059.000000 0.000532
1060.000000 0.000534
1061.000000 0.000536
1062.000000 0.000539
1063.000000 0.000541
1064.000000 0.000542
1065.000000 0.000545
1066.000000 0.000547
1067.000000 0.000549
1068.000000 0.000551
1069.000000 0.000553
1070.000000 0.000555
1071.000000 0.000557
1072.000000 0.000559
1073.000000 0.000561
1074.000000 0.000564
1075.000000 0.000566
1076.000000 0.000568
1077.000000 0.000570
1078.000000 0.000572
1079.000000 0.000574
1080.000000 0.000576
1081.000000 0.000578
1082.000000 0.000580
1083.000000 0.000583
1084.000000 0.000585
1085.000000 0.000587
1086.000000 0.000589
1087.000000 0.000591
1088.000000 0.000593
1089.000000 0.000595
1090.000000 0.000598
1091.000000 0.000599
1092.000000 0.000602
1093.000000 0.000604
1094.000000 0.000606
1095.000000 0.000608
1096.000000 0.000610
1097.000000 0.000612
1098.000000 0.000615
1099.000000 0.000616
1100.000000 0.000618
1101.000000 0.000621
1102.000000 0.000623
1103.000000 0.000625
1104.000000 0.000627
1105.000000 0.000629
1106.000000 0.000632
1107.000000 0.000634
1108.000000 0.000635
1109.000000 0.000638
1110.000000 0.000640
1111.000000 0.000642
1112.000000 0.000644
1113.000000 0.000646
1114.000000 0.000648
1115.000000 0.000650
1116.000000 0.000652
1117.000000 0.000655
1118.000000 0.000657
1119.000000 0.000659
1120.000000 0.000661
1121.000000 0.000663
1122.000000 0.000665
1123.000000 0.000667
1124.000000 0.000670
1125.000000 0.000672
1126.000000 0.000673
1127.000000 0.000675
1128.000000 0.000678
1129.000000 0.000680
1130.000000 0.000682
1131.000000 0.000685
1132.000000 0.000686
1133.000000 0.000688
1134.000000 0.000691
1135.000000 0.000693
1136.000000 0.000695
1137.000000 0.000697
1138.000000 0.000699
1139.000000 0.000701
1140.000000 0.000704
1141.000000 0.000705
1142.000000 0.000708
1143.000000 0.000709
1144.000000 0.000711
1145.000000 0.000714
1146.000000 0.000716
1147.000000 0.000718
1148.000000 0.000720
1149.000000 0.000722
1150.000000 0.000724
1151.000000 0.000727
1152.000000 0.000728
1153.000000 0.000731
1154.000000 0.000732
1155.000000 0.000735
1156.000000 0.000737
1157.000000 0.000739
1158.000000 0.000741
1159.000000 0.000742
1160.000000 0.000745
1161.000000 0.000747
1162.000000 0.000749
1163.000000 0.000751
1164.000000 0.000754
1165.000000 0.000755
1166.000000 0.000757
1167.000000 0.000760
1168.000000 0.000762
1169.000000 0.000764
1170.000000 0.000766
1171.000000 0.000768
1172.000000 0.000770
1173.000000 0.000772
1174.000000 0.000774
1175.000000 0.000776
1176.000000 0.000778
1177.000000 0.000780
1178.000000 0.000783
1179.000000 0.000785
1180.000000 0.000786
1181.000000 0.000788
1182.000000 0.000790
1183.000000 0.000793
1184.000000 0.000795
1185.000000 0.000797
1186.000000 0.000798
1187.000000 0.000800
1188.000000 0.000802
1189.000000 0.000805
1190.000000 0.000806
1191.000000 0.000809
1192.000000 0.000810
1193.000000 0.000812
1194.000000 0.000815
1195.000000 0.000816
1196.000000 0.000819
1197.000000 0.000821
1198.000000 0.000822
1199.000000 0.000824
1200.000000 0.000827
1201.000000 0.000829
1202.000000 0.000830
1203.000000 0.000832
1204.000000 0.000834
1205.000000 0.000837
1206.000000 0.000839
1207.000000 0.000840
1208.000000 0.000842
1209.000000 0.000844
1210.000000 0.000846
1211.000000 0.000848
1212.000000 0.000850
1213.000000 0.000852
1214.000000 0.000854
1215.000000 0.000856
1216.000000 0.000858
1217.000000 0.000860
1218.000000 0.000862
1219.000000 0.000864
1220.000000 0.000865
1221.000000 0.000867
1222.000000 0.000869
1223.000000 0.000871
1224.000000 0.000873
1225.000000 0.000875
1226.000000 0.000876
1227.000000 0.000879
1228.000000 0.000881
1229.000000 0.000882
1230.000000 0.000885
1231.000000 0.000886
1232.000000 0.000888
1233.000000 0.000890
1234.000000 0.000892
1235.000000 0.000893
1236.000000 0.000895
1237.000000 0.000897
1238.000000 0.000899
1239.000000 0.000902
1240.000000 0.000903
1241.000000 0.000905
1242.000000 0.000906
1243.000000 0.000908
1244.000000 0.000910
1245.000000 0.000912
1246.000000 0.000914
1247.000000 0.000915
1248.000000 0.000917
1249.000000 0.000919
1250.000000 0.000921
1251.000000 0.000923
1252.000000 0.000925
1253.000000 0.000926
1254.000000 0.000928
1255.000000 0.000930
1256.000000 0.000932
1257.000000 0.000934
1258.000000 0.000934
1259.000000 0.000937
1260.000000 0.000939
1261.000000 0.000941
1262.000000 0.000942
1263.000000 0.000944
1264.000000 0.000945
1265.000000 0.000947
1266.000000 0.000950
1267.000000 0.000951
1268.000000 0.000953
1269.000000 0.000954
1270.000000 0.000955
1271.000000 0.000957
1272.000000 0.000960
1273.000000 0.000961
1274.000000 0.000963
1275.000000 0.000964
1276.000000 0.000965
1277.000000 0.000968
1278.000000 0.000970
1279.000000 0.000971
1280.000000 0.000972
1281.000000 0.000974
1282.000000 0.000976
1283.000000 0.000977
1284.000000 0.000979
1285.000000 0.000980
1286.000000 0.000982
1287.000000 0.000984
1288.000000 0.000985
1289.000000 0.000987
1290.000000 0.000989
1291.000000 0.000990
1292.000000 0.000991
1293.000000 0.000994
1294.000000 0.000994
1295.000000 0.000997
1296.000000 0.000998
1297.000000 0.000999
1298.000000 0.001000
1299.000000 0.001003
1300.000000 0.001005
1301.000000 0.001006
1302.000000 0.001007
1303.000000 0.001008
1304.000000 0.001010
1305.000000 0.001012
1306.000000 0.001013
1307.000000 0.001014
1308.000000 0.001016
1309.000000 0.001017
1310.000000 0.001019
1311.000000 0.001021
1312.000000 0.001021
1313.000000 0.001023
1314.000000 0.001025
1315.000000 0.001026
1316.000000 0.001027
1317.000000 0.001029
1318.000000 0.001031
1319.000000 0.001031
1320.000000 0.001034
1321.000000 0.001034
1322.000000 0.001036
1323.000000 0.001038
1324.000000 0.001038
1325.000000 0.001040
1326.000000 0.001042
1327.000000 0.001043
1328.000000 0.001044
1329.000000 0.001046
1330.000000 0.001046
1331.000000 0.001048
1332.000000 0.001050
1333.000000 0.001051
1334.000000 0.001052
1335.000000 0.001054
1336.000000 0.001055
1337.000000 0.001056
1338.000000 0.001058
1339.000000 0.001058
1340.000000 0.001060
1341.000000 0.001061
1342.000000 0.001062
1343.000000 0.001064
1344.000000 0.001065
1345.000000 0.001067
1346.000000 0.001067
1347.000000 0.001069
1348.000000 0.001070
1349.000000 0.001071
1350.000000 0.001072
1351.000000 0.001074
1352.000000 0.001075
1353.000000 0.001076
1354.000000 0.001077
1355.000000 0.001078
1356.000000 0.001080
1357.000000 0.001080
1358.000000 0.001082
1359.000000 0.001083
1360.000000 0.001084
1361.000000 0.001085
1362.000000 0.001087
1363.000000 0.001087
1364.000000 0.001088
1365.000000 0.001090
1366.000000 0.001090
1367.000000 0.001092
1368.000000 0.001093
1369.000000 0.001093
1370.000000 0.001096
1371.000000 0.001096
1372.000000 0.001096
1373.000000 0.001098
1374.000000 0.001099
1375.000000 0.001100
1376.000000 0.001101
1377.000000 0.001102
1378.000000 0.001103
1379.000000 0.001104
1380.000000 0.001105
1381.000000 0.001106
1382.000000 0.001107
1383.000000 0.001108
1384.000000 0.001109
1385.000000 0.001110
1386.000000 0.001111
1387.000000 0.001112
1388.000000 0.001112
1389.000000 0.001114
1390.000000 0.001115
1391.000000 0.001115
1392.000000 0.001117
1393.000000 0.001117
1394.000000 0.001118
1395.000000 0.001119
1396.000000 0.001119
1397.000000 0.001121
1398.000000 0.001122
1399.000000 0.001122
1400.000000 0.001123
1401.000000 0.001124
1402.000000 0.001125
1403.000000 0.001126
1404.000000 0.001127
1405.000000 0.001126
1406.000000 0.001129
1407.000000 0.001129
1408.000000 0.001129
1409.000000 0.001130
1410.000000 0.001131
1411.000000 0.001132
1412.000000 0.001132
1413.000000 0.001133
1414.000000 0.001134
1415.000000 0.001135
1416.000000 0.001135
1417.000000 0.001136
1418.000000 0.001136
1419.000000 0.001138
1420.000000 0.001138
1421.000000 0.001138
1422.000000 0.001140
1423.000000 0.001140
1424.000000 0.001141
1425.000000 0.001142
1426.000000 0.001142
1427.000000 0.001142
1428.000000 0.001144
1429.000000 0.001144
1430.000000 0.001144
1431.000000 0.001145
1432.000000 0.001145
1433.000000 0.001147
1434.000000 0.001147
1435.000000 0.001147
1436.000000 0.001148
1437.000000 0.001149
1438.000000 0.001148
1439.000000 0.001150
1440.000000 0.001150
1441.000000 0.001150
1442.000000 0.001151
1443.000000 0.001151
1444.000000 0.001152
1445.000000 0.001152
1446.000000 0.001153
1447.000000 0.001153
1448.000000 0.001154
1449.000000 0.001154
1450.000000 0.001154
1451.000000 0.001155
1452.000000 0.001155
1453.000000 0.001156
1454.000000 0.001155
1455.000000 0.001157
1456.000000 0.001157
1457.000000 0.001157
1458.000000 0.001158
1459.000000 0.001158
1460.000000 0.001158
1461.000000 0.001159
1462.000000 0.001159
1463.000000 0.001159
1464.000000 0.001160
1465.000000 0.001159
1466.000000 0.001160
1467.000000 0.001161
1468.000000 0.001160
1469.000000 0.001162
1470.000000 0.001161
1471.000000 0.001161
1472.000000 0.001162
1473.000000 0.001163
1474.000000 0.001162
1475.000000 0.001163
1476.000000 0.001162
1477.000000 0.001163
1478.000000 0.001164
1479.000000 0.001163
1480.000000 0.001164
1481.000000 0.001163
1482.000000 0.001164
1483.000000 0.001164
1484.000000 0.001164
1485.000000 0.001164
1486.000000 0.001164
1487.000000 0.001164
1488.000000 0.001165
1489.000000 0.001165
1490.000000 0.001164
1491.000000 0.001165
1492.000000 0.001165
1493.000000 0.001165
1494.000000 0.001165
1495.000000 0.001165
1496.000000 0.001165
1497.000000 0.001165
1498.000000 0.001165
1499.000000 0.001165
1500.000000 0.001166
1501.000000 0.001165
1502.000000 0.001166
1503.000000 0.001165
1504.000000 0.001164
1505.000000 0.001166
1506.000000 0.001165
1507.000000 0.001165
1508.000000 0.001165
1509.000000 0.001165
1510.000000 0.001165
1511.000000 0.001165
1512.000000 0.001165
1513.000000 0.001164
1514.000000 0.001165
1515.000000 0.001164
1516.000000 0.001164
1517.000000 0.001164
1518.000000 0.001164
1519.000000 0.001164
1520.000000 0.001163
1521.000000 0.001164
1522.000000 0.001163
1523.000000 0.001163
1524.000000 0.001163
1525.000000 0.001163
1526.000000 0.001162
1527.000000 0.001163
1528.000000 0.001162
1529.000000 0.001162
1530.000000 0.001162
1531.000000 0.001160
1532.000000 0.001162
1533.000000 0.001161
1534.000000 0.001161
1535.000000 0.001160
1536.000000 0.001161
1537.000000 0.001159
1538.000000 0.001160
1539.000000 0.001159
1540.000000 0.001158
1541.000000 0.001159
1542.000000 0.001157
1543.000000 0.001158
1544.000000 0.001157
1545.000000 0.001157
1546.000000 0.001156
1547.000000 0.001156
1548.000000 0.001155
1549.000000 0.001155
1550.000000 0.001155
1551.000000 0.001154
1552.000000 0.001154
1553.000000 0.001153
1554.000000 0.001154
1555.000000 0.001153
1556.000000 0.001152
1557.000000 0.001152
1558.000000 0.001151
1559.000000 0.001151
1560.000000 0.001150
1561.000000 0.001150
1562.000000 0.001149
1563.000000 0.001149
1564.000000 0.001147
1565.000000 0.001148
1566.000000 0.001147
1567.000000 0.001146
1568.000000 0.001147
1569.000000 0.001145
1570.000000 0.001145
1571.000000 0.001144
1572.000000 0.001144
1573.000000 0.001143
1574.000000 0.001143
1575.000000 0.001142
1576.000000 0.001141
1577.000000 0.001141
1578.000000 0.001140
1579.000000 0.001140
1580.000000 0.001138
1581.000000 0.001138
1582.000000 0.001137
1583.000000 0.001137
1584.000000 0.001136
1585.000000 0.001135
1586.000000 0.001135
1587.000000 0.001134
1588.000000 0.001133
1589.000000 0.001132
1590.000000 0.001132
1591.000000 0.001131
1592.000000 0.001130
1593.000000 0.001130
1594.000000 0.001128
1595.000000 0.001128
1596.000000 0.001127
1597.000000 0.001126
1598.000000 0.001125
1599.000000 0.001125
1600.000000 0.001124
1601.000000 0.001123
1602.000000 0.001122
1603.000000 0.001121
1604.000000 0.001121
1605.000000 0.001120
1606.000000 0.001119
1607.000000 0.001118
1608.000000 0.001117
1609.000000 0.001116
1610.000000 0.001116
1611.000000 0.001114
1612.000000 0.001113
1613.000000 0.001113
1614.000000 0.001111
1615.000000 0.001111
1616.000000 0.001109
1617.000000 0.001109
1618.000000 0.001108
1619.000000 0.001107
1620.000000 0.001106
1621.000000 0.001105
1622.000000 0.001104
1623.000000 0.001103
1624.000000 0.001102
1625.000000 0.001100
1626.000000 0.001101
1627.000000 0.001099
1628.000000 0.001098
1629.000000 0.001097
1630.000000 0.001095
1631.000000 0.001095
1632.000000 0.001094
1633.000000 0.001093
1634.000000 0.001091
1635.000000 0.001091
1636.000000 0.001089
1637.000000 0.001089
1638.000000 0.001087
1639.000000 0.001086
1640.000000 0.001086
1641.000000 0.001083
1642.000000 0.001083
1643.000000 0.001081
1644.000000 0.001081
1645.000000 0.001079
1646.000000 0.001078
1647.000000 0.001077
1648.000000 0.001075
1649.000000 0.001075
1650.000000 0.001073
1651.000000 0.001072
1652.000000 0.001070
1653.000000 0.001070
1654.000000 0.001068
1655.000000 0.001068
1656.000000 0.001066
1657.000000 0.001065
1658.000000 0.001064
1659.000000 0.001062
1660.000000 0.001061
1661.000000 0.001059
1662.000000 0.001059
1663.000000 0.001057
1664.000000 0.001056
1665.000000 0.001055
1666.000000 0.001053
1667.000000 0.001052
1668.000000 0.001051
1669.000000 0.001050
1670.000000 0.001048
1671.000000 0.001047
1672.000000 0.001045
1673.000000 0.001044
1674.000000 0.001043
1675.000000 0.001041
1676.000000 0.001040
1677.000000 0.001038
1678.000000 0.001038
1679.000000 0.001036
1680.000000 0.001035
1681.000000 0.001033
1682.000000 0.001032
1683.000000 0.001031
1684.000000 0.001029
1685.000000 0.001028
1686.000000 0.001026
1687.000000 0.001025
1688.000000 0.001023
1689.000000 0.001022
1690.000000 0.001020
1691.000000 0.001019
1692.000000 0.001018
1693.000000 0.001016
1694.000000 0.001015
1695.000000 0.001013
1696.000000 0.001012
1697.000000 0.001010
1698.000000 0.001009
1699.000000 0.001007
1700.000000 0.001006
1701.000000 0.001004
1702.000000 0.001002
1703.000000 0.001001
1704.000000 0.000999
1705.000000 0.000998
1706.000000 0.000996
1707.000000 0.000995
1708.000000 0.000993
1709.000000 0.000992
1710.000000 0.000990
1711.000000 0.000988
1712.000000 0.000987
1713.000000 0.000985
1714.000000 0.000984
1715.000000 0.000982
1716.000000 0.000981
1717.000000 0.000979
1718.000000 0.000977
1719.000000 0.000976
1720.000000 0.000974
1721.000000 0.000973
1722.000000 0.000970
1723.000000 0.000969
1724.000000 0.000967
1725.000000 0.000966
1726.000000 0.000964
1727.000000 0.000963
1728.000000 0.000961
1729.000000 0.000959
1730.000000 0.000958
1731.000000 0.000955
1732.000000 0.000954
1733.000000 0.000952
1734.000000 0.000951
1735.000000 0.000949
1736.000000 0.000947
1737.000000 0.000946
1738.000000 0.000943
1739.000000 0.000942
1740.000000 0.000940
1741.000000 0.000939
1742.000000 0.000936
1743.000000 0.000935
1744.000000 0.000933
1745.000000 0.000932
1746.000000 0.000930
1747.000000 0.000928
1748.000000 0.000926
1749.000000 0.000924
1750.000000 0.000923
1751.000000 0.000920
1752.000000 0.000919
1753.000000 0.000917
1754.000000 0.000916
1755.000000 0.000914
1756.000000 0.000911
1757.000000 0.000910
1758.000000 0.000908
1759.000000 0.000907
1760.000000 0.000904
1761.000000 0.000903
1762.000000 0.000901
1763.000000 0.000899
1764.000000 0.000897
1765.000000 0.000895
1766.000000 0.000894
1767.000000 0.000891
1768.000000 0.000890
1769.000000 0.000888
1770.000000 0.000886
1771.000000 0.000884
1772.000000 0.000883
1773.000000 0.000881
1774.000000 0.000878
1775.000000 0.000877
1776.000000 0.000875
1777.000000 0.000873
1778.000000 0.000871
1779.000000 0.000869
1780.000000 0.000867
1781.000000 0.000866
1782.000000 0.000864
1783.000000 0.000861
1784.000000 0.000860
1785.000000 0.000857
1786.000000 0.000856
1787.000000 0.000853
1788.000000 0.000852
1789.000000 0.000850
1790.000000 0.000848
1791.000000 0.000846
1792.000000 0.000844
1793.000000 0.000842
1794.000000 0.000840
1795.000000 0.000838
1796.000000 0.000836
1797.000000 0.000834
1798.000000 0.000832
1799.000000 0.000831
1800.000000 0.000829
1801.000000 0.000826
1802.000000 0.000824
1803.000000 0.000822
1804.000000 0.000821
1805.000000 0.000818
1806.000000 0.000817
1807.000000 0.000814
1808.000000 0.000813
1809.000000 0.000811
1810.000000 0.000808
1811.000000 0.000807
1812.000000 0.000804
1813.000000 0.000803
1814.000000 0.000800
1815.000000 0.000799
1816.000000 0.000796
1817.000000 0.000794
1818.000000 0.000792
1819.000000 0.000790
1820.000000 0.000788
1821.000000 0.000786
1822.000000 0.000784
1823.000000 0.000782
1824.000000 0.000780
1825.000000 0.000778
1826.000000 0.000776
1827.000000 0.000774
1828.000000 0.000772
1829.000000 0.000770
1830.000000 0.000767
1831.000000 0.000766
1832.000000 0.000763
1833.000000 0.000762
1834.000000 0.000759
1835.000000 0.000758
1836.000000 0.000756
1837.000000 0.000753
1838.000000 0.000751
1839.000000 0.000749
1840.000000 0.000747
1841.000000 0.000745
1842.000000 0.000743
1843.000000 0.000740
1844.000000 0.000739
1845.000000 0.000737
1846.000000 0.000734
1847.000000 0.000732
1848.000000 0.000730
1849.000000 0.000729
1850.000000 0.000726
1851.000000 0.000724
1852.000000 0.000721
1853.000000 0.000720
1854.000000 0.000718
1855.000000 0.000716
1856.000000 0.000713
1857.000000 0.000711
1858.000000 0.000710
1859.000000 0.000708
1860.000000 0.000705
1861.000000 0.000703
1862.000000 0.000701
1863.000000 0.000699
1864.000000 0.000697
1865.000000 0.000695
1866.000000 0.000692
1867.000000 0.000690
1868.000000 0.000689
1869.000000 0.000686
1870.000000 0.000684
1871.000000 0.000682
1872.000000 0.000680
1873.000000 0.000678
1874.000000 0.000676
1875.000000 0.000673
1876.000000 0.000671
1877.000000 0.000669
1878.000000 0.000667
1879.000000 0.000665
1880.000000 0.000663
1881.000000 0.000661
1882.000000 0.000659
1883.000000 0.000657
1884.000000 0.000654
1885.000000 0.000653
1886.000000 0.000650
1887.000000 0.000648
1888.000000 0.000646
1889.000000 0.000644
1890.000000 0.000642
1891.000000 0.000640
1892.000000 0.000637
1893.000000 0.000635
1894.000000 0.000633
1895.000000 0.000631
1896.000000 0.000629
1897.000000 0.000627
1898.000000 0.000625
1899.000000 0.000623
1900.000000 0.000620
1901.000000 0.000618
1902.000000 0.000616
1903.000000 0.000614
1904.000000 0.000612
1905.000000 0.000610
1906.000000 0.000607
1907.000000 0.000606
1908.000000 0.000604
1909.000000 0.000602
1910.000000 0.000600
1911.000000 0.000597
1912.000000 0.000595
1913.000000 0.000593
1914.000000 0.000591
1915.000000 0.000589
1916.000000 0.000587
1917.000000 0.000584
1918.000000 0.000583
1919.000000 0.000581
1920.000000 0.000578
1921.000000 0.000576
1922.000000 0.000574
1923.000000 0.000572
1924.000000 0.000570
1925.000000 0.000568
1926.000000 0.000566
1927.000000 0.000564
1928.000000 0.000561
1929.000000 0.000559
1930.000000 0.000557
1931.000000 0.000555
1932.000000 0.000553
1933.000000 0.000550
1934.000000 0.000549
1935.000000 0.000547
1936.000000 0.000545
1937.000000 0.000543
1938.000000 0.000540
1939.000000 0.000538
1940.000000 0.000536
1941.000000 0.000534
1942.000000 0.000532
1943.000000 0.000530
1944.000000 0.000528
1945.000000 0.000526
1946.000000 0.000524
1947.000000 0.000522
1948.000000 0.000520
1949.000000 0.000518
1950.000000 0.000515
1951.000000 0.000513
1952.000000 0.000511
1953.000000 0.000510
1954.000000 0.000508
1955.000000 0.000505
1956.000000 0.000503
1957.000000 0.000501
1958.000000 0.000499
1959.000000 0.000497
1960.000000 0.000495
1961.000000 0.000493
1962.000000 0.000491
1963.000000 0.000489
1964.000000 0.000487
1965.000000 0.000485
1966.000000 0.000482
1967.000000 0.000481
1968.000000 0.000479
1969.000000 0.000477
1970.000000 0.000475
1971.000000 0.000473
1972.000000 0.000471
1973.000000 0.000469
1974.000000 0.000467
1975.000000 0.000465
1976.000000 0.000463
1977.000000 0.000461
1978.000000 0.000459
1979.000000 0.000457
1980.000000 0.000455
1981.000000 0.000453
1982.000000 0.000451
1983.000000 0.000449
1984.000000 0.000447
1985.000000 0.000445
1986.000000 0.000443
1987.000000 0.000441
1988.000000 0.000439
1989.000000 0.000437
1990.000000 0.000435
1991.000000 0.000433
1992.000000 0.000431
1993.000000 0.000429
1994.000000 0.000427
1995.000000 0.000425
1996.000000 0.000423
1997.000000 0.000421
1998.000000 0.000419
1999.000000 0.000417
2000.000000 0.000416
2001.000000 0.000414
2002.000000 0.000412
2003.000000 0.000410
2004.000000 0.000408
2005.000000 0.000406
2006.000000 0.000404
2007.000000 0.000402
2008.000000 0.000400
2009.000000 0.000398
2010.000000 0.000396
2011.000000 0.000394
2012.000000 0.000393
2013.000000 0.000391
2014.000000 0.000389
2015.000000 0.000387
2016.000000 0.000385
2017.000000 0.000383
2018.000000 0.000381
2019.000000 0.000380
2020.000000 0.000378
2021.000000 0.000376
2022.000000 0.000374
2023.000000 0.000372
2024.000000 0.000370
2025.000000 0.000368
2026.000000 0.000366
2027.000000 0.000365
2028.000000 0.000363
2029.000000 0.000361
2030.000000 0.000359
2031.000000 0.000357
2032.000000 0.000356
2033.000000 0.000354
2034.000000 0.000352
2035.000000 0.000350
2036.000000 0.000348
2037.000000 0.000347
2038.000000 0.000345
2039.000000 0.000343
2040.000000 0.000341
2041.000000 0.000339
2042.000000 0.000338
2043.000000 0.000336
2044.000000 0.000334
2045.000000 0.000333
2046.000000 0.000331
2047.000000 0.000329
2048.000000 0.000327
2049.000000 0.000325
2050.000000 0.000324
2051.000000 0.000322
2052.000000 0.000320
2053.000000 0.000319
2054.000000 0.000317
2055.000000 0.000315
2056.000000 0.000314
2057.000000 0.000312
2058.000000 0.000310
2059.000000 0.000308
2060.000000 0.000307
2061.000000 0.000305
2062.000000 0.000303
2063.000000 0.000302
2064.000000 0.000300
2065.000000 0.000298
2066.000000 0.000297
2067.000000 0.000295
2068.000000 0.000293
2069.000000 0.000292
2070.000000 0.000290
2071.000000 0.000288
2072.000000 0.000287
2073.000000 0.000285
2074.000000 0.000284
2075.000000 0.000282
2076.000000 0.000280
2077.000000 0.000279
2078.000000 0.000277
2079.000000 0.000275
2080.000000 0.000274
2081.000000 0.000272
2082.000000 0.000271
2083.000000 0.000269
2084.000000 0.000267
2085.000000 0.000266
2086.000000 0.000264
2087.000000 0.000263
2088.000000 0.000261
2089.000000 0.000260
2090.000000 0.000258
2091.000000 0.000257
2092.000000 0.000255
2093.000000 0.000254
2094.000000 0.000252
2095.000000 0.000250
2096.000000 0.000249
2097.000000 0.000248
2098.000000 0.000246
2099.000000 0.000245
2100.000000 0.000243
2101.000000 0.000242
2102.000000 0.000240
2103.000000 0.000239
2104.000000 0.000237
2105.000000 0.000236
2106.000000 0.000234
2107.000000 0.000233
2108.000000 0.000231
2109.000000 0.000230
2110.000000 0.000228
2111.000000 0.000227
2112.000000 0.000225
2113.000000 0.000224
2114.000000 0.000223
2115.000000 0.000221
2116.000000 0.000220
2117.000000 0.000218
2118.000000 0.000217
2119.000000 0.000216
2120.000000 0.000214
2121.000000 0.000213
2122.000000 0.000212
2123.000000 0.000210
2124.000000 0.000209
2125.000000 0.000207
2126.000000 0.000206
2127.000000 0.000205
2128.000000 0.000203
2129.000000 0.000202
2130.000000 0.000201
2131.000000 0.000199
2132.000000 0.000198
2133.000000 0.000197
2134.000000 0.000195
2135.000000 0.000194
2136.000000 0.000193
2137.000000 0.000192
2138.000000 0.000190
2139.000000 0.000189
2140.000000 0.000188
2141.000000 0.000186
2142.000000 0.000185
2143.000000 0.000184
2144.000000 0.000183
2145.000000 0.000181
2146.000000 0.000180
2147.000000 0.000179
2148.000000 0.000178
2149.000000 0.000176
2150.000000 0.000175
2151.000000 0.000174
2152.000000 0.000173
2153.000000 0.000171
2154.000000 0.000170
2155.000000 0.000169
2156.000000 0.000168
2157.000000 0.000167
2158.000000 0.000165
2159.000000 0.000164
2160.000000 0.000163
2161.000000 0.000162
2162.000000 0.000161
2163.000000 0.000160
2164.000000 0.000158
2165.000000 0.000157
2166.000000 0.000156
2167.000000 0.000155
2168.000000 0.000154
2169.000000 0.000153
2170.000000 0.000152
2171.000000 0.000151
2172.000000 0.000149
2173.000000 0.000148
2174.000000 0.000147
2175.000000 0.000146
2176.000000 0.000145
2177.000000 0.000144
2178.000000 0.000143
2179.000000 0.000142
2180.000000 0.000141
2181.000000 0.000140
2182.000000 0.000139
2183.000000 0.000137
2184.000000 0.000136
2185.000000 0.000135
2186.000000 0.000134
2187.000000 0.000133
2188.000000 0.000132
2189.000000 0.000131
2190.000000 0.000130
2191.000000 0.000129
2192.000000 0.000128
2193.000000 0.000127
2194.000000 0.000126
2195.000000 0.000125
2196.000000 0.000124
2197.000000 0.000123
2198.000000 0.000122
2199.000000 0.000121
2200.000000 0.000120
2201.000000 0.000119
2202.000000 0.000118
2203.000000 0.000118
2204.000000 0.000117
2205.000000 0.000116
2206.000000 0.000115
2207.000000 0.000114
2208.000000 0.000113
2209.000000 0.000112
2210.000000 0.000111
2211.000000 0.000110
2212.000000 0.000109
2213.000000 0.000108
2214.000000 0.000107
2215.000000 0.000107
2216.000000 0.000106
2217.000000 0.000105
2218.000000 0.000104
2219.000000 0.000103
2220.000000 0.000102
2221.000000 0.000101
2222.000000 0.000100
2223.000000 0.000100
2224.000000 0.000099
2225.000000 0.000098
2226.000000 0.000097
2227.000000 0.000096
2228.000000 0.000095
2229.000000 0.000095
2230.000000 0.000094
2231.000000 0.000093
2232.000000 0.000092
2233.000000 0.000091
2234.000000 0.000091
2235.000000 0.000090
2236.000000 0.000089
2237.000000 0.000088
2238.000000 0.000087
2239.000000 0.000087
2240.000000 0.000086
2241.000000 0.000085
2242.000000 0.000084
2243.000000 0.000084
2244.000000 0.000083
2245.000000 0.000082
2246.000000 0.000081
2247.000000 0.000081
2248.000000 0.000080
2249.000000 0.000079
2250.000000 0.000078
2251.000000 0.000078
2252.000000 0.000077
2253.000000 0.000076
2254.000000 0.000076
2255.000000 0.000075
2256.000000 0.000074
2257.000000 0.000074
2258.000000 0.000073
2259.000000 0.000072
2260.000000 0.000072
2261.000000 0.000071
2262.000000 0.000070
2263.000000 0.000070
2264.000000 0.000069
2265.000000 0.000068
2266.000000 0.000068
2267.000000 0.000067
2268.000000 0.000066
2269.000000 0.000066
2270.000000 0.000065
2271.000000 0.000064
2272.000000 0.000064
2273.000000 0.000063
2274.000000 0.000063
2275.000000 0.000062
2276.000000 0.000061
2277.000000 0.000061
2278.000000 0.000060
2279.000000 0.000060
2280.000000 0.000059
2281.000000 0.000058
2282.000000 0.000058
2283.000000 0.000057
2284.000000 0.000057
2285.000000 0.000056
2286.000000 0.000056
2287.000000 0.000055
2288.000000 0.000054
2289.000000 0.000054
2290.000000 0.000053
2291.000000 0.000053
2292.000000 0.000052
2293.000000 0.000052
2294.000000 0.000051
2295.000000 0.000051
2296.000000 0.000050
2297.000000 0.000050
2298.000000 0.000049
2299.000000 0.000049
2300.000000 0.000048
2301.000000 0.000048
2302.000000 0.000047
2303.000000 0.000047
2304.000000 0.000046
2305.000000 0.000046
2306.000000 0.000045
2307.000000 0.000045
2308.000000 0.000044
2309.000000 0.000044
2310.000000 0.000043
2311.000000 0.000043
2312.000000 0.000042
2313.000000 0.000042
2314.000000 0.000041
2315.000000 0.000041
2316.000000 0.000041
2317.000000 0.000040
2318.000000 0.000040
2319.000000 0.000039
2320.000000 0.000039
2321.000000 0.000038
2322.000000 0.000038
2323.000000 0.000038
2324.000000 0.000037
2325.000000 0.000037
2326.000000 0.000036
2327.000000 0.000036
2328.000000 0.000035
2329.000000 0.000035
2330.000000 0.000035
2331.000000 0.000034
2332.000000 0.000034
2333.000000 0.000034
2334.000000 0.000033
2335.000000 0.000033
2336.000000 0.000032
2337.000000 0.000032
2338.000000 0.000032
2339.000000 0.000031
2340.000000 0.000031
2341.000000 0.000031
2342.000000 0.000030
2343.000000 0.000030
2344.000000 0.000029
2345.000000 0.000029
2346.000000 0.000029
2347.000000 0.000028
2348.000000 0.000028
2349.000000 0.000028
2350.000000 0.000027
2351.000000 0.000027
2352.000000 0.000027
2353.000000 0.000026
2354.000000 0.000026
2355.000000 0.000026
2356.000000 0.000026
2357.000000 0.000025
2358.000000 0.000025
2359.000000 0.000025
2360.000000 0.000024
2361.000000 0.000024
2362.000000 0.000024
2363.000000 0.000023
2364.000000 0.000023
2365.000000 0.000023
2366.000000 0.000023
2367.000000 0.000022
2368.000000 0.000022
2369.000000 0.000022
2370.000000 0.000021
2371.000000 0.000021
2372.000000 0.000021
2373.000000 0.000021
2374.000000 0.000020
2375.000000 0.000020
2376.000000 0.000020
2377.000000 0.000020
2378.000000 0.000019
2379.000000 0.000019
2380.000000 0.000019
2381.000000 0.000019
2382.000000 0.000018
2383.000000 0.000018
2384.000000 0.000018
2385.000000 0.000018
2386.000000 0.000017
2387.000000 0.000017
2388.000000 0.000017
2389.000000 0.000017
2390.000000 0.000016
2391.000000 0.000016
2392.000000 0.000016
2393.000000 0.000016
2394.000000 0.000016
2395.000000 0.000015
2396.000000 0.000015
2397.000000 0.000015
2398.000000 0.000015
2399.000000 0.000015
2400.000000 0.000014
2401.000000 0.000014
2402.000000 0.000014
2403.000000 0.000014
2404.000000 0.000014
2405.000000 0.000013
2406.000000 0.000013
2407.000000 0.000013
2408.000000 0.000013
2409.000000 0.000013
2410.000000 0.000013
2411.000000 0.000012
2412.000000 0.000012
2413.000000 0.000012
2414.000000 0.000012
2415.000000 0.000012
2416.000000 0.000011
2417.000000 0.000011
2418.000000 0.000011
2419.000000 0.000011
2420.000000 0.000011
2421.000000 0.000011
2422.000000 0.000011
2423.000000 0.000010
2424.000000 0.000010
2425.000000 0.000010
2426.000000 0.000010
2427.000000 0.000010
2428.000000 0.000010
2429.000000 0.000009
2430.000000 0.000009
2431.000000 0.000009
2432.000000 0.000009
2433.000000 0.000009
2434.000000 0.000009
2435.000000 0.000009
2436.000000 0.000009
2437.000000 0.000008
2438.000000 0.000008
2439.000000 0.000008
2440.000000 0.000008
2441.000000 0.000008
2442.000000 0.000008
2443.000000 0.000008
2444.000000 0.000008
2445.000000 0.000007
2446.000000 0.000007
2447.000000 0.000007
2448.000000 0.000007
2449.000000 0.000007
2450.000000 0.000007
2451.000000 0.000007
2452.000000 0.000007
2453.000000 0.000006
2454.000000 0.000006
2455.000000 0.000006
2456.000000 0.000006
2457.000000 0.000006
2458.000000 0.000006
2459.000000 0.000006
2460.000000 0.000006
2461.000000 0.000006
2462.000000 0.000006
2463.000000 0.000006
2464.000000 0.000005
2465.000000 0.000005
2466.000000 0.000005
2467.000000 0.000005
2468.000000 0.000005
2469.000000 0.000005
2470.000000 0.000005
2471.000000 0.000005
2472.000000 0.000005
2473.000000 0.000005
2474.000000 0.000005
2475.000000 0.000004
2476.000000 0.000004
2477.000000 0.000004
2478.000000 0.000004
2479.000000 0.000004
2480.000000 0.000004
2481.000000 0.000004
2482.000000 0.000004
2483.000000 0.000004
2484.000000 0.000004
2485.000000 0.000004
2486.000000 0.000004
2487.000000 0.000004
2488.000000 0.000004
2489.000000 0.000004
2490.000000 0.000003
2491.000000 0.000003
2492.000000 0.000003
2493.000000 0.000003
2494.000000 0.000003
2495.000000 0.000003
2496.000000 0.000003
2497.000000 0.000003
2498.000000 0.000003
2499.000000 0.000003
2500.000000 0.000003
2501.000000 0.000003
2502.000000 0.000003
2503.000000 0.000003
2504.000000 0.000003
2505.000000 0.000003
2506.000000 0.000003
2507.000000 0.000003
2508.000000 0.000002
2509.000000 0.000002
2510.000000 0.000002
2511.000000 0.000002
2512.000000 0.000002
2513.000000 0.000002
2514.000000 0.000002
2515.000000 0.000002
2516.000000 0.000002
2517.000000 0.000002
2518.000000 0.000002
2519.000000 0.000002
2520.000000 0.000002
2521.000000 0.000002
2522.000000 0.000002
2523.000000 0.000002
2524.000000 0.000002
2525.000000 0.000002
2526.000000 0.000002
2527.000000 0.000002
2528.000000 0.000002
2529.000000 0.000002
2530.000000 0.000002
2531.000000 0.000002
2532.000000 0.000002
2533.000000 0.000001
2534.000000 0.000001
2535.000000 0.000001
2536.000000 0.000001
2537.000000 0.000001
2538.000000 0.000001
2539.000000 0.000001
2540.000000 0.000001
2541.000000 0.000001
2542.000000 0.000001
2543.000000 0.000001
2544.000000 0.000001
2545.000000 0.000001
2546.000000 0.000001
2547.000000 0.000001
2548.000000 0.000001
2549.000000 0.000001
2550.000000 0.000001
2551.000000 0.000001
2552.000000 0.000001
2553.000000 0.000001
2554.000000 0.000001
2555.000000 0.000001
2556.000000 0.000001
2557.000000 0.000001
2558.000000 0.000001
2559.000000 0.000001
2560.000000 0.000001
2561.000000 0.000001
2562.000000 0.000001
2563.000000 0.000001
2564.000000 0.000001
2565.000000 0.000001
2566.000000 0.000001
2567.000000 0.000001
2568.000000 0.000001
2569.000000 0.000001
2570.000000 0.000001
2571.000000 0.000001
2572.000000 0.000001
2573.000000 0.000001
2574.000000 0.000001
2575.000000 0.000001
2576.000000 0.000001
2577.000000 0.000001
2578.000000 0.000001
2579.000000 0.000001
2580.000000 0.000001
2581.000000 0.000000
2582.000000 0.000000
2583.000000 0.000000
2584.000000 0.000000
2585.000000 0.000000
2586.000000 0.000000
2587.000000 0.000000
2588.000000 0.000000
2589.000000 0.000000
2590.000000 0.000000
2591.000000 0.000000
2592.000000 0.000000
2593.000000 0.000000
2594.000000 0.000000
2595.000000 0.000000
2596.000000 0.000000
2597.000000 0.000000
2598.000000 0.000000
2599.000000 0.000000
2600.000000 0.000000
2601.000000 0.000000
2602.000000 0.000000
2603.000000 0.000000
2604.000000 0.000000
2605.000000 0.000000
2606.000000 0.000000
2607.000000 0.000000
2608.000000 0.000000
2609.000000 0.000000
2610.000000 0.000000
2611.000000 0.000000
2612.000000 0.000000
2613.000000 0.000000
2614.000000 0.000000
2615.000000 0.000000
2616.000000 0.000000
2617.000000 0.000000
2618.000000 0.000000
2619.000000 0.000000
2620.000000 0.000000
2621.000000 0.000000
2622.000000 0.000000
2623.000000 0.000000
2624.000000 0.000000
2625.000000 0.000000
2626.000000 0.000000
2627.000000 0.000000
2628.000000 0.000000
2629.000000 0.000000
2630.000000 0.000000
2631.000000 0.000000
2632.000000 0.000000
2633.000000 0.000000
2634.000000 0.000000
2635.000000 0.000000
2636.000000 0.000000
2637.000000 0.000000
2638.000000 0.000000
2639.000000 0.000000
2640.000000 0.000000
2641.000000 0.000000
2642.000000 0.000000
2643.000000 0.000000
2644.000000 0.000000
2645.000000 0.000000
2646.000000 0.000000
2647.000000 0.000000
2648.000000 0.000000
2649.000000 0.000000
2650.000000 0.000000
2651.000000 0.000000
2652.000000 0.000000
2653.000000 0.000000
2654.000000 0.000000
2655.000000 0.000000
2656.000000 0.000000
2657.000000 0.000000
2658.000000 0.000000
2659.000000 0.000000
2660.000000 0.000000
2661.000000 0.000000
2662.000000 0.000000
2663.000000 0.000000
2664.000000 0.000000
2665.000000 0.000000
2666.000000 0.000000
2667.000000 0.000000
2668.000000 0.000000
2669.000000 0.000000
2670.000000 0.000000
2671.000000 0.000000
2672.000000 0.000000
2673.000000 0.000000
2674.000000 0.000000
2675.000000 0.000000
2676.000000 0.000000
2677.000000 0.000000
2678.000000 0.000000
2679.000000 0.000000
2680.000000 0.000000
2681.000000 0.000000
2682.000000 0.000000
2683.000000 0.000000
2684.000000 0.000000
2685.000000 0.000000
2686.000000 0.000000
2687.000000 0.000000
2688.000000 0.000000
2689.000000 0.000000
2690.000000 0.000000
2691.000000 0.000000
2692.000000 0.000000
2693.000000 0.000000
2694.000000 0.000000
2695.000000 0.000000
2696.000000 0.000000
2697.000000 0.000000
2698.000000 0.000000
2699.000000 0.000000
2700.000000 0.000000
2701.000000 0.000000
2702.000000 0.000000
2703.000000 0.000000
2704.000000 0.000000
2705.000000 0.000000
2706.000000 0.000000
2707.000000 0.000000
2708.000000 0.000000
2709.000000 0.000000
2710.000000 0.000000
2711.000000 0.000000
2712.000000 0.000000
2713.000000 0.000000
2714.000000 0.000000
2715.000000 0.000000
2716.000000 0.000000
2717.000000 0.000000
2718.000000 0.000000
2719.000000 0.000000
2720.000000 0.000000
2721.000000 0.000000
2722.000000 0.000000
2723.000000 0.000000
2724.000000 0.000000
2725.000000 0.000000
2726.000000 0.000000
2727.000000 0.000000
2728.000000 0.000000
2729.000000 0.000000
2730.000000 0.000000
2731.000000 0.000000
2732.000000 0.000000
2733.000000 0.000000
2734.000000 0.000000
2735.000000 0.000000
2736.000000 0.000000
2737.000000 0.000000
2738.000000 0.000000
2739.000000 0.000000
2740.000000 0.000000
2741.000000 0.000000
2742.000000 0.000000
2743.000000 0.000000
2744.000000 0.000000
2745.000000 0.000000
2746.000000 0.000000
2747.000000 0.000000
2748.000000 0.000000
2749.000000 0.000000
2750.000000 0.000000
2751.000000 0.000000
2752.000000 0.000000
2753.000000 0.000000
2754.000000 0.000000
2755.000000 0.000000
2756.000000 0.000000
2757.000000 0.000000
2758.000000 0.000000
2759.000000 0.000000
2760.000000 0.000000
2761.000000 0.000000
2762.000000 0.000000
2763.000000 0.000000
2764.000000 0.000000
2765.000000 0.000000
2766.000000 0.000000
2767.000000 0.000000
2768.000000 0.000000
2769.000000 0.000000
2770.000000 0.000000
2771.000000 0.000000
2772.000000 0.000000
2773.000000 0.000000
2774.000000 0.000000
2775.000000 0.000000
2776.000000 0.000000
2777.000000 0.000000
2778.000000 0.000000
2779.000000 0.000000
2780.000000 0.000000
2781.000000 0.000000
2782.000000 0.000000
2783.000000 0.000000
2784.000000 0.000000
2785.000000 0.000000
2786.000000 0.000000
2787.000000 0.000000
2788.000000 0.000000
2789.000000 0.000000
2790.000000 0.000000
2791.000000 0.000000
2792.000000 0.000000
2793.000000 0.000000
2794.000000 0.000000
2795.000000 0.000000
2796.000000 0.000000
2797.000000 0.000000
2798.000000 0.000000
2799.000000 0.000000
2800.000000 0.000000
2801.000000 0.000000
2802.000000 0.000000
2803.000000 0.000000
2804.000000 0.000000
2805.000000 0.000000
2806.000000 0.000000
2807.000000 0.000000
2808.000000 0.000000
2809.000000 0.000000
2810.000000 0.000000
2811.000000 0.000000
2812.000000 0.000000
2813.000000 0.000000
2814.000000 0.000000
2815.000000 0.000000
2816.000000 0.000000
2817.000000 0.000000
2818.000000 0.000000
2819.000000 0.000000
2820.000000 0.000000
2821.000000 0.000000
2822.000000 0.000000
2823.000000 0.000000
2824.000000 0.000000
2825.000000 0.000000
2826.000000 0.000000
2827.000000 0.000000
2828.000000 0.000000
2829.000000 0.000000
2830.000000 0.000000
2831.000000 0.000000
2832.000000 0.000000
2833.000000 0.000000
2834.000000 0.000000
2835.000000 0.000000
2836.000000 0.000000
2837.000000 0.000000
2838.000000 0.000000
2839.000000 0.000000
2840.000000 0.000000
2841.000000 0.000000
2842.000000 0.000000
2843.000000 0.000000
2844.000000 0.000000
2845.000000 0.000000
2846.000000 0.000000
2847.000000 0.000000
2848.000000 0.000000
2849.000000 0.000000
2850.000000 0.000000
2851.000000 0.000000
2852.000000 0.000000
2853.000000 0.000000
2854.000000 0.000000
2855.000000 0.000000
2856.000000 0.000000
2857.000000 0.000000
2858.000000 0.000000
2859.000000 0.000000
2860.000000 0.000000
2861.000000 0.000000
2862.000000 0.000000
2863.000000 0.000000
2864.000000 0.000000
2865.000000 0.000000
2866.000000 0.000000
2867.000000 0.000000
2868.000000 0.000000
2869.000000 0.000000
2870.000000 0.000000
2871.000000 0.000000
2872.000000 0.000000
2873.000000 0.000000
2874.000000 0.000000
2875.000000 0.000000
2876.000000 0.000000
2877.000000 0.000000
2878.000000 0.000000
2879.000000 0.000000
2880.000000 0.000000
2881.000000 0.000000
2882.000000 0.000000
2883.000000 0.000000
2884.000000 0.000000
2885.000000 0.000000
2886.000000 0.000000
2887.000000 0.000000
2888.000000 0.000000
2889.000000 0.000000
2890.000000 0.000000
2891.000000 0.000000
2892.000000 0.000000
2893.000000 0.000000
2894.000000 0.000000
2895.000000 0.000000
2896.000000 0.000000
2897.000000 0.000000
2898.000000 0.000000
2899.000000 0.000000
2900.000000 0.000000
2901.000000 0.000000
2902.000000 0.000000
2903.000000 0.000000
2904.000000 0.000000
2905.000000 0.000000
2906.000000 0.000000
2907.000000 0.000000
2908.000000 0.000000
2909.000000 0.000000
2910.000000 0.000000
2911.000000 0.000000
2912.000000 0.000000
2913.000000 0.000000
2914.000000 0.000000
2915.000000 0.000000
2916.000000 0.000000
2917.000000 0.000000
2918.000000 0.000000
2919.000000 0.000000
2920.000000 0.000000
2921.000000 0.000000
2922.000000 0.000000
2923.000000 0.000000
2924.000000 0.000000
2925.000000 0.000000
2926.000000 0.000000
2927.000000 0.000000
2928.000000 0.000000
2929.000000 0.000000
2930.000000 0.000000
2931.000000 0.000000
2932.000000 0.000000
2933.000000 0.000000
2934.000000 0.000000
2935.000000 0.000000
2936.000000 0.000000
2937.000000 0.000000
2938.000000 0.000000
2939.000000 0.000000
2940.000000 0.000000
2941.000000 0.000000
2942.000000 0.000000
2943.000000 0.000000
2944.000000 0.000000
2945.000000 0.000000
2946.000000 0.000000
2947.000000 0.000000
2948.000000 0.000000
2949.000000 0.000000
2950.000000 0.000000
2951.000000 0.000000
2952.000000 0.000000
2953.000000 0.000000
2954.000000 0.000000
2955.000000 0.000000
2956.000000 0.000000
2957.000000 0.000000
2958.000000 0.000000
2959.000000 0.000000
2960.000000 0.000000
2961.000000 0.000000
2962.000000 0.000000
2963.000000 0.000000
2964.000000 0.000000
2965.000000 0.000000
2966.000000 0.000000
2967.000000 0.000000
2968.000000 0.000000
2969.000000 0.000000
2970.000000 0.000000
2971.000000 0.000000
2972.000000 0.000000
2973.000000 0.000000
2974.000000 0.000000
2975.000000 0.000000
2976.000000 0.000000
2977.000000 0.000000
2978.000000 0.000000
2979.000000 0.000000
2980.000000 0.000000
2981.000000 0.000000
2982.000000 0.000000
2983.000000 0.000000
2984.000000 0.000000
2985.000000 0.000000
2986.000000 0.000000
2987.000000 0.000000
2988.000000 0.000000
2989.000000 0.000000
2990.000000 0.000000
2991.000000 0.000000
2992.000000 0.000000
2993.000000 0.000000
2994.000000 0.000000
2995.000000 0.000000
2996.000000 0.000000
2997.000000 0.000000
2998.000000 0.000000
2999.000000 0.000000
3000.000000 0.000000
