n lam mean variance std
3000 0.240000 1500.500000 208936.721050 457.095965
bin_midpoint probability
1.000000 0.000000
2.000000 0.000000
3.000000 0.000000
4.000000 0.000000
5.000000 0.000000
6.000000 0.000000
7.000000 0.000000
8.000000 0.000000
9.000000 0.000000
10.000000 0.000000
11.000000 0.000000
12.000000 0.000000
13.000000 0.000000
14.000000 0.000000
15.000000 0.000000
16.000000 0.000000
17.000000 0.000000
18.000000 0.000000
19.000000 0.000000
20.000000 0.000000
21.000000 0.000000
22.000000 0.000000
23.000000 0.000000
24.000000 0.000000
25.000000 0.000000
26.000000 0.000000
27.000000 0.000000
28.000000 0.000000
29.000000 0.000000
30.000000 0.000000
31.000000 0.000000
32.000000 0.000000
33.000000 0.000000
34.000000 0.000000
35.000000 0.000000
36.000000 0.000000
37.000000 0.000000
38.000000 0.000000
39.000000 0.000000
40.000000 0.000000
41.000000 0.000000
42.000000 0.000000
43.000000 0.000000
44.000000 0.000000
45.000000 0.000000
46.000000 0.000000
47.000000 0.000000
48.000000 0.000000
49.000000 0.000000
50.000000 0.000000
51.000000 0.000000
52.000000 0.000000
53.000000 0.000000
54.000000 0.000000
55.000000 0.000000
56.000000 0.000000
57.000000 0.000000
58.000000 0.000000
59.000000 0.000000
60.000000 0.000000
61.000000 0.000000
62.000000 0.000000
63.000000 0.000000
64.000000 0.000000
65.000000 0.000000
66.000000 0.000000
67.000000 0.000000
68.000000 0.000000
69.000000 0.000000
70.000000 0.000000
71.000000 0.000000
72.000000 0.000000
73.000000 0.000000
74.000000 0.000000
75.000000 0.000000
76.000000 0.000000
77.000000 0.000000
78.000000 0.000000
79.000000 0.000000
80.000000 0.000000
81.000000 0.000000
82.000000 0.000000
83.000000 0.000000
84.000000 0.000000
85.000000 0.000000
86.000000 0.000000
87.000000 0.000000
88.000000 0.000000
89.000000 0.000000
90.000000 0.000000
91.000000 0.000000
92.000000 0.000000
93.000000 0.000000
94.000000 0.000000
95.000000 0.000000
96.000000 0.000000
97.000000 0.000000
98.000000 0.000000
99.000000 0.000000
100.000000 0.000000
101.000000 0.000000
102.000000 0.000000
103.000000 0.000000
104.000000 0.000000
105.000000 0.000000
106.000000 0.000000
107.000000 0.000000
108.000000 0.000000
109.000000 0.000000
110.000000 0.000000
111.000000 0.000000
112.000000 0.000000
113.000000 0.000000
114.000000 0.000000
115.000000 0.000000
116.000000 0.000000
117.000000 0.000000
118.000000 0.000000
119.000000 0.000000
120.000000 0.000000
121.000000 0.000000
122.000000 0.000000
123.000000 0.000000
124.000000 0.000000
125.000000 0.000000
126.000000 0.000000
127.000000 0.000000
128.000000 0.000000
129.000000 0.000000
130.000000 0.000000
131.000000 0.000000
132.000000 0.000000
133.000000 0.000000
134.000000 0.000000
135.000000 0.000000
136.000000 0.000000
137.000000 0.000000
138.000000 0.000000
139.000000 0.000000
140.000000 0.000000
141.000000 0.000000
142.000000 0.000000
143.000000 0.000000
144.000000 0.000000
145.000000 0.000000
146.000000 0.000000
147.000000 0.000000
148.000000 0.000000
149.000000 0.000000
150.000000 0.000000
151.000000 0.000000
152.000000 0.000000
153.000000 0.000000
154.000000 0.000000
155.000000 0.000000
156.000000 0.000000
157.000000 0.000000
158.000000 0.000000
159.000000 0.000000
160.000000 0.000000
161.000000 0.000000
162.000000 0.000000
163.000000 0.000000
164.000000 0.000000
165.000000 0.000000
166.000000 0.000000
167.000000 0.000000
168.000000 0.000001
169.000000 0.000001
170.000000 0.000001
171.000000 0.000001
172.000000 0.000001
173.000000 0.000001
174.000000 0.000001
175.000000 0.000001
176.000000 0.000001
177.000000 0.000001
178.000000 0.000001
179.000000 0.000001
180.000000 0.000001
181.000000 0.000001
182.000000 0.000001
183.000000 0.000001
184.000000 0.000001
185.000000 0.000001
186.000000 0.000001
187.000000 0.000001
188.000000 0.000001
189.000000 0.000001
190.000000 0.000001
191.000000 0.000001
192.000000 0.000001
193.000000 0.000001
194.000000 0.000001
195.000000 0.000001
196.000000 0.000001
197.000000 0.000001
198.000000 0.000001
199.000000 0.000001
200.000000 0.000001
201.000000 0.000001
202.000000 0.000001
203.000000 0.000001
204.000000 0.000001
205.000000 0.000002
206.000000 0.000002
207.000000 0.000002
208.000000 0.000002
209.000000 0.000002
210.000000 0.000002
211.000000 0.000002
212.000000 0.000002
213.000000 0.000002
214.000000 0.000002
215.000000 0.000002
216.000000 0.000002
217.000000 0.000002
218.000000 0.000002
219.000000 0.000002
220.000000 0.000002
221.000000 0.000002
222.000000 0.000002
223.000000 0.000002
224.000000 0.000002
225.000000 0.000002
226.000000 0.000003
227.000000 0.000003
228.000000 0.000003
229.000000 0.000003
230.000000 0.000003
231.000000 0.000003
232.000000 0.000003
233.000000 0.000003
234.000000 0.000003
235.000000 0.000003
236.000000 0.000003
237.000000 0.000003
238.000000 0.000003
239.000000 0.000003
240.000000 0.000003
241.000000 0.000004
242.000000 0.000004
243.000000 0.000004
244.000000 0.000004
245.000000 0.000004
246.000000 0.000004
247.000000 0.000004
248.000000 0.000004
249.000000 0.000004
250.000000 0.000004
251.000000 0.000004
252.000000 0.000004
253.000000 0.000004
254.000000 0.000005
255.000000 0.000005
256.000000 0.000005
257.000000 0.000005
258.000000 0.000005
259.000000 0.000005
260.000000 0.000005
261.000000 0.000005
262.000000 0.000005
263.000000 0.000005
264.000000 0.000006
265.000000 0.000006
266.000000 0.000006
267.000000 0.000006
268.000000 0.000006
269.000000 0.000006
270.000000 0.000006
271.000000 0.000006
272.000000 0.000006
273.000000 0.000006
274.000000 0.000007
275.000000 0.000007
276.000000 0.000007
277.000000 0.000007
278.000000 0.000007
279.000000 0.000007
280.000000 0.000007
281.000000 0.000007
282.000000 0.000008
283.000000 0.000008
284.000000 0.000008
285.000000 0.000008
286.000000 0.000008
287.000000 0.000008
288.000000 0.000008
289.000000 0.000009
290.000000 0.000009
291.000000 0.000009
292.000000 0.000009
293.000000 0.000009
294.000000 0.000009
295.000000 0.000009
296.000000 0.000010
297.000000 0.000010
298.000000 0.000010
299.000000 0.000010
300.000000 0.000010
301.000000 0.000010
302.000000 0.000010
303.000000 0.000011
304.000000 0.000011
305.000000 0.000011
306.000000 0.000011
307.000000 0.000011
308.000000 0.000011
309.000000 0.000012
310.000000 0.000012
311.000000 0.000012
312.000000 0.000012
313.000000 0.000012
314.000000 0.000013
315.000000 0.000013
316.000000 0.000013
317.000000 0.000013
318.000000 0.000013
319.000000 0.000013
320.000000 0.000014
321.000000 0.000014
322.000000 0.000014
323.000000 0.000014
324.000000 0.000014
325.000000 0.000015
326.000000 0.000015
327.000000 0.000015
328.000000 0.000015
329.000000 0.000015
330.000000 0.000016
331.000000 0.000016
332.000000 0.000016
333.000000 0.000016
334.000000 0.000017
335.000000 0.000017
336.000000 0.000017
337.000000 0.000017
338.000000 0.000017
339.000000 0.000018
340.000000 0.000018
341.000000 0.000018
342.000000 0.000018
343.000000 0.000019
344.000000 0.000019
345.000000 0.000019
346.000000 0.000019
347.000000 0.000020
348.000000 0.000020
349.000000 0.000020
350.000000 0.000020
351.000000 0.000021
352.000000 0.000021
353.000000 0.000021
354.000000 0.000021
355.000000 0.000022
356.000000 0.000022
357.000000 0.000022
358.000000 0.000022
359.000000 0.000023
360.000000 0.000023
361.000000 0.000023
362.000000 0.000024
363.000000 0.000024
364.000000 0.000024
365.000000 0.000024
366.000000 0.000025
367.000000 0.000025
368.000000 0.000025
369.000000 0.000026
370.000000 0.000026
371.000000 0.000026
372.000000 0.000026
373.000000 0.000027
374.000000 0.000027
375.000000 0.000027
376.000000 0.000028
377.000000 0.000028
378.000000 0.000028
379.000000 0.000029
380.000000 0.000029
381.000000 0.000029
382.000000 0.000030
383.000000 0.000030
384.000000 0.000030
385.000000 0.000031
386.000000 0.000031
387.000000 0.000031
388.000000 0.000032
389.000000 0.000032
390.000000 0.000032
391.000000 0.000033
392.000000 0.000033
393.000000 0.000033
394.000000 0.000034
395.000000 0.000034
396.000000 0.000034
397.000000 0.000035
398.000000 0.000035
399.000000 0.000035
400.000000 0.000036
401.000000 0.000036
402.000000 0.000037
403.000000 0.000037
404.000000 0.000037
405.000000 0.000038
406.000000 0.000038
407.000000 0.000038
408.000000 0.000039
409.000000 0.000039
410.000000 0.000040
411.000000 0.000040
412.000000 0.000040
413.000000 0.000041
414.000000 0.000041
415.000000 0.000042
416.000000 0.000042
417.000000 0.000042
418.000000 0.000043
419.000000 0.000043
420.000000 0.000044
421.000000 0.000044
422.000000 0.000044
423.000000 0.000045
424.000000 0.000045
425.000000 0.000046
426.000000 0.000046
427.000000 0.000047
428.000000 0.000047
429.000000 0.000047
430.000000 0.000048
431.000000 0.000048
432.000000 0.000049
433.000000 0.000049
434.000000 0.000050
435.000000 0.000050
436.000000 0.000050
437.000000 0.000051
438.000000 0.000051
439.000000 0.000052
440.000000 0.000052
441.000000 0.000053
442.000000 0.000053
443.000000 0.000054
444.000000 0.000054
445.000000 0.000055
446.000000 0.000055
447.000000 0.000056
448.000000 0.000056
449.000000 0.000056
450.000000 0.000057
451.000000 0.000057
452.000000 0.000058
453.000000 0.000058
454.000000 0.000059
455.000000 0.000059
456.000000 0.000060
457.000000 0.000060
458.000000 0.000061
459.000000 0.000061
460.000000 0.000062
461.000000 0.000062
462.000000 0.000063
463.000000 0.000063
464.000000 0.000064
465.000000 0.000064
466.000000 0.000065
467.000000 0.000065
468.000000 0.000066
469.000000 0.000066
470.000000 0.000067
471.000000 0.000067
472.000000 0.000068
473.000000 0.000069
474.000000 0.000069
475.000000 0.000070
476.000000 0.000070
477.000000 0.000071
478.000000 0.000071
479.000000 0.000072
480.000000 0.000072
481.000000 0.000073
482.000000 0.000073
483.000000 0.000074
484.000000 0.000074
485.000000 0.000075
486.000000 0.000076
487.000000 0.000076
488.000000 0.000077
489.000000 0.000077
490.000000 0.000078
491.000000 0.000078
492.000000 0.000079
493.000000 0.000080
494.000000 0.000080
495.000000 0.000081
496.000000 0.000081
497.000000 0.000082
498.000000 0.000082
499.000000 0.000083
500.000000 0.000084
501.000000 0.000084
502.000000 0.000085
503.000000 0.000085
504.000000 0.000086
505.000000 0.000087
506.000000 0.000087
507.000000 0.000088
508.000000 0.000088
509.000000 0.000089
510.000000 0.000089
511.000000 0.000090
512.000000 0.000091
513.000000 0.000091
514.000000 0.000092
515.000000 0.000093
516.000000 0.000093
517.000000 0.000094
518.000000 0.000094
519.000000 0.000095
520.000000 0.000096
521.000000 0.000096
522.000000 0.000097
523.000000 0.000097
524.000000 0.000098
525.000000 0.000099
526.000000 0.000099
527.000000 0.000100
528.000000 0.000101
529.000000 0.000101
530.000000 0.000102
531.000000 0.000103
532.000000 0.000103
533.000000 0.000104
534.000000 0.000104
535.000000 0.000105
536.000000 0.000106
537.000000 0.000106
538.000000 0.000107
539.000000 0.000108
540.000000 0.000108
541.000000 0.000109
542.000000 0.000110
543.000000 0.000110
544.000000 0.000111
545.000000 0.000112
546.000000 0.000112
547.000000 0.000113
548.000000 0.000114
549.000000 0.000114
550.000000 0.000115
551.000000 0.000116
552.000000 0.000116
553.000000 0.000117
554.000000 0.000118
555.000000 0.000118
556.000000 0.000119
557.000000 0.000120
558.000000 0.000120
559.000000 0.000121
560.000000 0.000122
561.000000 0.000123
562.000000 0.000123
563.000000 0.000124
564.000000 0.000125
565.000000 0.000125
566.000000 0.000126
567.000000 0.000127
568.000000 0.000127
569.000000 0.000128
570.000000 0.000129
571.000000 0.000129
572.000000 0.000130
573.000000 0.000131
574.000000 0.000132
575.000000 0.000132
576.000000 0.000133
577.000000 0.000134
578.000000 0.000134
579.000000 0.000135
580.000000 0.000136
581.000000 0.000137
582.000000 0.000137
583.000000 0.000138
584.000000 0.000139
585.000000 0.000139
586.000000 0.000140
587.000000 0.000141
588.000000 0.000142
589.000000 0.000142
590.000000 0.000143
591.000000 0.000144
592.000000 0.000145
593.000000 0.000145
594.000000 0.000146
595.000000 0.000147
596.000000 0.000148
597.000000 0.000148
598.000000 0.000149
599.000000 0.000150
600.000000 0.000150
601.000000 0.000151
602.000000 0.000152
603.000000 0.000153
604.000000 0.000153
605.000000 0.000154
606.000000 0.000155
607.000000 0.000156
608.000000 0.000156
609.000000 0.000157
610.000000 0.000158
611.000000 0.000159
612.000000 0.000159
613.000000 0.000160
614.000000 0.000161
615.000000 0.000162
616.000000 0.000163
617.000000 0.000163
618.000000 0.000164
619.000000 0.000165
620.000000 0.000166
621.000000 0.000166
622.000000 0.000167
623.000000 0.000168
624.000000 0.000169
625.000000 0.000169
626.000000 0.000170
627.000000 0.000171
628.000000 0.000172
629.000000 0.000173
630.000000 0.000173
631.000000 0.000174
632.000000 0.000175
633.000000 0.000176
634.000000 0.000176
635.000000 0.000177
636.000000 0.000178
637.000000 0.000179
638.000000 0.000180
639.000000 0.000180
640.000000 0.000181
641.000000 0.000182
642.000000 0.000183
643.000000 0.000184
644.000000 0.000184
645.000000 0.000185
646.000000 0.000186
647.000000 0.000187
648.000000 0.000187
649.000000 0.000188
650.000000 0.000189
651.000000 0.000190
652.000000 0.000191
653.000000 0.000191
654.000000 0.000192
655.000000 0.000193
656.000000 0.000194
657.000000 0.000195
658.000000 0.000196
659.000000 0.000196
660.000000 0.000197
661.000000 0.000198
662.000000 0.000199
663.000000 0.000200
664.000000 0.000200
665.000000 0.000201
666.000000 0.000202
667.000000 0.000203
668.000000 0.000204
669.000000 0.000204
670.000000 0.000205
671.000000 0.000206
672.000000 0.000207
673.000000 0.000208
674.000000 0.000209
675.000000 0.000209
676.000000 0.000210
677.000000 0.000211
678.000000 0.000212
679.000000 0.000213
680.000000 0.000214
681.000000 0.000214
682.000000 0.000215
683.000000 0.000216
684.000000 0.000217
685.000000 0.000218
686.000000 0.000219
687.000000 0.000219
688.000000 0.000220
689.000000 0.000221
690.000000 0.000222
691.000000 0.000223
692.000000 0.000224
693.000000 0.000224
694.000000 0.000225
695.000000 0.000226
696.000000 0.000227
697.000000 0.000228
698.000000 0.000229
699.000000 0.000229
700.000000 0.000230
701.000000 0.000231
702.000000 0.000232
703.000000 0.000233
704.000000 0.000234
705.000000 0.000235
706.000000 0.000235
707.000000 0.000236
708.000000 0.000237
709.000000 0.000238
710.000000 0.000239
711.000000 0.000240
712.000000 0.000241
713.000000 0.000241
714.000000 0.000242
715.000000 0.000243
716.000000 0.000244
717.000000 0.000245
718.000000 0.000246
719.000000 0.000247
720.000000 0.000247
721.000000 0.000248
722.000000 0.000249
723.000000 0.000250
724.000000 0.000251
725.000000 0.000252
726.000000 0.000253
727.000000 0.000254
728.000000 0.000254
729.000000 0.000255
730.000000 0.000256
731.000000 0.000257
732.000000 0.000258
733.000000 0.000259
734.000000 0.000260
735.000000 0.000261
736.000000 0.000261
737.000000 0.000262
738.000000 0.000263
739.000000 0.000264
740.000000 0.000265
741.000000 0.000266
742.000000 0.000267
743.000000 0.000268
744.000000 0.000268
745.000000 0.000269
746.000000 0.000270
747.000000 0.000271
748.000000 0.000272
749.000000 0.000273
750.000000 0.000274
751.000000 0.000275
752.000000 0.000276
753.000000 0.000276
754.000000 0.000277
755.000000 0.000278
756.000000 0.000279
757.000000 0.000280
758.000000 0.000281
759.000000 0.000282
760.000000 0.000283
761.000000 0.000284
762.000000 0.000285
763.000000 0.000285
764.000000 0.000286
765.000000 0.000287
766.000000 0.000288
767.000000 0.000289
768.000000 0.000290
769.000000 0.000291
770.000000 0.000292
771.000000 0.000293
772.000000 0.000294
773.000000 0.000294
774.000000 0.000295
775.000000 0.000296
776.000000 0.000297
777.000000 0.000298
778.000000 0.000299
779.000000 0.000300
780.000000 0.000301
781.000000 0.000302
782.000000 0.000303
783.000000 0.000304
784.000000 0.000304
785.000000 0.000305
786.000000 0.000306
787.000000 0.000307
788.000000 0.000308
789.000000 0.000309
790.000000 0.000310
791.000000 0.000311
792.000000 0.000312
793.000000 0.000313
794.000000 0.000314
795.000000 0.000315
796.000000 0.000315
797.000000 0.000316
798.000000 0.000317
799.000000 0.000318
800.000000 0.000319
801.000000 0.000320
802.000000 0.000321
803.000000 0.000322
804.000000 0.000323
805.000000 0.000324
806.000000 0.000325
807.000000 0.000326
808.000000 0.000327
809.000000 0.000328
810.000000 0.000328
811.000000 0.000329
812.000000 0.000330
813.000000 0.000331
814.000000 0.000332
815.000000 0.000333
816.000000 0.000334
817.000000 0.000335
818.000000 0.000336
819.000000 0.000337
820.000000 0.000338
821.000000 0.000339
822.000000 0.000340
823.000000 0.000341
824.000000 0.000342
825.000000 0.000343
826.000000 0.000343
827.000000 0.000344
828.000000 0.000345
829.000000 0.000346
830.000000 0.000347
831.000000 0.000348
832.000000 0.000349
833.000000 0.000350
834.000000 0.000351
835.000000 0.000352
836.000000 0.000353
837.000000 0.000354
838.000000 0.000355
839.000000 0.000356
840.000000 0.000357
841.000000 0.000358
842.000000 0.000359
843.000000 0.000360
844.000000 0.000360
845.000000 0.000361
846.000000 0.000362
847.000000 0.000363
848.000000 0.000364
849.000000 0.000365
850.000000 0.000366
851.000000 0.000367
852.000000 0.000368
853.000000 0.000369
854.000000 0.000370
855.000000 0.000371
856.000000 0.000372
857.000000 0.000373
858.000000 0.000374
859.000000 0.000375
860.000000 0.000376
861.000000 0.000377
862.000000 0.000378
863.000000 0.000379
864.000000 0.000380
865.000000 0.000381
866.000000 0.000381
867.000000 0.000382
868.000000 0.000383
869.000000 0.000384
870.000000 0.000385
871.000000 0.000386
872.000000 0.000387
873.000000 0.000388
874.000000 0.000389
875.000000 0.000390
876.000000 0.000391
877.000000 0.000392
878.000000 0.000393
879.000000 0.000394
880.000000 0.000395
881.000000 0.000396
882.000000 0.000397
883.000000 0.000398
884.000000 0.000399
885.000000 0.000400
886.000000 0.000401
887.000000 0.000402
888.000000 0.000403
889.000000 0.000404
890.000000 0.000405
891.000000 0.000406
892.000000 0.000407
893.000000 0.000407
894.000000 0.000408
895.000000 0.000409
896.000000 0.000410
897.000000 0.000411
898.000000 0.000412
899.000000 0.000413
900.000000 0.000414
901.000000 0.000415
902.000000 0.000416
903.000000 0.000417
904.000000 0.000418
905.000000 0.000419
906.000000 0.000420
907.000000 0.000421
908.000000 0.000422
909.000000 0.000423
910.000000 0.000424
911.000000 0.000425
912.000000 0.000426
913.000000 0.000427
914.000000 0.000428
915.000000 0.000429
916.000000 0.000430
917.000000 0.000431
918.000000 0.000432
919.000000 0.000433
920.000000 0.000434
921.000000 0.000435
922.000000 0.000436
923.000000 0.000437
924.000000 0.000438
925.000000 0.000438
926.000000 0.000439
927.000000 0.000440
928.000000 0.000441
929.000000 0.000442
930.000000 0.000443
931.000000 0.000444
932.000000 0.000445
933.000000 0.000446
934.000000 0.000447
935.000000 0.000448
936.000000 0.000449
937.000000 0.000450
938.000000 0.000451
939.000000 0.000452
940.000000 0.000453
941.000000 0.000454
942.000000 0.000455
943.000000 0.000456
944.000000 0.000457
945.000000 0.000458
946.000000 0.000459
947.000000 0.000460
948.000000 0.000461
949.000000 0.000462
950.000000 0.000463
951.000000 0.000464
952.000000 0.000465
953.000000 0.000466
954.000000 0.000467
955.000000 0.000468
956.000000 0.000469
957.000000 0.000470
958.000000 0.000471
959.000000 0.000472
960.000000 0.000472
961.000000 0.000473
962.000000 0.000474
963.000000 0.000475
964.000000 0.000476
965.000000 0.000477
966.000000 0.000478
967.000000 0.000479
968.000000 0.000480
969.000000 0.000481
970.000000 0.000482
971.000000 0.000483
972.000000 0.000484
973.000000 0.000485
974.000000 0.000486
975.000000 0.000487
976.000000 0.000488
977.000000 0.000489
978.000000 0.000490
979.000000 0.000491
980.000000 0.000492
981.000000 0.000493
982.000000 0.000494
983.000000 0.000495
984.000000 0.000496
985.000000 0.000497
986.000000 0.000498
987.000000 0.000499
988.000000 0.000500
989.000000 0.000501
990.000000 0.000501
991.000000 0.000502
992.000000 0.000503
993.000000 0.000504
994.000000 0.000505
995.000000 0.000506
996.000000 0.000507
997.000000 0.000508
998.000000 0.000509
999.000000 0.000510
1000.000000 0.000511
1001.000000 0.000512
1002.000000 0.000513
1003.000000 0.000514
1004.000000 0.000515
1005.000000 0.000516
1006.000000 0.000517
1007.000000 0.000518
1008.000000 0.000519
1009.000000 0.000520
1010.000000 0.000521
1011.000000 0.000522
1012.000000 0.000523
1013.000000 0.000524
1014.000000 0.000524
1015.000000 0.000525
1016.000000 0.000526
1017.000000 0.000527
1018.000000 0.000528
1019.000000 0.000529
1020.000000 0.000530
1021.000000 0.000531
1022.000000 0.000532
1023.000000 0.000533
1024.000000 0.000534
1025.000000 0.000535
1026.000000 0.000536
1027.000000 0.000537
1028.000000 0.000538
1029.000000 0.000539
1030.000000 0.000540
1031.000000 0.000541
1032.000000 0.000542
1033.000000 0.000543
1034.000000 0.000543
1035.000000 0.000544
1036.000000 0.000545
1037.000000 0.000546
1038.000000 0.000547
1039.000000 0.000548
1040.000000 0.000549
1041.000000 0.000550
1042.000000 0.000551
1043.000000 0.000552
1044.000000 0.000553
1045.000000 0.000554
1046.000000 0.000555
1047.000000 0.000556
1048.000000 0.000557
1049.000000 0.000558
1050.000000 0.000558
1051.000000 0.000559
1052.000000 0.000560
1053.000000 0.000561
1054.000000 0.000562
1055.000000 0.000563
1056.000000 0.000564
1057.000000 0.000565
1058.000000 0.000566
1059.000000 0.000567
1060.000000 0.000568
1061.000000 0.000569
1062.000000 0.000570
1063.000000 0.000571
1064.000000 0.000571
1065.000000 0.000572
1066.000000 0.000573
1067.000000 0.000574
1068.000000 0.000575
1069.000000 0.000576
1070.000000 0.000577
1071.000000 0.000578
1072.000000 0.000579
1073.000000 0.000580
1074.000000 0.000581
1075.000000 0.000582
1076.000000 0.000582
1077.000000 0.000583
1078.000000 0.000584
1079.000000 0.000585
1080.000000 0.000586
1081.000000 0.000587
1082.000000 0.000588
1083.000000 0.000589
1084.000000 0.000590
1085.000000 0.000591
1086.000000 0.000592
1087.000000 0.000592
1088.000000 0.000593
1089.000000 0.000594
1090.000000 0.000595
1091.000000 0.000596
1092.000000 0.000597
1093.000000 0.000598
1094.000000 0.000599
1095.000000 0.000600
1096.000000 0.000600
1097.000000 0.000601
1098.000000 0.000602
1099.000000 0.000603
1100.000000 0.000604
1101.000000 0.000605
1102.000000 0.000606
1103.000000 0.000607
1104.000000 0.000608
1105.000000 0.000608
1106.000000 0.000609
1107.000000 0.000610
1108.000000 0.000611
1109.000000 0.000612
1110.000000 0.000613
1111.000000 0.000614
1112.000000 0.000615
1113.000000 0.000616
1114.000000 0.000616
1115.000000 0.000617
1116.000000 0.000618
1117.000000 0.000619
1118.000000 0.000620
1119.000000 0.000621
1120.000000 0.000622
1121.000000 0.000622
1122.000000 0.000623
1123.000000 0.000624
1124.000000 0.000625
1125.000000 0.000626
1126.000000 0.000627
1127.000000 0.000628
1128.000000 0.000628
1129.000000 0.000629
1130.000000 0.000630
1131.000000 0.000631
1132.000000 0.000632
1133.000000 0.000633
1134.000000 0.000634
1135.000000 0.000634
1136.000000 0.000635
1137.000000 0.000636
1138.000000 0.000637
1139.000000 0.000638
1140.000000 0.000639
1141.000000 0.000640
1142.000000 0.000640
1143.000000 0.000641
1144.000000 0.000642
1145.000000 0.000643
1146.000000 0.000644
1147.000000 0.000645
1148.000000 0.000645
1149.000000 0.000646
1150.000000 0.000647
1151.000000 0.000648
1152.000000 0.000649
1153.000000 0.000649
1154.000000 0.000650
1155.000000 0.000651
1156.000000 0.000652
1157.000000 0.000653
1158.000000 0.000654
1159.000000 0.000654
1160.000000 0.000655
1161.000000 0.000656
1162.000000 0.000657
1163.000000 0.000658
1164.000000 0.000658
1165.000000 0.000659
1166.000000 0.000660
1167.000000 0.000661
1168.000000 0.000662
1169.000000 0.000662
1170.000000 0.000663
1171.000000 0.000664
1172.000000 0.000665
1173.000000 0.000666
1174.000000 0.000666
1175.000000 0.000667
1176.000000 0.000668
1177.000000 0.000669
1178.000000 0.000670
1179.000000 0.000670
1180.000000 0.000671
1181.000000 0.000672
1182.000000 0.000673
1183.000000 0.000674
1184.000000 0.000674
1185.000000 0.000675
1186.000000 0.000676
1187.000000 0.000677
1188.000000 0.000677
1189.000000 0.000678
1190.000000 0.000679
1191.000000 0.000680
1192.000000 0.000680
1193.000000 0.000681
1194.000000 0.000682
1195.000000 0.000683
1196.000000 0.000683
1197.000000 0.000684
1198.000000 0.000685
1199.000000 0.000686
1200.000000 0.000686
1201.000000 0.000687
1202.000000 0.000688
1203.000000 0.000689
1204.000000 0.000689
1205.000000 0.000690
1206.000000 0.000691
1207.000000 0.000692
1208.000000 0.000692
1209.000000 0.000693
1210.000000 0.000694
1211.000000 0.000695
1212.000000 0.000695
1213.000000 0.000696
1214.000000 0.000697
1215.000000 0.000698
1216.000000 0.000698
1217.000000 0.000699
1218.000000 0.000700
1219.000000 0.000700
1220.000000 0.000701
1221.000000 0.000702
1222.000000 0.000703
1223.000000 0.000703
1224.000000 0.000704
1225.000000 0.000705
1226.000000 0.000705
1227.000000 0.000706
1228.000000 0.000707
1229.000000 0.000707
1230.000000 0.000708
1231.000000 0.000709
1232.000000 0.000710
1233.000000 0.000710
1234.000000 0.000711
1235.000000 0.000712
1236.000000 0.000712
1237.000000 0.000713
1238.000000 0.000714
1239.000000 0.000714
1240.000000 0.000715
1241.000000 0.000716
1242.000000 0.000716
1243.000000 0.000717
1244.000000 0.000718
1245.000000 0.000718
1246.000000 0.000719
1247.000000 0.000720
1248.000000 0.000720
1249.000000 0.000721
1250.000000 0.000722
1251.000000 0.000722
1252.000000 0.000723
1253.000000 0.000724
1254.000000 0.000724
1255.000000 0.000725
1256.000000 0.000726
1257.000000 0.000726
1258.000000 0.000727
1259.000000 0.000727
1260.000000 0.000728
1261.000000 0.000729
1262.000000 0.000729
1263.000000 0.000730
1264.000000 0.000731
1265.000000 0.000731
1266.000000 0.000732
1267.000000 0.000732
1268.000000 0.000733
1269.000000 0.000734
1270.000000 0.000734
1271.000000 0.000735
1272.000000 0.000736
1273.000000 0.000736
1274.000000 0.000737
1275.000000 0.000737
1276.000000 0.000738
1277.000000 0.000739
1278.000000 0.000739
1279.000000 0.000740
1280.000000 0.000740
1281.000000 0.000741
1282.000000 0.000741
1283.000000 0.000742
1284.000000 0.000743
1285.000000 0.000743
1286.000000 0.000744
1287.000000 0.000744
1288.000000 0.000745
1289.000000 0.000746
1290.000000 0.000746
1291.000000 0.000747
1292.000000 0.000747
1293.000000 0.000748
1294.000000 0.000748
1295.000000 0.000749
1296.000000 0.000749
1297.000000 0.000750
1298.000000 0.000751
1299.000000 0.000751
1300.000000 0.000752
1301.000000 0.000752
1302.000000 0.000753
1303.000000 0.000753
1304.000000 0.000754
1305.000000 0.000754
1306.000000 0.000755
1307.000000 0.000755
1308.000000 0.000756
1309.000000 0.000756
1310.000000 0.000757
1311.000000 0.000757
1312.000000 0.000758
1313.000000 0.000759
1314.000000 0.000759
1315.000000 0.000760
1316.000000 0.000760
1317.000000 0.000761
1318.000000 0.000761
1319.000000 0.000762
1320.000000 0.000762
1321.000000 0.000763
1322.000000 0.000763
1323.000000 0.000764
1324.000000 0.000764
1325.000000 0.000765
1326.000000 0.000765
1327.000000 0.000765
1328.000000 0.000766
1329.000000 0.000766
1330.000000 0.000767
1331.000000 0.000767
1332.000000 0.000768
1333.000000 0.000768
1334.000000 0.000769
1335.000000 0.000769
1336.000000 0.000770
1337.000000 0.000770
1338.000000 0.000771
1339.000000 0.000771
1340.000000 0.000771
1341.000000 0.000772
1342.000000 0.000772
1343.000000 0.000773
1344.000000 0.000773
1345.000000 0.000774
1346.000000 0.000774
1347.000000 0.000775
1348.000000 0.000775
1349.000000 0.000775
1350.000000 0.000776
1351.000000 0.000776
1352.000000 0.000777
1353.000000 0.000777
1354.000000 0.000777
1355.000000 0.000778
1356.000000 0.000778
1357.000000 0.000779
1358.000000 0.000779
1359.000000 0.000779
1360.000000 0.000780
1361.000000 0.000780
1362.000000 0.000781
1363.000000 0.000781
1364.000000 0.000781
1365.000000 0.000782
1366.000000 0.000782
1367.000000 0.000783
1368.000000 0.000783
1369.000000 0.000783
1370.000000 0.000784
1371.000000 0.000784
1372.000000 0.000784
1373.000000 0.000785
1374.000000 0.000785
1375.000000 0.000786
1376.000000 0.000786
1377.000000 0.000786
1378.000000 0.000787
1379.000000 0.000787
1380.000000 0.000787
1381.000000 0.000788
1382.000000 0.000788
1383.000000 0.000788
1384.000000 0.000789
1385.000000 0.000789
1386.000000 0.000789
1387.000000 0.000790
1388.000000 0.000790
1389.000000 0.000790
1390.000000 0.000791
1391.000000 0.000791
1392.000000 0.000791
1393.000000 0.000791
1394.000000 0.000792
1395.000000 0.000792
1396.000000 0.000792
1397.000000 0.000793
1398.000000 0.000793
1399.000000 0.000793
1400.000000 0.000794
1401.000000 0.000794
1402.000000 0.000794
1403.000000 0.000794
1404.000000 0.000795
1405.000000 0.000795
1406.000000 0.000795
1407.000000 0.000795
1408.000000 0.000796
1409.000000 0.000796
1410.000000 0.000796
1411.000000 0.000797
1412.000000 0.000797
1413.000000 0.000797
1414.000000 0.000797
1415.000000 0.000798
1416.000000 0.000798
1417.000000 0.000798
1418.000000 0.000798
1419.000000 0.000799
1420.000000 0.000799
1421.000000 0.000799
1422.000000 0.000799
1423.000000 0.000799
1424.000000 0.000800
1425.000000 0.000800
1426.000000 0.000800
1427.000000 0.000800
1428.000000 0.000800
1429.000000 0.000801
1430.000000 0.000801
1431.000000 0.000801
1432.000000 0.000801
1433.000000 0.000802
1434.000000 0.000802
1435.000000 0.000802
1436.000000 0.000802
1437.000000 0.000802
1438.000000 0.000802
1439.000000 0.000803
1440.000000 0.000803
1441.000000 0.000803
1442.000000 0.000803
1443.000000 0.000803
1444.000000 0.000803
1445.000000 0.000804
1446.000000 0.000804
1447.000000 0.000804
1448.000000 0.000804
1449.000000 0.000804
1450.000000 0.000804
1451.000000 0.000805
1452.000000 0.000805
1453.000000 0.000805
1454.000000 0.000805
1455.000000 0.000805
1456.000000 0.000805
1457.000000 0.000805
1458.000000 0.000805
1459.000000 0.000806
1460.000000 0.000806
1461.000000 0.000806
1462.000000 0.000806
1463.000000 0.000806
1464.000000 0.000806
1465.000000 0.000806
1466.000000 0.000806
1467.000000 0.000806
1468.000000 0.000807
1469.000000 0.000807
1470.000000 0.000807
1471.000000 0.000807
1472.000000 0.000807
1473.000000 0.000807
1474.000000 0.000807
1475.000000 0.000807
1476.000000 0.000807
1477.000000 0.000807
1478.000000 0.000807
1479.000000 0.000807
1480.000000 0.000807
1481.000000 0.000808
1482.000000 0.000808
1483.000000 0.000808
1484.000000 0.000808
1485.000000 0.000808
1486.000000 0.000808
1487.000000 0.000808
1488.000000 0.000808
1489.000000 0.000808
1490.000000 0.000808
1491.000000 0.000808
1492.000000 0.000808
1493.000000 0.000808
1494.000000 0.000808
1495.000000 0.000808
1496.000000 0.000808
1497.000000 0.000808
1498.000000 0.000808
1499.000000 0.000808
1500.000000 0.000808
1501.000000 0.000808
1502.000000 0.000808
1503.000000 0.000808
1504.000000 0.000808
1505.000000 0.000808
1506.000000 0.000808
1507.000000 0.000808
1508.000000 0.000808
1509.000000 0.000808
1510.000000 0.000808
1511.000000 0.000808
1512.000000 0.000808
1513.000000 0.000808
1514.000000 0.000808
1515.000000 0.000808
1516.000000 0.000808
1517.000000 0.000808
1518.000000 0.000808
1519.000000 0.000808
1520.000000 0.000808
1521.000000 0.000807
1522.000000 0.000807
1523.000000 0.000807
1524.000000 0.000807
1525.000000 0.000807
1526.000000 0.000807
1527.000000 0.000807
1528.000000 0.000807
1529.000000 0.000807
1530.000000 0.000807
1531.000000 0.000807
1532.000000 0.000807
1533.000000 0.000807
1534.000000 0.000806
1535.000000 0.000806
1536.000000 0.000806
1537.000000 0.000806
1538.000000 0.000806
1539.000000 0.000806
1540.000000 0.000806
1541.000000 0.000806
1542.000000 0.000806
1543.000000 0.000805
1544.000000 0.000805
1545.000000 0.000805
1546.000000 0.000805
1547.000000 0.000805
1548.000000 0.000805
1549.000000 0.000805
1550.000000 0.000805
1551.000000 0.000804
1552.000000 0.000804
1553.000000 0.000804
1554.000000 0.000804
1555.000000 0.000804
1556.000000 0.000804
1557.000000 0.000803
1558.000000 0.000803
1559.000000 0.000803
1560.000000 0.000803
1561.000000 0.000803
1562.000000 0.000803
1563.000000 0.000802
1564.000000 0.000802
1565.000000 0.000802
1566.000000 0.000802
1567.000000 0.000802
1568.000000 0.000802
1569.000000 0.000801
1570.000000 0.000801
1571.000000 0.000801
1572.000000 0.000801
1573.000000 0.000800
1574.000000 0.000800
1575.000000 0.000800
1576.000000 0.000800
1577.000000 0.000800
1578.000000 0.000799
1579.000000 0.000799
1580.000000 0.000799
1581.000000 0.000799
1582.000000 0.000799
1583.000000 0.000798
1584.000000 0.000798
1585.000000 0.000798
1586.000000 0.000798
1587.000000 0.000797
1588.000000 0.000797
1589.000000 0.000797
1590.000000 0.000797
1591.000000 0.000796
1592.000000 0.000796
1593.000000 0.000796
1594.000000 0.000795
1595.000000 0.000795
1596.000000 0.000795
1597.000000 0.000795
1598.000000 0.000794
1599.000000 0.000794
1600.000000 0.000794
1601.000000 0.000794
1602.000000 0.000793
1603.000000 0.000793
1604.000000 0.000793
1605.000000 0.000792
1606.000000 0.000792
1607.000000 0.000792
1608.000000 0.000791
1609.000000 0.000791
1610.000000 0.000791
1611.000000 0.000791
1612.000000 0.000790
1613.000000 0.000790
1614.000000 0.000790
1615.000000 0.000789
1616.000000 0.000789
1617.000000 0.000789
1618.000000 0.000788
1619.000000 0.000788
1620.000000 0.000788
1621.000000 0.000787
1622.000000 0.000787
1623.000000 0.000787
1624.000000 0.000786
1625.000000 0.000786
1626.000000 0.000786
1627.000000 0.000785
1628.000000 0.000785
1629.000000 0.000784
1630.000000 0.000784
1631.000000 0.000784
1632.000000 0.000783
1633.000000 0.000783
1634.000000 0.000783
1635.000000 0.000782
1636.000000 0.000782
1637.000000 0.000781
1638.000000 0.000781
1639.000000 0.000781
1640.000000 0.000780
1641.000000 0.000780
1642.000000 0.000779
1643.000000 0.000779
1644.000000 0.000779
1645.000000 0.000778
1646.000000 0.000778
1647.000000 0.000777
1648.000000 0.000777
1649.000000 0.000777
1650.000000 0.000776
1651.000000 0.000776
1652.000000 0.000775
1653.000000 0.000775
1654.000000 0.000775
1655.000000 0.000774
1656.000000 0.000774
1657.000000 0.000773
1658.000000 0.000773
1659.000000 0.000772
1660.000000 0.000772
1661.000000 0.000771
1662.000000 0.000771
1663.000000 0.000771
1664.000000 0.000770
1665.000000 0.000770
1666.000000 0.000769
1667.000000 0.000769
1668.000000 0.000768
1669.000000 0.000768
1670.000000 0.000767
1671.000000 0.000767
1672.000000 0.000766
1673.000000 0.000766
1674.000000 0.000765
1675.000000 0.000765
1676.000000 0.000765
1677.000000 0.000764
1678.000000 0.000764
1679.000000 0.000763
1680.000000 0.000763
1681.000000 0.000762
1682.000000 0.000762
1683.000000 0.000761
1684.000000 0.000761
1685.000000 0.000760
1686.000000 0.000760
1687.000000 0.000759
1688.000000 0.000759
1689.000000 0.000758
1690.000000 0.000757
1691.000000 0.000757
1692.000000 0.000756
1693.000000 0.000756
1694.000000 0.000755
1695.000000 0.000755
1696.000000 0.000754
1697.000000 0.000754
1698.000000 0.000753
1699.000000 0.000753
1700.000000 0.000752
1701.000000 0.000752
1702.000000 0.000751
1703.000000 0.000751
1704.000000 0.000750
1705.000000 0.000749
1706.000000 0.000749
1707.000000 0.000748
1708.000000 0.000748
1709.000000 0.000747
1710.000000 0.000747
1711.000000 0.000746
1712.000000 0.000746
1713.000000 0.000745
1714.000000 0.000744
1715.000000 0.000744
1716.000000 0.000743
1717.000000 0.000743
1718.000000 0.000742
1719.000000 0.000741
1720.000000 0.000741
1721.000000 0.000740
1722.000000 0.000740
1723.000000 0.000739
1724.000000 0.000739
1725.000000 0.000738
1726.000000 0.000737
1727.000000 0.000737
1728.000000 0.000736
1729.000000 0.000736
1730.000000 0.000735
1731.000000 0.000734
1732.000000 0.000734
1733.000000 0.000733
1734.000000 0.000732
1735.000000 0.000732
1736.000000 0.000731
1737.000000 0.000731
1738.000000 0.000730
1739.000000 0.000729
1740.000000 0.000729
1741.000000 0.000728
1742.000000 0.000727
1743.000000 0.000727
1744.000000 0.000726
1745.000000 0.000726
1746.000000 0.000725
1747.000000 0.000724
1748.000000 0.000724
1749.000000 0.000723
1750.000000 0.000722
1751.000000 0.000722
1752.000000 0.000721
1753.000000 0.000720
1754.000000 0.000720
1755.000000 0.000719
1756.000000 0.000718
1757.000000 0.000718
1758.000000 0.000717
1759.000000 0.000716
1760.000000 0.000716
1761.000000 0.000715
1762.000000 0.000714
1763.000000 0.000714
1764.000000 0.000713
1765.000000 0.000712
1766.000000 0.000712
1767.000000 0.000711
1768.000000 0.000710
1769.000000 0.000710
1770.000000 0.000709
1771.000000 0.000708
1772.000000 0.000707
1773.000000 0.000707
1774.000000 0.000706
1775.000000 0.000705
1776.000000 0.000705
1777.000000 0.000704
1778.000000 0.000703
1779.000000 0.000703
1780.000000 0.000702
1781.000000 0.000701
1782.000000 0.000700
1783.000000 0.000700
1784.000000 0.000699
1785.000000 0.000698
1786.000000 0.000698
1787.000000 0.000697
1788.000000 0.000696
1789.000000 0.000695
1790.000000 0.000695
1791.000000 0.000694
1792.000000 0.000693
1793.000000 0.000692
1794.000000 0.000692
1795.000000 0.000691
1796.000000 0.000690
1797.000000 0.000689
1798.000000 0.000689
1799.000000 0.000688
1800.000000 0.000687
1801.000000 0.000686
1802.000000 0.000686
1803.000000 0.000685
1804.000000 0.000684
1805.000000 0.000683
1806.000000 0.000683
1807.000000 0.000682
1808.000000 0.000681
1809.000000 0.000680
1810.000000 0.000680
1811.000000 0.000679
1812.000000 0.000678
1813.000000 0.000677
1814.000000 0.000677
1815.000000 0.000676
1816.000000 0.000675
1817.000000 0.000674
1818.000000 0.000674
1819.000000 0.000673
1820.000000 0.000672
1821.000000 0.000671
1822.000000 0.000670
1823.000000 0.000670
1824.000000 0.000669
1825.000000 0.000668
1826.000000 0.000667
1827.000000 0.000666
1828.000000 0.000666
1829.000000 0.000665
1830.000000 0.000664
1831.000000 0.000663
1832.000000 0.000662
1833.000000 0.000662
1834.000000 0.000661
1835.000000 0.000660
1836.000000 0.000659
1837.000000 0.000658
1838.000000 0.000658
1839.000000 0.000657
1840.000000 0.000656
1841.000000 0.000655
1842.000000 0.000654
1843.000000 0.000654
1844.000000 0.000653
1845.000000 0.000652
1846.000000 0.000651
1847.000000 0.000650
1848.000000 0.000649
1849.000000 0.000649
1850.000000 0.000648
1851.000000 0.000647
1852.000000 0.000646
1853.000000 0.000645
1854.000000 0.000645
1855.000000 0.000644
1856.000000 0.000643
1857.000000 0.000642
1858.000000 0.000641
1859.000000 0.000640
1860.000000 0.000640
1861.000000 0.000639
1862.000000 0.000638
1863.000000 0.000637
1864.000000 0.000636
1865.000000 0.000635
1866.000000 0.000634
1867.000000 0.000634
1868.000000 0.000633
1869.000000 0.000632
1870.000000 0.000631
1871.000000 0.000630
1872.000000 0.000629
1873.000000 0.000628
1874.000000 0.000628
1875.000000 0.000627
1876.000000 0.000626
1877.000000 0.000625
1878.000000 0.000624
1879.000000 0.000623
1880.000000 0.000622
1881.000000 0.000622
1882.000000 0.000621
1883.000000 0.000620
1884.000000 0.000619
1885.000000 0.000618
1886.000000 0.000617
1887.000000 0.000616
1888.000000 0.000616
1889.000000 0.000615
1890.000000 0.000614
1891.000000 0.000613
1892.000000 0.000612
1893.000000 0.000611
1894.000000 0.000610
1895.000000 0.000609
1896.000000 0.000608
1897.000000 0.000608
1898.000000 0.000607
1899.000000 0.000606
1900.000000 0.000605
1901.000000 0.000604
1902.000000 0.000603
1903.000000 0.000602
1904.000000 0.000601
1905.000000 0.000600
1906.000000 0.000600
1907.000000 0.000599
1908.000000 0.000598
1909.000000 0.000597
1910.000000 0.000596
1911.000000 0.000595
1912.000000 0.000594
1913.000000 0.000593
1914.000000 0.000592
1915.000000 0.000592
1916.000000 0.000591
1917.000000 0.000590
1918.000000 0.000589
1919.000000 0.000588
1920.000000 0.000587
1921.000000 0.000586
1922.000000 0.000585
1923.000000 0.000584
1924.000000 0.000583
1925.000000 0.000582
1926.000000 0.000582
1927.000000 0.000581
1928.000000 0.000580
1929.000000 0.000579
1930.000000 0.000578
1931.000000 0.000577
1932.000000 0.000576
1933.000000 0.000575
1934.000000 0.000574
1935.000000 0.000573
1936.000000 0.000572
1937.000000 0.000571
1938.000000 0.000571
1939.000000 0.000570
1940.000000 0.000569
1941.000000 0.000568
1942.000000 0.000567
1943.000000 0.000566
1944.000000 0.000565
1945.000000 0.000564
1946.000000 0.000563
1947.000000 0.000562
1948.000000 0.000561
1949.000000 0.000560
1950.000000 0.000559
1951.000000 0.000558
1952.000000 0.000558
1953.000000 0.000557
1954.000000 0.000556
1955.000000 0.000555
1956.000000 0.000554
1957.000000 0.000553
1958.000000 0.000552
1959.000000 0.000551
1960.000000 0.000550
1961.000000 0.000549
1962.000000 0.000548
1963.000000 0.000547
1964.000000 0.000546
1965.000000 0.000545
1966.000000 0.000544
1967.000000 0.000543
1968.000000 0.000543
1969.000000 0.000542
1970.000000 0.000541
1971.000000 0.000540
1972.000000 0.000539
1973.000000 0.000538
1974.000000 0.000537
1975.000000 0.000536
1976.000000 0.000535
1977.000000 0.000534
1978.000000 0.000533
1979.000000 0.000532
1980.000000 0.000531
1981.000000 0.000530
1982.000000 0.000529
1983.000000 0.000528
1984.000000 0.000527
1985.000000 0.000526
1986.000000 0.000525
1987.000000 0.000524
1988.000000 0.000524
1989.000000 0.000523
1990.000000 0.000522
1991.000000 0.000521
1992.000000 0.000520
1993.000000 0.000519
1994.000000 0.000518
1995.000000 0.000517
1996.000000 0.000516
1997.000000 0.000515
1998.000000 0.000514
1999.000000 0.000513
2000.000000 0.000512
2001.000000 0.000511
2002.000000 0.000510
2003.000000 0.000509
2004.000000 0.000508
2005.000000 0.000507
2006.000000 0.000506
2007.000000 0.000505
2008.000000 0.000504
2009.000000 0.000503
2010.000000 0.000502
2011.000000 0.000501
2012.000000 0.000501
2013.000000 0.000500
2014.000000 0.000499
2015.000000 0.000498
2016.000000 0.000497
2017.000000 0.000496
2018.000000 0.000495
2019.000000 0.000494
2020.000000 0.000493
2021.000000 0.000492
2022.000000 0.000491
2023.000000 0.000490
2024.000000 0.000489
2025.000000 0.000488
2026.000000 0.000487
2027.000000 0.000486
2028.000000 0.000485
2029.000000 0.000484
2030.000000 0.000483
2031.000000 0.000482
2032.000000 0.000481
2033.000000 0.000480
2034.000000 0.000479
2035.000000 0.000478
2036.000000 0.000477
2037.000000 0.000476
2038.000000 0.000475
2039.000000 0.000474
2040.000000 0.000473
2041.000000 0.000472
2042.000000 0.000472
2043.000000 0.000471
2044.000000 0.000470
2045.000000 0.000469
2046.000000 0.000468
2047.000000 0.000467
2048.000000 0.000466
2049.000000 0.000465
2050.000000 0.000464
2051.000000 0.000463
2052.000000 0.000462
2053.000000 0.000461
2054.000000 0.000460
2055.000000 0.000459
2056.000000 0.000458
2057.000000 0.000457
2058.000000 0.000456
2059.000000 0.000455
2060.000000 0.000454
2061.000000 0.000453
2062.000000 0.000452
2063.000000 0.000451
2064.000000 0.000450
2065.000000 0.000449
2066.000000 0.000448
2067.000000 0.000447
2068.000000 0.000446
2069.000000 0.000445
2070.000000 0.000444
2071.000000 0.000443
2072.000000 0.000442
2073.000000 0.000441
2074.000000 0.000440
2075.000000 0.000439
2076.000000 0.000438
2077.000000 0.000438
2078.000000 0.000437
2079.000000 0.000436
2080.000000 0.000435
2081.000000 0.000434
2082.000000 0.000433
2083.000000 0.000432
2084.000000 0.000431
2085.000000 0.000430
2086.000000 0.000429
2087.000000 0.000428
2088.000000 0.000427
2089.000000 0.000426
2090.000000 0.000425
2091.000000 0.000424
2092.000000 0.000423
2093.000000 0.000422
2094.000000 0.000421
2095.000000 0.000420
2096.000000 0.000419
2097.000000 0.000418
2098.000000 0.000417
2099.000000 0.000416
2100.000000 0.000415
2101.000000 0.000414
2102.000000 0.000413
2103.000000 0.000412
2104.000000 0.000411
2105.000000 0.000410
2106.000000 0.000409
2107.000000 0.000408
2108.000000 0.000407
2109.000000 0.000407
2110.000000 0.000406
2111.000000 0.000405
2112.000000 0.000404
2113.000000 0.000403
2114.000000 0.000402
2115.000000 0.000401
2116.000000 0.000400
2117.000000 0.000399
2118.000000 0.000398
2119.000000 0.000397
2120.000000 0.000396
2121.000000 0.000395
2122.000000 0.000394
2123.000000 0.000393
2124.000000 0.000392
2125.000000 0.000391
2126.000000 0.000390
2127.000000 0.000389
2128.000000 0.000388
2129.000000 0.000387
2130.000000 0.000386
2131.000000 0.000385
2132.000000 0.000384
2133.000000 0.000383
2134.000000 0.000382
2135.000000 0.000381
2136.000000 0.000381
2137.000000 0.000380
2138.000000 0.000379
2139.000000 0.000378
2140.000000 0.000377
2141.000000 0.000376
2142.000000 0.000375
2143.000000 0.000374
2144.000000 0.000373
2145.000000 0.000372
2146.000000 0.000371
2147.000000 0.000370
2148.000000 0.000369
2149.000000 0.000368
2150.000000 0.000367
2151.000000 0.000366
2152.000000 0.000365
2153.000000 0.000364
2154.000000 0.000363
2155.000000 0.000362
2156.000000 0.000361
2157.000000 0.000360
2158.000000 0.000360
2159.000000 0.000359
2160.000000 0.000358
2161.000000 0.000357
2162.000000 0.000356
2163.000000 0.000355
2164.000000 0.000354
2165.000000 0.000353
2166.000000 0.000352
2167.000000 0.000351
2168.000000 0.000350
2169.000000 0.000349
2170.000000 0.000348
2171.000000 0.000347
2172.000000 0.000346
2173.000000 0.000345
2174.000000 0.000344
2175.000000 0.000343
2176.000000 0.000343
2177.000000 0.000342
2178.000000 0.000341
2179.000000 0.000340
2180.000000 0.000339
2181.000000 0.000338
2182.000000 0.000337
2183.000000 0.000336
2184.000000 0.000335
2185.000000 0.000334
2186.000000 0.000333
2187.000000 0.000332
2188.000000 0.000331
2189.000000 0.000330
2190.000000 0.000329
2191.000000 0.000328
2192.000000 0.000328
2193.000000 0.000327
2194.000000 0.000326
2195.000000 0.000325
2196.000000 0.000324
2197.000000 0.000323
2198.000000 0.000322
2199.000000 0.000321
2200.000000 0.000320
2201.000000 0.000319
2202.000000 0.000318
2203.000000 0.000317
2204.000000 0.000316
2205.000000 0.000315
2206.000000 0.000315
2207.000000 0.000314
2208.000000 0.000313
2209.000000 0.000312
2210.000000 0.000311
2211.000000 0.000310
2212.000000 0.000309
2213.000000 0.000308
2214.000000 0.000307
2215.000000 0.000306
2216.000000 0.000305
2217.000000 0.000304
2218.000000 0.000304
2219.000000 0.000303
2220.000000 0.000302
2221.000000 0.000301
2222.000000 0.000300
2223.000000 0.000299
2224.000000 0.000298
2225.000000 0.000297
2226.000000 0.000296
2227.000000 0.000295
2228.000000 0.000294
2229.000000 0.000294
2230.000000 0.000293
2231.000000 0.000292
2232.000000 0.000291
2233.000000 0.000290
2234.000000 0.000289
2235.000000 0.000288
2236.000000 0.000287
2237.000000 0.000286
2238.000000 0.000285
2239.000000 0.000285
2240.000000 0.000284
2241.000000 0.000283
2242.000000 0.000282
2243.000000 0.000281
2244.000000 0.000280
2245.000000 0.000279
2246.000000 0.000278
2247.000000 0.000277
2248.000000 0.000276
2249.000000 0.000276
2250.000000 0.000275
2251.000000 0.000274
2252.000000 0.000273
2253.000000 0.000272
2254.000000 0.000271
2255.000000 0.000270
2256.000000 0.000269
2257.000000 0.000268
2258.000000 0.000268
2259.000000 0.000267
2260.000000 0.000266
2261.000000 0.000265
2262.000000 0.000264
2263.000000 0.000263
2264.000000 0.000262
2265.000000 0.000261
2266.000000 0.000261
2267.000000 0.000260
2268.000000 0.000259
2269.000000 0.000258
2270.000000 0.000257
2271.000000 0.000256
2272.000000 0.000255
2273.000000 0.000254
2274.000000 0.000254
2275.000000 0.000253
2276.000000 0.000252
2277.000000 0.000251
2278.000000 0.000250
2279.000000 0.000249
2280.000000 0.000248
2281.000000 0.000247
2282.000000 0.000247
2283.000000 0.000246
2284.000000 0.000245
2285.000000 0.000244
2286.000000 0.000243
2287.000000 0.000242
2288.000000 0.000241
2289.000000 0.000241
2290.000000 0.000240
2291.000000 0.000239
2292.000000 0.000238
2293.000000 0.000237
2294.000000 0.000236
2295.000000 0.000235
2296.000000 0.000235
2297.000000 0.000234
2298.000000 0.000233
2299.000000 0.000232
2300.000000 0.000231
2301.000000 0.000230
2302.000000 0.000229
2303.000000 0.000229
2304.000000 0.000228
2305.000000 0.000227
2306.000000 0.000226
2307.000000 0.000225
2308.000000 0.000224
2309.000000 0.000224
2310.000000 0.000223
2311.000000 0.000222
2312.000000 0.000221
2313.000000 0.000220
2314.000000 0.000219
2315.000000 0.000219
2316.000000 0.000218
2317.000000 0.000217
2318.000000 0.000216
2319.000000 0.000215
2320.000000 0.000214
2321.000000 0.000214
2322.000000 0.000213
2323.000000 0.000212
2324.000000 0.000211
2325.000000 0.000210
2326.000000 0.000209
2327.000000 0.000209
2328.000000 0.000208
2329.000000 0.000207
2330.000000 0.000206
2331.000000 0.000205
2332.000000 0.000204
2333.000000 0.000204
2334.000000 0.000203
2335.000000 0.000202
2336.000000 0.000201
2337.000000 0.000200
2338.000000 0.000200
2339.000000 0.000199
2340.000000 0.000198
2341.000000 0.000197
2342.000000 0.000196
2343.000000 0.000196
2344.000000 0.000195
2345.000000 0.000194
2346.000000 0.000193
2347.000000 0.000192
2348.000000 0.000191
2349.000000 0.000191
2350.000000 0.000190
2351.000000 0.000189
2352.000000 0.000188
2353.000000 0.000187
2354.000000 0.000187
2355.000000 0.000186
2356.000000 0.000185
2357.000000 0.000184
2358.000000 0.000184
2359.000000 0.000183
2360.000000 0.000182
2361.000000 0.000181
2362.000000 0.000180
2363.000000 0.000180
2364.000000 0.000179
2365.000000 0.000178
2366.000000 0.000177
2367.000000 0.000176
2368.000000 0.000176
2369.000000 0.000175
2370.000000 0.000174
2371.000000 0.000173
2372.000000 0.000173
2373.000000 0.000172
2374.000000 0.000171
2375.000000 0.000170
2376.000000 0.000169
2377.000000 0.000169
2378.000000 0.000168
2379.000000 0.000167
2380.000000 0.000166
2381.000000 0.000166
2382.000000 0.000165
2383.000000 0.000164
2384.000000 0.000163
2385.000000 0.000163
2386.000000 0.000162
2387.000000 0.000161
2388.000000 0.000160
2389.000000 0.000159
2390.000000 0.000159
2391.000000 0.000158
2392.000000 0.000157
2393.000000 0.000156
2394.000000 0.000156
2395.000000 0.000155
2396.000000 0.000154
2397.000000 0.000153
2398.000000 0.000153
2399.000000 0.000152
2400.000000 0.000151
2401.000000 0.000150
2402.000000 0.000150
2403.000000 0.000149
2404.000000 0.000148
2405.000000 0.000148
2406.000000 0.000147
2407.000000 0.000146
2408.000000 0.000145
2409.000000 0.000145
2410.000000 0.000144
2411.000000 0.000143
2412.000000 0.000142
2413.000000 0.000142
2414.000000 0.000141
2415.000000 0.000140
2416.000000 0.000139
2417.000000 0.000139
2418.000000 0.000138
2419.000000 0.000137
2420.000000 0.000137
2421.000000 0.000136
2422.000000 0.000135
2423.000000 0.000134
2424.000000 0.000134
2425.000000 0.000133
2426.000000 0.000132
2427.000000 0.000132
2428.000000 0.000131
2429.000000 0.000130
2430.000000 0.000129
2431.000000 0.000129
2432.000000 0.000128
2433.000000 0.000127
2434.000000 0.000127
2435.000000 0.000126
2436.000000 0.000125
2437.000000 0.000125
2438.000000 0.000124
2439.000000 0.000123
2440.000000 0.000123
2441.000000 0.000122
2442.000000 0.000121
2443.000000 0.000120
2444.000000 0.000120
2445.000000 0.000119
2446.000000 0.000118
2447.000000 0.000118
2448.000000 0.000117
2449.000000 0.000116
2450.000000 0.000116
2451.000000 0.000115
2452.000000 0.000114
2453.000000 0.000114
2454.000000 0.000113
2455.000000 0.000112
2456.000000 0.000112
2457.000000 0.000111
2458.000000 0.000110
2459.000000 0.000110
2460.000000 0.000109
2461.000000 0.000108
2462.000000 0.000108
2463.000000 0.000107
2464.000000 0.000106
2465.000000 0.000106
2466.000000 0.000105
2467.000000 0.000104
2468.000000 0.000104
2469.000000 0.000103
2470.000000 0.000103
2471.000000 0.000102
2472.000000 0.000101
2473.000000 0.000101
2474.000000 0.000100
2475.000000 0.000099
2476.000000 0.000099
2477.000000 0.000098
2478.000000 0.000097
2479.000000 0.000097
2480.000000 0.000096
2481.000000 0.000096
2482.000000 0.000095
2483.000000 0.000094
2484.000000 0.000094
2485.000000 0.000093
2486.000000 0.000093
2487.000000 0.000092
2488.000000 0.000091
2489.000000 0.000091
2490.000000 0.000090
2491.000000 0.000089
2492.000000 0.000089
2493.000000 0.000088
2494.000000 0.000088
2495.000000 0.000087
2496.000000 0.000087
2497.000000 0.000086
2498.000000 0.000085
2499.000000 0.000085
2500.000000 0.000084
2501.000000 0.000084
2502.000000 0.000083
2503.000000 0.000082
2504.000000 0.000082
2505.000000 0.000081
2506.000000 0.000081
2507.000000 0.000080
2508.000000 0.000080
2509.000000 0.000079
2510.000000 0.000078
2511.000000 0.000078
2512.000000 0.000077
2513.000000 0.000077
2514.000000 0.000076
2515.000000 0.000076
2516.000000 0.000075
2517.000000 0.000074
2518.000000 0.000074
2519.000000 0.000073
2520.000000 0.000073
2521.000000 0.000072
2522.000000 0.000072
2523.000000 0.000071
2524.000000 0.000071
2525.000000 0.000070
2526.000000 0.000070
2527.000000 0.000069
2528.000000 0.000069
2529.000000 0.000068
2530.000000 0.000067
2531.000000 0.000067
2532.000000 0.000066
2533.000000 0.000066
2534.000000 0.000065
2535.000000 0.000065
2536.000000 0.000064
2537.000000 0.000064
2538.000000 0.000063
2539.000000 0.000063
2540.000000 0.000062
2541.000000 0.000062
2542.000000 0.000061
2543.000000 0.000061
2544.000000 0.000060
2545.000000 0.000060
2546.000000 0.000059
2547.000000 0.000059
2548.000000 0.000058
2549.000000 0.000058
2550.000000 0.000057
2551.000000 0.000057
2552.000000 0.000056
2553.000000 0.000056
2554.000000 0.000056
2555.000000 0.000055
2556.000000 0.000055
2557.000000 0.000054
2558.000000 0.000054
2559.000000 0.000053
2560.000000 0.000053
2561.000000 0.000052
2562.000000 0.000052
2563.000000 0.000051
2564.000000 0.000051
2565.000000 0.000050
2566.000000 0.000050
2567.000000 0.000050
2568.000000 0.000049
2569.000000 0.000049
2570.000000 0.000048
2571.000000 0.000048
2572.000000 0.000047
2573.000000 0.000047
2574.000000 0.000047
2575.000000 0.000046
2576.000000 0.000046
2577.000000 0.000045
2578.000000 0.000045
2579.000000 0.000044
2580.000000 0.000044
2581.000000 0.000044
2582.000000 0.000043
2583.000000 0.000043
2584.000000 0.000042
2585.000000 0.000042
2586.000000 0.000042
2587.000000 0.000041
2588.000000 0.000041
2589.000000 0.000040
2590.000000 0.000040
2591.000000 0.000040
2592.000000 0.000039
2593.000000 0.000039
2594.000000 0.000038
2595.000000 0.000038
2596.000000 0.000038
2597.000000 0.000037
2598.000000 0.000037
2599.000000 0.000037
2600.000000 0.000036
2601.000000 0.000036
2602.000000 0.000035
2603.000000 0.000035
2604.000000 0.000035
2605.000000 0.000034
2606.000000 0.000034
2607.000000 0.000034
2608.000000 0.000033
2609.000000 0.000033
2610.000000 0.000033
2611.000000 0.000032
2612.000000 0.000032
2613.000000 0.000032
2614.000000 0.000031
2615.000000 0.000031
2616.000000 0.000031
2617.000000 0.000030
2618.000000 0.000030
2619.000000 0.000030
2620.000000 0.000029
2621.000000 0.000029
2622.000000 0.000029
2623.000000 0.000028
2624.000000 0.000028
2625.000000 0.000028
2626.000000 0.000027
2627.000000 0.000027
2628.000000 0.000027
2629.000000 0.000026
2630.000000 0.000026
2631.000000 0.000026
2632.000000 0.000026
2633.000000 0.000025
2634.000000 0.000025
2635.000000 0.000025
2636.000000 0.000024
2637.000000 0.000024
2638.000000 0.000024
2639.000000 0.000024
2640.000000 0.000023
2641.000000 0.000023
2642.000000 0.000023
2643.000000 0.000022
2644.000000 0.000022
2645.000000 0.000022
2646.000000 0.000022
2647.000000 0.000021
2648.000000 0.000021
2649.000000 0.000021
2650.000000 0.000021
2651.000000 0.000020
2652.000000 0.000020
2653.000000 0.000020
2654.000000 0.000020
2655.000000 0.000019
2656.000000 0.000019
2657.000000 0.000019
2658.000000 0.000019
2659.000000 0.000018
2660.000000 0.000018
2661.000000 0.000018
2662.000000 0.000018
2663.000000 0.000017
2664.000000 0.000017
2665.000000 0.000017
2666.000000 0.000017
2667.000000 0.000017
2668.000000 0.000016
2669.000000 0.000016
2670.000000 0.000016
2671.000000 0.000016
2672.000000 0.000015
2673.000000 0.000015
2674.000000 0.000015
2675.000000 0.000015
2676.000000 0.000015
2677.000000 0.000014
2678.000000 0.000014
2679.000000 0.000014
2680.000000 0.000014
2681.000000 0.000014
2682.000000 0.000013
2683.000000 0.000013
2684.000000 0.000013
2685.000000 0.000013
2686.000000 0.000013
2687.000000 0.000013
2688.000000 0.000012
2689.000000 0.000012
2690.000000 0.000012
2691.000000 0.000012
2692.000000 0.000012
2693.000000 0.000011
2694.000000 0.000011
2695.000000 0.000011
2696.000000 0.000011
2697.000000 0.000011
2698.000000 0.000011
2699.000000 0.000010
2700.000000 0.000010
2701.000000 0.000010
2702.000000 0.000010
2703.000000 0.000010
2704.000000 0.000010
2705.000000 0.000010
2706.000000 0.000009
2707.000000 0.000009
2708.000000 0.000009
2709.000000 0.000009
2710.000000 0.000009
2711.000000 0.000009
2712.000000 0.000009
2713.000000 0.000008
2714.000000 0.000008
2715.000000 0.000008
2716.000000 0.000008
2717.000000 0.000008
2718.000000 0.000008
2719.000000 0.000008
2720.000000 0.000007
2721.000000 0.000007
2722.000000 0.000007
2723.000000 0.000007
2724.000000 0.000007
2725.000000 0.000007
2726.000000 0.000007
2727.000000 0.000007
2728.000000 0.000006
2729.000000 0.000006
2730.000000 0.000006
2731.000000 0.000006
2732.000000 0.000006
2733.000000 0.000006
2734.000000 0.000006
2735.000000 0.000006
2736.000000 0.000006
2737.000000 0.000006
2738.000000 0.000005
2739.000000 0.000005
2740.000000 0.000005
2741.000000 0.000005
2742.000000 0.000005
2743.000000 0.000005
2744.000000 0.000005
2745.000000 0.000005
2746.000000 0.000005
2747.000000 0.000005
2748.000000 0.000004
2749.000000 0.000004
2750.000000 0.000004
2751.000000 0.000004
2752.000000 0.000004
2753.000000 0.000004
2754.000000 0.000004
2755.000000 0.000004
2756.000000 0.000004
2757.000000 0.000004
2758.000000 0.000004
2759.000000 0.000004
2760.000000 0.000004
2761.000000 0.000003
2762.000000 0.000003
2763.000000 0.000003
2764.000000 0.000003
2765.000000 0.000003
2766.000000 0.000003
2767.000000 0.000003
2768.000000 0.000003
2769.000000 0.000003
2770.000000 0.000003
2771.000000 0.000003
2772.000000 0.000003
2773.000000 0.000003
2774.000000 0.000003
2775.000000 0.000003
2776.000000 0.000002
2777.000000 0.000002
2778.000000 0.000002
2779.000000 0.000002
2780.000000 0.000002
2781.000000 0.000002
2782.000000 0.000002
2783.000000 0.000002
2784.000000 0.000002
2785.000000 0.000002
2786.000000 0.000002
2787.000000 0.000002
2788.000000 0.000002
2789.000000 0.000002
2790.000000 0.000002
2791.000000 0.000002
2792.000000 0.000002
2793.000000 0.000002
2794.000000 0.000002
2795.000000 0.000002
2796.000000 0.000002
2797.000000 0.000001
2798.000000 0.000001
2799.000000 0.000001
2800.000000 0.000001
2801.000000 0.000001
2802.000000 0.000001
2803.000000 0.000001
2804.000000 0.000001
2805.000000 0.000001
2806.000000 0.000001
2807.000000 0.000001
2808.000000 0.000001
2809.000000 0.000001
2810.000000 0.000001
2811.000000 0.000001
2812.000000 0.000001
2813.000000 0.000001
2814.000000 0.000001
2815.000000 0.000001
2816.000000 0.000001
2817.000000 0.000001
2818.000000 0.000001
2819.000000 0.000001
2820.000000 0.000001
2821.000000 0.000001
2822.000000 0.000001
2823.000000 0.000001
2824.000000 0.000001
2825.000000 0.000001
2826.000000 0.000001
2827.000000 0.000001
2828.000000 0.000001
2829.000000 0.000001
2830.000000 0.000001
2831.000000 0.000001
2832.000000 0.000001
2833.000000 0.000001
2834.000000 0.000000
2835.000000 0.000000
2836.000000 0.000000
2837.000000 0.000000
2838.000000 0.000000
2839.000000 0.000000
2840.000000 0.000000
2841.000000 0.000000
2842.000000 0.000000
2843.000000 0.000000
2844.000000 0.000000
2845.000000 0.000000
2846.000000 0.000000
2847.000000 0.000000
2848.000000 0.000000
2849.000000 0.000000
2850.000000 0.000000
2851.000000 0.000000
2852.000000 0.000000
2853.000000 0.000000
2854.000000 0.000000
2855.000000 0.000000
2856.000000 0.000000
2857.000000 0.000000
2858.000000 0.000000
2859.000000 0.000000
2860.000000 0.000000
2861.000000 0.000000
2862.000000 0.000000
2863.000000 0.000000
2864.000000 0.000000
2865.000000 0.000000
2866.000000 0.000000
2867.000000 0.000000
2868.000000 0.000000
2869.000000 0.000000
2870.000000 0.000000
2871.000000 0.000000
2872.000000 0.000000
2873.000000 0.000000
2874.000000 0.000000
2875.000000 0.000000
2876.000000 0.000000
2877.000000 0.000000
2878.000000 0.000000
2879.000000 0.000000
2880.000000 0.000000
2881.000000 0.000000
2882.000000 0.000000
2883.000000 0.000000
2884.000000 0.000000
2885.000000 0.000000
2886.000000 0.000000
2887.000000 0.000000
2888.000000 0.000000
2889.000000 0.000000
2890.000000 0.000000
2891.000000 0.000000
2892.000000 0.000000
2893.000000 0.000000
2894.000000 0.000000
2895.000000 0.000000
2896.000000 0.000000
2897.000000 0.000000
2898.000000 0.000000
2899.000000 0.000000
2900.000000 0.000000
2901.000000 0.000000
2902.000000 0.000000
2903.000000 0.000000
2904.000000 0.000000
2905.000000 0.000000
2906.000000 0.000000
2907.000000 0.000000
2908.000000 0.000000
2909.000000 0.000000
2910.000000 0.000000
2911.000000 0.000000
2912.000000 0.000000
2913.000000 0.000000
2914.000000 0.000000
2915.000000 0.000000
2916.000000 0.000000
2917.000000 0.000000
2918.000000 0.000000
2919.000000 0.000000
2920.000000 0.000000
2921.000000 0.000000
2922.000000 0.000000
2923.000000 0.000000
2924.000000 0.000000
2925.000000 0.000000
2926.000000 0.000000
2927.000000 0.000000
2928.000000 0.000000
2929.000000 0.000000
2930.000000 0.000000
2931.000000 0.000000
2932.000000 0.000000
2933.000000 0.000000
2934.000000 0.000000
2935.000000 0.000000
2936.000000 0.000000
2937.000000 0.000000
2938.000000 0.000000
2939.000000 0.000000
2940.000000 0.000000
2941.000000 0.000000
2942.000000 0.000000
2943.000000 0.000000
2944.000000 0.000000
2945.000000 0.000000
2946.000000 0.000000
2947.000000 0.000000
2948.000000 0.000000
2949.000000 0.000000
2950.000000 0.000000
2951.000000 0.000000
2952.000000 0.000000
2953.000000 0.000000
2954.000000 0.000000
2955.000000 0.000000
2956.000000 0.000000
2957.000000 0.000000
2958.000000 0.000000
2959.000000 0.000000
2960.000000 0.000000
2961.000000 0.000000
2962.000000 0.000000
2963.000000 0.000000
2964.000000 0.000000
2965.000000 0.000000
2966.000000 0.000000
2967.000000 0.000000
2968.000000 0.000000
2969.000000 0.000000
2970.000000 0.000000
2971.000000 0.000000
2972.000000 0.000000
2973.000000 0.000000
2974.000000 0.000000
2975.000000 0.000000
2976.000000 0.000000
2977.000000 0.000000
2978.000000 0.000000
2979.000000 0.000000
2980.000000 0.000000
2981.000000 0.000000
2982.000000 0.000000
2983.000000 0.000000
2984.000000 0.000000
2985.000000 0.000000
2986.000000 0.000000
2987.000000 0.000000
2988.000000 0.000000
2989.000000 0.000000
2990.000000 0.000000
2991.000000 0.000000
2992.000000 0.000000
2993.000000 0.000000
2994.000000 0.000000
2995.000000 0.000000
2996.000000 0.000000
2997.000000 0.000000
2998.000000 0.000000
2999.000000 0.000000
3000.000000 0.000000
