n lam mean variance std
3000 0.690000 1500.493691 66802.299611 258.461408
bin_midpoint probability
1.000000 0.000000
2.000000 0.000000
3.000000 0.000000
4.000000 0.000000
5.000000 0.000000
6.000000 0.000000
7.000000 0.000000
8.000000 0.000000
9.000000 0.000000
10.000000 0.000000
11.000000 0.000000
12.000000 0.000000
13.000000 0.000000
14.000000 0.000000
15.000000 0.000000
16.000000 0.000000
17.000000 0.000000
18.000000 0.000000
19.000000 0.000000
20.000000 0.000000
21.000000 0.000000
22.000000 0.000000
23.000000 0.000000
24.000000 0.000000
25.000000 0.000000
26.000000 0.000000
27.000000 0.000000
28.000000 0.000000
29.000000 0.000000
30.000000 0.000000
31.000000 0.000000
32.000000 0.000000
33.000000 0.000000
34.000000 0.000000
35.000000 0.000000
36.000000 0.000000
37.000000 0.000000
38.000000 0.000000
39.000000 0.000000
40.000000 0.000000
41.000000 0.000000
42.000000 0.000000
43.000000 0.000000
44.000000 0.000000
45.000000 0.000000
46.000000 0.000000
47.000000 0.000000
48.000000 0.000000
49.000000 0.000000
50.000000 0.000000
51.000000 0.000000
52.000000 0.000000
53.000000 0.000000
54.000000 0.000000
55.000000 0.000000
56.000000 0.000000
57.000000 0.000000
58.000000 0.000000
59.000000 0.000000
60.000000 0.000000
61.000000 0.000000
62.000000 0.000000
63.000000 0.000000
64.000000 0.000000
65.000000 0.000000
66.000000 0.000000
67.000000 0.000000
68.000000 0.000000
69.000000 0.000000
70.000000 0.000000
71.000000 0.000000
72.000000 0.000000
73.000000 0.000000
74.000000 0.000000
75.000000 0.000000
76.000000 0.000000
77.000000 0.000000
78.000000 0.000000
79.000000 0.000000
80.000000 0.000000
81.000000 0.000000
82.000000 0.000000
83.000000 0.000000
84.000000 0.000000
85.000000 0.000000
86.000000 0.000000
87.000000 0.000000
88.000000 0.000000
89.000000 0.000000
90.000000 0.000000
91.000000 0.000000
92.000000 0.000000
93.000000 0.000000
94.000000 0.000000
95.000000 0.000000
96.000000 0.000000
97.000000 0.000000
98.000000 0.000000
99.000000 0.000000
100.000000 0.000000
101.000000 0.000000
102.000000 0.000000
103.000000 0.000000
104.000000 0.000000
105.000000 0.000000
106.000000 0.000000
107.000000 0.000000
108.000000 0.000000
109.000000 0.000000
110.000000 0.000000
111.000000 0.000000
112.000000 0.000000
113.000000 0.000000
114.000000 0.000000
115.000000 0.000000
116.000000 0.000000
117.000000 0.000000
118.000000 0.000000
119.000000 0.000000
120.000000 0.000000
121.000000 0.000000
122.000000 0.000000
123.000000 0.000000
124.000000 0.000000
125.000000 0.000000
126.000000 0.000000
127.000000 0.000000
128.000000 0.000000
129.000000 0.000000
130.000000 0.000000
131.000000 0.000000
132.000000 0.000000
133.000000 0.000000
134.000000 0.000000
135.000000 0.000000
136.000000 0.000000
137.000000 0.000000
138.000000 0.000000
139.000000 0.000000
140.000000 0.000000
141.000000 0.000000
142.000000 0.000000
143.000000 0.000000
144.000000 0.000000
145.000000 0.000000
146.000000 0.000000
147.000000 0.000000
148.000000 0.000000
149.000000 0.000000
150.000000 0.000000
151.000000 0.000000
152.000000 0.000000
153.000000 0.000000
154.000000 0.000000
155.000000 0.000000
156.000000 0.000000
157.000000 0.000000
158.000000 0.000000
159.000000 0.000000
160.000000 0.000000
161.000000 0.000000
162.000000 0.000000
163.000000 0.000000
164.000000 0.000000
165.000000 0.000000
166.000000 0.000000
167.000000 0.000000
168.000000 0.000000
169.000000 0.000000
170.000000 0.000000
171.000000 0.000000
172.000000 0.000000
173.000000 0.000000
174.000000 0.000000
175.000000 0.000000
176.000000 0.000000
177.000000 0.000000
178.000000 0.000000
179.000000 0.000000
180.000000 0.000000
181.000000 0.000000
182.000000 0.000000
183.000000 0.000000
184.000000 0.000000
185.000000 0.000000
186.000000 0.000000
187.000000 0.000000
188.000000 0.000000
189.000000 0.000000
190.000000 0.000000
191.000000 0.000000
192.000000 0.000000
193.000000 0.000000
194.000000 0.000000
195.000000 0.000000
196.000000 0.000000
197.000000 0.000000
198.000000 0.000000
199.000000 0.000000
200.000000 0.000000
201.000000 0.000000
202.000000 0.000000
203.000000 0.000000
204.000000 0.000000
205.000000 0.000000
206.000000 0.000000
207.000000 0.000000
208.000000 0.000000
209.000000 0.000000
210.000000 0.000000
211.000000 0.000000
212.000000 0.000000
213.000000 0.000000
214.000000 0.000000
215.000000 0.000000
216.000000 0.000000
217.000000 0.000000
218.000000 0.000000
219.000000 0.000000
220.000000 0.000000
221.000000 0.000000
222.000000 0.000000
223.000000 0.000000
224.000000 0.000000
225.000000 0.000000
226.000000 0.000000
227.000000 0.000000
228.000000 0.000000
229.000000 0.000000
230.000000 0.000000
231.000000 0.000000
232.000000 0.000000
233.000000 0.000000
234.000000 0.000000
235.000000 0.000000
236.000000 0.000000
237.000000 0.000000
238.000000 0.000000
239.000000 0.000000
240.000000 0.000000
241.000000 0.000000
242.000000 0.000000
243.000000 0.000000
244.000000 0.000000
245.000000 0.000000
246.000000 0.000000
247.000000 0.000000
248.000000 0.000000
249.000000 0.000000
250.000000 0.000000
251.000000 0.000000
252.000000 0.000000
253.000000 0.000000
254.000000 0.000000
255.000000 0.000000
256.000000 0.000000
257.000000 0.000000
258.000000 0.000000
259.000000 0.000000
260.000000 0.000000
261.000000 0.000000
262.000000 0.000000
263.000000 0.000000
264.000000 0.000000
265.000000 0.000000
266.000000 0.000000
267.000000 0.000000
268.000000 0.000000
269.000000 0.000000
270.000000 0.000000
271.000000 0.000000
272.000000 0.000000
273.000000 0.000000
274.000000 0.000000
275.000000 0.000000
276.000000 0.000000
277.000000 0.000000
278.000000 0.000000
279.000000 0.000000
280.000000 0.000000
281.000000 0.000000
282.000000 0.000000
283.000000 0.000000
284.000000 0.000000
285.000000 0.000000
286.000000 0.000000
287.000000 0.000000
288.000000 0.000000
289.000000 0.000000
290.000000 0.000000
291.000000 0.000000
292.000000 0.000000
293.000000 0.000000
294.000000 0.000000
295.000000 0.000000
296.000000 0.000000
297.000000 0.000000
298.000000 0.000000
299.000000 0.000000
300.000000 0.000000
301.000000 0.000000
302.000000 0.000000
303.000000 0.000000
304.000000 0.000000
305.000000 0.000000
306.000000 0.000000
307.000000 0.000000
308.000000 0.000000
309.000000 0.000000
310.000000 0.000000
311.000000 0.000000
312.000000 0.000000
313.000000 0.000000
314.000000 0.000000
315.000000 0.000000
316.000000 0.000000
317.000000 0.000000
318.000000 0.000000
319.000000 0.000000
320.000000 0.000000
321.000000 0.000000
322.000000 0.000000
323.000000 0.000000
324.000000 0.000000
325.000000 0.000000
326.000000 0.000000
327.000000 0.000000
328.000000 0.000000
329.000000 0.000000
330.000000 0.000000
331.000000 0.000000
332.000000 0.000000
333.000000 0.000000
334.000000 0.000000
335.000000 0.000000
336.000000 0.000000
337.000000 0.000000
338.000000 0.000000
339.000000 0.000000
340.000000 0.000000
341.000000 0.000000
342.000000 0.000000
343.000000 0.000000
344.000000 0.000000
345.000000 0.000000
346.000000 0.000000
347.000000 0.000000
348.000000 0.000000
349.000000 0.000000
350.000000 0.000000
351.000000 0.000000
352.000000 0.000000
353.000000 0.000000
354.000000 0.000000
355.000000 0.000000
356.000000 0.000000
357.000000 0.000000
358.000000 0.000000
359.000000 0.000000
360.000000 0.000000
361.000000 0.000000
362.000000 0.000000
363.000000 0.000000
364.000000 0.000000
365.000000 0.000000
366.000000 0.000000
367.000000 0.000000
368.000000 0.000000
369.000000 0.000000
370.000000 0.000000
371.000000 0.000000
372.000000 0.000000
373.000000 0.000000
374.000000 0.000000
375.000000 0.000000
376.000000 0.000000
377.000000 0.000000
378.000000 0.000000
379.000000 0.000000
380.000000 0.000000
381.000000 0.000000
382.000000 0.000000
383.000000 0.000000
384.000000 0.000000
385.000000 0.000000
386.000000 0.000000
387.000000 0.000000
388.000000 0.000000
389.000000 0.000000
390.000000 0.000000
391.000000 0.000000
392.000000 0.000000
393.000000 0.000000
394.000000 0.000000
395.000000 0.000000
396.000000 0.000000
397.000000 0.000000
398.000000 0.000000
399.000000 0.000000
400.000000 0.000000
401.000000 0.000000
402.000000 0.000000
403.000000 0.000000
404.000000 0.000000
405.000000 0.000000
406.000000 0.000000
407.000000 0.000000
408.000000 0.000000
409.000000 0.000000
410.000000 0.000000
411.000000 0.000000
412.000000 0.000000
413.000000 0.000000
414.000000 0.000000
415.000000 0.000000
416.000000 0.000000
417.000000 0.000000
418.000000 0.000000
419.000000 0.000000
420.000000 0.000000
421.000000 0.000000
422.000000 0.000000
423.000000 0.000000
424.000000 0.000000
425.000000 0.000000
426.000000 0.000000
427.000000 0.000000
428.000000 0.000000
429.000000 0.000000
430.000000 0.000000
431.000000 0.000000
432.000000 0.000000
433.000000 0.000000
434.000000 0.000000
435.000000 0.000000
436.000000 0.000000
437.000000 0.000000
438.000000 0.000000
439.000000 0.000000
440.000000 0.000000
441.000000 0.000000
442.000000 0.000000
443.000000 0.000000
444.000000 0.000000
445.000000 0.000000
446.000000 0.000000
447.000000 0.000000
448.000000 0.000000
449.000000 0.000000
450.000000 0.000000
451.000000 0.000000
452.000000 0.000000
453.000000 0.000000
454.000000 0.000000
455.000000 0.000000
456.000000 0.000000
457.000000 0.000000
458.000000 0.000000
459.000000 0.000000
460.000000 0.000000
461.000000 0.000000
462.000000 0.000000
463.000000 0.000000
464.000000 0.000000
465.000000 0.000000
466.000000 0.000000
467.000000 0.000000
468.000000 0.000000
469.000000 0.000000
470.000000 0.000000
471.000000 0.000000
472.000000 0.000000
473.000000 0.000000
474.000000 0.000000
475.000000 0.000000
476.000000 0.000000
477.000000 0.000000
478.000000 0.000000
479.000000 0.000000
480.000000 0.000000
481.000000 0.000000
482.000000 0.000000
483.000000 0.000000
484.000000 0.000000
485.000000 0.000000
486.000000 0.000000
487.000000 0.000000
488.000000 0.000000
489.000000 0.000000
490.000000 0.000000
491.000000 0.000000
492.000000 0.000000
493.000000 0.000000
494.000000 0.000000
495.000000 0.000000
496.000000 0.000000
497.000000 0.000000
498.000000 0.000000
499.000000 0.000000
500.000000 0.000000
501.000000 0.000000
502.000000 0.000000
503.000000 0.000000
504.000000 0.000000
505.000000 0.000000
506.000000 0.000000
507.000000 0.000000
508.000000 0.000000
509.000000 0.000000
510.000000 0.000000
511.000000 0.000000
512.000000 0.000000
513.000000 0.000000
514.000000 0.000000
515.000000 0.000000
516.000000 0.000000
517.000000 0.000000
518.000000 0.000000
519.000000 0.000000
520.000000 0.000000
521.000000 0.000000
522.000000 0.000000
523.000000 0.000000
524.000000 0.000000
525.000000 0.000000
526.000000 0.000000
527.000000 0.000000
528.000000 0.000000
529.000000 0.000000
530.000000 0.000000
531.000000 0.000000
532.000000 0.000000
533.000000 0.000000
534.000000 0.000000
535.000000 0.000000
536.000000 0.000000
537.000000 0.000000
538.000000 0.000000
539.000000 0.000000
540.000000 0.000000
541.000000 0.000000
542.000000 0.000000
543.000000 0.000000
544.000000 0.000000
545.000000 0.000000
546.000000 0.000000
547.000000 0.000000
548.000000 0.000000
549.000000 0.000000
550.000000 0.000000
551.000000 0.000000
552.000000 0.000000
553.000000 0.000000
554.000000 0.000000
555.000000 0.000000
556.000000 0.000000
557.000000 0.000000
558.000000 0.000000
559.000000 0.000000
560.000000 0.000000
561.000000 0.000000
562.000000 0.000000
563.000000 0.000000
564.000000 0.000000
565.000000 0.000000
566.000000 0.000000
567.000000 0.000000
568.000000 0.000000
569.000000 0.000000
570.000000 0.000000
571.000000 0.000000
572.000000 0.000000
573.000000 0.000000
574.000000 0.000000
575.000000 0.000000
576.000000 0.000000
577.000000 0.000001
578.000000 0.000001
579.000000 0.000001
580.000000 0.000001
581.000000 0.000001
582.000000 0.000001
583.000000 0.000001
584.000000 0.000001
585.000000 0.000001
586.000000 0.000001
587.000000 0.000001
588.000000 0.000001
589.000000 0.000001
590.000000 0.000001
591.000000 0.000001
592.000000 0.000001
593.000000 0.000001
594.000000 0.000001
595.000000 0.000001
596.000000 0.000001
597.000000 0.000001
598.000000 0.000001
599.000000 0.000001
600.000000 0.000001
601.000000 0.000001
602.000000 0.000001
603.000000 0.000001
604.000000 0.000001
605.000000 0.000001
606.000000 0.000001
607.000000 0.000001
608.000000 0.000001
609.000000 0.000001
610.000000 0.000001
611.000000 0.000001
612.000000 0.000001
613.000000 0.000001
614.000000 0.000001
615.000000 0.000001
616.000000 0.000001
617.000000 0.000001
618.000000 0.000001
619.000000 0.000001
620.000000 0.000001
621.000000 0.000001
622.000000 0.000001
623.000000 0.000001
624.000000 0.000001
625.000000 0.000002
626.000000 0.000002
627.000000 0.000002
628.000000 0.000002
629.000000 0.000002
630.000000 0.000002
631.000000 0.000002
632.000000 0.000002
633.000000 0.000002
634.000000 0.000002
635.000000 0.000002
636.000000 0.000002
637.000000 0.000002
638.000000 0.000002
639.000000 0.000002
640.000000 0.000002
641.000000 0.000002
642.000000 0.000002
643.000000 0.000002
644.000000 0.000002
645.000000 0.000002
646.000000 0.000002
647.000000 0.000002
648.000000 0.000002
649.000000 0.000003
650.000000 0.000003
651.000000 0.000003
652.000000 0.000003
653.000000 0.000003
654.000000 0.000003
655.000000 0.000003
656.000000 0.000003
657.000000 0.000003
658.000000 0.000003
659.000000 0.000003
660.000000 0.000003
661.000000 0.000003
662.000000 0.000003
663.000000 0.000003
664.000000 0.000003
665.000000 0.000003
666.000000 0.000004
667.000000 0.000004
668.000000 0.000004
669.000000 0.000004
670.000000 0.000004
671.000000 0.000004
672.000000 0.000004
673.000000 0.000004
674.000000 0.000004
675.000000 0.000004
676.000000 0.000004
677.000000 0.000004
678.000000 0.000004
679.000000 0.000005
680.000000 0.000005
681.000000 0.000005
682.000000 0.000005
683.000000 0.000005
684.000000 0.000005
685.000000 0.000005
686.000000 0.000005
687.000000 0.000005
688.000000 0.000005
689.000000 0.000005
690.000000 0.000006
691.000000 0.000006
692.000000 0.000006
693.000000 0.000006
694.000000 0.000006
695.000000 0.000006
696.000000 0.000006
697.000000 0.000006
698.000000 0.000006
699.000000 0.000006
700.000000 0.000007
701.000000 0.000007
702.000000 0.000007
703.000000 0.000007
704.000000 0.000007
705.000000 0.000007
706.000000 0.000007
707.000000 0.000007
708.000000 0.000008
709.000000 0.000008
710.000000 0.000008
711.000000 0.000008
712.000000 0.000008
713.000000 0.000008
714.000000 0.000008
715.000000 0.000009
716.000000 0.000009
717.000000 0.000009
718.000000 0.000009
719.000000 0.000009
720.000000 0.000009
721.000000 0.000010
722.000000 0.000010
723.000000 0.000010
724.000000 0.000010
725.000000 0.000010
726.000000 0.000010
727.000000 0.000011
728.000000 0.000011
729.000000 0.000011
730.000000 0.000011
731.000000 0.000011
732.000000 0.000011
733.000000 0.000012
734.000000 0.000012
735.000000 0.000012
736.000000 0.000012
737.000000 0.000012
738.000000 0.000013
739.000000 0.000013
740.000000 0.000013
741.000000 0.000013
742.000000 0.000013
743.000000 0.000014
744.000000 0.000014
745.000000 0.000014
746.000000 0.000014
747.000000 0.000014
748.000000 0.000015
749.000000 0.000015
750.000000 0.000015
751.000000 0.000015
752.000000 0.000016
753.000000 0.000016
754.000000 0.000016
755.000000 0.000016
756.000000 0.000017
757.000000 0.000017
758.000000 0.000017
759.000000 0.000017
760.000000 0.000018
761.000000 0.000018
762.000000 0.000018
763.000000 0.000018
764.000000 0.000019
765.000000 0.000019
766.000000 0.000019
767.000000 0.000020
768.000000 0.000020
769.000000 0.000020
770.000000 0.000020
771.000000 0.000021
772.000000 0.000021
773.000000 0.000021
774.000000 0.000022
775.000000 0.000022
776.000000 0.000022
777.000000 0.000023
778.000000 0.000023
779.000000 0.000023
780.000000 0.000024
781.000000 0.000024
782.000000 0.000024
783.000000 0.000025
784.000000 0.000025
785.000000 0.000025
786.000000 0.000026
787.000000 0.000026
788.000000 0.000026
789.000000 0.000027
790.000000 0.000027
791.000000 0.000027
792.000000 0.000028
793.000000 0.000028
794.000000 0.000029
795.000000 0.000029
796.000000 0.000029
797.000000 0.000030
798.000000 0.000030
799.000000 0.000031
800.000000 0.000031
801.000000 0.000031
802.000000 0.000032
803.000000 0.000032
804.000000 0.000033
805.000000 0.000033
806.000000 0.000034
807.000000 0.000034
808.000000 0.000035
809.000000 0.000035
810.000000 0.000035
811.000000 0.000036
812.000000 0.000036
813.000000 0.000037
814.000000 0.000037
815.000000 0.000038
816.000000 0.000038
817.000000 0.000039
818.000000 0.000039
819.000000 0.000040
820.000000 0.000040
821.000000 0.000041
822.000000 0.000041
823.000000 0.000042
824.000000 0.000042
825.000000 0.000043
826.000000 0.000044
827.000000 0.000044
828.000000 0.000045
829.000000 0.000045
830.000000 0.000046
831.000000 0.000046
832.000000 0.000047
833.000000 0.000048
834.000000 0.000048
835.000000 0.000049
836.000000 0.000049
837.000000 0.000050
838.000000 0.000051
839.000000 0.000051
840.000000 0.000052
841.000000 0.000052
842.000000 0.000053
843.000000 0.000054
844.000000 0.000054
845.000000 0.000055
846.000000 0.000056
847.000000 0.000056
848.000000 0.000057
849.000000 0.000058
850.000000 0.000058
851.000000 0.000059
852.000000 0.000060
853.000000 0.000060
854.000000 0.000061
855.000000 0.000062
856.000000 0.000063
857.000000 0.000063
858.000000 0.000064
859.000000 0.000065
860.000000 0.000066
861.000000 0.000066
862.000000 0.000067
863.000000 0.000068
864.000000 0.000069
865.000000 0.000070
866.000000 0.000070
867.000000 0.000071
868.000000 0.000072
869.000000 0.000073
870.000000 0.000073
871.000000 0.000074
872.000000 0.000075
873.000000 0.000076
874.000000 0.000077
875.000000 0.000078
876.000000 0.000079
877.000000 0.000080
878.000000 0.000080
879.000000 0.000081
880.000000 0.000082
881.000000 0.000083
882.000000 0.000084
883.000000 0.000085
884.000000 0.000086
885.000000 0.000087
886.000000 0.000088
887.000000 0.000089
888.000000 0.000090
889.000000 0.000090
890.000000 0.000091
891.000000 0.000092
892.000000 0.000094
893.000000 0.000094
894.000000 0.000095
895.000000 0.000096
896.000000 0.000098
897.000000 0.000098
898.000000 0.000099
899.000000 0.000100
900.000000 0.000102
901.000000 0.000103
902.000000 0.000104
903.000000 0.000105
904.000000 0.000106
905.000000 0.000107
906.000000 0.000108
907.000000 0.000109
908.000000 0.000110
909.000000 0.000112
910.000000 0.000112
911.000000 0.000114
912.000000 0.000115
913.000000 0.000116
914.000000 0.000117
915.000000 0.000118
916.000000 0.000119
917.000000 0.000121
918.000000 0.000122
919.000000 0.000123
920.000000 0.000124
921.000000 0.000125
922.000000 0.000127
923.000000 0.000128
924.000000 0.000129
925.000000 0.000130
926.000000 0.000132
927.000000 0.000133
928.000000 0.000134
929.000000 0.000136
930.000000 0.000137
931.000000 0.000138
932.000000 0.000140
933.000000 0.000141
934.000000 0.000142
935.000000 0.000143
936.000000 0.000145
937.000000 0.000146
938.000000 0.000148
939.000000 0.000149
940.000000 0.000150
941.000000 0.000152
942.000000 0.000153
943.000000 0.000155
944.000000 0.000156
945.000000 0.000158
946.000000 0.000159
947.000000 0.000160
948.000000 0.000162
949.000000 0.000163
950.000000 0.000165
951.000000 0.000166
952.000000 0.000168
953.000000 0.000170
954.000000 0.000171
955.000000 0.000172
956.000000 0.000174
957.000000 0.000176
958.000000 0.000177
959.000000 0.000179
960.000000 0.000180
961.000000 0.000182
962.000000 0.000183
963.000000 0.000185
964.000000 0.000187
965.000000 0.000189
966.000000 0.000190
967.000000 0.000192
968.000000 0.000193
969.000000 0.000195
970.000000 0.000197
971.000000 0.000198
972.000000 0.000200
973.000000 0.000202
974.000000 0.000204
975.000000 0.000205
976.000000 0.000207
977.000000 0.000209
978.000000 0.000211
979.000000 0.000212
980.000000 0.000214
981.000000 0.000216
982.000000 0.000218
983.000000 0.000219
984.000000 0.000221
985.000000 0.000223
986.000000 0.000225
987.000000 0.000227
988.000000 0.000229
989.000000 0.000230
990.000000 0.000233
991.000000 0.000234
992.000000 0.000236
993.000000 0.000238
994.000000 0.000240
995.000000 0.000242
996.000000 0.000244
997.000000 0.000246
998.000000 0.000248
999.000000 0.000250
1000.000000 0.000252
1001.000000 0.000254
1002.000000 0.000256
1003.000000 0.000258
1004.000000 0.000260
1005.000000 0.000262
1006.000000 0.000264
1007.000000 0.000266
1008.000000 0.000268
1009.000000 0.000270
1010.000000 0.000272
1011.000000 0.000274
1012.000000 0.000276
1013.000000 0.000278
1014.000000 0.000280
1015.000000 0.000283
1016.000000 0.000285
1017.000000 0.000287
1018.000000 0.000289
1019.000000 0.000291
1020.000000 0.000293
1021.000000 0.000296
1022.000000 0.000298
1023.000000 0.000300
1024.000000 0.000302
1025.000000 0.000304
1026.000000 0.000307
1027.000000 0.000309
1028.000000 0.000311
1029.000000 0.000313
1030.000000 0.000316
1031.000000 0.000318
1032.000000 0.000320
1033.000000 0.000322
1034.000000 0.000325
1035.000000 0.000327
1036.000000 0.000330
1037.000000 0.000332
1038.000000 0.000334
1039.000000 0.000337
1040.000000 0.000339
1041.000000 0.000341
1042.000000 0.000344
1043.000000 0.000346
1044.000000 0.000348
1045.000000 0.000351
1046.000000 0.000353
1047.000000 0.000356
1048.000000 0.000358
1049.000000 0.000361
1050.000000 0.000363
1051.000000 0.000366
1052.000000 0.000368
1053.000000 0.000370
1054.000000 0.000373
1055.000000 0.000376
1056.000000 0.000378
1057.000000 0.000381
1058.000000 0.000383
1059.000000 0.000386
1060.000000 0.000388
1061.000000 0.000391
1062.000000 0.000394
1063.000000 0.000396
1064.000000 0.000398
1065.000000 0.000402
1066.000000 0.000404
1067.000000 0.000407
1068.000000 0.000409
1069.000000 0.000412
1070.000000 0.000415
1071.000000 0.000417
1072.000000 0.000420
1073.000000 0.000423
1074.000000 0.000425
1075.000000 0.000428
1076.000000 0.000431
1077.000000 0.000434
1078.000000 0.000436
1079.000000 0.000439
1080.000000 0.000442
1081.000000 0.000444
1082.000000 0.000447
1083.000000 0.000450
1084.000000 0.000453
1085.000000 0.000456
1086.000000 0.000458
1087.000000 0.000461
1088.000000 0.000464
1089.000000 0.000467
1090.000000 0.000470
1091.000000 0.000473
1092.000000 0.000475
1093.000000 0.000478
1094.000000 0.000481
1095.000000 0.000484
1096.000000 0.000487
1097.000000 0.000489
1098.000000 0.000493
1099.000000 0.000496
1100.000000 0.000499
1101.000000 0.000501
1102.000000 0.000504
1103.000000 0.000507
1104.000000 0.000510
1105.000000 0.000513
1106.000000 0.000516
1107.000000 0.000519
1108.000000 0.000522
1109.000000 0.000525
1110.000000 0.000528
1111.000000 0.000531
1112.000000 0.000534
1113.000000 0.000537
1114.000000 0.000540
1115.000000 0.000543
1116.000000 0.000547
1117.000000 0.000549
1118.000000 0.000552
1119.000000 0.000555
1120.000000 0.000559
1121.000000 0.000562
1122.000000 0.000564
1123.000000 0.000567
1124.000000 0.000570
1125.000000 0.000574
1126.000000 0.000576
1127.000000 0.000580
1128.000000 0.000583
1129.000000 0.000586
1130.000000 0.000589
1131.000000 0.000593
1132.000000 0.000595
1133.000000 0.000599
1134.000000 0.000601
1135.000000 0.000605
1136.000000 0.000608
1137.000000 0.000611
1138.000000 0.000614
1139.000000 0.000618
1140.000000 0.000620
1141.000000 0.000624
1142.000000 0.000627
1143.000000 0.000630
1144.000000 0.000633
1145.000000 0.000637
1146.000000 0.000640
1147.000000 0.000643
1148.000000 0.000646
1149.000000 0.000649
1150.000000 0.000653
1151.000000 0.000656
1152.000000 0.000660
1153.000000 0.000662
1154.000000 0.000666
1155.000000 0.000668
1156.000000 0.000673
1157.000000 0.000675
1158.000000 0.000679
1159.000000 0.000681
1160.000000 0.000686
1161.000000 0.000689
1162.000000 0.000692
1163.000000 0.000695
1164.000000 0.000699
1165.000000 0.000702
1166.000000 0.000705
1167.000000 0.000708
1168.000000 0.000711
1169.000000 0.000715
1170.000000 0.000718
1171.000000 0.000721
1172.000000 0.000725
1173.000000 0.000728
1174.000000 0.000732
1175.000000 0.000735
1176.000000 0.000738
1177.000000 0.000742
1178.000000 0.000745
1179.000000 0.000748
1180.000000 0.000751
1181.000000 0.000756
1182.000000 0.000758
1183.000000 0.000762
1184.000000 0.000764
1185.000000 0.000769
1186.000000 0.000771
1187.000000 0.000776
1188.000000 0.000778
1189.000000 0.000783
1190.000000 0.000785
1191.000000 0.000788
1192.000000 0.000792
1193.000000 0.000796
1194.000000 0.000799
1195.000000 0.000802
1196.000000 0.000805
1197.000000 0.000809
1198.000000 0.000813
1199.000000 0.000815
1200.000000 0.000820
1201.000000 0.000823
1202.000000 0.000825
1203.000000 0.000829
1204.000000 0.000833
1205.000000 0.000836
1206.000000 0.000839
1207.000000 0.000843
1208.000000 0.000846
1209.000000 0.000850
1210.000000 0.000852
1211.000000 0.000856
1212.000000 0.000859
1213.000000 0.000863
1214.000000 0.000867
1215.000000 0.000870
1216.000000 0.000873
1217.000000 0.000877
1218.000000 0.000881
1219.000000 0.000883
1220.000000 0.000887
1221.000000 0.000890
1222.000000 0.000893
1223.000000 0.000898
1224.000000 0.000900
1225.000000 0.000904
1226.000000 0.000907
1227.000000 0.000910
1228.000000 0.000914
1229.000000 0.000918
1230.000000 0.000921
1231.000000 0.000924
1232.000000 0.000928
1233.000000 0.000930
1234.000000 0.000936
1235.000000 0.000936
1236.000000 0.000941
1237.000000 0.000944
1238.000000 0.000948
1239.000000 0.000950
1240.000000 0.000956
1241.000000 0.000957
1242.000000 0.000961
1243.000000 0.000964
1244.000000 0.000968
1245.000000 0.000971
1246.000000 0.000974
1247.000000 0.000977
1248.000000 0.000981
1249.000000 0.000984
1250.000000 0.000987
1251.000000 0.000992
1252.000000 0.000994
1253.000000 0.000997
1254.000000 0.001002
1255.000000 0.001004
1256.000000 0.001007
1257.000000 0.001011
1258.000000 0.001013
1259.000000 0.001019
1260.000000 0.001020
1261.000000 0.001024
1262.000000 0.001027
1263.000000 0.001031
1264.000000 0.001032
1265.000000 0.001038
1266.000000 0.001039
1267.000000 0.001045
1268.000000 0.001045
1269.000000 0.001051
1270.000000 0.001052
1271.000000 0.001058
1272.000000 0.001058
1273.000000 0.001063
1274.000000 0.001066
1275.000000 0.001070
1276.000000 0.001073
1277.000000 0.001075
1278.000000 0.001079
1279.000000 0.001082
1280.000000 0.001086
1281.000000 0.001087
1282.000000 0.001093
1283.000000 0.001093
1284.000000 0.001098
1285.000000 0.001101
1286.000000 0.001104
1287.000000 0.001107
1288.000000 0.001111
1289.000000 0.001111
1290.000000 0.001118
1291.000000 0.001118
1292.000000 0.001123
1293.000000 0.001125
1294.000000 0.001130
1295.000000 0.001130
1296.000000 0.001137
1297.000000 0.001136
1298.000000 0.001143
1299.000000 0.001144
1300.000000 0.001147
1301.000000 0.001149
1302.000000 0.001155
1303.000000 0.001156
1304.000000 0.001158
1305.000000 0.001162
1306.000000 0.001165
1307.000000 0.001169
1308.000000 0.001169
1309.000000 0.001175
1310.000000 0.001176
1311.000000 0.001180
1312.000000 0.001181
1313.000000 0.001187
1314.000000 0.001186
1315.000000 0.001192
1316.000000 0.001194
1317.000000 0.001198
1318.000000 0.001199
1319.000000 0.001204
1320.000000 0.001204
1321.000000 0.001210
1322.000000 0.001209
1323.000000 0.001215
1324.000000 0.001216
1325.000000 0.001221
1326.000000 0.001220
1327.000000 0.001227
1328.000000 0.001228
1329.000000 0.001231
1330.000000 0.001233
1331.000000 0.001236
1332.000000 0.001238
1333.000000 0.001242
1334.000000 0.001244
1335.000000 0.001246
1336.000000 0.001250
1337.000000 0.001252
1338.000000 0.001256
1339.000000 0.001256
1340.000000 0.001262
1341.000000 0.001261
1342.000000 0.001267
1343.000000 0.001266
1344.000000 0.001274
1345.000000 0.001271
1346.000000 0.001277
1347.000000 0.001278
1348.000000 0.001282
1349.000000 0.001282
1350.000000 0.001287
1351.000000 0.001286
1352.000000 0.001293
1353.000000 0.001293
1354.000000 0.001296
1355.000000 0.001298
1356.000000 0.001302
1357.000000 0.001302
1358.000000 0.001306
1359.000000 0.001307
1360.000000 0.001311
1361.000000 0.001313
1362.000000 0.001314
1363.000000 0.001317
1364.000000 0.001320
1365.000000 0.001322
1366.000000 0.001323
1367.000000 0.001327
1368.000000 0.001328
1369.000000 0.001333
1370.000000 0.001331
1371.000000 0.001336
1372.000000 0.001337
1373.000000 0.001341
1374.000000 0.001340
1375.000000 0.001346
1376.000000 0.001344
1377.000000 0.001349
1378.000000 0.001350
1379.000000 0.001353
1380.000000 0.001354
1381.000000 0.001358
1382.000000 0.001357
1383.000000 0.001363
1384.000000 0.001362
1385.000000 0.001365
1386.000000 0.001367
1387.000000 0.001370
1388.000000 0.001370
1389.000000 0.001374
1390.000000 0.001375
1391.000000 0.001377
1392.000000 0.001379
1393.000000 0.001380
1394.000000 0.001383
1395.000000 0.001385
1396.000000 0.001387
1397.000000 0.001388
1398.000000 0.001391
1399.000000 0.001390
1400.000000 0.001396
1401.000000 0.001393
1402.000000 0.001398
1403.000000 0.001398
1404.000000 0.001402
1405.000000 0.001401
1406.000000 0.001406
1407.000000 0.001404
1408.000000 0.001409
1409.000000 0.001409
1410.000000 0.001411
1411.000000 0.001412
1412.000000 0.001415
1413.000000 0.001414
1414.000000 0.001419
1415.000000 0.001417
1416.000000 0.001420
1417.000000 0.001422
1418.000000 0.001423
1419.000000 0.001424
1420.000000 0.001426
1421.000000 0.001427
1422.000000 0.001430
1423.000000 0.001430
1424.000000 0.001430
1425.000000 0.001433
1426.000000 0.001435
1427.000000 0.001437
1428.000000 0.001436
1429.000000 0.001439
1430.000000 0.001439
1431.000000 0.001443
1432.000000 0.001440
1433.000000 0.001445
1434.000000 0.001444
1435.000000 0.001447
1436.000000 0.001446
1437.000000 0.001450
1438.000000 0.001448
1439.000000 0.001452
1440.000000 0.001451
1441.000000 0.001454
1442.000000 0.001453
1443.000000 0.001455
1444.000000 0.001455
1445.000000 0.001459
1446.000000 0.001458
1447.000000 0.001458
1448.000000 0.001460
1449.000000 0.001461
1450.000000 0.001462
1451.000000 0.001462
1452.000000 0.001464
1453.000000 0.001465
1454.000000 0.001466
1455.000000 0.001466
1456.000000 0.001467
1457.000000 0.001467
1458.000000 0.001470
1459.000000 0.001469
1460.000000 0.001470
1461.000000 0.001471
1462.000000 0.001473
1463.000000 0.001471
1464.000000 0.001475
1465.000000 0.001473
1466.000000 0.001476
1467.000000 0.001474
1468.000000 0.001477
1469.000000 0.001475
1470.000000 0.001478
1471.000000 0.001478
1472.000000 0.001478
1473.000000 0.001478
1474.000000 0.001480
1475.000000 0.001478
1476.000000 0.001481
1477.000000 0.001480
1478.000000 0.001480
1479.000000 0.001481
1480.000000 0.001483
1481.000000 0.001481
1482.000000 0.001483
1483.000000 0.001483
1484.000000 0.001483
1485.000000 0.001484
1486.000000 0.001484
1487.000000 0.001483
1488.000000 0.001484
1489.000000 0.001486
1490.000000 0.001483
1491.000000 0.001486
1492.000000 0.001485
1493.000000 0.001486
1494.000000 0.001484
1495.000000 0.001486
1496.000000 0.001485
1497.000000 0.001487
1498.000000 0.001484
1499.000000 0.001488
1500.000000 0.001484
1501.000000 0.001486
1502.000000 0.001486
1503.000000 0.001485
1504.000000 0.001485
1505.000000 0.001487
1506.000000 0.001484
1507.000000 0.001488
1508.000000 0.001484
1509.000000 0.001484
1510.000000 0.001486
1511.000000 0.001485
1512.000000 0.001484
1513.000000 0.001484
1514.000000 0.001484
1515.000000 0.001484
1516.000000 0.001483
1517.000000 0.001483
1518.000000 0.001482
1519.000000 0.001483
1520.000000 0.001482
1521.000000 0.001481
1522.000000 0.001481
1523.000000 0.001481
1524.000000 0.001482
1525.000000 0.001478
1526.000000 0.001480
1527.000000 0.001479
1528.000000 0.001479
1529.000000 0.001477
1530.000000 0.001479
1531.000000 0.001475
1532.000000 0.001478
1533.000000 0.001476
1534.000000 0.001475
1535.000000 0.001475
1536.000000 0.001474
1537.000000 0.001472
1538.000000 0.001474
1539.000000 0.001471
1540.000000 0.001471
1541.000000 0.001470
1542.000000 0.001470
1543.000000 0.001469
1544.000000 0.001468
1545.000000 0.001467
1546.000000 0.001467
1547.000000 0.001465
1548.000000 0.001465
1549.000000 0.001463
1550.000000 0.001463
1551.000000 0.001463
1552.000000 0.001460
1553.000000 0.001460
1554.000000 0.001460
1555.000000 0.001459
1556.000000 0.001456
1557.000000 0.001457
1558.000000 0.001454
1559.000000 0.001454
1560.000000 0.001453
1561.000000 0.001452
1562.000000 0.001449
1563.000000 0.001450
1564.000000 0.001448
1565.000000 0.001447
1566.000000 0.001445
1567.000000 0.001445
1568.000000 0.001443
1569.000000 0.001443
1570.000000 0.001440
1571.000000 0.001440
1572.000000 0.001438
1573.000000 0.001438
1574.000000 0.001435
1575.000000 0.001435
1576.000000 0.001433
1577.000000 0.001432
1578.000000 0.001430
1579.000000 0.001430
1580.000000 0.001426
1581.000000 0.001426
1582.000000 0.001426
1583.000000 0.001422
1584.000000 0.001422
1585.000000 0.001420
1586.000000 0.001419
1587.000000 0.001415
1588.000000 0.001417
1589.000000 0.001413
1590.000000 0.001413
1591.000000 0.001410
1592.000000 0.001410
1593.000000 0.001406
1594.000000 0.001406
1595.000000 0.001404
1596.000000 0.001402
1597.000000 0.001400
1598.000000 0.001400
1599.000000 0.001396
1600.000000 0.001396
1601.000000 0.001394
1602.000000 0.001392
1603.000000 0.001389
1604.000000 0.001390
1605.000000 0.001385
1606.000000 0.001385
1607.000000 0.001383
1608.000000 0.001380
1609.000000 0.001379
1610.000000 0.001377
1611.000000 0.001374
1612.000000 0.001374
1613.000000 0.001372
1614.000000 0.001368
1615.000000 0.001367
1616.000000 0.001365
1617.000000 0.001364
1618.000000 0.001359
1619.000000 0.001359
1620.000000 0.001357
1621.000000 0.001355
1622.000000 0.001352
1623.000000 0.001352
1624.000000 0.001347
1625.000000 0.001347
1626.000000 0.001344
1627.000000 0.001342
1628.000000 0.001339
1629.000000 0.001339
1630.000000 0.001334
1631.000000 0.001334
1632.000000 0.001331
1633.000000 0.001328
1634.000000 0.001326
1635.000000 0.001325
1636.000000 0.001321
1637.000000 0.001320
1638.000000 0.001317
1639.000000 0.001315
1640.000000 0.001313
1641.000000 0.001310
1642.000000 0.001307
1643.000000 0.001305
1644.000000 0.001303
1645.000000 0.001301
1646.000000 0.001298
1647.000000 0.001296
1648.000000 0.001295
1649.000000 0.001289
1650.000000 0.001289
1651.000000 0.001285
1652.000000 0.001284
1653.000000 0.001281
1654.000000 0.001279
1655.000000 0.001274
1656.000000 0.001274
1657.000000 0.001271
1658.000000 0.001267
1659.000000 0.001266
1660.000000 0.001263
1661.000000 0.001259
1662.000000 0.001258
1663.000000 0.001255
1664.000000 0.001252
1665.000000 0.001249
1666.000000 0.001248
1667.000000 0.001244
1668.000000 0.001242
1669.000000 0.001240
1670.000000 0.001235
1671.000000 0.001233
1672.000000 0.001231
1673.000000 0.001229
1674.000000 0.001224
1675.000000 0.001223
1676.000000 0.001219
1677.000000 0.001217
1678.000000 0.001214
1679.000000 0.001212
1680.000000 0.001207
1681.000000 0.001207
1682.000000 0.001202
1683.000000 0.001200
1684.000000 0.001197
1685.000000 0.001195
1686.000000 0.001190
1687.000000 0.001189
1688.000000 0.001185
1689.000000 0.001183
1690.000000 0.001180
1691.000000 0.001177
1692.000000 0.001174
1693.000000 0.001171
1694.000000 0.001169
1695.000000 0.001164
1696.000000 0.001162
1697.000000 0.001159
1698.000000 0.001157
1699.000000 0.001152
1700.000000 0.001151
1701.000000 0.001146
1702.000000 0.001144
1703.000000 0.001141
1704.000000 0.001138
1705.000000 0.001134
1706.000000 0.001133
1707.000000 0.001128
1708.000000 0.001126
1709.000000 0.001123
1710.000000 0.001120
1711.000000 0.001116
1712.000000 0.001113
1713.000000 0.001109
1714.000000 0.001108
1715.000000 0.001104
1716.000000 0.001101
1717.000000 0.001098
1718.000000 0.001094
1719.000000 0.001092
1720.000000 0.001087
1721.000000 0.001085
1722.000000 0.001083
1723.000000 0.001079
1724.000000 0.001075
1725.000000 0.001073
1726.000000 0.001069
1727.000000 0.001066
1728.000000 0.001063
1729.000000 0.001059
1730.000000 0.001056
1731.000000 0.001054
1732.000000 0.001049
1733.000000 0.001047
1734.000000 0.001044
1735.000000 0.001040
1736.000000 0.001037
1737.000000 0.001034
1738.000000 0.001031
1739.000000 0.001026
1740.000000 0.001024
1741.000000 0.001020
1742.000000 0.001018
1743.000000 0.001013
1744.000000 0.001012
1745.000000 0.001006
1746.000000 0.001005
1747.000000 0.001001
1748.000000 0.000997
1749.000000 0.000993
1750.000000 0.000992
1751.000000 0.000986
1752.000000 0.000985
1753.000000 0.000981
1754.000000 0.000977
1755.000000 0.000974
1756.000000 0.000971
1757.000000 0.000967
1758.000000 0.000965
1759.000000 0.000961
1760.000000 0.000957
1761.000000 0.000954
1762.000000 0.000951
1763.000000 0.000948
1764.000000 0.000943
1765.000000 0.000941
1766.000000 0.000937
1767.000000 0.000935
1768.000000 0.000930
1769.000000 0.000928
1770.000000 0.000923
1771.000000 0.000921
1772.000000 0.000917
1773.000000 0.000914
1774.000000 0.000910
1775.000000 0.000908
1776.000000 0.000903
1777.000000 0.000901
1778.000000 0.000897
1779.000000 0.000893
1780.000000 0.000891
1781.000000 0.000887
1782.000000 0.000882
1783.000000 0.000881
1784.000000 0.000877
1785.000000 0.000873
1786.000000 0.000870
1787.000000 0.000866
1788.000000 0.000864
1789.000000 0.000859
1790.000000 0.000857
1791.000000 0.000853
1792.000000 0.000850
1793.000000 0.000846
1794.000000 0.000843
1795.000000 0.000838
1796.000000 0.000837
1797.000000 0.000832
1798.000000 0.000829
1799.000000 0.000826
1800.000000 0.000823
1801.000000 0.000818
1802.000000 0.000816
1803.000000 0.000812
1804.000000 0.000809
1805.000000 0.000806
1806.000000 0.000802
1807.000000 0.000799
1808.000000 0.000795
1809.000000 0.000792
1810.000000 0.000788
1811.000000 0.000786
1812.000000 0.000781
1813.000000 0.000779
1814.000000 0.000775
1815.000000 0.000772
1816.000000 0.000768
1817.000000 0.000765
1818.000000 0.000761
1819.000000 0.000759
1820.000000 0.000754
1821.000000 0.000752
1822.000000 0.000748
1823.000000 0.000745
1824.000000 0.000742
1825.000000 0.000739
1826.000000 0.000734
1827.000000 0.000732
1828.000000 0.000728
1829.000000 0.000725
1830.000000 0.000722
1831.000000 0.000718
1832.000000 0.000715
1833.000000 0.000712
1834.000000 0.000709
1835.000000 0.000704
1836.000000 0.000703
1837.000000 0.000698
1838.000000 0.000695
1839.000000 0.000692
1840.000000 0.000689
1841.000000 0.000685
1842.000000 0.000682
1843.000000 0.000678
1844.000000 0.000676
1845.000000 0.000672
1846.000000 0.000670
1847.000000 0.000665
1848.000000 0.000663
1849.000000 0.000660
1850.000000 0.000656
1851.000000 0.000652
1852.000000 0.000650
1853.000000 0.000646
1854.000000 0.000643
1855.000000 0.000640
1856.000000 0.000637
1857.000000 0.000633
1858.000000 0.000630
1859.000000 0.000627
1860.000000 0.000624
1861.000000 0.000621
1862.000000 0.000617
1863.000000 0.000614
1864.000000 0.000611
1865.000000 0.000608
1866.000000 0.000604
1867.000000 0.000602
1868.000000 0.000599
1869.000000 0.000595
1870.000000 0.000592
1871.000000 0.000590
1872.000000 0.000586
1873.000000 0.000583
1874.000000 0.000580
1875.000000 0.000576
1876.000000 0.000574
1877.000000 0.000570
1878.000000 0.000567
1879.000000 0.000564
1880.000000 0.000562
1881.000000 0.000558
1882.000000 0.000555
1883.000000 0.000552
1884.000000 0.000549
1885.000000 0.000546
1886.000000 0.000543
1887.000000 0.000539
1888.000000 0.000537
1889.000000 0.000534
1890.000000 0.000531
1891.000000 0.000527
1892.000000 0.000525
1893.000000 0.000522
1894.000000 0.000519
1895.000000 0.000515
1896.000000 0.000513
1897.000000 0.000510
1898.000000 0.000507
1899.000000 0.000504
1900.000000 0.000501
1901.000000 0.000499
1902.000000 0.000495
1903.000000 0.000492
1904.000000 0.000489
1905.000000 0.000487
1906.000000 0.000483
1907.000000 0.000481
1908.000000 0.000478
1909.000000 0.000475
1910.000000 0.000472
1911.000000 0.000470
1912.000000 0.000466
1913.000000 0.000464
1914.000000 0.000461
1915.000000 0.000459
1916.000000 0.000455
1917.000000 0.000453
1918.000000 0.000450
1919.000000 0.000447
1920.000000 0.000444
1921.000000 0.000442
1922.000000 0.000439
1923.000000 0.000436
1924.000000 0.000434
1925.000000 0.000430
1926.000000 0.000428
1927.000000 0.000425
1928.000000 0.000422
1929.000000 0.000420
1930.000000 0.000418
1931.000000 0.000414
1932.000000 0.000412
1933.000000 0.000409
1934.000000 0.000407
1935.000000 0.000404
1936.000000 0.000402
1937.000000 0.000398
1938.000000 0.000396
1939.000000 0.000393
1940.000000 0.000391
1941.000000 0.000388
1942.000000 0.000386
1943.000000 0.000384
1944.000000 0.000380
1945.000000 0.000378
1946.000000 0.000376
1947.000000 0.000373
1948.000000 0.000371
1949.000000 0.000369
1950.000000 0.000365
1951.000000 0.000364
1952.000000 0.000360
1953.000000 0.000358
1954.000000 0.000356
1955.000000 0.000354
1956.000000 0.000351
1957.000000 0.000349
1958.000000 0.000346
1959.000000 0.000344
1960.000000 0.000341
1961.000000 0.000339
1962.000000 0.000336
1963.000000 0.000334
1964.000000 0.000332
1965.000000 0.000330
1966.000000 0.000327
1967.000000 0.000325
1968.000000 0.000323
1969.000000 0.000320
1970.000000 0.000318
1971.000000 0.000316
1972.000000 0.000313
1973.000000 0.000311
1974.000000 0.000309
1975.000000 0.000306
1976.000000 0.000305
1977.000000 0.000302
1978.000000 0.000300
1979.000000 0.000298
1980.000000 0.000296
1981.000000 0.000293
1982.000000 0.000291
1983.000000 0.000289
1984.000000 0.000287
1985.000000 0.000285
1986.000000 0.000283
1987.000000 0.000280
1988.000000 0.000278
1989.000000 0.000276
1990.000000 0.000274
1991.000000 0.000272
1992.000000 0.000270
1993.000000 0.000268
1994.000000 0.000266
1995.000000 0.000264
1996.000000 0.000262
1997.000000 0.000260
1998.000000 0.000258
1999.000000 0.000256
2000.000000 0.000253
2001.000000 0.000252
2002.000000 0.000250
2003.000000 0.000248
2004.000000 0.000246
2005.000000 0.000244
2006.000000 0.000242
2007.000000 0.000240
2008.000000 0.000238
2009.000000 0.000236
2010.000000 0.000234
2011.000000 0.000233
2012.000000 0.000230
2013.000000 0.000229
2014.000000 0.000227
2015.000000 0.000225
2016.000000 0.000223
2017.000000 0.000221
2018.000000 0.000219
2019.000000 0.000217
2020.000000 0.000216
2021.000000 0.000214
2022.000000 0.000212
2023.000000 0.000210
2024.000000 0.000209
2025.000000 0.000207
2026.000000 0.000205
2027.000000 0.000203
2028.000000 0.000202
2029.000000 0.000200
2030.000000 0.000198
2031.000000 0.000197
2032.000000 0.000195
2033.000000 0.000193
2034.000000 0.000192
2035.000000 0.000190
2036.000000 0.000188
2037.000000 0.000187
2038.000000 0.000185
2039.000000 0.000184
2040.000000 0.000182
2041.000000 0.000180
2042.000000 0.000179
2043.000000 0.000177
2044.000000 0.000176
2045.000000 0.000174
2046.000000 0.000172
2047.000000 0.000171
2048.000000 0.000169
2049.000000 0.000168
2050.000000 0.000166
2051.000000 0.000165
2052.000000 0.000163
2053.000000 0.000162
2054.000000 0.000160
2055.000000 0.000159
2056.000000 0.000158
2057.000000 0.000156
2058.000000 0.000155
2059.000000 0.000153
2060.000000 0.000152
2061.000000 0.000151
2062.000000 0.000149
2063.000000 0.000148
2064.000000 0.000146
2065.000000 0.000145
2066.000000 0.000143
2067.000000 0.000142
2068.000000 0.000141
2069.000000 0.000140
2070.000000 0.000138
2071.000000 0.000137
2072.000000 0.000136
2073.000000 0.000134
2074.000000 0.000133
2075.000000 0.000132
2076.000000 0.000131
2077.000000 0.000129
2078.000000 0.000128
2079.000000 0.000127
2080.000000 0.000126
2081.000000 0.000124
2082.000000 0.000123
2083.000000 0.000122
2084.000000 0.000121
2085.000000 0.000119
2086.000000 0.000118
2087.000000 0.000117
2088.000000 0.000116
2089.000000 0.000115
2090.000000 0.000114
2091.000000 0.000113
2092.000000 0.000111
2093.000000 0.000110
2094.000000 0.000109
2095.000000 0.000108
2096.000000 0.000107
2097.000000 0.000106
2098.000000 0.000105
2099.000000 0.000104
2100.000000 0.000103
2101.000000 0.000102
2102.000000 0.000100
2103.000000 0.000100
2104.000000 0.000098
2105.000000 0.000097
2106.000000 0.000096
2107.000000 0.000095
2108.000000 0.000094
2109.000000 0.000093
2110.000000 0.000092
2111.000000 0.000091
2112.000000 0.000090
2113.000000 0.000090
2114.000000 0.000089
2115.000000 0.000088
2116.000000 0.000087
2117.000000 0.000086
2118.000000 0.000085
2119.000000 0.000084
2120.000000 0.000083
2121.000000 0.000082
2122.000000 0.000081
2123.000000 0.000080
2124.000000 0.000079
2125.000000 0.000079
2126.000000 0.000078
2127.000000 0.000077
2128.000000 0.000076
2129.000000 0.000075
2130.000000 0.000074
2131.000000 0.000073
2132.000000 0.000073
2133.000000 0.000072
2134.000000 0.000071
2135.000000 0.000070
2136.000000 0.000070
2137.000000 0.000069
2138.000000 0.000068
2139.000000 0.000067
2140.000000 0.000066
2141.000000 0.000066
2142.000000 0.000065
2143.000000 0.000064
2144.000000 0.000063
2145.000000 0.000063
2146.000000 0.000062
2147.000000 0.000061
2148.000000 0.000060
2149.000000 0.000060
2150.000000 0.000059
2151.000000 0.000058
2152.000000 0.000058
2153.000000 0.000057
2154.000000 0.000056
2155.000000 0.000056
2156.000000 0.000055
2157.000000 0.000054
2158.000000 0.000054
2159.000000 0.000053
2160.000000 0.000052
2161.000000 0.000052
2162.000000 0.000051
2163.000000 0.000051
2164.000000 0.000050
2165.000000 0.000049
2166.000000 0.000049
2167.000000 0.000048
2168.000000 0.000048
2169.000000 0.000047
2170.000000 0.000046
2171.000000 0.000046
2172.000000 0.000045
2173.000000 0.000045
2174.000000 0.000044
2175.000000 0.000044
2176.000000 0.000043
2177.000000 0.000042
2178.000000 0.000042
2179.000000 0.000041
2180.000000 0.000041
2181.000000 0.000040
2182.000000 0.000040
2183.000000 0.000039
2184.000000 0.000039
2185.000000 0.000038
2186.000000 0.000038
2187.000000 0.000037
2188.000000 0.000037
2189.000000 0.000036
2190.000000 0.000036
2191.000000 0.000035
2192.000000 0.000035
2193.000000 0.000035
2194.000000 0.000034
2195.000000 0.000034
2196.000000 0.000033
2197.000000 0.000033
2198.000000 0.000032
2199.000000 0.000032
2200.000000 0.000031
2201.000000 0.000031
2202.000000 0.000031
2203.000000 0.000030
2204.000000 0.000030
2205.000000 0.000029
2206.000000 0.000029
2207.000000 0.000029
2208.000000 0.000028
2209.000000 0.000028
2210.000000 0.000027
2211.000000 0.000027
2212.000000 0.000027
2213.000000 0.000026
2214.000000 0.000026
2215.000000 0.000026
2216.000000 0.000025
2217.000000 0.000025
2218.000000 0.000025
2219.000000 0.000024
2220.000000 0.000024
2221.000000 0.000024
2222.000000 0.000023
2223.000000 0.000023
2224.000000 0.000023
2225.000000 0.000022
2226.000000 0.000022
2227.000000 0.000022
2228.000000 0.000021
2229.000000 0.000021
2230.000000 0.000021
2231.000000 0.000020
2232.000000 0.000020
2233.000000 0.000020
2234.000000 0.000019
2235.000000 0.000019
2236.000000 0.000019
2237.000000 0.000019
2238.000000 0.000018
2239.000000 0.000018
2240.000000 0.000018
2241.000000 0.000018
2242.000000 0.000017
2243.000000 0.000017
2244.000000 0.000017
2245.000000 0.000017
2246.000000 0.000016
2247.000000 0.000016
2248.000000 0.000016
2249.000000 0.000016
2250.000000 0.000015
2251.000000 0.000015
2252.000000 0.000015
2253.000000 0.000015
2254.000000 0.000014
2255.000000 0.000014
2256.000000 0.000014
2257.000000 0.000014
2258.000000 0.000014
2259.000000 0.000013
2260.000000 0.000013
2261.000000 0.000013
2262.000000 0.000013
2263.000000 0.000013
2264.000000 0.000012
2265.000000 0.000012
2266.000000 0.000012
2267.000000 0.000012
2268.000000 0.000012
2269.000000 0.000011
2270.000000 0.000011
2271.000000 0.000011
2272.000000 0.000011
2273.000000 0.000011
2274.000000 0.000010
2275.000000 0.000010
2276.000000 0.000010
2277.000000 0.000010
2278.000000 0.000010
2279.000000 0.000010
2280.000000 0.000009
2281.000000 0.000009
2282.000000 0.000009
2283.000000 0.000009
2284.000000 0.000009
2285.000000 0.000009
2286.000000 0.000009
2287.000000 0.000008
2288.000000 0.000008
2289.000000 0.000008
2290.000000 0.000008
2291.000000 0.000008
2292.000000 0.000008
2293.000000 0.000008
2294.000000 0.000007
2295.000000 0.000007
2296.000000 0.000007
2297.000000 0.000007
2298.000000 0.000007
2299.000000 0.000007
2300.000000 0.000007
2301.000000 0.000007
2302.000000 0.000007
2303.000000 0.000006
2304.000000 0.000006
2305.000000 0.000006
2306.000000 0.000006
2307.000000 0.000006
2308.000000 0.000006
2309.000000 0.000006
2310.000000 0.000006
2311.000000 0.000006
2312.000000 0.000005
2313.000000 0.000005
2314.000000 0.000005
2315.000000 0.000005
2316.000000 0.000005
2317.000000 0.000005
2318.000000 0.000005
2319.000000 0.000005
2320.000000 0.000005
2321.000000 0.000005
2322.000000 0.000005
2323.000000 0.000004
2324.000000 0.000004
2325.000000 0.000004
2326.000000 0.000004
2327.000000 0.000004
2328.000000 0.000004
2329.000000 0.000004
2330.000000 0.000004
2331.000000 0.000004
2332.000000 0.000004
2333.000000 0.000004
2334.000000 0.000004
2335.000000 0.000004
2336.000000 0.000003
2337.000000 0.000003
2338.000000 0.000003
2339.000000 0.000003
2340.000000 0.000003
2341.000000 0.000003
2342.000000 0.000003
2343.000000 0.000003
2344.000000 0.000003
2345.000000 0.000003
2346.000000 0.000003
2347.000000 0.000003
2348.000000 0.000003
2349.000000 0.000003
2350.000000 0.000003
2351.000000 0.000003
2352.000000 0.000003
2353.000000 0.000002
2354.000000 0.000002
2355.000000 0.000002
2356.000000 0.000002
2357.000000 0.000002
2358.000000 0.000002
2359.000000 0.000002
2360.000000 0.000002
2361.000000 0.000002
2362.000000 0.000002
2363.000000 0.000002
2364.000000 0.000002
2365.000000 0.000002
2366.000000 0.000002
2367.000000 0.000002
2368.000000 0.000002
2369.000000 0.000002
2370.000000 0.000002
2371.000000 0.000002
2372.000000 0.000002
2373.000000 0.000002
2374.000000 0.000002
2375.000000 0.000002
2376.000000 0.000002
2377.000000 0.000002
2378.000000 0.000001
2379.000000 0.000001
2380.000000 0.000001
2381.000000 0.000001
2382.000000 0.000001
2383.000000 0.000001
2384.000000 0.000001
2385.000000 0.000001
2386.000000 0.000001
2387.000000 0.000001
2388.000000 0.000001
2389.000000 0.000001
2390.000000 0.000001
2391.000000 0.000001
2392.000000 0.000001
2393.000000 0.000001
2394.000000 0.000001
2395.000000 0.000001
2396.000000 0.000001
2397.000000 0.000001
2398.000000 0.000001
2399.000000 0.000001
2400.000000 0.000001
2401.000000 0.000001
2402.000000 0.000001
2403.000000 0.000001
2404.000000 0.000001
2405.000000 0.000001
2406.000000 0.000001
2407.000000 0.000001
2408.000000 0.000001
2409.000000 0.000001
2410.000000 0.000001
2411.000000 0.000001
2412.000000 0.000001
2413.000000 0.000001
2414.000000 0.000001
2415.000000 0.000001
2416.000000 0.000001
2417.000000 0.000001
2418.000000 0.000001
2419.000000 0.000001
2420.000000 0.000001
2421.000000 0.000001
2422.000000 0.000001
2423.000000 0.000001
2424.000000 0.000001
2425.000000 0.000000
2426.000000 0.000000
2427.000000 0.000000
2428.000000 0.000000
2429.000000 0.000000
2430.000000 0.000000
2431.000000 0.000000
2432.000000 0.000000
2433.000000 0.000000
2434.000000 0.000000
2435.000000 0.000000
2436.000000 0.000000
2437.000000 0.000000
2438.000000 0.000000
2439.000000 0.000000
2440.000000 0.000000
2441.000000 0.000000
2442.000000 0.000000
2443.000000 0.000000
2444.000000 0.000000
2445.000000 0.000000
2446.000000 0.000000
2447.000000 0.000000
2448.000000 0.000000
2449.000000 0.000000
2450.000000 0.000000
2451.000000 0.000000
2452.000000 0.000000
2453.000000 0.000000
2454.000000 0.000000
2455.000000 0.000000
2456.000000 0.000000
2457.000000 0.000000
2458.000000 0.000000
2459.000000 0.000000
2460.000000 0.000000
2461.000000 0.000000
2462.000000 0.000000
2463.000000 0.000000
2464.000000 0.000000
2465.000000 0.000000
2466.000000 0.000000
2467.000000 0.000000
2468.000000 0.000000
2469.000000 0.000000
2470.000000 0.000000
2471.000000 0.000000
2472.000000 0.000000
2473.000000 0.000000
2474.000000 0.000000
2475.000000 0.000000
2476.000000 0.000000
2477.000000 0.000000
2478.000000 0.000000
2479.000000 0.000000
2480.000000 0.000000
2481.000000 0.000000
2482.000000 0.000000
2483.000000 0.000000
2484.000000 0.000000
2485.000000 0.000000
2486.000000 0.000000
2487.000000 0.000000
2488.000000 0.000000
2489.000000 0.000000
2490.000000 0.000000
2491.000000 0.000000
2492.000000 0.000000
2493.000000 0.000000
2494.000000 0.000000
2495.000000 0.000000
2496.000000 0.000000
2497.000000 0.000000
2498.000000 0.000000
2499.000000 0.000000
2500.000000 0.000000
2501.000000 0.000000
2502.000000 0.000000
2503.000000 0.000000
2504.000000 0.000000
2505.000000 0.000000
2506.000000 0.000000
2507.000000 0.000000
2508.000000 0.000000
2509.000000 0.000000
2510.000000 0.000000
2511.000000 0.000000
2512.000000 0.000000
2513.000000 0.000000
2514.000000 0.000000
2515.000000 0.000000
2516.000000 0.000000
2517.000000 0.000000
2518.000000 0.000000
2519.000000 0.000000
2520.000000 0.000000
2521.000000 0.000000
2522.000000 0.000000
2523.000000 0.000000
2524.000000 0.000000
2525.000000 0.000000
2526.000000 0.000000
2527.000000 0.000000
2528.000000 0.000000
2529.000000 0.000000
2530.000000 0.000000
2531.000000 0.000000
2532.000000 0.000000
2533.000000 0.000000
2534.000000 0.000000
2535.000000 0.000000
2536.000000 0.000000
2537.000000 0.000000
2538.000000 0.000000
2539.000000 0.000000
2540.000000 0.000000
2541.000000 0.000000
2542.000000 0.000000
2543.000000 0.000000
2544.000000 0.000000
2545.000000 0.000000
2546.000000 0.000000
2547.000000 0.000000
2548.000000 0.000000
2549.000000 0.000000
2550.000000 0.000000
2551.000000 0.000000
2552.000000 0.000000
2553.000000 0.000000
2554.000000 0.000000
2555.000000 0.000000
2556.000000 0.000000
2557.000000 0.000000
2558.000000 0.000000
2559.000000 0.000000
2560.000000 0.000000
2561.000000 0.000000
2562.000000 0.000000
2563.000000 0.000000
2564.000000 0.000000
2565.000000 0.000000
2566.000000 0.000000
2567.000000 0.000000
2568.000000 0.000000
2569.000000 0.000000
2570.000000 0.000000
2571.000000 0.000000
2572.000000 0.000000
2573.000000 0.000000
2574.000000 0.000000
2575.000000 0.000000
2576.000000 0.000000
2577.000000 0.000000
2578.000000 0.000000
2579.000000 0.000000
2580.000000 0.000000
2581.000000 0.000000
2582.000000 0.000000
2583.000000 0.000000
2584.000000 0.000000
2585.000000 0.000000
2586.000000 0.000000
2587.000000 0.000000
2588.000000 0.000000
2589.000000 0.000000
2590.000000 0.000000
2591.000000 0.000000
2592.000000 0.000000
2593.000000 0.000000
2594.000000 0.000000
2595.000000 0.000000
2596.000000 0.000000
2597.000000 0.000000
2598.000000 0.000000
2599.000000 0.000000
2600.000000 0.000000
2601.000000 0.000000
2602.000000 0.000000
2603.000000 0.000000
2604.000000 0.000000
2605.000000 0.000000
2606.000000 0.000000
2607.000000 0.000000
2608.000000 0.000000
2609.000000 0.000000
2610.000000 0.000000
2611.000000 0.000000
2612.000000 0.000000
2613.000000 0.000000
2614.000000 0.000000
2615.000000 0.000000
2616.000000 0.000000
2617.000000 0.000000
2618.000000 0.000000
2619.000000 0.000000
2620.000000 0.000000
2621.000000 0.000000
2622.000000 0.000000
2623.000000 0.000000
2624.000000 0.000000
2625.000000 0.000000
2626.000000 0.000000
2627.000000 0.000000
2628.000000 0.000000
2629.000000 0.000000
2630.000000 0.000000
2631.000000 0.000000
2632.000000 0.000000
2633.000000 0.000000
2634.000000 0.000000
2635.000000 0.000000
2636.000000 0.000000
2637.000000 0.000000
2638.000000 0.000000
2639.000000 0.000000
2640.000000 0.000000
2641.000000 0.000000
2642.000000 0.000000
2643.000000 0.000000
2644.000000 0.000000
2645.000000 0.000000
2646.000000 0.000000
2647.000000 0.000000
2648.000000 0.000000
2649.000000 0.000000
2650.000000 0.000000
2651.000000 0.000000
2652.000000 0.000000
2653.000000 0.000000
2654.000000 0.000000
2655.000000 0.000000
2656.000000 0.000000
2657.000000 0.000000
2658.000000 0.000000
2659.000000 0.000000
2660.000000 0.000000
2661.000000 0.000000
2662.000000 0.000000
2663.000000 0.000000
2664.000000 0.000000
2665.000000 0.000000
2666.000000 0.000000
2667.000000 0.000000
2668.000000 0.000000
2669.000000 0.000000
2670.000000 0.000000
2671.000000 0.000000
2672.000000 0.000000
2673.000000 0.000000
2674.000000 0.000000
2675.000000 0.000000
2676.000000 0.000000
2677.000000 0.000000
2678.000000 0.000000
2679.000000 0.000000
2680.000000 0.000000
2681.000000 0.000000
2682.000000 0.000000
2683.000000 0.000000
2684.000000 0.000000
2685.000000 0.000000
2686.000000 0.000000
2687.000000 0.000000
2688.000000 0.000000
2689.000000 0.000000
2690.000000 0.000000
2691.000000 0.000000
2692.000000 0.000000
2693.000000 0.000000
2694.000000 0.000000
2695.000000 0.000000
2696.000000 0.000000
2697.000000 0.000000
2698.000000 0.000000
2699.000000 0.000000
2700.000000 0.000000
2701.000000 0.000000
2702.000000 0.000000
2703.000000 0.000000
2704.000000 0.000000
2705.000000 0.000000
2706.000000 0.000000
2707.000000 0.000000
2708.000000 0.000000
2709.000000 0.000000
2710.000000 0.000000
2711.000000 0.000000
2712.000000 0.000000
2713.000000 0.000000
2714.000000 0.000000
2715.000000 0.000000
2716.000000 0.000000
2717.000000 0.000000
2718.000000 0.000000
2719.000000 0.000000
2720.000000 0.000000
2721.000000 0.000000
2722.000000 0.000000
2723.000000 0.000000
2724.000000 0.000000
2725.000000 0.000000
2726.000000 0.000000
2727.000000 0.000000
2728.000000 0.000000
2729.000000 0.000000
2730.000000 0.000000
2731.000000 0.000000
2732.000000 0.000000
2733.000000 0.000000
2734.000000 0.000000
2735.000000 0.000000
2736.000000 0.000000
2737.000000 0.000000
2738.000000 0.000000
2739.000000 0.000000
2740.000000 0.000000
2741.000000 0.000000
2742.000000 0.000000
2743.000000 0.000000
2744.000000 0.000000
2745.000000 0.000000
2746.000000 0.000000
2747.000000 0.000000
2748.000000 0.000000
2749.000000 0.000000
2750.000000 0.000000
2751.000000 0.000000
2752.000000 0.000000
2753.000000 0.000000
2754.000000 0.000000
2755.000000 0.000000
2756.000000 0.000000
2757.000000 0.000000
2758.000000 0.000000
2759.000000 0.000000
2760.000000 0.000000
2761.000000 0.000000
2762.000000 0.000000
2763.000000 0.000000
2764.000000 0.000000
2765.000000 0.000000
2766.000000 0.000000
2767.000000 0.000000
2768.000000 0.000000
2769.000000 0.000000
2770.000000 0.000000
2771.000000 0.000000
2772.000000 0.000000
2773.000000 0.000000
2774.000000 0.000000
2775.000000 0.000000
2776.000000 0.000000
2777.000000 0.000000
2778.000000 0.000000
2779.000000 0.000000
2780.000000 0.000000
2781.000000 0.000000
2782.000000 0.000000
2783.000000 0.000000
2784.000000 0.000000
2785.000000 0.000000
2786.000000 0.000000
2787.000000 0.000000
2788.000000 0.000000
2789.000000 0.000000
2790.000000 0.000000
2791.000000 0.000000
2792.000000 0.000000
2793.000000 0.000000
2794.000000 0.000000
2795.000000 0.000000
2796.000000 0.000000
2797.000000 0.000000
2798.000000 0.000000
2799.000000 0.000000
2800.000000 0.000000
2801.000000 0.000000
2802.000000 0.000000
2803.000000 0.000000
2804.000000 0.000000
2805.000000 0.000000
2806.000000 0.000000
2807.000000 0.000000
2808.000000 0.000000
2809.000000 0.000000
2810.000000 0.000000
2811.000000 0.000000
2812.000000 0.000000
2813.000000 0.000000
2814.000000 0.000000
2815.000000 0.000000
2816.000000 0.000000
2817.000000 0.000000
2818.000000 0.000000
2819.000000 0.000000
2820.000000 0.000000
2821.000000 0.000000
2822.000000 0.000000
2823.000000 0.000000
2824.000000 0.000000
2825.000000 0.000000
2826.000000 0.000000
2827.000000 0.000000
2828.000000 0.000000
2829.000000 0.000000
2830.000000 0.000000
2831.000000 0.000000
2832.000000 0.000000
2833.000000 0.000000
2834.000000 0.000000
2835.000000 0.000000
2836.000000 0.000000
2837.000000 0.000000
2838.000000 0.000000
2839.000000 0.000000
2840.000000 0.000000
2841.000000 0.000000
2842.000000 0.000000
2843.000000 0.000000
2844.000000 0.000000
2845.000000 0.000000
2846.000000 0.000000
2847.000000 0.000000
2848.000000 0.000000
2849.000000 0.000000
2850.000000 0.000000
2851.000000 0.000000
2852.000000 0.000000
2853.000000 0.000000
2854.000000 0.000000
2855.000000 0.000000
2856.000000 0.000000
2857.000000 0.000000
2858.000000 0.000000
2859.000000 0.000000
2860.000000 0.000000
2861.000000 0.000000
2862.000000 0.000000
2863.000000 0.000000
2864.000000 0.000000
2865.000000 0.000000
2866.000000 0.000000
2867.000000 0.000000
2868.000000 0.000000
2869.000000 0.000000
2870.000000 0.000000
2871.000000 0.000000
2872.000000 0.000000
2873.000000 0.000000
2874.000000 0.000000
2875.000000 0.000000
2876.000000 0.000000
2877.000000 0.000000
2878.000000 0.000000
2879.000000 0.000000
2880.000000 0.000000
2881.000000 0.000000
2882.000000 0.000000
2883.000000 0.000000
2884.000000 0.000000
2885.000000 0.000000
2886.000000 0.000000
2887.000000 0.000000
2888.000000 0.000000
2889.000000 0.000000
2890.000000 0.000000
2891.000000 0.000000
2892.000000 0.000000
2893.000000 0.000000
2894.000000 0.000000
2895.000000 0.000000
2896.000000 0.000000
2897.000000 0.000000
2898.000000 0.000000
2899.000000 0.000000
2900.000000 0.000000
2901.000000 0.000000
2902.000000 0.000000
2903.000000 0.000000
2904.000000 0.000000
2905.000000 0.000000
2906.000000 0.000000
2907.000000 0.000000
2908.000000 0.000000
2909.000000 0.000000
2910.000000 0.000000
2911.000000 0.000000
2912.000000 0.000000
2913.000000 0.000000
2914.000000 0.000000
2915.000000 0.000000
2916.000000 0.000000
2917.000000 0.000000
2918.000000 0.000000
2919.000000 0.000000
2920.000000 0.000000
2921.000000 0.000000
2922.000000 0.000000
2923.000000 0.000000
2924.000000 0.000000
2925.000000 0.000000
2926.000000 0.000000
2927.000000 0.000000
2928.000000 0.000000
2929.000000 0.000000
2930.000000 0.000000
2931.000000 0.000000
2932.000000 0.000000
2933.000000 0.000000
2934.000000 0.000000
2935.000000 0.000000
2936.000000 0.000000
2937.000000 0.000000
2938.000000 0.000000
2939.000000 0.000000
2940.000000 0.000000
2941.000000 0.000000
2942.000000 0.000000
2943.000000 0.000000
2944.000000 0.000000
2945.000000 0.000000
2946.000000 0.000000
2947.000000 0.000000
2948.000000 0.000000
2949.000000 0.000000
2950.000000 0.000000
2951.000000 0.000000
2952.000000 0.000000
2953.000000 0.000000
2954.000000 0.000000
2955.000000 0.000000
2956.000000 0.000000
2957.000000 0.000000
2958.000000 0.000000
2959.000000 0.000000
2960.000000 0.000000
2961.000000 0.000000
2962.000000 0.000000
2963.000000 0.000000
2964.000000 0.000000
2965.000000 0.000000
2966.000000 0.000000
2967.000000 0.000000
2968.000000 0.000000
2969.000000 0.000000
2970.000000 0.000000
2971.000000 0.000000
2972.000000 0.000000
2973.000000 0.000000
2974.000000 0.000000
2975.000000 0.000000
2976.000000 0.000000
2977.000000 0.000000
2978.000000 0.000000
2979.000000 0.000000
2980.000000 0.000000
2981.000000 0.000000
2982.000000 0.000000
2983.000000 0.000000
2984.000000 0.000000
2985.000000 0.000000
2986.000000 0.000000
2987.000000 0.000000
2988.000000 0.000000
2989.000000 0.000000
2990.000000 0.000000
2991.000000 0.000000
2992.000000 0.000000
2993.000000 0.000000
2994.000000 0.000000
2995.000000 0.000000
2996.000000 0.000000
2997.000000 0.000000
2998.000000 0.000000
2999.000000 0.000000
3000.000000 0.000000
