n lam mean variance std
3000 0.480000 1500.500000 124744.973845 353.192545
bin_midpoint probability
1.000000 0.000000
2.000000 0.000000
3.000000 0.000000
4.000000 0.000000
5.000000 0.000000
6.000000 0.000000
7.000000 0.000000
8.000000 0.000000
9.000000 0.000000
10.000000 0.000000
11.000000 0.000000
12.000000 0.000000
13.000000 0.000000
14.000000 0.000000
15.000000 0.000000
16.000000 0.000000
17.000000 0.000000
18.000000 0.000000
19.000000 0.000000
20.000000 0.000000
21.000000 0.000000
22.000000 0.000000
23.000000 0.000000
24.000000 0.000000
25.000000 0.000000
26.000000 0.000000
27.000000 0.000000
28.000000 0.000000
29.000000 0.000000
30.000000 0.000000
31.000000 0.000000
32.000000 0.000000
33.000000 0.000000
34.000000 0.000000
35.000000 0.000000
36.000000 0.000000
37.000000 0.000000
38.000000 0.000000
39.000000 0.000000
40.000000 0.000000
41.000000 0.000000
42.000000 0.000000
43.000000 0.000000
44.000000 0.000000
45.000000 0.000000
46.000000 0.000000
47.000000 0.000000
48.000000 0.000000
49.000000 0.000000
50.000000 0.000000
51.000000 0.000000
52.000000 0.000000
53.000000 0.000000
54.000000 0.000000
55.000000 0.000000
56.000000 0.000000
57.000000 0.000000
58.000000 0.000000
59.000000 0.000000
60.000000 0.000000
61.000000 0.000000
62.000000 0.000000
63.000000 0.000000
64.000000 0.000000
65.000000 0.000000
66.000000 0.000000
67.000000 0.000000
68.000000 0.000000
69.000000 0.000000
70.000000 0.000000
71.000000 0.000000
72.000000 0.000000
73.000000 0.000000
74.000000 0.000000
75.000000 0.000000
76.000000 0.000000
77.000000 0.000000
78.000000 0.000000
79.000000 0.000000
80.000000 0.000000
81.000000 0.000000
82.000000 0.000000
83.000000 0.000000
84.000000 0.000000
85.000000 0.000000
86.000000 0.000000
87.000000 0.000000
88.000000 0.000000
89.000000 0.000000
90.000000 0.000000
91.000000 0.000000
92.000000 0.000000
93.000000 0.000000
94.000000 0.000000
95.000000 0.000000
96.000000 0.000000
97.000000 0.000000
98.000000 0.000000
99.000000 0.000000
100.000000 0.000000
101.000000 0.000000
102.000000 0.000000
103.000000 0.000000
104.000000 0.000000
105.000000 0.000000
106.000000 0.000000
107.000000 0.000000
108.000000 0.000000
109.000000 0.000000
110.000000 0.000000
111.000000 0.000000
112.000000 0.000000
113.000000 0.000000
114.000000 0.000000
115.000000 0.000000
116.000000 0.000000
117.000000 0.000000
118.000000 0.000000
119.000000 0.000000
120.000000 0.000000
121.000000 0.000000
122.000000 0.000000
123.000000 0.000000
124.000000 0.000000
125.000000 0.000000
126.000000 0.000000
127.000000 0.000000
128.000000 0.000000
129.000000 0.000000
130.000000 0.000000
131.000000 0.000000
132.000000 0.000000
133.000000 0.000000
134.000000 0.000000
135.000000 0.000000
136.000000 0.000000
137.000000 0.000000
138.000000 0.000000
139.000000 0.000000
140.000000 0.000000
141.000000 0.000000
142.000000 0.000000
143.000000 0.000000
144.000000 0.000000
145.000000 0.000000
146.000000 0.000000
147.000000 0.000000
148.000000 0.000000
149.000000 0.000000
150.000000 0.000000
151.000000 0.000000
152.000000 0.000000
153.000000 0.000000
154.000000 0.000000
155.000000 0.000000
156.000000 0.000000
157.000000 0.000000
158.000000 0.000000
159.000000 0.000000
160.000000 0.000000
161.000000 0.000000
162.000000 0.000000
163.000000 0.000000
164.000000 0.000000
165.000000 0.000000
166.000000 0.000000
167.000000 0.000000
168.000000 0.000000
169.000000 0.000000
170.000000 0.000000
171.000000 0.000000
172.000000 0.000000
173.000000 0.000000
174.000000 0.000000
175.000000 0.000000
176.000000 0.000000
177.000000 0.000000
178.000000 0.000000
179.000000 0.000000
180.000000 0.000000
181.000000 0.000000
182.000000 0.000000
183.000000 0.000000
184.000000 0.000000
185.000000 0.000000
186.000000 0.000000
187.000000 0.000000
188.000000 0.000000
189.000000 0.000000
190.000000 0.000000
191.000000 0.000000
192.000000 0.000000
193.000000 0.000000
194.000000 0.000000
195.000000 0.000000
196.000000 0.000000
197.000000 0.000000
198.000000 0.000000
199.000000 0.000000
200.000000 0.000000
201.000000 0.000000
202.000000 0.000000
203.000000 0.000000
204.000000 0.000000
205.000000 0.000000
206.000000 0.000000
207.000000 0.000000
208.000000 0.000000
209.000000 0.000000
210.000000 0.000000
211.000000 0.000000
212.000000 0.000000
213.000000 0.000000
214.000000 0.000000
215.000000 0.000000
216.000000 0.000000
217.000000 0.000000
218.000000 0.000000
219.000000 0.000000
220.000000 0.000000
221.000000 0.000000
222.000000 0.000000
223.000000 0.000000
224.000000 0.000000
225.000000 0.000000
226.000000 0.000000
227.000000 0.000000
228.000000 0.000000
229.000000 0.000000
230.000000 0.000000
231.000000 0.000000
232.000000 0.000000
233.000000 0.000000
234.000000 0.000000
235.000000 0.000000
236.000000 0.000000
237.000000 0.000000
238.000000 0.000000
239.000000 0.000000
240.000000 0.000000
241.000000 0.000000
242.000000 0.000000
243.000000 0.000000
244.000000 0.000000
245.000000 0.000000
246.000000 0.000000
247.000000 0.000000
248.000000 0.000000
249.000000 0.000000
250.000000 0.000000
251.000000 0.000000
252.000000 0.000000
253.000000 0.000000
254.000000 0.000000
255.000000 0.000000
256.000000 0.000000
257.000000 0.000000
258.000000 0.000000
259.000000 0.000000
260.000000 0.000000
261.000000 0.000000
262.000000 0.000000
263.000000 0.000000
264.000000 0.000000
265.000000 0.000000
266.000000 0.000000
267.000000 0.000000
268.000000 0.000000
269.000000 0.000000
270.000000 0.000000
271.000000 0.000000
272.000000 0.000000
273.000000 0.000000
274.000000 0.000000
275.000000 0.000000
276.000000 0.000000
277.000000 0.000000
278.000000 0.000000
279.000000 0.000000
280.000000 0.000000
281.000000 0.000000
282.000000 0.000000
283.000000 0.000000
284.000000 0.000000
285.000000 0.000000
286.000000 0.000000
287.000000 0.000000
288.000000 0.000000
289.000000 0.000000
290.000000 0.000000
291.000000 0.000000
292.000000 0.000000
293.000000 0.000000
294.000000 0.000000
295.000000 0.000000
296.000000 0.000000
297.000000 0.000000
298.000000 0.000000
299.000000 0.000000
300.000000 0.000000
301.000000 0.000000
302.000000 0.000000
303.000000 0.000000
304.000000 0.000000
305.000000 0.000000
306.000000 0.000000
307.000000 0.000000
308.000000 0.000000
309.000000 0.000000
310.000000 0.000000
311.000000 0.000000
312.000000 0.000000
313.000000 0.000000
314.000000 0.000000
315.000000 0.000000
316.000000 0.000000
317.000000 0.000000
318.000000 0.000000
319.000000 0.000000
320.000000 0.000000
321.000000 0.000000
322.000000 0.000000
323.000000 0.000000
324.000000 0.000000
325.000000 0.000000
326.000000 0.000000
327.000000 0.000000
328.000000 0.000000
329.000000 0.000000
330.000000 0.000000
331.000000 0.000000
332.000000 0.000000
333.000000 0.000000
334.000000 0.000000
335.000000 0.000000
336.000000 0.000000
337.000000 0.000000
338.000000 0.000000
339.000000 0.000000
340.000000 0.000000
341.000000 0.000000
342.000000 0.000000
343.000000 0.000000
344.000000 0.000000
345.000000 0.000000
346.000000 0.000000
347.000000 0.000000
348.000000 0.000000
349.000000 0.000000
350.000000 0.000000
351.000000 0.000000
352.000000 0.000000
353.000000 0.000000
354.000000 0.000000
355.000000 0.000001
356.000000 0.000001
357.000000 0.000001
358.000000 0.000001
359.000000 0.000001
360.000000 0.000001
361.000000 0.000001
362.000000 0.000001
363.000000 0.000001
364.000000 0.000001
365.000000 0.000001
366.000000 0.000001
367.000000 0.000001
368.000000 0.000001
369.000000 0.000001
370.000000 0.000001
371.000000 0.000001
372.000000 0.000001
373.000000 0.000001
374.000000 0.000001
375.000000 0.000001
376.000000 0.000001
377.000000 0.000001
378.000000 0.000001
379.000000 0.000001
380.000000 0.000001
381.000000 0.000001
382.000000 0.000001
383.000000 0.000001
384.000000 0.000001
385.000000 0.000001
386.000000 0.000001
387.000000 0.000001
388.000000 0.000001
389.000000 0.000001
390.000000 0.000001
391.000000 0.000001
392.000000 0.000001
393.000000 0.000001
394.000000 0.000001
395.000000 0.000001
396.000000 0.000001
397.000000 0.000001
398.000000 0.000001
399.000000 0.000001
400.000000 0.000001
401.000000 0.000001
402.000000 0.000002
403.000000 0.000002
404.000000 0.000002
405.000000 0.000002
406.000000 0.000002
407.000000 0.000002
408.000000 0.000002
409.000000 0.000002
410.000000 0.000002
411.000000 0.000002
412.000000 0.000002
413.000000 0.000002
414.000000 0.000002
415.000000 0.000002
416.000000 0.000002
417.000000 0.000002
418.000000 0.000002
419.000000 0.000002
420.000000 0.000002
421.000000 0.000002
422.000000 0.000002
423.000000 0.000002
424.000000 0.000002
425.000000 0.000002
426.000000 0.000002
427.000000 0.000003
428.000000 0.000003
429.000000 0.000003
430.000000 0.000003
431.000000 0.000003
432.000000 0.000003
433.000000 0.000003
434.000000 0.000003
435.000000 0.000003
436.000000 0.000003
437.000000 0.000003
438.000000 0.000003
439.000000 0.000003
440.000000 0.000003
441.000000 0.000003
442.000000 0.000003
443.000000 0.000003
444.000000 0.000003
445.000000 0.000004
446.000000 0.000004
447.000000 0.000004
448.000000 0.000004
449.000000 0.000004
450.000000 0.000004
451.000000 0.000004
452.000000 0.000004
453.000000 0.000004
454.000000 0.000004
455.000000 0.000004
456.000000 0.000004
457.000000 0.000004
458.000000 0.000004
459.000000 0.000005
460.000000 0.000005
461.000000 0.000005
462.000000 0.000005
463.000000 0.000005
464.000000 0.000005
465.000000 0.000005
466.000000 0.000005
467.000000 0.000005
468.000000 0.000005
469.000000 0.000005
470.000000 0.000005
471.000000 0.000006
472.000000 0.000006
473.000000 0.000006
474.000000 0.000006
475.000000 0.000006
476.000000 0.000006
477.000000 0.000006
478.000000 0.000006
479.000000 0.000006
480.000000 0.000006
481.000000 0.000007
482.000000 0.000007
483.000000 0.000007
484.000000 0.000007
485.000000 0.000007
486.000000 0.000007
487.000000 0.000007
488.000000 0.000007
489.000000 0.000007
490.000000 0.000007
491.000000 0.000008
492.000000 0.000008
493.000000 0.000008
494.000000 0.000008
495.000000 0.000008
496.000000 0.000008
497.000000 0.000008
498.000000 0.000008
499.000000 0.000009
500.000000 0.000009
501.000000 0.000009
502.000000 0.000009
503.000000 0.000009
504.000000 0.000009
505.000000 0.000009
506.000000 0.000010
507.000000 0.000010
508.000000 0.000010
509.000000 0.000010
510.000000 0.000010
511.000000 0.000010
512.000000 0.000010
513.000000 0.000011
514.000000 0.000011
515.000000 0.000011
516.000000 0.000011
517.000000 0.000011
518.000000 0.000011
519.000000 0.000012
520.000000 0.000012
521.000000 0.000012
522.000000 0.000012
523.000000 0.000012
524.000000 0.000012
525.000000 0.000013
526.000000 0.000013
527.000000 0.000013
528.000000 0.000013
529.000000 0.000013
530.000000 0.000013
531.000000 0.000014
532.000000 0.000014
533.000000 0.000014
534.000000 0.000014
535.000000 0.000014
536.000000 0.000015
537.000000 0.000015
538.000000 0.000015
539.000000 0.000015
540.000000 0.000015
541.000000 0.000016
542.000000 0.000016
543.000000 0.000016
544.000000 0.000016
545.000000 0.000016
546.000000 0.000017
547.000000 0.000017
548.000000 0.000017
549.000000 0.000017
550.000000 0.000018
551.000000 0.000018
552.000000 0.000018
553.000000 0.000018
554.000000 0.000018
555.000000 0.000019
556.000000 0.000019
557.000000 0.000019
558.000000 0.000019
559.000000 0.000020
560.000000 0.000020
561.000000 0.000020
562.000000 0.000020
563.000000 0.000021
564.000000 0.000021
565.000000 0.000021
566.000000 0.000021
567.000000 0.000022
568.000000 0.000022
569.000000 0.000022
570.000000 0.000022
571.000000 0.000023
572.000000 0.000023
573.000000 0.000023
574.000000 0.000024
575.000000 0.000024
576.000000 0.000024
577.000000 0.000024
578.000000 0.000025
579.000000 0.000025
580.000000 0.000025
581.000000 0.000026
582.000000 0.000026
583.000000 0.000026
584.000000 0.000027
585.000000 0.000027
586.000000 0.000027
587.000000 0.000027
588.000000 0.000028
589.000000 0.000028
590.000000 0.000028
591.000000 0.000029
592.000000 0.000029
593.000000 0.000029
594.000000 0.000030
595.000000 0.000030
596.000000 0.000030
597.000000 0.000031
598.000000 0.000031
599.000000 0.000031
600.000000 0.000032
601.000000 0.000032
602.000000 0.000033
603.000000 0.000033
604.000000 0.000033
605.000000 0.000034
606.000000 0.000034
607.000000 0.000034
608.000000 0.000035
609.000000 0.000035
610.000000 0.000035
611.000000 0.000036
612.000000 0.000036
613.000000 0.000037
614.000000 0.000037
615.000000 0.000037
616.000000 0.000038
617.000000 0.000038
618.000000 0.000039
619.000000 0.000039
620.000000 0.000039
621.000000 0.000040
622.000000 0.000040
623.000000 0.000041
624.000000 0.000041
625.000000 0.000042
626.000000 0.000042
627.000000 0.000042
628.000000 0.000043
629.000000 0.000043
630.000000 0.000044
631.000000 0.000044
632.000000 0.000045
633.000000 0.000045
634.000000 0.000046
635.000000 0.000046
636.000000 0.000046
637.000000 0.000047
638.000000 0.000047
639.000000 0.000048
640.000000 0.000048
641.000000 0.000049
642.000000 0.000049
643.000000 0.000050
644.000000 0.000050
645.000000 0.000051
646.000000 0.000051
647.000000 0.000052
648.000000 0.000052
649.000000 0.000053
650.000000 0.000053
651.000000 0.000054
652.000000 0.000054
653.000000 0.000055
654.000000 0.000055
655.000000 0.000056
656.000000 0.000056
657.000000 0.000057
658.000000 0.000057
659.000000 0.000058
660.000000 0.000059
661.000000 0.000059
662.000000 0.000060
663.000000 0.000060
664.000000 0.000061
665.000000 0.000061
666.000000 0.000062
667.000000 0.000062
668.000000 0.000063
669.000000 0.000064
670.000000 0.000064
671.000000 0.000065
672.000000 0.000065
673.000000 0.000066
674.000000 0.000067
675.000000 0.000067
676.000000 0.000068
677.000000 0.000068
678.000000 0.000069
679.000000 0.000070
680.000000 0.000070
681.000000 0.000071
682.000000 0.000071
683.000000 0.000072
684.000000 0.000073
685.000000 0.000073
686.000000 0.000074
687.000000 0.000075
688.000000 0.000075
689.000000 0.000076
690.000000 0.000077
691.000000 0.000077
692.000000 0.000078
693.000000 0.000079
694.000000 0.000079
695.000000 0.000080
696.000000 0.000081
697.000000 0.000081
698.000000 0.000082
699.000000 0.000083
700.000000 0.000083
701.000000 0.000084
702.000000 0.000085
703.000000 0.000085
704.000000 0.000086
705.000000 0.000087
706.000000 0.000088
707.000000 0.000088
708.000000 0.000089
709.000000 0.000090
710.000000 0.000091
711.000000 0.000091
712.000000 0.000092
713.000000 0.000093
714.000000 0.000094
715.000000 0.000094
716.000000 0.000095
717.000000 0.000096
718.000000 0.000097
719.000000 0.000097
720.000000 0.000098
721.000000 0.000099
722.000000 0.000100
723.000000 0.000100
724.000000 0.000101
725.000000 0.000102
726.000000 0.000103
727.000000 0.000104
728.000000 0.000104
729.000000 0.000105
730.000000 0.000106
731.000000 0.000107
732.000000 0.000108
733.000000 0.000109
734.000000 0.000109
735.000000 0.000110
736.000000 0.000111
737.000000 0.000112
738.000000 0.000113
739.000000 0.000114
740.000000 0.000114
741.000000 0.000115
742.000000 0.000116
743.000000 0.000117
744.000000 0.000118
745.000000 0.000119
746.000000 0.000120
747.000000 0.000121
748.000000 0.000121
749.000000 0.000122
750.000000 0.000123
751.000000 0.000124
752.000000 0.000125
753.000000 0.000126
754.000000 0.000127
755.000000 0.000128
756.000000 0.000129
757.000000 0.000130
758.000000 0.000131
759.000000 0.000132
760.000000 0.000132
761.000000 0.000133
762.000000 0.000134
763.000000 0.000135
764.000000 0.000136
765.000000 0.000137
766.000000 0.000138
767.000000 0.000139
768.000000 0.000140
769.000000 0.000141
770.000000 0.000142
771.000000 0.000143
772.000000 0.000144
773.000000 0.000145
774.000000 0.000146
775.000000 0.000147
776.000000 0.000148
777.000000 0.000149
778.000000 0.000150
779.000000 0.000151
780.000000 0.000152
781.000000 0.000153
782.000000 0.000154
783.000000 0.000155
784.000000 0.000156
785.000000 0.000157
786.000000 0.000158
787.000000 0.000159
788.000000 0.000160
789.000000 0.000162
790.000000 0.000163
791.000000 0.000164
792.000000 0.000165
793.000000 0.000166
794.000000 0.000167
795.000000 0.000168
796.000000 0.000169
797.000000 0.000170
798.000000 0.000171
799.000000 0.000172
800.000000 0.000174
801.000000 0.000175
802.000000 0.000176
803.000000 0.000177
804.000000 0.000178
805.000000 0.000179
806.000000 0.000180
807.000000 0.000181
808.000000 0.000183
809.000000 0.000184
810.000000 0.000185
811.000000 0.000186
812.000000 0.000187
813.000000 0.000188
814.000000 0.000189
815.000000 0.000191
816.000000 0.000192
817.000000 0.000193
818.000000 0.000194
819.000000 0.000195
820.000000 0.000196
821.000000 0.000198
822.000000 0.000199
823.000000 0.000200
824.000000 0.000201
825.000000 0.000202
826.000000 0.000204
827.000000 0.000205
828.000000 0.000206
829.000000 0.000207
830.000000 0.000209
831.000000 0.000210
832.000000 0.000211
833.000000 0.000212
834.000000 0.000214
835.000000 0.000215
836.000000 0.000216
837.000000 0.000217
838.000000 0.000219
839.000000 0.000220
840.000000 0.000221
841.000000 0.000222
842.000000 0.000224
843.000000 0.000225
844.000000 0.000226
845.000000 0.000227
846.000000 0.000229
847.000000 0.000230
848.000000 0.000231
849.000000 0.000233
850.000000 0.000234
851.000000 0.000235
852.000000 0.000237
853.000000 0.000238
854.000000 0.000239
855.000000 0.000241
856.000000 0.000242
857.000000 0.000243
858.000000 0.000245
859.000000 0.000246
860.000000 0.000247
861.000000 0.000249
862.000000 0.000250
863.000000 0.000251
864.000000 0.000253
865.000000 0.000254
866.000000 0.000255
867.000000 0.000257
868.000000 0.000258
869.000000 0.000259
870.000000 0.000261
871.000000 0.000262
872.000000 0.000264
873.000000 0.000265
874.000000 0.000266
875.000000 0.000268
876.000000 0.000269
877.000000 0.000271
878.000000 0.000272
879.000000 0.000273
880.000000 0.000275
881.000000 0.000276
882.000000 0.000278
883.000000 0.000279
884.000000 0.000281
885.000000 0.000282
886.000000 0.000283
887.000000 0.000285
888.000000 0.000286
889.000000 0.000288
890.000000 0.000289
891.000000 0.000291
892.000000 0.000292
893.000000 0.000294
894.000000 0.000295
895.000000 0.000296
896.000000 0.000298
897.000000 0.000299
898.000000 0.000301
899.000000 0.000302
900.000000 0.000304
901.000000 0.000305
902.000000 0.000307
903.000000 0.000308
904.000000 0.000310
905.000000 0.000311
906.000000 0.000313
907.000000 0.000314
908.000000 0.000316
909.000000 0.000317
910.000000 0.000319
911.000000 0.000320
912.000000 0.000322
913.000000 0.000323
914.000000 0.000325
915.000000 0.000326
916.000000 0.000328
917.000000 0.000329
918.000000 0.000331
919.000000 0.000333
920.000000 0.000334
921.000000 0.000336
922.000000 0.000337
923.000000 0.000339
924.000000 0.000340
925.000000 0.000342
926.000000 0.000343
927.000000 0.000345
928.000000 0.000347
929.000000 0.000348
930.000000 0.000350
931.000000 0.000351
932.000000 0.000353
933.000000 0.000354
934.000000 0.000356
935.000000 0.000358
936.000000 0.000359
937.000000 0.000361
938.000000 0.000362
939.000000 0.000364
940.000000 0.000365
941.000000 0.000367
942.000000 0.000369
943.000000 0.000370
944.000000 0.000372
945.000000 0.000373
946.000000 0.000375
947.000000 0.000377
948.000000 0.000378
949.000000 0.000380
950.000000 0.000382
951.000000 0.000383
952.000000 0.000385
953.000000 0.000386
954.000000 0.000388
955.000000 0.000390
956.000000 0.000391
957.000000 0.000393
958.000000 0.000395
959.000000 0.000396
960.000000 0.000398
961.000000 0.000399
962.000000 0.000401
963.000000 0.000403
964.000000 0.000404
965.000000 0.000406
966.000000 0.000408
967.000000 0.000409
968.000000 0.000411
969.000000 0.000413
970.000000 0.000414
971.000000 0.000416
972.000000 0.000418
973.000000 0.000419
974.000000 0.000421
975.000000 0.000423
976.000000 0.000424
977.000000 0.000426
978.000000 0.000428
979.000000 0.000429
980.000000 0.000431
981.000000 0.000433
982.000000 0.000434
983.000000 0.000436
984.000000 0.000438
985.000000 0.000439
986.000000 0.000441
987.000000 0.000443
988.000000 0.000444
989.000000 0.000446
990.000000 0.000448
991.000000 0.000450
992.000000 0.000451
993.000000 0.000453
994.000000 0.000455
995.000000 0.000456
996.000000 0.000458
997.000000 0.000460
998.000000 0.000461
999.000000 0.000463
1000.000000 0.000465
1001.000000 0.000467
1002.000000 0.000468
1003.000000 0.000470
1004.000000 0.000472
1005.000000 0.000473
1006.000000 0.000475
1007.000000 0.000477
1008.000000 0.000479
1009.000000 0.000480
1010.000000 0.000482
1011.000000 0.000484
1012.000000 0.000485
1013.000000 0.000487
1014.000000 0.000489
1015.000000 0.000491
1016.000000 0.000492
1017.000000 0.000494
1018.000000 0.000496
1019.000000 0.000497
1020.000000 0.000499
1021.000000 0.000501
1022.000000 0.000503
1023.000000 0.000504
1024.000000 0.000506
1025.000000 0.000508
1026.000000 0.000510
1027.000000 0.000511
1028.000000 0.000513
1029.000000 0.000515
1030.000000 0.000517
1031.000000 0.000518
1032.000000 0.000520
1033.000000 0.000522
1034.000000 0.000523
1035.000000 0.000525
1036.000000 0.000527
1037.000000 0.000529
1038.000000 0.000530
1039.000000 0.000532
1040.000000 0.000534
1041.000000 0.000536
1042.000000 0.000537
1043.000000 0.000539
1044.000000 0.000541
1045.000000 0.000543
1046.000000 0.000544
1047.000000 0.000546
1048.000000 0.000548
1049.000000 0.000550
1050.000000 0.000551
1051.000000 0.000553
1052.000000 0.000555
1053.000000 0.000557
1054.000000 0.000558
1055.000000 0.000560
1056.000000 0.000562
1057.000000 0.000563
1058.000000 0.000565
1059.000000 0.000567
1060.000000 0.000569
1061.000000 0.000570
1062.000000 0.000572
1063.000000 0.000574
1064.000000 0.000576
1065.000000 0.000577
1066.000000 0.000579
1067.000000 0.000581
1068.000000 0.000583
1069.000000 0.000584
1070.000000 0.000586
1071.000000 0.000588
1072.000000 0.000590
1073.000000 0.000591
1074.000000 0.000593
1075.000000 0.000595
1076.000000 0.000597
1077.000000 0.000598
1078.000000 0.000600
1079.000000 0.000602
1080.000000 0.000603
1081.000000 0.000605
1082.000000 0.000607
1083.000000 0.000609
1084.000000 0.000610
1085.000000 0.000612
1086.000000 0.000614
1087.000000 0.000616
1088.000000 0.000617
1089.000000 0.000619
1090.000000 0.000621
1091.000000 0.000623
1092.000000 0.000624
1093.000000 0.000626
1094.000000 0.000628
1095.000000 0.000629
1096.000000 0.000631
1097.000000 0.000633
1098.000000 0.000635
1099.000000 0.000636
1100.000000 0.000638
1101.000000 0.000640
1102.000000 0.000641
1103.000000 0.000643
1104.000000 0.000645
1105.000000 0.000647
1106.000000 0.000648
1107.000000 0.000650
1108.000000 0.000652
1109.000000 0.000653
1110.000000 0.000655
1111.000000 0.000657
1112.000000 0.000659
1113.000000 0.000660
1114.000000 0.000662
1115.000000 0.000664
1116.000000 0.000665
1117.000000 0.000667
1118.000000 0.000669
1119.000000 0.000671
1120.000000 0.000672
1121.000000 0.000674
1122.000000 0.000676
1123.000000 0.000677
1124.000000 0.000679
1125.000000 0.000681
1126.000000 0.000682
1127.000000 0.000684
1128.000000 0.000686
1129.000000 0.000687
1130.000000 0.000689
1131.000000 0.000691
1132.000000 0.000692
1133.000000 0.000694
1134.000000 0.000696
1135.000000 0.000697
1136.000000 0.000699
1137.000000 0.000701
1138.000000 0.000702
1139.000000 0.000704
1140.000000 0.000706
1141.000000 0.000707
1142.000000 0.000709
1143.000000 0.000711
1144.000000 0.000712
1145.000000 0.000714
1146.000000 0.000716
1147.000000 0.000717
1148.000000 0.000719
1149.000000 0.000721
1150.000000 0.000722
1151.000000 0.000724
1152.000000 0.000726
1153.000000 0.000727
1154.000000 0.000729
1155.000000 0.000731
1156.000000 0.000732
1157.000000 0.000734
1158.000000 0.000735
1159.000000 0.000737
1160.000000 0.000739
1161.000000 0.000740
1162.000000 0.000742
1163.000000 0.000744
1164.000000 0.000745
1165.000000 0.000747
1166.000000 0.000748
1167.000000 0.000750
1168.000000 0.000752
1169.000000 0.000753
1170.000000 0.000755
1171.000000 0.000756
1172.000000 0.000758
1173.000000 0.000760
1174.000000 0.000761
1175.000000 0.000763
1176.000000 0.000764
1177.000000 0.000766
1178.000000 0.000768
1179.000000 0.000769
1180.000000 0.000771
1181.000000 0.000772
1182.000000 0.000774
1183.000000 0.000775
1184.000000 0.000777
1185.000000 0.000779
1186.000000 0.000780
1187.000000 0.000782
1188.000000 0.000783
1189.000000 0.000785
1190.000000 0.000786
1191.000000 0.000788
1192.000000 0.000789
1193.000000 0.000791
1194.000000 0.000792
1195.000000 0.000794
1196.000000 0.000796
1197.000000 0.000797
1198.000000 0.000799
1199.000000 0.000800
1200.000000 0.000802
1201.000000 0.000803
1202.000000 0.000805
1203.000000 0.000806
1204.000000 0.000808
1205.000000 0.000809
1206.000000 0.000811
1207.000000 0.000812
1208.000000 0.000814
1209.000000 0.000815
1210.000000 0.000817
1211.000000 0.000818
1212.000000 0.000820
1213.000000 0.000821
1214.000000 0.000823
1215.000000 0.000824
1216.000000 0.000826
1217.000000 0.000827
1218.000000 0.000829
1219.000000 0.000830
1220.000000 0.000831
1221.000000 0.000833
1222.000000 0.000834
1223.000000 0.000836
1224.000000 0.000837
1225.000000 0.000839
1226.000000 0.000840
1227.000000 0.000842
1228.000000 0.000843
1229.000000 0.000844
1230.000000 0.000846
1231.000000 0.000847
1232.000000 0.000849
1233.000000 0.000850
1234.000000 0.000851
1235.000000 0.000853
1236.000000 0.000854
1237.000000 0.000856
1238.000000 0.000857
1239.000000 0.000858
1240.000000 0.000860
1241.000000 0.000861
1242.000000 0.000863
1243.000000 0.000864
1244.000000 0.000865
1245.000000 0.000867
1246.000000 0.000868
1247.000000 0.000869
1248.000000 0.000871
1249.000000 0.000872
1250.000000 0.000874
1251.000000 0.000875
1252.000000 0.000876
1253.000000 0.000878
1254.000000 0.000879
1255.000000 0.000880
1256.000000 0.000882
1257.000000 0.000883
1258.000000 0.000884
1259.000000 0.000886
1260.000000 0.000887
1261.000000 0.000888
1262.000000 0.000889
1263.000000 0.000891
1264.000000 0.000892
1265.000000 0.000893
1266.000000 0.000895
1267.000000 0.000896
1268.000000 0.000897
1269.000000 0.000898
1270.000000 0.000900
1271.000000 0.000901
1272.000000 0.000902
1273.000000 0.000903
1274.000000 0.000905
1275.000000 0.000906
1276.000000 0.000907
1277.000000 0.000908
1278.000000 0.000910
1279.000000 0.000911
1280.000000 0.000912
1281.000000 0.000913
1282.000000 0.000915
1283.000000 0.000916
1284.000000 0.000917
1285.000000 0.000918
1286.000000 0.000919
1287.000000 0.000921
1288.000000 0.000922
1289.000000 0.000923
1290.000000 0.000924
1291.000000 0.000925
1292.000000 0.000927
1293.000000 0.000928
1294.000000 0.000929
1295.000000 0.000930
1296.000000 0.000931
1297.000000 0.000932
1298.000000 0.000934
1299.000000 0.000935
1300.000000 0.000936
1301.000000 0.000937
1302.000000 0.000938
1303.000000 0.000939
1304.000000 0.000940
1305.000000 0.000941
1306.000000 0.000943
1307.000000 0.000944
1308.000000 0.000945
1309.000000 0.000946
1310.000000 0.000947
1311.000000 0.000948
1312.000000 0.000949
1313.000000 0.000950
1314.000000 0.000951
1315.000000 0.000952
1316.000000 0.000953
1317.000000 0.000954
1318.000000 0.000955
1319.000000 0.000957
1320.000000 0.000958
1321.000000 0.000959
1322.000000 0.000960
1323.000000 0.000961
1324.000000 0.000962
1325.000000 0.000963
1326.000000 0.000964
1327.000000 0.000965
1328.000000 0.000966
1329.000000 0.000967
1330.000000 0.000968
1331.000000 0.000969
1332.000000 0.000970
1333.000000 0.000971
1334.000000 0.000972
1335.000000 0.000973
1336.000000 0.000974
1337.000000 0.000975
1338.000000 0.000975
1339.000000 0.000976
1340.000000 0.000977
1341.000000 0.000978
1342.000000 0.000979
1343.000000 0.000980
1344.000000 0.000981
1345.000000 0.000982
1346.000000 0.000983
1347.000000 0.000984
1348.000000 0.000985
1349.000000 0.000986
1350.000000 0.000987
1351.000000 0.000987
1352.000000 0.000988
1353.000000 0.000989
1354.000000 0.000990
1355.000000 0.000991
1356.000000 0.000992
1357.000000 0.000993
1358.000000 0.000993
1359.000000 0.000994
1360.000000 0.000995
1361.000000 0.000996
1362.000000 0.000997
1363.000000 0.000998
1364.000000 0.000998
1365.000000 0.000999
1366.000000 0.001000
1367.000000 0.001001
1368.000000 0.001002
1369.000000 0.001002
1370.000000 0.001003
1371.000000 0.001004
1372.000000 0.001005
1373.000000 0.001006
1374.000000 0.001006
1375.000000 0.001007
1376.000000 0.001008
1377.000000 0.001009
1378.000000 0.001009
1379.000000 0.001010
1380.000000 0.001011
1381.000000 0.001011
1382.000000 0.001012
1383.000000 0.001013
1384.000000 0.001014
1385.000000 0.001014
1386.000000 0.001015
1387.000000 0.001016
1388.000000 0.001016
1389.000000 0.001017
1390.000000 0.001018
1391.000000 0.001018
1392.000000 0.001019
1393.000000 0.001020
1394.000000 0.001020
1395.000000 0.001021
1396.000000 0.001022
1397.000000 0.001022
1398.000000 0.001023
1399.000000 0.001023
1400.000000 0.001024
1401.000000 0.001025
1402.000000 0.001025
1403.000000 0.001026
1404.000000 0.001026
1405.000000 0.001027
1406.000000 0.001028
1407.000000 0.001028
1408.000000 0.001029
1409.000000 0.001029
1410.000000 0.001030
1411.000000 0.001030
1412.000000 0.001031
1413.000000 0.001031
1414.000000 0.001032
1415.000000 0.001033
1416.000000 0.001033
1417.000000 0.001034
1418.000000 0.001034
1419.000000 0.001035
1420.000000 0.001035
1421.000000 0.001036
1422.000000 0.001036
1423.000000 0.001037
1424.000000 0.001037
1425.000000 0.001037
1426.000000 0.001038
1427.000000 0.001038
1428.000000 0.001039
1429.000000 0.001039
1430.000000 0.001040
1431.000000 0.001040
1432.000000 0.001041
1433.000000 0.001041
1434.000000 0.001041
1435.000000 0.001042
1436.000000 0.001042
1437.000000 0.001043
1438.000000 0.001043
1439.000000 0.001043
1440.000000 0.001044
1441.000000 0.001044
1442.000000 0.001044
1443.000000 0.001045
1444.000000 0.001045
1445.000000 0.001046
1446.000000 0.001046
1447.000000 0.001046
1448.000000 0.001047
1449.000000 0.001047
1450.000000 0.001047
1451.000000 0.001047
1452.000000 0.001048
1453.000000 0.001048
1454.000000 0.001048
1455.000000 0.001049
1456.000000 0.001049
1457.000000 0.001049
1458.000000 0.001049
1459.000000 0.001050
1460.000000 0.001050
1461.000000 0.001050
1462.000000 0.001050
1463.000000 0.001051
1464.000000 0.001051
1465.000000 0.001051
1466.000000 0.001051
1467.000000 0.001052
1468.000000 0.001052
1469.000000 0.001052
1470.000000 0.001052
1471.000000 0.001052
1472.000000 0.001053
1473.000000 0.001053
1474.000000 0.001053
1475.000000 0.001053
1476.000000 0.001053
1477.000000 0.001053
1478.000000 0.001053
1479.000000 0.001054
1480.000000 0.001054
1481.000000 0.001054
1482.000000 0.001054
1483.000000 0.001054
1484.000000 0.001054
1485.000000 0.001054
1486.000000 0.001054
1487.000000 0.001054
1488.000000 0.001055
1489.000000 0.001055
1490.000000 0.001055
1491.000000 0.001055
1492.000000 0.001055
1493.000000 0.001055
1494.000000 0.001055
1495.000000 0.001055
1496.000000 0.001055
1497.000000 0.001055
1498.000000 0.001055
1499.000000 0.001055
1500.000000 0.001055
1501.000000 0.001055
1502.000000 0.001055
1503.000000 0.001055
1504.000000 0.001055
1505.000000 0.001055
1506.000000 0.001055
1507.000000 0.001055
1508.000000 0.001055
1509.000000 0.001055
1510.000000 0.001055
1511.000000 0.001055
1512.000000 0.001055
1513.000000 0.001055
1514.000000 0.001054
1515.000000 0.001054
1516.000000 0.001054
1517.000000 0.001054
1518.000000 0.001054
1519.000000 0.001054
1520.000000 0.001054
1521.000000 0.001054
1522.000000 0.001054
1523.000000 0.001053
1524.000000 0.001053
1525.000000 0.001053
1526.000000 0.001053
1527.000000 0.001053
1528.000000 0.001053
1529.000000 0.001053
1530.000000 0.001052
1531.000000 0.001052
1532.000000 0.001052
1533.000000 0.001052
1534.000000 0.001052
1535.000000 0.001051
1536.000000 0.001051
1537.000000 0.001051
1538.000000 0.001051
1539.000000 0.001050
1540.000000 0.001050
1541.000000 0.001050
1542.000000 0.001050
1543.000000 0.001049
1544.000000 0.001049
1545.000000 0.001049
1546.000000 0.001049
1547.000000 0.001048
1548.000000 0.001048
1549.000000 0.001048
1550.000000 0.001047
1551.000000 0.001047
1552.000000 0.001047
1553.000000 0.001047
1554.000000 0.001046
1555.000000 0.001046
1556.000000 0.001046
1557.000000 0.001045
1558.000000 0.001045
1559.000000 0.001044
1560.000000 0.001044
1561.000000 0.001044
1562.000000 0.001043
1563.000000 0.001043
1564.000000 0.001043
1565.000000 0.001042
1566.000000 0.001042
1567.000000 0.001041
1568.000000 0.001041
1569.000000 0.001041
1570.000000 0.001040
1571.000000 0.001040
1572.000000 0.001039
1573.000000 0.001039
1574.000000 0.001038
1575.000000 0.001038
1576.000000 0.001037
1577.000000 0.001037
1578.000000 0.001037
1579.000000 0.001036
1580.000000 0.001036
1581.000000 0.001035
1582.000000 0.001035
1583.000000 0.001034
1584.000000 0.001034
1585.000000 0.001033
1586.000000 0.001033
1587.000000 0.001032
1588.000000 0.001031
1589.000000 0.001031
1590.000000 0.001030
1591.000000 0.001030
1592.000000 0.001029
1593.000000 0.001029
1594.000000 0.001028
1595.000000 0.001028
1596.000000 0.001027
1597.000000 0.001026
1598.000000 0.001026
1599.000000 0.001025
1600.000000 0.001025
1601.000000 0.001024
1602.000000 0.001023
1603.000000 0.001023
1604.000000 0.001022
1605.000000 0.001022
1606.000000 0.001021
1607.000000 0.001020
1608.000000 0.001020
1609.000000 0.001019
1610.000000 0.001018
1611.000000 0.001018
1612.000000 0.001017
1613.000000 0.001016
1614.000000 0.001016
1615.000000 0.001015
1616.000000 0.001014
1617.000000 0.001014
1618.000000 0.001013
1619.000000 0.001012
1620.000000 0.001011
1621.000000 0.001011
1622.000000 0.001010
1623.000000 0.001009
1624.000000 0.001009
1625.000000 0.001008
1626.000000 0.001007
1627.000000 0.001006
1628.000000 0.001006
1629.000000 0.001005
1630.000000 0.001004
1631.000000 0.001003
1632.000000 0.001002
1633.000000 0.001002
1634.000000 0.001001
1635.000000 0.001000
1636.000000 0.000999
1637.000000 0.000998
1638.000000 0.000998
1639.000000 0.000997
1640.000000 0.000996
1641.000000 0.000995
1642.000000 0.000994
1643.000000 0.000993
1644.000000 0.000993
1645.000000 0.000992
1646.000000 0.000991
1647.000000 0.000990
1648.000000 0.000989
1649.000000 0.000988
1650.000000 0.000987
1651.000000 0.000987
1652.000000 0.000986
1653.000000 0.000985
1654.000000 0.000984
1655.000000 0.000983
1656.000000 0.000982
1657.000000 0.000981
1658.000000 0.000980
1659.000000 0.000979
1660.000000 0.000978
1661.000000 0.000977
1662.000000 0.000976
1663.000000 0.000975
1664.000000 0.000975
1665.000000 0.000974
1666.000000 0.000973
1667.000000 0.000972
1668.000000 0.000971
1669.000000 0.000970
1670.000000 0.000969
1671.000000 0.000968
1672.000000 0.000967
1673.000000 0.000966
1674.000000 0.000965
1675.000000 0.000964
1676.000000 0.000963
1677.000000 0.000962
1678.000000 0.000961
1679.000000 0.000960
1680.000000 0.000959
1681.000000 0.000958
1682.000000 0.000957
1683.000000 0.000955
1684.000000 0.000954
1685.000000 0.000953
1686.000000 0.000952
1687.000000 0.000951
1688.000000 0.000950
1689.000000 0.000949
1690.000000 0.000948
1691.000000 0.000947
1692.000000 0.000946
1693.000000 0.000945
1694.000000 0.000944
1695.000000 0.000943
1696.000000 0.000941
1697.000000 0.000940
1698.000000 0.000939
1699.000000 0.000938
1700.000000 0.000937
1701.000000 0.000936
1702.000000 0.000935
1703.000000 0.000934
1704.000000 0.000932
1705.000000 0.000931
1706.000000 0.000930
1707.000000 0.000929
1708.000000 0.000928
1709.000000 0.000927
1710.000000 0.000925
1711.000000 0.000924
1712.000000 0.000923
1713.000000 0.000922
1714.000000 0.000921
1715.000000 0.000919
1716.000000 0.000918
1717.000000 0.000917
1718.000000 0.000916
1719.000000 0.000915
1720.000000 0.000913
1721.000000 0.000912
1722.000000 0.000911
1723.000000 0.000910
1724.000000 0.000908
1725.000000 0.000907
1726.000000 0.000906
1727.000000 0.000905
1728.000000 0.000903
1729.000000 0.000902
1730.000000 0.000901
1731.000000 0.000900
1732.000000 0.000898
1733.000000 0.000897
1734.000000 0.000896
1735.000000 0.000895
1736.000000 0.000893
1737.000000 0.000892
1738.000000 0.000891
1739.000000 0.000889
1740.000000 0.000888
1741.000000 0.000887
1742.000000 0.000886
1743.000000 0.000884
1744.000000 0.000883
1745.000000 0.000882
1746.000000 0.000880
1747.000000 0.000879
1748.000000 0.000878
1749.000000 0.000876
1750.000000 0.000875
1751.000000 0.000874
1752.000000 0.000872
1753.000000 0.000871
1754.000000 0.000869
1755.000000 0.000868
1756.000000 0.000867
1757.000000 0.000865
1758.000000 0.000864
1759.000000 0.000863
1760.000000 0.000861
1761.000000 0.000860
1762.000000 0.000858
1763.000000 0.000857
1764.000000 0.000856
1765.000000 0.000854
1766.000000 0.000853
1767.000000 0.000851
1768.000000 0.000850
1769.000000 0.000849
1770.000000 0.000847
1771.000000 0.000846
1772.000000 0.000844
1773.000000 0.000843
1774.000000 0.000842
1775.000000 0.000840
1776.000000 0.000839
1777.000000 0.000837
1778.000000 0.000836
1779.000000 0.000834
1780.000000 0.000833
1781.000000 0.000831
1782.000000 0.000830
1783.000000 0.000829
1784.000000 0.000827
1785.000000 0.000826
1786.000000 0.000824
1787.000000 0.000823
1788.000000 0.000821
1789.000000 0.000820
1790.000000 0.000818
1791.000000 0.000817
1792.000000 0.000815
1793.000000 0.000814
1794.000000 0.000812
1795.000000 0.000811
1796.000000 0.000809
1797.000000 0.000808
1798.000000 0.000806
1799.000000 0.000805
1800.000000 0.000803
1801.000000 0.000802
1802.000000 0.000800
1803.000000 0.000799
1804.000000 0.000797
1805.000000 0.000796
1806.000000 0.000794
1807.000000 0.000792
1808.000000 0.000791
1809.000000 0.000789
1810.000000 0.000788
1811.000000 0.000786
1812.000000 0.000785
1813.000000 0.000783
1814.000000 0.000782
1815.000000 0.000780
1816.000000 0.000779
1817.000000 0.000777
1818.000000 0.000775
1819.000000 0.000774
1820.000000 0.000772
1821.000000 0.000771
1822.000000 0.000769
1823.000000 0.000768
1824.000000 0.000766
1825.000000 0.000764
1826.000000 0.000763
1827.000000 0.000761
1828.000000 0.000760
1829.000000 0.000758
1830.000000 0.000756
1831.000000 0.000755
1832.000000 0.000753
1833.000000 0.000752
1834.000000 0.000750
1835.000000 0.000748
1836.000000 0.000747
1837.000000 0.000745
1838.000000 0.000744
1839.000000 0.000742
1840.000000 0.000740
1841.000000 0.000739
1842.000000 0.000737
1843.000000 0.000735
1844.000000 0.000734
1845.000000 0.000732
1846.000000 0.000731
1847.000000 0.000729
1848.000000 0.000727
1849.000000 0.000726
1850.000000 0.000724
1851.000000 0.000722
1852.000000 0.000721
1853.000000 0.000719
1854.000000 0.000717
1855.000000 0.000716
1856.000000 0.000714
1857.000000 0.000712
1858.000000 0.000711
1859.000000 0.000709
1860.000000 0.000707
1861.000000 0.000706
1862.000000 0.000704
1863.000000 0.000702
1864.000000 0.000701
1865.000000 0.000699
1866.000000 0.000697
1867.000000 0.000696
1868.000000 0.000694
1869.000000 0.000692
1870.000000 0.000691
1871.000000 0.000689
1872.000000 0.000687
1873.000000 0.000686
1874.000000 0.000684
1875.000000 0.000682
1876.000000 0.000681
1877.000000 0.000679
1878.000000 0.000677
1879.000000 0.000676
1880.000000 0.000674
1881.000000 0.000672
1882.000000 0.000671
1883.000000 0.000669
1884.000000 0.000667
1885.000000 0.000665
1886.000000 0.000664
1887.000000 0.000662
1888.000000 0.000660
1889.000000 0.000659
1890.000000 0.000657
1891.000000 0.000655
1892.000000 0.000653
1893.000000 0.000652
1894.000000 0.000650
1895.000000 0.000648
1896.000000 0.000647
1897.000000 0.000645
1898.000000 0.000643
1899.000000 0.000641
1900.000000 0.000640
1901.000000 0.000638
1902.000000 0.000636
1903.000000 0.000635
1904.000000 0.000633
1905.000000 0.000631
1906.000000 0.000629
1907.000000 0.000628
1908.000000 0.000626
1909.000000 0.000624
1910.000000 0.000623
1911.000000 0.000621
1912.000000 0.000619
1913.000000 0.000617
1914.000000 0.000616
1915.000000 0.000614
1916.000000 0.000612
1917.000000 0.000610
1918.000000 0.000609
1919.000000 0.000607
1920.000000 0.000605
1921.000000 0.000603
1922.000000 0.000602
1923.000000 0.000600
1924.000000 0.000598
1925.000000 0.000597
1926.000000 0.000595
1927.000000 0.000593
1928.000000 0.000591
1929.000000 0.000590
1930.000000 0.000588
1931.000000 0.000586
1932.000000 0.000584
1933.000000 0.000583
1934.000000 0.000581
1935.000000 0.000579
1936.000000 0.000577
1937.000000 0.000576
1938.000000 0.000574
1939.000000 0.000572
1940.000000 0.000570
1941.000000 0.000569
1942.000000 0.000567
1943.000000 0.000565
1944.000000 0.000563
1945.000000 0.000562
1946.000000 0.000560
1947.000000 0.000558
1948.000000 0.000557
1949.000000 0.000555
1950.000000 0.000553
1951.000000 0.000551
1952.000000 0.000550
1953.000000 0.000548
1954.000000 0.000546
1955.000000 0.000544
1956.000000 0.000543
1957.000000 0.000541
1958.000000 0.000539
1959.000000 0.000537
1960.000000 0.000536
1961.000000 0.000534
1962.000000 0.000532
1963.000000 0.000530
1964.000000 0.000529
1965.000000 0.000527
1966.000000 0.000525
1967.000000 0.000523
1968.000000 0.000522
1969.000000 0.000520
1970.000000 0.000518
1971.000000 0.000517
1972.000000 0.000515
1973.000000 0.000513
1974.000000 0.000511
1975.000000 0.000510
1976.000000 0.000508
1977.000000 0.000506
1978.000000 0.000504
1979.000000 0.000503
1980.000000 0.000501
1981.000000 0.000499
1982.000000 0.000497
1983.000000 0.000496
1984.000000 0.000494
1985.000000 0.000492
1986.000000 0.000491
1987.000000 0.000489
1988.000000 0.000487
1989.000000 0.000485
1990.000000 0.000484
1991.000000 0.000482
1992.000000 0.000480
1993.000000 0.000479
1994.000000 0.000477
1995.000000 0.000475
1996.000000 0.000473
1997.000000 0.000472
1998.000000 0.000470
1999.000000 0.000468
2000.000000 0.000467
2001.000000 0.000465
2002.000000 0.000463
2003.000000 0.000461
2004.000000 0.000460
2005.000000 0.000458
2006.000000 0.000456
2007.000000 0.000455
2008.000000 0.000453
2009.000000 0.000451
2010.000000 0.000450
2011.000000 0.000448
2012.000000 0.000446
2013.000000 0.000444
2014.000000 0.000443
2015.000000 0.000441
2016.000000 0.000439
2017.000000 0.000438
2018.000000 0.000436
2019.000000 0.000434
2020.000000 0.000433
2021.000000 0.000431
2022.000000 0.000429
2023.000000 0.000428
2024.000000 0.000426
2025.000000 0.000424
2026.000000 0.000423
2027.000000 0.000421
2028.000000 0.000419
2029.000000 0.000418
2030.000000 0.000416
2031.000000 0.000414
2032.000000 0.000413
2033.000000 0.000411
2034.000000 0.000409
2035.000000 0.000408
2036.000000 0.000406
2037.000000 0.000404
2038.000000 0.000403
2039.000000 0.000401
2040.000000 0.000399
2041.000000 0.000398
2042.000000 0.000396
2043.000000 0.000395
2044.000000 0.000393
2045.000000 0.000391
2046.000000 0.000390
2047.000000 0.000388
2048.000000 0.000386
2049.000000 0.000385
2050.000000 0.000383
2051.000000 0.000382
2052.000000 0.000380
2053.000000 0.000378
2054.000000 0.000377
2055.000000 0.000375
2056.000000 0.000373
2057.000000 0.000372
2058.000000 0.000370
2059.000000 0.000369
2060.000000 0.000367
2061.000000 0.000365
2062.000000 0.000364
2063.000000 0.000362
2064.000000 0.000361
2065.000000 0.000359
2066.000000 0.000358
2067.000000 0.000356
2068.000000 0.000354
2069.000000 0.000353
2070.000000 0.000351
2071.000000 0.000350
2072.000000 0.000348
2073.000000 0.000347
2074.000000 0.000345
2075.000000 0.000343
2076.000000 0.000342
2077.000000 0.000340
2078.000000 0.000339
2079.000000 0.000337
2080.000000 0.000336
2081.000000 0.000334
2082.000000 0.000333
2083.000000 0.000331
2084.000000 0.000329
2085.000000 0.000328
2086.000000 0.000326
2087.000000 0.000325
2088.000000 0.000323
2089.000000 0.000322
2090.000000 0.000320
2091.000000 0.000319
2092.000000 0.000317
2093.000000 0.000316
2094.000000 0.000314
2095.000000 0.000313
2096.000000 0.000311
2097.000000 0.000310
2098.000000 0.000308
2099.000000 0.000307
2100.000000 0.000305
2101.000000 0.000304
2102.000000 0.000302
2103.000000 0.000301
2104.000000 0.000299
2105.000000 0.000298
2106.000000 0.000296
2107.000000 0.000295
2108.000000 0.000294
2109.000000 0.000292
2110.000000 0.000291
2111.000000 0.000289
2112.000000 0.000288
2113.000000 0.000286
2114.000000 0.000285
2115.000000 0.000283
2116.000000 0.000282
2117.000000 0.000281
2118.000000 0.000279
2119.000000 0.000278
2120.000000 0.000276
2121.000000 0.000275
2122.000000 0.000273
2123.000000 0.000272
2124.000000 0.000271
2125.000000 0.000269
2126.000000 0.000268
2127.000000 0.000266
2128.000000 0.000265
2129.000000 0.000264
2130.000000 0.000262
2131.000000 0.000261
2132.000000 0.000259
2133.000000 0.000258
2134.000000 0.000257
2135.000000 0.000255
2136.000000 0.000254
2137.000000 0.000253
2138.000000 0.000251
2139.000000 0.000250
2140.000000 0.000249
2141.000000 0.000247
2142.000000 0.000246
2143.000000 0.000245
2144.000000 0.000243
2145.000000 0.000242
2146.000000 0.000241
2147.000000 0.000239
2148.000000 0.000238
2149.000000 0.000237
2150.000000 0.000235
2151.000000 0.000234
2152.000000 0.000233
2153.000000 0.000231
2154.000000 0.000230
2155.000000 0.000229
2156.000000 0.000227
2157.000000 0.000226
2158.000000 0.000225
2159.000000 0.000224
2160.000000 0.000222
2161.000000 0.000221
2162.000000 0.000220
2163.000000 0.000219
2164.000000 0.000217
2165.000000 0.000216
2166.000000 0.000215
2167.000000 0.000214
2168.000000 0.000212
2169.000000 0.000211
2170.000000 0.000210
2171.000000 0.000209
2172.000000 0.000207
2173.000000 0.000206
2174.000000 0.000205
2175.000000 0.000204
2176.000000 0.000202
2177.000000 0.000201
2178.000000 0.000200
2179.000000 0.000199
2180.000000 0.000198
2181.000000 0.000196
2182.000000 0.000195
2183.000000 0.000194
2184.000000 0.000193
2185.000000 0.000192
2186.000000 0.000191
2187.000000 0.000189
2188.000000 0.000188
2189.000000 0.000187
2190.000000 0.000186
2191.000000 0.000185
2192.000000 0.000184
2193.000000 0.000183
2194.000000 0.000181
2195.000000 0.000180
2196.000000 0.000179
2197.000000 0.000178
2198.000000 0.000177
2199.000000 0.000176
2200.000000 0.000175
2201.000000 0.000174
2202.000000 0.000172
2203.000000 0.000171
2204.000000 0.000170
2205.000000 0.000169
2206.000000 0.000168
2207.000000 0.000167
2208.000000 0.000166
2209.000000 0.000165
2210.000000 0.000164
2211.000000 0.000163
2212.000000 0.000162
2213.000000 0.000160
2214.000000 0.000159
2215.000000 0.000158
2216.000000 0.000157
2217.000000 0.000156
2218.000000 0.000155
2219.000000 0.000154
2220.000000 0.000153
2221.000000 0.000152
2222.000000 0.000151
2223.000000 0.000150
2224.000000 0.000149
2225.000000 0.000148
2226.000000 0.000147
2227.000000 0.000146
2228.000000 0.000145
2229.000000 0.000144
2230.000000 0.000143
2231.000000 0.000142
2232.000000 0.000141
2233.000000 0.000140
2234.000000 0.000139
2235.000000 0.000138
2236.000000 0.000137
2237.000000 0.000136
2238.000000 0.000135
2239.000000 0.000134
2240.000000 0.000133
2241.000000 0.000132
2242.000000 0.000132
2243.000000 0.000131
2244.000000 0.000130
2245.000000 0.000129
2246.000000 0.000128
2247.000000 0.000127
2248.000000 0.000126
2249.000000 0.000125
2250.000000 0.000124
2251.000000 0.000123
2252.000000 0.000122
2253.000000 0.000121
2254.000000 0.000121
2255.000000 0.000120
2256.000000 0.000119
2257.000000 0.000118
2258.000000 0.000117
2259.000000 0.000116
2260.000000 0.000115
2261.000000 0.000114
2262.000000 0.000114
2263.000000 0.000113
2264.000000 0.000112
2265.000000 0.000111
2266.000000 0.000110
2267.000000 0.000109
2268.000000 0.000109
2269.000000 0.000108
2270.000000 0.000107
2271.000000 0.000106
2272.000000 0.000105
2273.000000 0.000104
2274.000000 0.000104
2275.000000 0.000103
2276.000000 0.000102
2277.000000 0.000101
2278.000000 0.000100
2279.000000 0.000100
2280.000000 0.000099
2281.000000 0.000098
2282.000000 0.000097
2283.000000 0.000097
2284.000000 0.000096
2285.000000 0.000095
2286.000000 0.000094
2287.000000 0.000094
2288.000000 0.000093
2289.000000 0.000092
2290.000000 0.000091
2291.000000 0.000091
2292.000000 0.000090
2293.000000 0.000089
2294.000000 0.000088
2295.000000 0.000088
2296.000000 0.000087
2297.000000 0.000086
2298.000000 0.000085
2299.000000 0.000085
2300.000000 0.000084
2301.000000 0.000083
2302.000000 0.000083
2303.000000 0.000082
2304.000000 0.000081
2305.000000 0.000081
2306.000000 0.000080
2307.000000 0.000079
2308.000000 0.000079
2309.000000 0.000078
2310.000000 0.000077
2311.000000 0.000077
2312.000000 0.000076
2313.000000 0.000075
2314.000000 0.000075
2315.000000 0.000074
2316.000000 0.000073
2317.000000 0.000073
2318.000000 0.000072
2319.000000 0.000071
2320.000000 0.000071
2321.000000 0.000070
2322.000000 0.000070
2323.000000 0.000069
2324.000000 0.000068
2325.000000 0.000068
2326.000000 0.000067
2327.000000 0.000067
2328.000000 0.000066
2329.000000 0.000065
2330.000000 0.000065
2331.000000 0.000064
2332.000000 0.000064
2333.000000 0.000063
2334.000000 0.000062
2335.000000 0.000062
2336.000000 0.000061
2337.000000 0.000061
2338.000000 0.000060
2339.000000 0.000060
2340.000000 0.000059
2341.000000 0.000059
2342.000000 0.000058
2343.000000 0.000057
2344.000000 0.000057
2345.000000 0.000056
2346.000000 0.000056
2347.000000 0.000055
2348.000000 0.000055
2349.000000 0.000054
2350.000000 0.000054
2351.000000 0.000053
2352.000000 0.000053
2353.000000 0.000052
2354.000000 0.000052
2355.000000 0.000051
2356.000000 0.000051
2357.000000 0.000050
2358.000000 0.000050
2359.000000 0.000049
2360.000000 0.000049
2361.000000 0.000048
2362.000000 0.000048
2363.000000 0.000047
2364.000000 0.000047
2365.000000 0.000046
2366.000000 0.000046
2367.000000 0.000046
2368.000000 0.000045
2369.000000 0.000045
2370.000000 0.000044
2371.000000 0.000044
2372.000000 0.000043
2373.000000 0.000043
2374.000000 0.000042
2375.000000 0.000042
2376.000000 0.000042
2377.000000 0.000041
2378.000000 0.000041
2379.000000 0.000040
2380.000000 0.000040
2381.000000 0.000039
2382.000000 0.000039
2383.000000 0.000039
2384.000000 0.000038
2385.000000 0.000038
2386.000000 0.000037
2387.000000 0.000037
2388.000000 0.000037
2389.000000 0.000036
2390.000000 0.000036
2391.000000 0.000035
2392.000000 0.000035
2393.000000 0.000035
2394.000000 0.000034
2395.000000 0.000034
2396.000000 0.000034
2397.000000 0.000033
2398.000000 0.000033
2399.000000 0.000033
2400.000000 0.000032
2401.000000 0.000032
2402.000000 0.000031
2403.000000 0.000031
2404.000000 0.000031
2405.000000 0.000030
2406.000000 0.000030
2407.000000 0.000030
2408.000000 0.000029
2409.000000 0.000029
2410.000000 0.000029
2411.000000 0.000028
2412.000000 0.000028
2413.000000 0.000028
2414.000000 0.000027
2415.000000 0.000027
2416.000000 0.000027
2417.000000 0.000027
2418.000000 0.000026
2419.000000 0.000026
2420.000000 0.000026
2421.000000 0.000025
2422.000000 0.000025
2423.000000 0.000025
2424.000000 0.000024
2425.000000 0.000024
2426.000000 0.000024
2427.000000 0.000024
2428.000000 0.000023
2429.000000 0.000023
2430.000000 0.000023
2431.000000 0.000022
2432.000000 0.000022
2433.000000 0.000022
2434.000000 0.000022
2435.000000 0.000021
2436.000000 0.000021
2437.000000 0.000021
2438.000000 0.000021
2439.000000 0.000020
2440.000000 0.000020
2441.000000 0.000020
2442.000000 0.000020
2443.000000 0.000019
2444.000000 0.000019
2445.000000 0.000019
2446.000000 0.000019
2447.000000 0.000018
2448.000000 0.000018
2449.000000 0.000018
2450.000000 0.000018
2451.000000 0.000018
2452.000000 0.000017
2453.000000 0.000017
2454.000000 0.000017
2455.000000 0.000017
2456.000000 0.000016
2457.000000 0.000016
2458.000000 0.000016
2459.000000 0.000016
2460.000000 0.000016
2461.000000 0.000015
2462.000000 0.000015
2463.000000 0.000015
2464.000000 0.000015
2465.000000 0.000015
2466.000000 0.000014
2467.000000 0.000014
2468.000000 0.000014
2469.000000 0.000014
2470.000000 0.000014
2471.000000 0.000013
2472.000000 0.000013
2473.000000 0.000013
2474.000000 0.000013
2475.000000 0.000013
2476.000000 0.000013
2477.000000 0.000012
2478.000000 0.000012
2479.000000 0.000012
2480.000000 0.000012
2481.000000 0.000012
2482.000000 0.000012
2483.000000 0.000011
2484.000000 0.000011
2485.000000 0.000011
2486.000000 0.000011
2487.000000 0.000011
2488.000000 0.000011
2489.000000 0.000010
2490.000000 0.000010
2491.000000 0.000010
2492.000000 0.000010
2493.000000 0.000010
2494.000000 0.000010
2495.000000 0.000010
2496.000000 0.000009
2497.000000 0.000009
2498.000000 0.000009
2499.000000 0.000009
2500.000000 0.000009
2501.000000 0.000009
2502.000000 0.000009
2503.000000 0.000008
2504.000000 0.000008
2505.000000 0.000008
2506.000000 0.000008
2507.000000 0.000008
2508.000000 0.000008
2509.000000 0.000008
2510.000000 0.000008
2511.000000 0.000007
2512.000000 0.000007
2513.000000 0.000007
2514.000000 0.000007
2515.000000 0.000007
2516.000000 0.000007
2517.000000 0.000007
2518.000000 0.000007
2519.000000 0.000007
2520.000000 0.000007
2521.000000 0.000006
2522.000000 0.000006
2523.000000 0.000006
2524.000000 0.000006
2525.000000 0.000006
2526.000000 0.000006
2527.000000 0.000006
2528.000000 0.000006
2529.000000 0.000006
2530.000000 0.000006
2531.000000 0.000005
2532.000000 0.000005
2533.000000 0.000005
2534.000000 0.000005
2535.000000 0.000005
2536.000000 0.000005
2537.000000 0.000005
2538.000000 0.000005
2539.000000 0.000005
2540.000000 0.000005
2541.000000 0.000005
2542.000000 0.000005
2543.000000 0.000004
2544.000000 0.000004
2545.000000 0.000004
2546.000000 0.000004
2547.000000 0.000004
2548.000000 0.000004
2549.000000 0.000004
2550.000000 0.000004
2551.000000 0.000004
2552.000000 0.000004
2553.000000 0.000004
2554.000000 0.000004
2555.000000 0.000004
2556.000000 0.000004
2557.000000 0.000003
2558.000000 0.000003
2559.000000 0.000003
2560.000000 0.000003
2561.000000 0.000003
2562.000000 0.000003
2563.000000 0.000003
2564.000000 0.000003
2565.000000 0.000003
2566.000000 0.000003
2567.000000 0.000003
2568.000000 0.000003
2569.000000 0.000003
2570.000000 0.000003
2571.000000 0.000003
2572.000000 0.000003
2573.000000 0.000003
2574.000000 0.000003
2575.000000 0.000002
2576.000000 0.000002
2577.000000 0.000002
2578.000000 0.000002
2579.000000 0.000002
2580.000000 0.000002
2581.000000 0.000002
2582.000000 0.000002
2583.000000 0.000002
2584.000000 0.000002
2585.000000 0.000002
2586.000000 0.000002
2587.000000 0.000002
2588.000000 0.000002
2589.000000 0.000002
2590.000000 0.000002
2591.000000 0.000002
2592.000000 0.000002
2593.000000 0.000002
2594.000000 0.000002
2595.000000 0.000002
2596.000000 0.000002
2597.000000 0.000002
2598.000000 0.000002
2599.000000 0.000002
2600.000000 0.000001
2601.000000 0.000001
2602.000000 0.000001
2603.000000 0.000001
2604.000000 0.000001
2605.000000 0.000001
2606.000000 0.000001
2607.000000 0.000001
2608.000000 0.000001
2609.000000 0.000001
2610.000000 0.000001
2611.000000 0.000001
2612.000000 0.000001
2613.000000 0.000001
2614.000000 0.000001
2615.000000 0.000001
2616.000000 0.000001
2617.000000 0.000001
2618.000000 0.000001
2619.000000 0.000001
2620.000000 0.000001
2621.000000 0.000001
2622.000000 0.000001
2623.000000 0.000001
2624.000000 0.000001
2625.000000 0.000001
2626.000000 0.000001
2627.000000 0.000001
2628.000000 0.000001
2629.000000 0.000001
2630.000000 0.000001
2631.000000 0.000001
2632.000000 0.000001
2633.000000 0.000001
2634.000000 0.000001
2635.000000 0.000001
2636.000000 0.000001
2637.000000 0.000001
2638.000000 0.000001
2639.000000 0.000001
2640.000000 0.000001
2641.000000 0.000001
2642.000000 0.000001
2643.000000 0.000001
2644.000000 0.000001
2645.000000 0.000001
2646.000000 0.000001
2647.000000 0.000000
2648.000000 0.000000
2649.000000 0.000000
2650.000000 0.000000
2651.000000 0.000000
2652.000000 0.000000
2653.000000 0.000000
2654.000000 0.000000
2655.000000 0.000000
2656.000000 0.000000
2657.000000 0.000000
2658.000000 0.000000
2659.000000 0.000000
2660.000000 0.000000
2661.000000 0.000000
2662.000000 0.000000
2663.000000 0.000000
2664.000000 0.000000
2665.000000 0.000000
2666.000000 0.000000
2667.000000 0.000000
2668.000000 0.000000
2669.000000 0.000000
2670.000000 0.000000
2671.000000 0.000000
2672.000000 0.000000
2673.000000 0.000000
2674.000000 0.000000
2675.000000 0.000000
2676.000000 0.000000
2677.000000 0.000000
2678.000000 0.000000
2679.000000 0.000000
2680.000000 0.000000
2681.000000 0.000000
2682.000000 0.000000
2683.000000 0.000000
2684.000000 0.000000
2685.000000 0.000000
2686.000000 0.000000
2687.000000 0.000000
2688.000000 0.000000
2689.000000 0.000000
2690.000000 0.000000
2691.000000 0.000000
2692.000000 0.000000
2693.000000 0.000000
2694.000000 0.000000
2695.000000 0.000000
2696.000000 0.000000
2697.000000 0.000000
2698.000000 0.000000
2699.000000 0.000000
2700.000000 0.000000
2701.000000 0.000000
2702.000000 0.000000
2703.000000 0.000000
2704.000000 0.000000
2705.000000 0.000000
2706.000000 0.000000
2707.000000 0.000000
2708.000000 0.000000
2709.000000 0.000000
2710.000000 0.000000
2711.000000 0.000000
2712.000000 0.000000
2713.000000 0.000000
2714.000000 0.000000
2715.000000 0.000000
2716.000000 0.000000
2717.000000 0.000000
2718.000000 0.000000
2719.000000 0.000000
2720.000000 0.000000
2721.000000 0.000000
2722.000000 0.000000
2723.000000 0.000000
2724.000000 0.000000
2725.000000 0.000000
2726.000000 0.000000
2727.000000 0.000000
2728.000000 0.000000
2729.000000 0.000000
2730.000000 0.000000
2731.000000 0.000000
2732.000000 0.000000
2733.000000 0.000000
2734.000000 0.000000
2735.000000 0.000000
2736.000000 0.000000
2737.000000 0.000000
2738.000000 0.000000
2739.000000 0.000000
2740.000000 0.000000
2741.000000 0.000000
2742.000000 0.000000
2743.000000 0.000000
2744.000000 0.000000
2745.000000 0.000000
2746.000000 0.000000
2747.000000 0.000000
2748.000000 0.000000
2749.000000 0.000000
2750.000000 0.000000
2751.000000 0.000000
2752.000000 0.000000
2753.000000 0.000000
2754.000000 0.000000
2755.000000 0.000000
2756.000000 0.000000
2757.000000 0.000000
2758.000000 0.000000
2759.000000 0.000000
2760.000000 0.000000
2761.000000 0.000000
2762.000000 0.000000
2763.000000 0.000000
2764.000000 0.000000
2765.000000 0.000000
2766.000000 0.000000
2767.000000 0.000000
2768.000000 0.000000
2769.000000 0.000000
2770.000000 0.000000
2771.000000 0.000000
2772.000000 0.000000
2773.000000 0.000000
2774.000000 0.000000
2775.000000 0.000000
2776.000000 0.000000
2777.000000 0.000000
2778.000000 0.000000
2779.000000 0.000000
2780.000000 0.000000
2781.000000 0.000000
2782.000000 0.000000
2783.000000 0.000000
2784.000000 0.000000
2785.000000 0.000000
2786.000000 0.000000
2787.000000 0.000000
2788.000000 0.000000
2789.000000 0.000000
2790.000000 0.000000
2791.000000 0.000000
2792.000000 0.000000
2793.000000 0.000000
2794.000000 0.000000
2795.000000 0.000000
2796.000000 0.000000
2797.000000 0.000000
2798.000000 0.000000
2799.000000 0.000000
2800.000000 0.000000
2801.000000 0.000000
2802.000000 0.000000
2803.000000 0.000000
2804.000000 0.000000
2805.000000 0.000000
2806.000000 0.000000
2807.000000 0.000000
2808.000000 0.000000
2809.000000 0.000000
2810.000000 0.000000
2811.000000 0.000000
2812.000000 0.000000
2813.000000 0.000000
2814.000000 0.000000
2815.000000 0.000000
2816.000000 0.000000
2817.000000 0.000000
2818.000000 0.000000
2819.000000 0.000000
2820.000000 0.000000
2821.000000 0.000000
2822.000000 0.000000
2823.000000 0.000000
2824.000000 0.000000
2825.000000 0.000000
2826.000000 0.000000
2827.000000 0.000000
2828.000000 0.000000
2829.000000 0.000000
2830.000000 0.000000
2831.000000 0.000000
2832.000000 0.000000
2833.000000 0.000000
2834.000000 0.000000
2835.000000 0.000000
2836.000000 0.000000
2837.000000 0.000000
2838.000000 0.000000
2839.000000 0.000000
2840.000000 0.000000
2841.000000 0.000000
2842.000000 0.000000
2843.000000 0.000000
2844.000000 0.000000
2845.000000 0.000000
2846.000000 0.000000
2847.000000 0.000000
2848.000000 0.000000
2849.000000 0.000000
2850.000000 0.000000
2851.000000 0.000000
2852.000000 0.000000
2853.000000 0.000000
2854.000000 0.000000
2855.000000 0.000000
2856.000000 0.000000
2857.000000 0.000000
2858.000000 0.000000
2859.000000 0.000000
2860.000000 0.000000
2861.000000 0.000000
2862.000000 0.000000
2863.000000 0.000000
2864.000000 0.000000
2865.000000 0.000000
2866.000000 0.000000
2867.000000 0.000000
2868.000000 0.000000
2869.000000 0.000000
2870.000000 0.000000
2871.000000 0.000000
2872.000000 0.000000
2873.000000 0.000000
2874.000000 0.000000
2875.000000 0.000000
2876.000000 0.000000
2877.000000 0.000000
2878.000000 0.000000
2879.000000 0.000000
2880.000000 0.000000
2881.000000 0.000000
2882.000000 0.000000
2883.000000 0.000000
2884.000000 0.000000
2885.000000 0.000000
2886.000000 0.000000
2887.000000 0.000000
2888.000000 0.000000
2889.000000 0.000000
2890.000000 0.000000
2891.000000 0.000000
2892.000000 0.000000
2893.000000 0.000000
2894.000000 0.000000
2895.000000 0.000000
2896.000000 0.000000
2897.000000 0.000000
2898.000000 0.000000
2899.000000 0.000000
2900.000000 0.000000
2901.000000 0.000000
2902.000000 0.000000
2903.000000 0.000000
2904.000000 0.000000
2905.000000 0.000000
2906.000000 0.000000
2907.000000 0.000000
2908.000000 0.000000
2909.000000 0.000000
2910.000000 0.000000
2911.000000 0.000000
2912.000000 0.000000
2913.000000 0.000000
2914.000000 0.000000
2915.000000 0.000000
2916.000000 0.000000
2917.000000 0.000000
2918.000000 0.000000
2919.000000 0.000000
2920.000000 0.000000
2921.000000 0.000000
2922.000000 0.000000
2923.000000 0.000000
2924.000000 0.000000
2925.000000 0.000000
2926.000000 0.000000
2927.000000 0.000000
2928.000000 0.000000
2929.000000 0.000000
2930.000000 0.000000
2931.000000 0.000000
2932.000000 0.000000
2933.000000 0.000000
2934.000000 0.000000
2935.000000 0.000000
2936.000000 0.000000
2937.000000 0.000000
2938.000000 0.000000
2939.000000 0.000000
2940.000000 0.000000
2941.000000 0.000000
2942.000000 0.000000
2943.000000 0.000000
2944.000000 0.000000
2945.000000 0.000000
2946.000000 0.000000
2947.000000 0.000000
2948.000000 0.000000
2949.000000 0.000000
2950.000000 0.000000
2951.000000 0.000000
2952.000000 0.000000
2953.000000 0.000000
2954.000000 0.000000
2955.000000 0.000000
2956.000000 0.000000
2957.000000 0.000000
2958.000000 0.000000
2959.000000 0.000000
2960.000000 0.000000
2961.000000 0.000000
2962.000000 0.000000
2963.000000 0.000000
2964.000000 0.000000
2965.000000 0.000000
2966.000000 0.000000
2967.000000 0.000000
2968.000000 0.000000
2969.000000 0.000000
2970.000000 0.000000
2971.000000 0.000000
2972.000000 0.000000
2973.000000 0.000000
2974.000000 0.000000
2975.000000 0.000000
2976.000000 0.000000
2977.000000 0.000000
2978.000000 0.000000
2979.000000 0.000000
2980.000000 0.000000
2981.000000 0.000000
2982.000000 0.000000
2983.000000 0.000000
2984.000000 0.000000
2985.000000 0.000000
2986.000000 0.000000
2987.000000 0.000000
2988.000000 0.000000
2989.000000 0.000000
2990.000000 0.000000
2991.000000 0.000000
2992.000000 0.000000
2993.000000 0.000000
2994.000000 0.000000
2995.000000 0.000000
2996.000000 0.000000
2997.000000 0.000000
2998.000000 0.000000
2999.000000 0.000000
3000.000000 0.000000
