n lam mean variance std
3000 0.090000 1500.496675 274073.414579 523.520214
bin_midpoint probability
1.000000 0.000000
2.000000 0.000000
3.000000 0.000000
4.000000 0.000000
5.000000 0.000000
6.000000 0.000000
7.000000 0.000000
8.000000 0.000000
9.000000 0.000000
10.000000 0.000000
11.000000 0.000000
12.000000 0.000000
13.000000 0.000000
14.000000 0.000000
15.000000 0.000000
16.000000 0.000000
17.000000 0.000000
18.000000 0.000000
19.000000 0.000000
20.000000 0.000000
21.000000 0.000000
22.000000 0.000000
23.000000 0.000000
24.000000 0.000000
25.000000 0.000000
26.000000 0.000000
27.000000 0.000000
28.000000 0.000000
29.000000 0.000000
30.000000 0.000000
31.000000 0.000000
32.000000 0.000000
33.000000 0.000000
34.000000 0.000000
35.000000 0.000000
36.000000 0.000000
37.000000 0.000000
38.000000 0.000000
39.000000 0.000000
40.000000 0.000000
41.000000 0.000000
42.000000 0.000000
43.000000 0.000000
44.000000 0.000000
45.000000 0.000000
46.000000 0.000000
47.000000 0.000000
48.000000 0.000000
49.000000 0.000000
50.000000 0.000000
51.000000 0.000000
52.000000 0.000000
53.000000 0.000000
54.000000 0.000000
55.000000 0.000000
56.000000 0.000000
57.000000 0.000000
58.000000 0.000000
59.000000 0.000000
60.000000 0.000000
61.000000 0.000000
62.000000 0.000000
63.000000 0.000000
64.000000 0.000000
65.000000 0.000000
66.000000 0.000000
67.000000 0.000000
68.000000 0.000000
69.000000 0.000000
70.000000 0.000000
71.000000 0.000000
72.000000 0.000001
73.000000 0.000001
74.000000 0.000001
75.000000 0.000001
76.000000 0.000001
77.000000 0.000001
78.000000 0.000001
79.000000 0.000001
80.000000 0.000001
81.000000 0.000001
82.000000 0.000001
83.000000 0.000001
84.000000 0.000001
85.000000 0.000001
86.000000 0.000001
87.000000 0.000001
88.000000 0.000001
89.000000 0.000001
90.000000 0.000001
91.000000 0.000001
92.000000 0.000001
93.000000 0.000001
94.000000 0.000001
95.000000 0.000002
96.000000 0.000002
97.000000 0.000002
98.000000 0.000002
99.000000 0.000002
100.000000 0.000002
101.000000 0.000002
102.000000 0.000002
103.000000 0.000002
104.000000 0.000002
105.000000 0.000002
106.000000 0.000002
107.000000 0.000002
108.000000 0.000002
109.000000 0.000003
110.000000 0.000003
111.000000 0.000003
112.000000 0.000003
113.000000 0.000003
114.000000 0.000003
115.000000 0.000003
116.000000 0.000003
117.000000 0.000003
118.000000 0.000003
119.000000 0.000004
120.000000 0.000004
121.000000 0.000004
122.000000 0.000004
123.000000 0.000004
124.000000 0.000004
125.000000 0.000004
126.000000 0.000004
127.000000 0.000005
128.000000 0.000005
129.000000 0.000005
130.000000 0.000005
131.000000 0.000005
132.000000 0.000005
133.000000 0.000005
134.000000 0.000006
135.000000 0.000006
136.000000 0.000006
137.000000 0.000006
138.000000 0.000006
139.000000 0.000006
140.000000 0.000006
141.000000 0.000007
142.000000 0.000007
143.000000 0.000007
144.000000 0.000007
145.000000 0.000007
146.000000 0.000008
147.000000 0.000008
148.000000 0.000008
149.000000 0.000008
150.000000 0.000008
151.000000 0.000008
152.000000 0.000009
153.000000 0.000009
154.000000 0.000009
155.000000 0.000009
156.000000 0.000010
157.000000 0.000010
158.000000 0.000010
159.000000 0.000010
160.000000 0.000010
161.000000 0.000011
162.000000 0.000011
163.000000 0.000011
164.000000 0.000011
165.000000 0.000011
166.000000 0.000012
167.000000 0.000012
168.000000 0.000012
169.000000 0.000012
170.000000 0.000013
171.000000 0.000013
172.000000 0.000013
173.000000 0.000013
174.000000 0.000014
175.000000 0.000014
176.000000 0.000014
177.000000 0.000014
178.000000 0.000015
179.000000 0.000015
180.000000 0.000015
181.000000 0.000016
182.000000 0.000016
183.000000 0.000016
184.000000 0.000016
185.000000 0.000017
186.000000 0.000017
187.000000 0.000017
188.000000 0.000017
189.000000 0.000018
190.000000 0.000018
191.000000 0.000018
192.000000 0.000019
193.000000 0.000019
194.000000 0.000019
195.000000 0.000019
196.000000 0.000020
197.000000 0.000020
198.000000 0.000020
199.000000 0.000021
200.000000 0.000021
201.000000 0.000021
202.000000 0.000022
203.000000 0.000022
204.000000 0.000022
205.000000 0.000023
206.000000 0.000023
207.000000 0.000023
208.000000 0.000024
209.000000 0.000024
210.000000 0.000024
211.000000 0.000024
212.000000 0.000025
213.000000 0.000025
214.000000 0.000025
215.000000 0.000026
216.000000 0.000026
217.000000 0.000026
218.000000 0.000027
219.000000 0.000027
220.000000 0.000027
221.000000 0.000028
222.000000 0.000028
223.000000 0.000028
224.000000 0.000029
225.000000 0.000029
226.000000 0.000029
227.000000 0.000030
228.000000 0.000030
229.000000 0.000031
230.000000 0.000031
231.000000 0.000031
232.000000 0.000032
233.000000 0.000032
234.000000 0.000032
235.000000 0.000033
236.000000 0.000033
237.000000 0.000033
238.000000 0.000034
239.000000 0.000034
240.000000 0.000034
241.000000 0.000035
242.000000 0.000035
243.000000 0.000035
244.000000 0.000036
245.000000 0.000036
246.000000 0.000036
247.000000 0.000037
248.000000 0.000037
249.000000 0.000038
250.000000 0.000038
251.000000 0.000038
252.000000 0.000039
253.000000 0.000039
254.000000 0.000040
255.000000 0.000040
256.000000 0.000040
257.000000 0.000040
258.000000 0.000041
259.000000 0.000041
260.000000 0.000042
261.000000 0.000042
262.000000 0.000042
263.000000 0.000043
264.000000 0.000043
265.000000 0.000044
266.000000 0.000044
267.000000 0.000044
268.000000 0.000045
269.000000 0.000045
270.000000 0.000046
271.000000 0.000046
272.000000 0.000046
273.000000 0.000047
274.000000 0.000047
275.000000 0.000047
276.000000 0.000048
277.000000 0.000048
278.000000 0.000048
279.000000 0.000049
280.000000 0.000049
281.000000 0.000050
282.000000 0.000050
283.000000 0.000051
284.000000 0.000051
285.000000 0.000051
286.000000 0.000052
287.000000 0.000052
288.000000 0.000053
289.000000 0.000053
290.000000 0.000053
291.000000 0.000054
292.000000 0.000054
293.000000 0.000054
294.000000 0.000055
295.000000 0.000055
296.000000 0.000055
297.000000 0.000056
298.000000 0.000056
299.000000 0.000057
300.000000 0.000057
301.000000 0.000058
302.000000 0.000058
303.000000 0.000058
304.000000 0.000059
305.000000 0.000059
306.000000 0.000060
307.000000 0.000060
308.000000 0.000061
309.000000 0.000061
310.000000 0.000061
311.000000 0.000062
312.000000 0.000062
313.000000 0.000063
314.000000 0.000063
315.000000 0.000064
316.000000 0.000064
317.000000 0.000064
318.000000 0.000065
319.000000 0.000065
320.000000 0.000066
321.000000 0.000066
322.000000 0.000066
323.000000 0.000066
324.000000 0.000067
325.000000 0.000068
326.000000 0.000068
327.000000 0.000068
328.000000 0.000069
329.000000 0.000069
330.000000 0.000069
331.000000 0.000070
332.000000 0.000070
333.000000 0.000071
334.000000 0.000071
335.000000 0.000072
336.000000 0.000072
337.000000 0.000072
338.000000 0.000073
339.000000 0.000073
340.000000 0.000074
341.000000 0.000074
342.000000 0.000075
343.000000 0.000075
344.000000 0.000076
345.000000 0.000076
346.000000 0.000076
347.000000 0.000077
348.000000 0.000077
349.000000 0.000078
350.000000 0.000078
351.000000 0.000079
352.000000 0.000079
353.000000 0.000079
354.000000 0.000080
355.000000 0.000080
356.000000 0.000081
357.000000 0.000081
358.000000 0.000082
359.000000 0.000082
360.000000 0.000083
361.000000 0.000083
362.000000 0.000083
363.000000 0.000084
364.000000 0.000084
365.000000 0.000085
366.000000 0.000085
367.000000 0.000086
368.000000 0.000086
369.000000 0.000087
370.000000 0.000087
371.000000 0.000088
372.000000 0.000088
373.000000 0.000088
374.000000 0.000089
375.000000 0.000089
376.000000 0.000090
377.000000 0.000090
378.000000 0.000091
379.000000 0.000091
380.000000 0.000092
381.000000 0.000092
382.000000 0.000092
383.000000 0.000093
384.000000 0.000094
385.000000 0.000094
386.000000 0.000095
387.000000 0.000095
388.000000 0.000096
389.000000 0.000096
390.000000 0.000096
391.000000 0.000097
392.000000 0.000097
393.000000 0.000098
394.000000 0.000098
395.000000 0.000099
396.000000 0.000099
397.000000 0.000100
398.000000 0.000100
399.000000 0.000101
400.000000 0.000101
401.000000 0.000102
402.000000 0.000102
403.000000 0.000102
404.000000 0.000103
405.000000 0.000103
406.000000 0.000104
407.000000 0.000104
408.000000 0.000105
409.000000 0.000105
410.000000 0.000106
411.000000 0.000106
412.000000 0.000107
413.000000 0.000107
414.000000 0.000108
415.000000 0.000108
416.000000 0.000109
417.000000 0.000109
418.000000 0.000110
419.000000 0.000110
420.000000 0.000111
421.000000 0.000111
422.000000 0.000112
423.000000 0.000112
424.000000 0.000113
425.000000 0.000113
426.000000 0.000114
427.000000 0.000114
428.000000 0.000115
429.000000 0.000115
430.000000 0.000116
431.000000 0.000116
432.000000 0.000117
433.000000 0.000117
434.000000 0.000118
435.000000 0.000118
436.000000 0.000119
437.000000 0.000119
438.000000 0.000120
439.000000 0.000120
440.000000 0.000121
441.000000 0.000121
442.000000 0.000122
443.000000 0.000122
444.000000 0.000123
445.000000 0.000123
446.000000 0.000124
447.000000 0.000124
448.000000 0.000125
449.000000 0.000125
450.000000 0.000126
451.000000 0.000126
452.000000 0.000127
453.000000 0.000127
454.000000 0.000128
455.000000 0.000128
456.000000 0.000129
457.000000 0.000129
458.000000 0.000130
459.000000 0.000130
460.000000 0.000131
461.000000 0.000132
462.000000 0.000132
463.000000 0.000132
464.000000 0.000133
465.000000 0.000133
466.000000 0.000134
467.000000 0.000135
468.000000 0.000135
469.000000 0.000136
470.000000 0.000136
471.000000 0.000137
472.000000 0.000137
473.000000 0.000138
474.000000 0.000138
475.000000 0.000139
476.000000 0.000139
477.000000 0.000140
478.000000 0.000140
479.000000 0.000141
480.000000 0.000141
481.000000 0.000142
482.000000 0.000143
483.000000 0.000143
484.000000 0.000144
485.000000 0.000144
486.000000 0.000145
487.000000 0.000145
488.000000 0.000146
489.000000 0.000146
490.000000 0.000147
491.000000 0.000147
492.000000 0.000148
493.000000 0.000149
494.000000 0.000149
495.000000 0.000150
496.000000 0.000150
497.000000 0.000151
498.000000 0.000151
499.000000 0.000152
500.000000 0.000152
501.000000 0.000153
502.000000 0.000153
503.000000 0.000154
504.000000 0.000155
505.000000 0.000155
506.000000 0.000156
507.000000 0.000156
508.000000 0.000157
509.000000 0.000157
510.000000 0.000158
511.000000 0.000158
512.000000 0.000159
513.000000 0.000159
514.000000 0.000160
515.000000 0.000161
516.000000 0.000161
517.000000 0.000162
518.000000 0.000162
519.000000 0.000163
520.000000 0.000163
521.000000 0.000164
522.000000 0.000165
523.000000 0.000165
524.000000 0.000166
525.000000 0.000166
526.000000 0.000167
527.000000 0.000167
528.000000 0.000168
529.000000 0.000169
530.000000 0.000169
531.000000 0.000170
532.000000 0.000170
533.000000 0.000171
534.000000 0.000171
535.000000 0.000172
536.000000 0.000172
537.000000 0.000173
538.000000 0.000174
539.000000 0.000174
540.000000 0.000175
541.000000 0.000175
542.000000 0.000176
543.000000 0.000176
544.000000 0.000177
545.000000 0.000178
546.000000 0.000178
547.000000 0.000179
548.000000 0.000179
549.000000 0.000180
550.000000 0.000180
551.000000 0.000182
552.000000 0.000181
553.000000 0.000183
554.000000 0.000183
555.000000 0.000183
556.000000 0.000184
557.000000 0.000185
558.000000 0.000186
559.000000 0.000186
560.000000 0.000187
561.000000 0.000187
562.000000 0.000188
563.000000 0.000188
564.000000 0.000189
565.000000 0.000190
566.000000 0.000190
567.000000 0.000191
568.000000 0.000191
569.000000 0.000192
570.000000 0.000192
571.000000 0.000193
572.000000 0.000194
573.000000 0.000194
574.000000 0.000195
575.000000 0.000195
576.000000 0.000197
577.000000 0.000196
578.000000 0.000198
579.000000 0.000197
580.000000 0.000199
581.000000 0.000199
582.000000 0.000200
583.000000 0.000201
584.000000 0.000201
585.000000 0.000202
586.000000 0.000202
587.000000 0.000203
588.000000 0.000203
589.000000 0.000204
590.000000 0.000205
591.000000 0.000205
592.000000 0.000206
593.000000 0.000206
594.000000 0.000208
595.000000 0.000207
596.000000 0.000209
597.000000 0.000209
598.000000 0.000210
599.000000 0.000210
600.000000 0.000210
601.000000 0.000212
602.000000 0.000212
603.000000 0.000213
604.000000 0.000213
605.000000 0.000214
606.000000 0.000214
607.000000 0.000215
608.000000 0.000216
609.000000 0.000216
610.000000 0.000218
611.000000 0.000217
612.000000 0.000219
613.000000 0.000219
614.000000 0.000220
615.000000 0.000220
616.000000 0.000221
617.000000 0.000222
618.000000 0.000222
619.000000 0.000223
620.000000 0.000223
621.000000 0.000224
622.000000 0.000224
623.000000 0.000226
624.000000 0.000226
625.000000 0.000226
626.000000 0.000228
627.000000 0.000227
628.000000 0.000229
629.000000 0.000229
630.000000 0.000230
631.000000 0.000230
632.000000 0.000231
633.000000 0.000232
634.000000 0.000232
635.000000 0.000233
636.000000 0.000233
637.000000 0.000235
638.000000 0.000235
639.000000 0.000236
640.000000 0.000236
641.000000 0.000237
642.000000 0.000238
643.000000 0.000238
644.000000 0.000239
645.000000 0.000239
646.000000 0.000240
647.000000 0.000240
648.000000 0.000242
649.000000 0.000242
650.000000 0.000243
651.000000 0.000244
652.000000 0.000244
653.000000 0.000245
654.000000 0.000245
655.000000 0.000246
656.000000 0.000246
657.000000 0.000247
658.000000 0.000248
659.000000 0.000248
660.000000 0.000250
661.000000 0.000250
662.000000 0.000251
663.000000 0.000251
664.000000 0.000252
665.000000 0.000253
666.000000 0.000253
667.000000 0.000254
668.000000 0.000254
669.000000 0.000256
670.000000 0.000256
671.000000 0.000257
672.000000 0.000257
673.000000 0.000258
674.000000 0.000259
675.000000 0.000259
676.000000 0.000260
677.000000 0.000260
678.000000 0.000261
679.000000 0.000262
680.000000 0.000263
681.000000 0.000263
682.000000 0.000264
683.000000 0.000265
684.000000 0.000265
685.000000 0.000266
686.000000 0.000266
687.000000 0.000267
688.000000 0.000268
689.000000 0.000268
690.000000 0.000269
691.000000 0.000270
692.000000 0.000271
693.000000 0.000271
694.000000 0.000272
695.000000 0.000272
696.000000 0.000273
697.000000 0.000274
698.000000 0.000275
699.000000 0.000276
700.000000 0.000276
701.000000 0.000277
702.000000 0.000277
703.000000 0.000278
704.000000 0.000279
705.000000 0.000280
706.000000 0.000280
707.000000 0.000281
708.000000 0.000282
709.000000 0.000282
710.000000 0.000283
711.000000 0.000283
712.000000 0.000284
713.000000 0.000285
714.000000 0.000285
715.000000 0.000287
716.000000 0.000287
717.000000 0.000288
718.000000 0.000288
719.000000 0.000290
720.000000 0.000290
721.000000 0.000290
722.000000 0.000291
723.000000 0.000292
724.000000 0.000293
725.000000 0.000293
726.000000 0.000294
727.000000 0.000294
728.000000 0.000296
729.000000 0.000296
730.000000 0.000297
731.000000 0.000298
732.000000 0.000298
733.000000 0.000299
734.000000 0.000299
735.000000 0.000301
736.000000 0.000301
737.000000 0.000302
738.000000 0.000303
739.000000 0.000303
740.000000 0.000304
741.000000 0.000304
742.000000 0.000306
743.000000 0.000305
744.000000 0.000307
745.000000 0.000307
746.000000 0.000308
747.000000 0.000309
748.000000 0.000309
749.000000 0.000310
750.000000 0.000310
751.000000 0.000312
752.000000 0.000312
753.000000 0.000313
754.000000 0.000314
755.000000 0.000314
756.000000 0.000315
757.000000 0.000315
758.000000 0.000317
759.000000 0.000317
760.000000 0.000318
761.000000 0.000318
762.000000 0.000320
763.000000 0.000320
764.000000 0.000321
765.000000 0.000322
766.000000 0.000322
767.000000 0.000323
768.000000 0.000323
769.000000 0.000325
770.000000 0.000325
771.000000 0.000326
772.000000 0.000327
773.000000 0.000327
774.000000 0.000328
775.000000 0.000328
776.000000 0.000330
777.000000 0.000330
778.000000 0.000331
779.000000 0.000332
780.000000 0.000332
781.000000 0.000333
782.000000 0.000333
783.000000 0.000335
784.000000 0.000335
785.000000 0.000336
786.000000 0.000336
787.000000 0.000338
788.000000 0.000338
789.000000 0.000339
790.000000 0.000340
791.000000 0.000340
792.000000 0.000341
793.000000 0.000341
794.000000 0.000342
795.000000 0.000343
796.000000 0.000344
797.000000 0.000345
798.000000 0.000345
799.000000 0.000346
800.000000 0.000346
801.000000 0.000348
802.000000 0.000348
803.000000 0.000349
804.000000 0.000350
805.000000 0.000350
806.000000 0.000351
807.000000 0.000351
808.000000 0.000353
809.000000 0.000353
810.000000 0.000354
811.000000 0.000354
812.000000 0.000356
813.000000 0.000356
814.000000 0.000357
815.000000 0.000358
816.000000 0.000358
817.000000 0.000359
818.000000 0.000359
819.000000 0.000361
820.000000 0.000361
821.000000 0.000362
822.000000 0.000363
823.000000 0.000363
824.000000 0.000364
825.000000 0.000364
826.000000 0.000366
827.000000 0.000366
828.000000 0.000367
829.000000 0.000368
830.000000 0.000368
831.000000 0.000370
832.000000 0.000370
833.000000 0.000371
834.000000 0.000371
835.000000 0.000372
836.000000 0.000373
837.000000 0.000374
838.000000 0.000375
839.000000 0.000375
840.000000 0.000376
841.000000 0.000376
842.000000 0.000378
843.000000 0.000378
844.000000 0.000379
845.000000 0.000380
846.000000 0.000380
847.000000 0.000381
848.000000 0.000381
849.000000 0.000383
850.000000 0.000383
851.000000 0.000385
852.000000 0.000384
853.000000 0.000385
854.000000 0.000387
855.000000 0.000387
856.000000 0.000388
857.000000 0.000388
858.000000 0.000390
859.000000 0.000390
860.000000 0.000391
861.000000 0.000391
862.000000 0.000392
863.000000 0.000393
864.000000 0.000393
865.000000 0.000395
866.000000 0.000395
867.000000 0.000396
868.000000 0.000396
869.000000 0.000397
870.000000 0.000398
871.000000 0.000398
872.000000 0.000400
873.000000 0.000400
874.000000 0.000402
875.000000 0.000401
876.000000 0.000403
877.000000 0.000403
878.000000 0.000404
879.000000 0.000405
880.000000 0.000405
881.000000 0.000407
882.000000 0.000406
883.000000 0.000408
884.000000 0.000408
885.000000 0.000409
886.000000 0.000410
887.000000 0.000411
888.000000 0.000412
889.000000 0.000412
890.000000 0.000413
891.000000 0.000413
892.000000 0.000415
893.000000 0.000414
894.000000 0.000416
895.000000 0.000417
896.000000 0.000417
897.000000 0.000418
898.000000 0.000418
899.000000 0.000420
900.000000 0.000420
901.000000 0.000422
902.000000 0.000421
903.000000 0.000423
904.000000 0.000424
905.000000 0.000424
906.000000 0.000425
907.000000 0.000425
908.000000 0.000427
909.000000 0.000427
910.000000 0.000428
911.000000 0.000428
912.000000 0.000429
913.000000 0.000430
914.000000 0.000430
915.000000 0.000432
916.000000 0.000432
917.000000 0.000433
918.000000 0.000433
919.000000 0.000435
920.000000 0.000435
921.000000 0.000436
922.000000 0.000437
923.000000 0.000437
924.000000 0.000439
925.000000 0.000438
926.000000 0.000440
927.000000 0.000440
928.000000 0.000441
929.000000 0.000442
930.000000 0.000442
931.000000 0.000444
932.000000 0.000443
933.000000 0.000445
934.000000 0.000445
935.000000 0.000446
936.000000 0.000447
937.000000 0.000448
938.000000 0.000449
939.000000 0.000449
940.000000 0.000451
941.000000 0.000450
942.000000 0.000452
943.000000 0.000452
944.000000 0.000453
945.000000 0.000454
946.000000 0.000454
947.000000 0.000455
948.000000 0.000455
949.000000 0.000457
950.000000 0.000457
951.000000 0.000458
952.000000 0.000459
953.000000 0.000460
954.000000 0.000461
955.000000 0.000461
956.000000 0.000462
957.000000 0.000462
958.000000 0.000464
959.000000 0.000463
960.000000 0.000465
961.000000 0.000466
962.000000 0.000466
963.000000 0.000467
964.000000 0.000467
965.000000 0.000469
966.000000 0.000468
967.000000 0.000470
968.000000 0.000470
969.000000 0.000471
970.000000 0.000472
971.000000 0.000472
972.000000 0.000474
973.000000 0.000474
974.000000 0.000476
975.000000 0.000475
976.000000 0.000477
977.000000 0.000477
978.000000 0.000478
979.000000 0.000479
980.000000 0.000479
981.000000 0.000481
982.000000 0.000480
983.000000 0.000482
984.000000 0.000482
985.000000 0.000483
986.000000 0.000484
987.000000 0.000484
988.000000 0.000485
989.000000 0.000485
990.000000 0.000487
991.000000 0.000486
992.000000 0.000489
993.000000 0.000488
994.000000 0.000490
995.000000 0.000490
996.000000 0.000491
997.000000 0.000492
998.000000 0.000492
999.000000 0.000494
1000.000000 0.000493
1001.000000 0.000495
1002.000000 0.000495
1003.000000 0.000496
1004.000000 0.000497
1005.000000 0.000497
1006.000000 0.000499
1007.000000 0.000498
1008.000000 0.000500
1009.000000 0.000500
1010.000000 0.000501
1011.000000 0.000501
1012.000000 0.000503
1013.000000 0.000503
1014.000000 0.000503
1015.000000 0.000505
1016.000000 0.000505
1017.000000 0.000507
1018.000000 0.000506
1019.000000 0.000508
1020.000000 0.000508
1021.000000 0.000509
1022.000000 0.000509
1023.000000 0.000510
1024.000000 0.000511
1025.000000 0.000511
1026.000000 0.000513
1027.000000 0.000513
1028.000000 0.000514
1029.000000 0.000514
1030.000000 0.000515
1031.000000 0.000516
1032.000000 0.000516
1033.000000 0.000518
1034.000000 0.000517
1035.000000 0.000519
1036.000000 0.000519
1037.000000 0.000520
1038.000000 0.000521
1039.000000 0.000522
1040.000000 0.000522
1041.000000 0.000523
1042.000000 0.000524
1043.000000 0.000524
1044.000000 0.000526
1045.000000 0.000525
1046.000000 0.000527
1047.000000 0.000527
1048.000000 0.000528
1049.000000 0.000528
1050.000000 0.000529
1051.000000 0.000530
1052.000000 0.000530
1053.000000 0.000532
1054.000000 0.000532
1055.000000 0.000533
1056.000000 0.000533
1057.000000 0.000534
1058.000000 0.000535
1059.000000 0.000535
1060.000000 0.000537
1061.000000 0.000537
1062.000000 0.000538
1063.000000 0.000538
1064.000000 0.000539
1065.000000 0.000539
1066.000000 0.000540
1067.000000 0.000541
1068.000000 0.000541
1069.000000 0.000543
1070.000000 0.000543
1071.000000 0.000544
1072.000000 0.000544
1073.000000 0.000545
1074.000000 0.000546
1075.000000 0.000547
1076.000000 0.000547
1077.000000 0.000547
1078.000000 0.000549
1079.000000 0.000549
1080.000000 0.000550
1081.000000 0.000550
1082.000000 0.000551
1083.000000 0.000552
1084.000000 0.000553
1085.000000 0.000553
1086.000000 0.000553
1087.000000 0.000555
1088.000000 0.000555
1089.000000 0.000556
1090.000000 0.000556
1091.000000 0.000557
1092.000000 0.000558
1093.000000 0.000559
1094.000000 0.000559
1095.000000 0.000560
1096.000000 0.000561
1097.000000 0.000561
1098.000000 0.000562
1099.000000 0.000562
1100.000000 0.000563
1101.000000 0.000564
1102.000000 0.000565
1103.000000 0.000565
1104.000000 0.000566
1105.000000 0.000567
1106.000000 0.000567
1107.000000 0.000568
1108.000000 0.000568
1109.000000 0.000569
1110.000000 0.000570
1111.000000 0.000570
1112.000000 0.000571
1113.000000 0.000572
1114.000000 0.000572
1115.000000 0.000573
1116.000000 0.000574
1117.000000 0.000574
1118.000000 0.000575
1119.000000 0.000575
1120.000000 0.000576
1121.000000 0.000576
1122.000000 0.000577
1123.000000 0.000578
1124.000000 0.000578
1125.000000 0.000580
1126.000000 0.000580
1127.000000 0.000581
1128.000000 0.000581
1129.000000 0.000582
1130.000000 0.000582
1131.000000 0.000583
1132.000000 0.000584
1133.000000 0.000584
1134.000000 0.000585
1135.000000 0.000585
1136.000000 0.000586
1137.000000 0.000587
1138.000000 0.000588
1139.000000 0.000588
1140.000000 0.000589
1141.000000 0.000589
1142.000000 0.000590
1143.000000 0.000591
1144.000000 0.000591
1145.000000 0.000592
1146.000000 0.000592
1147.000000 0.000593
1148.000000 0.000593
1149.000000 0.000594
1150.000000 0.000595
1151.000000 0.000595
1152.000000 0.000596
1153.000000 0.000596
1154.000000 0.000597
1155.000000 0.000598
1156.000000 0.000599
1157.000000 0.000599
1158.000000 0.000600
1159.000000 0.000600
1160.000000 0.000601
1161.000000 0.000602
1162.000000 0.000602
1163.000000 0.000603
1164.000000 0.000603
1165.000000 0.000604
1166.000000 0.000604
1167.000000 0.000605
1168.000000 0.000606
1169.000000 0.000606
1170.000000 0.000607
1171.000000 0.000607
1172.000000 0.000608
1173.000000 0.000608
1174.000000 0.000609
1175.000000 0.000609
1176.000000 0.000610
1177.000000 0.000611
1178.000000 0.000611
1179.000000 0.000612
1180.000000 0.000612
1181.000000 0.000613
1182.000000 0.000613
1183.000000 0.000614
1184.000000 0.000615
1185.000000 0.000615
1186.000000 0.000617
1187.000000 0.000616
1188.000000 0.000618
1189.000000 0.000617
1190.000000 0.000618
1191.000000 0.000619
1192.000000 0.000620
1193.000000 0.000620
1194.000000 0.000620
1195.000000 0.000622
1196.000000 0.000621
1197.000000 0.000623
1198.000000 0.000622
1199.000000 0.000623
1200.000000 0.000624
1201.000000 0.000624
1202.000000 0.000625
1203.000000 0.000625
1204.000000 0.000626
1205.000000 0.000626
1206.000000 0.000628
1207.000000 0.000627
1208.000000 0.000628
1209.000000 0.000629
1210.000000 0.000629
1211.000000 0.000630
1212.000000 0.000630
1213.000000 0.000631
1214.000000 0.000631
1215.000000 0.000632
1216.000000 0.000632
1217.000000 0.000633
1218.000000 0.000634
1219.000000 0.000633
1220.000000 0.000635
1221.000000 0.000634
1222.000000 0.000636
1223.000000 0.000635
1224.000000 0.000637
1225.000000 0.000637
1226.000000 0.000638
1227.000000 0.000638
1228.000000 0.000638
1229.000000 0.000639
1230.000000 0.000639
1231.000000 0.000641
1232.000000 0.000640
1233.000000 0.000642
1234.000000 0.000641
1235.000000 0.000642
1236.000000 0.000643
1237.000000 0.000642
1238.000000 0.000644
1239.000000 0.000643
1240.000000 0.000645
1241.000000 0.000644
1242.000000 0.000646
1243.000000 0.000646
1244.000000 0.000646
1245.000000 0.000648
1246.000000 0.000647
1247.000000 0.000648
1248.000000 0.000648
1249.000000 0.000649
1250.000000 0.000649
1251.000000 0.000650
1252.000000 0.000650
1253.000000 0.000651
1254.000000 0.000652
1255.000000 0.000651
1256.000000 0.000653
1257.000000 0.000652
1258.000000 0.000654
1259.000000 0.000653
1260.000000 0.000654
1261.000000 0.000655
1262.000000 0.000655
1263.000000 0.000656
1264.000000 0.000655
1265.000000 0.000657
1266.000000 0.000656
1267.000000 0.000658
1268.000000 0.000658
1269.000000 0.000658
1270.000000 0.000659
1271.000000 0.000659
1272.000000 0.000660
1273.000000 0.000659
1274.000000 0.000661
1275.000000 0.000660
1276.000000 0.000662
1277.000000 0.000662
1278.000000 0.000662
1279.000000 0.000663
1280.000000 0.000663
1281.000000 0.000664
1282.000000 0.000663
1283.000000 0.000665
1284.000000 0.000664
1285.000000 0.000665
1286.000000 0.000666
1287.000000 0.000666
1288.000000 0.000666
1289.000000 0.000667
1290.000000 0.000668
1291.000000 0.000667
1292.000000 0.000668
1293.000000 0.000668
1294.000000 0.000669
1295.000000 0.000669
1296.000000 0.000669
1297.000000 0.000670
1298.000000 0.000670
1299.000000 0.000671
1300.000000 0.000671
1301.000000 0.000672
1302.000000 0.000672
1303.000000 0.000672
1304.000000 0.000673
1305.000000 0.000673
1306.000000 0.000674
1307.000000 0.000674
1308.000000 0.000675
1309.000000 0.000675
1310.000000 0.000675
1311.000000 0.000676
1312.000000 0.000675
1313.000000 0.000676
1314.000000 0.000676
1315.000000 0.000677
1316.000000 0.000677
1317.000000 0.000678
1318.000000 0.000678
1319.000000 0.000678
1320.000000 0.000679
1321.000000 0.000679
1322.000000 0.000680
1323.000000 0.000680
1324.000000 0.000680
1325.000000 0.000680
1326.000000 0.000681
1327.000000 0.000681
1328.000000 0.000681
1329.000000 0.000682
1330.000000 0.000682
1331.000000 0.000683
1332.000000 0.000683
1333.000000 0.000683
1334.000000 0.000684
1335.000000 0.000684
1336.000000 0.000684
1337.000000 0.000684
1338.000000 0.000685
1339.000000 0.000685
1340.000000 0.000686
1341.000000 0.000686
1342.000000 0.000686
1343.000000 0.000687
1344.000000 0.000687
1345.000000 0.000687
1346.000000 0.000687
1347.000000 0.000688
1348.000000 0.000688
1349.000000 0.000688
1350.000000 0.000689
1351.000000 0.000689
1352.000000 0.000690
1353.000000 0.000689
1354.000000 0.000690
1355.000000 0.000690
1356.000000 0.000691
1357.000000 0.000690
1358.000000 0.000691
1359.000000 0.000692
1360.000000 0.000691
1361.000000 0.000692
1362.000000 0.000692
1363.000000 0.000693
1364.000000 0.000692
1365.000000 0.000693
1366.000000 0.000693
1367.000000 0.000694
1368.000000 0.000694
1369.000000 0.000694
1370.000000 0.000695
1371.000000 0.000694
1372.000000 0.000695
1373.000000 0.000695
1374.000000 0.000696
1375.000000 0.000696
1376.000000 0.000696
1377.000000 0.000697
1378.000000 0.000696
1379.000000 0.000697
1380.000000 0.000697
1381.000000 0.000697
1382.000000 0.000697
1383.000000 0.000698
1384.000000 0.000698
1385.000000 0.000698
1386.000000 0.000699
1387.000000 0.000698
1388.000000 0.000699
1389.000000 0.000699
1390.000000 0.000699
1391.000000 0.000699
1392.000000 0.000700
1393.000000 0.000700
1394.000000 0.000700
1395.000000 0.000701
1396.000000 0.000700
1397.000000 0.000701
1398.000000 0.000701
1399.000000 0.000701
1400.000000 0.000702
1401.000000 0.000701
1402.000000 0.000702
1403.000000 0.000702
1404.000000 0.000703
1405.000000 0.000702
1406.000000 0.000703
1407.000000 0.000703
1408.000000 0.000703
1409.000000 0.000704
1410.000000 0.000703
1411.000000 0.000704
1412.000000 0.000703
1413.000000 0.000704
1414.000000 0.000704
1415.000000 0.000705
1416.000000 0.000704
1417.000000 0.000705
1418.000000 0.000705
1419.000000 0.000705
1420.000000 0.000706
1421.000000 0.000705
1422.000000 0.000706
1423.000000 0.000705
1424.000000 0.000706
1425.000000 0.000706
1426.000000 0.000706
1427.000000 0.000707
1428.000000 0.000706
1429.000000 0.000707
1430.000000 0.000706
1431.000000 0.000707
1432.000000 0.000707
1433.000000 0.000707
1434.000000 0.000708
1435.000000 0.000707
1436.000000 0.000708
1437.000000 0.000707
1438.000000 0.000708
1439.000000 0.000708
1440.000000 0.000708
1441.000000 0.000708
1442.000000 0.000708
1443.000000 0.000709
1444.000000 0.000708
1445.000000 0.000709
1446.000000 0.000708
1447.000000 0.000709
1448.000000 0.000709
1449.000000 0.000709
1450.000000 0.000710
1451.000000 0.000709
1452.000000 0.000710
1453.000000 0.000709
1454.000000 0.000710
1455.000000 0.000709
1456.000000 0.000710
1457.000000 0.000710
1458.000000 0.000710
1459.000000 0.000711
1460.000000 0.000710
1461.000000 0.000711
1462.000000 0.000710
1463.000000 0.000711
1464.000000 0.000710
1465.000000 0.000711
1466.000000 0.000711
1467.000000 0.000711
1468.000000 0.000711
1469.000000 0.000710
1470.000000 0.000711
1471.000000 0.000711
1472.000000 0.000711
1473.000000 0.000711
1474.000000 0.000711
1475.000000 0.000712
1476.000000 0.000711
1477.000000 0.000712
1478.000000 0.000711
1479.000000 0.000712
1480.000000 0.000711
1481.000000 0.000712
1482.000000 0.000711
1483.000000 0.000712
1484.000000 0.000712
1485.000000 0.000711
1486.000000 0.000712
1487.000000 0.000711
1488.000000 0.000712
1489.000000 0.000711
1490.000000 0.000712
1491.000000 0.000712
1492.000000 0.000711
1493.000000 0.000712
1494.000000 0.000711
1495.000000 0.000712
1496.000000 0.000711
1497.000000 0.000712
1498.000000 0.000712
1499.000000 0.000712
1500.000000 0.000712
1501.000000 0.000711
1502.000000 0.000712
1503.000000 0.000711
1504.000000 0.000712
1505.000000 0.000711
1506.000000 0.000712
1507.000000 0.000712
1508.000000 0.000712
1509.000000 0.000712
1510.000000 0.000711
1511.000000 0.000712
1512.000000 0.000711
1513.000000 0.000712
1514.000000 0.000711
1515.000000 0.000712
1516.000000 0.000712
1517.000000 0.000711
1518.000000 0.000712
1519.000000 0.000711
1520.000000 0.000712
1521.000000 0.000711
1522.000000 0.000712
1523.000000 0.000711
1524.000000 0.000712
1525.000000 0.000712
1526.000000 0.000711
1527.000000 0.000712
1528.000000 0.000711
1529.000000 0.000712
1530.000000 0.000711
1531.000000 0.000711
1532.000000 0.000710
1533.000000 0.000711
1534.000000 0.000711
1535.000000 0.000710
1536.000000 0.000711
1537.000000 0.000710
1538.000000 0.000711
1539.000000 0.000710
1540.000000 0.000711
1541.000000 0.000710
1542.000000 0.000710
1543.000000 0.000711
1544.000000 0.000709
1545.000000 0.000710
1546.000000 0.000709
1547.000000 0.000710
1548.000000 0.000709
1549.000000 0.000710
1550.000000 0.000709
1551.000000 0.000709
1552.000000 0.000710
1553.000000 0.000708
1554.000000 0.000709
1555.000000 0.000708
1556.000000 0.000709
1557.000000 0.000708
1558.000000 0.000709
1559.000000 0.000708
1560.000000 0.000708
1561.000000 0.000709
1562.000000 0.000707
1563.000000 0.000708
1564.000000 0.000707
1565.000000 0.000708
1566.000000 0.000707
1567.000000 0.000707
1568.000000 0.000707
1569.000000 0.000707
1570.000000 0.000707
1571.000000 0.000706
1572.000000 0.000707
1573.000000 0.000706
1574.000000 0.000707
1575.000000 0.000706
1576.000000 0.000706
1577.000000 0.000706
1578.000000 0.000706
1579.000000 0.000706
1580.000000 0.000705
1581.000000 0.000706
1582.000000 0.000705
1583.000000 0.000705
1584.000000 0.000705
1585.000000 0.000704
1586.000000 0.000704
1587.000000 0.000704
1588.000000 0.000704
1589.000000 0.000703
1590.000000 0.000704
1591.000000 0.000703
1592.000000 0.000703
1593.000000 0.000703
1594.000000 0.000703
1595.000000 0.000703
1596.000000 0.000702
1597.000000 0.000703
1598.000000 0.000702
1599.000000 0.000702
1600.000000 0.000702
1601.000000 0.000701
1602.000000 0.000701
1603.000000 0.000701
1604.000000 0.000701
1605.000000 0.000701
1606.000000 0.000701
1607.000000 0.000700
1608.000000 0.000700
1609.000000 0.000700
1610.000000 0.000699
1611.000000 0.000699
1612.000000 0.000699
1613.000000 0.000699
1614.000000 0.000698
1615.000000 0.000699
1616.000000 0.000698
1617.000000 0.000698
1618.000000 0.000698
1619.000000 0.000697
1620.000000 0.000697
1621.000000 0.000697
1622.000000 0.000697
1623.000000 0.000696
1624.000000 0.000697
1625.000000 0.000696
1626.000000 0.000696
1627.000000 0.000695
1628.000000 0.000695
1629.000000 0.000695
1630.000000 0.000695
1631.000000 0.000694
1632.000000 0.000694
1633.000000 0.000694
1634.000000 0.000694
1635.000000 0.000693
1636.000000 0.000693
1637.000000 0.000693
1638.000000 0.000692
1639.000000 0.000692
1640.000000 0.000692
1641.000000 0.000692
1642.000000 0.000691
1643.000000 0.000691
1644.000000 0.000691
1645.000000 0.000690
1646.000000 0.000690
1647.000000 0.000690
1648.000000 0.000689
1649.000000 0.000689
1650.000000 0.000689
1651.000000 0.000688
1652.000000 0.000688
1653.000000 0.000688
1654.000000 0.000688
1655.000000 0.000687
1656.000000 0.000687
1657.000000 0.000687
1658.000000 0.000686
1659.000000 0.000686
1660.000000 0.000686
1661.000000 0.000685
1662.000000 0.000685
1663.000000 0.000685
1664.000000 0.000684
1665.000000 0.000684
1666.000000 0.000684
1667.000000 0.000683
1668.000000 0.000683
1669.000000 0.000683
1670.000000 0.000682
1671.000000 0.000682
1672.000000 0.000682
1673.000000 0.000682
1674.000000 0.000681
1675.000000 0.000681
1676.000000 0.000680
1677.000000 0.000680
1678.000000 0.000680
1679.000000 0.000679
1680.000000 0.000679
1681.000000 0.000679
1682.000000 0.000679
1683.000000 0.000678
1684.000000 0.000678
1685.000000 0.000677
1686.000000 0.000677
1687.000000 0.000676
1688.000000 0.000676
1689.000000 0.000676
1690.000000 0.000675
1691.000000 0.000675
1692.000000 0.000674
1693.000000 0.000674
1694.000000 0.000674
1695.000000 0.000673
1696.000000 0.000673
1697.000000 0.000673
1698.000000 0.000673
1699.000000 0.000672
1700.000000 0.000672
1701.000000 0.000671
1702.000000 0.000671
1703.000000 0.000670
1704.000000 0.000670
1705.000000 0.000670
1706.000000 0.000669
1707.000000 0.000669
1708.000000 0.000668
1709.000000 0.000668
1710.000000 0.000667
1711.000000 0.000667
1712.000000 0.000667
1713.000000 0.000666
1714.000000 0.000666
1715.000000 0.000666
1716.000000 0.000665
1717.000000 0.000664
1718.000000 0.000664
1719.000000 0.000664
1720.000000 0.000663
1721.000000 0.000663
1722.000000 0.000663
1723.000000 0.000662
1724.000000 0.000661
1725.000000 0.000661
1726.000000 0.000661
1727.000000 0.000661
1728.000000 0.000660
1729.000000 0.000659
1730.000000 0.000659
1731.000000 0.000658
1732.000000 0.000658
1733.000000 0.000657
1734.000000 0.000657
1735.000000 0.000657
1736.000000 0.000656
1737.000000 0.000656
1738.000000 0.000655
1739.000000 0.000655
1740.000000 0.000655
1741.000000 0.000654
1742.000000 0.000653
1743.000000 0.000653
1744.000000 0.000653
1745.000000 0.000652
1746.000000 0.000652
1747.000000 0.000651
1748.000000 0.000651
1749.000000 0.000650
1750.000000 0.000650
1751.000000 0.000649
1752.000000 0.000649
1753.000000 0.000648
1754.000000 0.000648
1755.000000 0.000647
1756.000000 0.000647
1757.000000 0.000647
1758.000000 0.000646
1759.000000 0.000646
1760.000000 0.000645
1761.000000 0.000645
1762.000000 0.000644
1763.000000 0.000644
1764.000000 0.000643
1765.000000 0.000642
1766.000000 0.000642
1767.000000 0.000641
1768.000000 0.000641
1769.000000 0.000640
1770.000000 0.000640
1771.000000 0.000640
1772.000000 0.000639
1773.000000 0.000639
1774.000000 0.000638
1775.000000 0.000638
1776.000000 0.000637
1777.000000 0.000637
1778.000000 0.000636
1779.000000 0.000635
1780.000000 0.000635
1781.000000 0.000634
1782.000000 0.000634
1783.000000 0.000633
1784.000000 0.000633
1785.000000 0.000632
1786.000000 0.000632
1787.000000 0.000631
1788.000000 0.000631
1789.000000 0.000630
1790.000000 0.000629
1791.000000 0.000629
1792.000000 0.000628
1793.000000 0.000628
1794.000000 0.000627
1795.000000 0.000627
1796.000000 0.000627
1797.000000 0.000626
1798.000000 0.000626
1799.000000 0.000625
1800.000000 0.000625
1801.000000 0.000623
1802.000000 0.000624
1803.000000 0.000622
1804.000000 0.000622
1805.000000 0.000622
1806.000000 0.000621
1807.000000 0.000621
1808.000000 0.000620
1809.000000 0.000620
1810.000000 0.000618
1811.000000 0.000618
1812.000000 0.000617
1813.000000 0.000617
1814.000000 0.000617
1815.000000 0.000616
1816.000000 0.000616
1817.000000 0.000614
1818.000000 0.000615
1819.000000 0.000613
1820.000000 0.000613
1821.000000 0.000612
1822.000000 0.000612
1823.000000 0.000612
1824.000000 0.000611
1825.000000 0.000610
1826.000000 0.000609
1827.000000 0.000609
1828.000000 0.000608
1829.000000 0.000608
1830.000000 0.000607
1831.000000 0.000607
1832.000000 0.000606
1833.000000 0.000605
1834.000000 0.000605
1835.000000 0.000604
1836.000000 0.000604
1837.000000 0.000603
1838.000000 0.000603
1839.000000 0.000602
1840.000000 0.000601
1841.000000 0.000601
1842.000000 0.000600
1843.000000 0.000600
1844.000000 0.000599
1845.000000 0.000598
1846.000000 0.000598
1847.000000 0.000598
1848.000000 0.000596
1849.000000 0.000596
1850.000000 0.000596
1851.000000 0.000594
1852.000000 0.000595
1853.000000 0.000593
1854.000000 0.000593
1855.000000 0.000592
1856.000000 0.000592
1857.000000 0.000591
1858.000000 0.000591
1859.000000 0.000590
1860.000000 0.000589
1861.000000 0.000589
1862.000000 0.000588
1863.000000 0.000588
1864.000000 0.000587
1865.000000 0.000586
1866.000000 0.000586
1867.000000 0.000585
1868.000000 0.000585
1869.000000 0.000583
1870.000000 0.000583
1871.000000 0.000582
1872.000000 0.000582
1873.000000 0.000581
1874.000000 0.000581
1875.000000 0.000580
1876.000000 0.000579
1877.000000 0.000579
1878.000000 0.000577
1879.000000 0.000578
1880.000000 0.000577
1881.000000 0.000576
1882.000000 0.000575
1883.000000 0.000575
1884.000000 0.000574
1885.000000 0.000574
1886.000000 0.000573
1887.000000 0.000572
1888.000000 0.000572
1889.000000 0.000571
1890.000000 0.000570
1891.000000 0.000570
1892.000000 0.000569
1893.000000 0.000568
1894.000000 0.000568
1895.000000 0.000567
1896.000000 0.000566
1897.000000 0.000566
1898.000000 0.000565
1899.000000 0.000565
1900.000000 0.000564
1901.000000 0.000563
1902.000000 0.000562
1903.000000 0.000562
1904.000000 0.000561
1905.000000 0.000561
1906.000000 0.000560
1907.000000 0.000559
1908.000000 0.000559
1909.000000 0.000558
1910.000000 0.000557
1911.000000 0.000556
1912.000000 0.000556
1913.000000 0.000555
1914.000000 0.000554
1915.000000 0.000554
1916.000000 0.000553
1917.000000 0.000552
1918.000000 0.000552
1919.000000 0.000551
1920.000000 0.000550
1921.000000 0.000550
1922.000000 0.000549
1923.000000 0.000548
1924.000000 0.000548
1925.000000 0.000547
1926.000000 0.000546
1927.000000 0.000546
1928.000000 0.000545
1929.000000 0.000545
1930.000000 0.000544
1931.000000 0.000543
1932.000000 0.000542
1933.000000 0.000542
1934.000000 0.000541
1935.000000 0.000540
1936.000000 0.000539
1937.000000 0.000539
1938.000000 0.000538
1939.000000 0.000537
1940.000000 0.000537
1941.000000 0.000536
1942.000000 0.000535
1943.000000 0.000535
1944.000000 0.000534
1945.000000 0.000533
1946.000000 0.000533
1947.000000 0.000532
1948.000000 0.000531
1949.000000 0.000531
1950.000000 0.000530
1951.000000 0.000529
1952.000000 0.000528
1953.000000 0.000528
1954.000000 0.000527
1955.000000 0.000526
1956.000000 0.000526
1957.000000 0.000525
1958.000000 0.000524
1959.000000 0.000523
1960.000000 0.000523
1961.000000 0.000522
1962.000000 0.000522
1963.000000 0.000521
1964.000000 0.000520
1965.000000 0.000520
1966.000000 0.000519
1967.000000 0.000518
1968.000000 0.000517
1969.000000 0.000517
1970.000000 0.000516
1971.000000 0.000516
1972.000000 0.000514
1973.000000 0.000513
1974.000000 0.000513
1975.000000 0.000512
1976.000000 0.000512
1977.000000 0.000511
1978.000000 0.000510
1979.000000 0.000509
1980.000000 0.000509
1981.000000 0.000508
1982.000000 0.000507
1983.000000 0.000507
1984.000000 0.000506
1985.000000 0.000505
1986.000000 0.000504
1987.000000 0.000504
1988.000000 0.000503
1989.000000 0.000503
1990.000000 0.000502
1991.000000 0.000501
1992.000000 0.000500
1993.000000 0.000499
1994.000000 0.000499
1995.000000 0.000498
1996.000000 0.000498
1997.000000 0.000496
1998.000000 0.000496
1999.000000 0.000495
2000.000000 0.000494
2001.000000 0.000494
2002.000000 0.000493
2003.000000 0.000492
2004.000000 0.000491
2005.000000 0.000491
2006.000000 0.000490
2007.000000 0.000490
2008.000000 0.000489
2009.000000 0.000487
2010.000000 0.000488
2011.000000 0.000486
2012.000000 0.000486
2013.000000 0.000485
2014.000000 0.000485
2015.000000 0.000483
2016.000000 0.000483
2017.000000 0.000482
2018.000000 0.000481
2019.000000 0.000481
2020.000000 0.000480
2021.000000 0.000480
2022.000000 0.000478
2023.000000 0.000478
2024.000000 0.000477
2025.000000 0.000477
2026.000000 0.000476
2027.000000 0.000475
2028.000000 0.000474
2029.000000 0.000473
2030.000000 0.000473
2031.000000 0.000472
2032.000000 0.000472
2033.000000 0.000470
2034.000000 0.000470
2035.000000 0.000469
2036.000000 0.000468
2037.000000 0.000468
2038.000000 0.000467
2039.000000 0.000466
2040.000000 0.000465
2041.000000 0.000465
2042.000000 0.000464
2043.000000 0.000463
2044.000000 0.000463
2045.000000 0.000461
2046.000000 0.000461
2047.000000 0.000460
2048.000000 0.000459
2049.000000 0.000459
2050.000000 0.000458
2051.000000 0.000457
2052.000000 0.000457
2053.000000 0.000456
2054.000000 0.000455
2055.000000 0.000455
2056.000000 0.000454
2057.000000 0.000453
2058.000000 0.000452
2059.000000 0.000452
2060.000000 0.000450
2061.000000 0.000450
2062.000000 0.000449
2063.000000 0.000448
2064.000000 0.000448
2065.000000 0.000447
2066.000000 0.000446
2067.000000 0.000446
2068.000000 0.000445
2069.000000 0.000444
2070.000000 0.000443
2071.000000 0.000443
2072.000000 0.000442
2073.000000 0.000441
2074.000000 0.000440
2075.000000 0.000439
2076.000000 0.000439
2077.000000 0.000438
2078.000000 0.000437
2079.000000 0.000437
2080.000000 0.000436
2081.000000 0.000435
2082.000000 0.000435
2083.000000 0.000434
2084.000000 0.000433
2085.000000 0.000432
2086.000000 0.000431
2087.000000 0.000431
2088.000000 0.000430
2089.000000 0.000429
2090.000000 0.000428
2091.000000 0.000428
2092.000000 0.000427
2093.000000 0.000426
2094.000000 0.000426
2095.000000 0.000425
2096.000000 0.000424
2097.000000 0.000423
2098.000000 0.000423
2099.000000 0.000422
2100.000000 0.000421
2101.000000 0.000420
2102.000000 0.000419
2103.000000 0.000419
2104.000000 0.000418
2105.000000 0.000417
2106.000000 0.000417
2107.000000 0.000416
2108.000000 0.000415
2109.000000 0.000414
2110.000000 0.000414
2111.000000 0.000413
2112.000000 0.000412
2113.000000 0.000411
2114.000000 0.000411
2115.000000 0.000410
2116.000000 0.000409
2117.000000 0.000408
2118.000000 0.000408
2119.000000 0.000407
2120.000000 0.000406
2121.000000 0.000405
2122.000000 0.000405
2123.000000 0.000404
2124.000000 0.000403
2125.000000 0.000403
2126.000000 0.000402
2127.000000 0.000401
2128.000000 0.000400
2129.000000 0.000399
2130.000000 0.000399
2131.000000 0.000398
2132.000000 0.000397
2133.000000 0.000396
2134.000000 0.000396
2135.000000 0.000395
2136.000000 0.000394
2137.000000 0.000394
2138.000000 0.000393
2139.000000 0.000392
2140.000000 0.000391
2141.000000 0.000391
2142.000000 0.000390
2143.000000 0.000389
2144.000000 0.000389
2145.000000 0.000388
2146.000000 0.000387
2147.000000 0.000386
2148.000000 0.000386
2149.000000 0.000385
2150.000000 0.000384
2151.000000 0.000383
2152.000000 0.000383
2153.000000 0.000382
2154.000000 0.000381
2155.000000 0.000381
2156.000000 0.000379
2157.000000 0.000379
2158.000000 0.000378
2159.000000 0.000377
2160.000000 0.000376
2161.000000 0.000376
2162.000000 0.000375
2163.000000 0.000374
2164.000000 0.000374
2165.000000 0.000373
2166.000000 0.000372
2167.000000 0.000371
2168.000000 0.000371
2169.000000 0.000370
2170.000000 0.000369
2171.000000 0.000369
2172.000000 0.000368
2173.000000 0.000367
2174.000000 0.000366
2175.000000 0.000366
2176.000000 0.000365
2177.000000 0.000364
2178.000000 0.000363
2179.000000 0.000363
2180.000000 0.000362
2181.000000 0.000361
2182.000000 0.000361
2183.000000 0.000360
2184.000000 0.000359
2185.000000 0.000358
2186.000000 0.000358
2187.000000 0.000357
2188.000000 0.000356
2189.000000 0.000356
2190.000000 0.000354
2191.000000 0.000354
2192.000000 0.000353
2193.000000 0.000353
2194.000000 0.000352
2195.000000 0.000351
2196.000000 0.000350
2197.000000 0.000350
2198.000000 0.000349
2199.000000 0.000348
2200.000000 0.000348
2201.000000 0.000346
2202.000000 0.000346
2203.000000 0.000345
2204.000000 0.000345
2205.000000 0.000344
2206.000000 0.000343
2207.000000 0.000343
2208.000000 0.000341
2209.000000 0.000341
2210.000000 0.000340
2211.000000 0.000340
2212.000000 0.000339
2213.000000 0.000338
2214.000000 0.000337
2215.000000 0.000337
2216.000000 0.000336
2217.000000 0.000335
2218.000000 0.000335
2219.000000 0.000333
2220.000000 0.000333
2221.000000 0.000332
2222.000000 0.000332
2223.000000 0.000331
2224.000000 0.000330
2225.000000 0.000330
2226.000000 0.000328
2227.000000 0.000328
2228.000000 0.000327
2229.000000 0.000327
2230.000000 0.000326
2231.000000 0.000325
2232.000000 0.000324
2233.000000 0.000324
2234.000000 0.000323
2235.000000 0.000322
2236.000000 0.000322
2237.000000 0.000321
2238.000000 0.000320
2239.000000 0.000319
2240.000000 0.000319
2241.000000 0.000318
2242.000000 0.000317
2243.000000 0.000317
2244.000000 0.000315
2245.000000 0.000315
2246.000000 0.000314
2247.000000 0.000314
2248.000000 0.000313
2249.000000 0.000312
2250.000000 0.000312
2251.000000 0.000311
2252.000000 0.000310
2253.000000 0.000309
2254.000000 0.000309
2255.000000 0.000308
2256.000000 0.000307
2257.000000 0.000307
2258.000000 0.000306
2259.000000 0.000305
2260.000000 0.000304
2261.000000 0.000304
2262.000000 0.000303
2263.000000 0.000303
2264.000000 0.000302
2265.000000 0.000301
2266.000000 0.000300
2267.000000 0.000299
2268.000000 0.000299
2269.000000 0.000298
2270.000000 0.000298
2271.000000 0.000296
2272.000000 0.000296
2273.000000 0.000295
2274.000000 0.000295
2275.000000 0.000294
2276.000000 0.000293
2277.000000 0.000292
2278.000000 0.000292
2279.000000 0.000291
2280.000000 0.000290
2281.000000 0.000290
2282.000000 0.000289
2283.000000 0.000288
2284.000000 0.000288
2285.000000 0.000287
2286.000000 0.000286
2287.000000 0.000286
2288.000000 0.000285
2289.000000 0.000284
2290.000000 0.000284
2291.000000 0.000283
2292.000000 0.000282
2293.000000 0.000282
2294.000000 0.000281
2295.000000 0.000280
2296.000000 0.000279
2297.000000 0.000279
2298.000000 0.000278
2299.000000 0.000277
2300.000000 0.000277
2301.000000 0.000276
2302.000000 0.000275
2303.000000 0.000275
2304.000000 0.000274
2305.000000 0.000273
2306.000000 0.000273
2307.000000 0.000272
2308.000000 0.000271
2309.000000 0.000271
2310.000000 0.000270
2311.000000 0.000269
2312.000000 0.000269
2313.000000 0.000268
2314.000000 0.000267
2315.000000 0.000267
2316.000000 0.000266
2317.000000 0.000265
2318.000000 0.000265
2319.000000 0.000264
2320.000000 0.000263
2321.000000 0.000262
2322.000000 0.000262
2323.000000 0.000261
2324.000000 0.000260
2325.000000 0.000260
2326.000000 0.000259
2327.000000 0.000258
2328.000000 0.000258
2329.000000 0.000257
2330.000000 0.000256
2331.000000 0.000256
2332.000000 0.000255
2333.000000 0.000254
2334.000000 0.000254
2335.000000 0.000253
2336.000000 0.000253
2337.000000 0.000252
2338.000000 0.000251
2339.000000 0.000250
2340.000000 0.000250
2341.000000 0.000249
2342.000000 0.000248
2343.000000 0.000248
2344.000000 0.000247
2345.000000 0.000247
2346.000000 0.000246
2347.000000 0.000245
2348.000000 0.000245
2349.000000 0.000244
2350.000000 0.000244
2351.000000 0.000243
2352.000000 0.000242
2353.000000 0.000241
2354.000000 0.000241
2355.000000 0.000240
2356.000000 0.000240
2357.000000 0.000239
2358.000000 0.000238
2359.000000 0.000238
2360.000000 0.000237
2361.000000 0.000236
2362.000000 0.000236
2363.000000 0.000235
2364.000000 0.000234
2365.000000 0.000234
2366.000000 0.000233
2367.000000 0.000232
2368.000000 0.000232
2369.000000 0.000231
2370.000000 0.000230
2371.000000 0.000230
2372.000000 0.000229
2373.000000 0.000228
2374.000000 0.000228
2375.000000 0.000227
2376.000000 0.000226
2377.000000 0.000226
2378.000000 0.000225
2379.000000 0.000225
2380.000000 0.000224
2381.000000 0.000224
2382.000000 0.000223
2383.000000 0.000222
2384.000000 0.000222
2385.000000 0.000221
2386.000000 0.000220
2387.000000 0.000220
2388.000000 0.000219
2389.000000 0.000218
2390.000000 0.000218
2391.000000 0.000217
2392.000000 0.000216
2393.000000 0.000216
2394.000000 0.000215
2395.000000 0.000215
2396.000000 0.000214
2397.000000 0.000213
2398.000000 0.000213
2399.000000 0.000212
2400.000000 0.000212
2401.000000 0.000211
2402.000000 0.000210
2403.000000 0.000210
2404.000000 0.000209
2405.000000 0.000208
2406.000000 0.000208
2407.000000 0.000207
2408.000000 0.000206
2409.000000 0.000206
2410.000000 0.000205
2411.000000 0.000205
2412.000000 0.000204
2413.000000 0.000204
2414.000000 0.000203
2415.000000 0.000202
2416.000000 0.000202
2417.000000 0.000201
2418.000000 0.000200
2419.000000 0.000200
2420.000000 0.000199
2421.000000 0.000198
2422.000000 0.000198
2423.000000 0.000197
2424.000000 0.000197
2425.000000 0.000196
2426.000000 0.000195
2427.000000 0.000195
2428.000000 0.000194
2429.000000 0.000194
2430.000000 0.000193
2431.000000 0.000193
2432.000000 0.000192
2433.000000 0.000191
2434.000000 0.000191
2435.000000 0.000190
2436.000000 0.000190
2437.000000 0.000189
2438.000000 0.000188
2439.000000 0.000188
2440.000000 0.000187
2441.000000 0.000187
2442.000000 0.000186
2443.000000 0.000185
2444.000000 0.000185
2445.000000 0.000184
2446.000000 0.000183
2447.000000 0.000183
2448.000000 0.000182
2449.000000 0.000182
2450.000000 0.000181
2451.000000 0.000181
2452.000000 0.000180
2453.000000 0.000180
2454.000000 0.000179
2455.000000 0.000178
2456.000000 0.000178
2457.000000 0.000177
2458.000000 0.000177
2459.000000 0.000176
2460.000000 0.000175
2461.000000 0.000175
2462.000000 0.000174
2463.000000 0.000174
2464.000000 0.000173
2465.000000 0.000173
2466.000000 0.000172
2467.000000 0.000171
2468.000000 0.000171
2469.000000 0.000170
2470.000000 0.000170
2471.000000 0.000169
2472.000000 0.000169
2473.000000 0.000168
2474.000000 0.000167
2475.000000 0.000167
2476.000000 0.000166
2477.000000 0.000166
2478.000000 0.000165
2479.000000 0.000165
2480.000000 0.000164
2481.000000 0.000164
2482.000000 0.000163
2483.000000 0.000162
2484.000000 0.000162
2485.000000 0.000161
2486.000000 0.000161
2487.000000 0.000160
2488.000000 0.000160
2489.000000 0.000159
2490.000000 0.000158
2491.000000 0.000158
2492.000000 0.000157
2493.000000 0.000157
2494.000000 0.000156
2495.000000 0.000156
2496.000000 0.000155
2497.000000 0.000155
2498.000000 0.000154
2499.000000 0.000153
2500.000000 0.000153
2501.000000 0.000152
2502.000000 0.000152
2503.000000 0.000151
2504.000000 0.000151
2505.000000 0.000150
2506.000000 0.000150
2507.000000 0.000149
2508.000000 0.000148
2509.000000 0.000148
2510.000000 0.000147
2511.000000 0.000147
2512.000000 0.000146
2513.000000 0.000146
2514.000000 0.000145
2515.000000 0.000145
2516.000000 0.000144
2517.000000 0.000144
2518.000000 0.000143
2519.000000 0.000143
2520.000000 0.000142
2521.000000 0.000141
2522.000000 0.000141
2523.000000 0.000140
2524.000000 0.000140
2525.000000 0.000139
2526.000000 0.000139
2527.000000 0.000138
2528.000000 0.000138
2529.000000 0.000137
2530.000000 0.000137
2531.000000 0.000136
2532.000000 0.000136
2533.000000 0.000135
2534.000000 0.000135
2535.000000 0.000134
2536.000000 0.000133
2537.000000 0.000133
2538.000000 0.000132
2539.000000 0.000132
2540.000000 0.000131
2541.000000 0.000131
2542.000000 0.000130
2543.000000 0.000130
2544.000000 0.000129
2545.000000 0.000129
2546.000000 0.000128
2547.000000 0.000128
2548.000000 0.000127
2549.000000 0.000127
2550.000000 0.000126
2551.000000 0.000126
2552.000000 0.000125
2553.000000 0.000125
2554.000000 0.000124
2555.000000 0.000124
2556.000000 0.000123
2557.000000 0.000123
2558.000000 0.000122
2559.000000 0.000122
2560.000000 0.000121
2561.000000 0.000121
2562.000000 0.000120
2563.000000 0.000120
2564.000000 0.000119
2565.000000 0.000119
2566.000000 0.000118
2567.000000 0.000118
2568.000000 0.000117
2569.000000 0.000117
2570.000000 0.000116
2571.000000 0.000116
2572.000000 0.000115
2573.000000 0.000115
2574.000000 0.000114
2575.000000 0.000114
2576.000000 0.000113
2577.000000 0.000113
2578.000000 0.000112
2579.000000 0.000112
2580.000000 0.000111
2581.000000 0.000111
2582.000000 0.000110
2583.000000 0.000110
2584.000000 0.000109
2585.000000 0.000109
2586.000000 0.000108
2587.000000 0.000108
2588.000000 0.000107
2589.000000 0.000107
2590.000000 0.000106
2591.000000 0.000106
2592.000000 0.000105
2593.000000 0.000105
2594.000000 0.000104
2595.000000 0.000104
2596.000000 0.000103
2597.000000 0.000103
2598.000000 0.000102
2599.000000 0.000102
2600.000000 0.000102
2601.000000 0.000101
2602.000000 0.000101
2603.000000 0.000100
2604.000000 0.000100
2605.000000 0.000099
2606.000000 0.000099
2607.000000 0.000098
2608.000000 0.000098
2609.000000 0.000097
2610.000000 0.000097
2611.000000 0.000096
2612.000000 0.000096
2613.000000 0.000095
2614.000000 0.000095
2615.000000 0.000094
2616.000000 0.000094
2617.000000 0.000094
2618.000000 0.000093
2619.000000 0.000093
2620.000000 0.000092
2621.000000 0.000092
2622.000000 0.000091
2623.000000 0.000091
2624.000000 0.000090
2625.000000 0.000090
2626.000000 0.000089
2627.000000 0.000089
2628.000000 0.000089
2629.000000 0.000088
2630.000000 0.000088
2631.000000 0.000087
2632.000000 0.000087
2633.000000 0.000086
2634.000000 0.000086
2635.000000 0.000085
2636.000000 0.000085
2637.000000 0.000084
2638.000000 0.000084
2639.000000 0.000084
2640.000000 0.000083
2641.000000 0.000083
2642.000000 0.000082
2643.000000 0.000082
2644.000000 0.000081
2645.000000 0.000081
2646.000000 0.000080
2647.000000 0.000080
2648.000000 0.000080
2649.000000 0.000079
2650.000000 0.000079
2651.000000 0.000078
2652.000000 0.000078
2653.000000 0.000077
2654.000000 0.000077
2655.000000 0.000076
2656.000000 0.000076
2657.000000 0.000076
2658.000000 0.000075
2659.000000 0.000075
2660.000000 0.000074
2661.000000 0.000074
2662.000000 0.000073
2663.000000 0.000073
2664.000000 0.000073
2665.000000 0.000072
2666.000000 0.000072
2667.000000 0.000071
2668.000000 0.000071
2669.000000 0.000071
2670.000000 0.000070
2671.000000 0.000070
2672.000000 0.000069
2673.000000 0.000069
2674.000000 0.000068
2675.000000 0.000068
2676.000000 0.000068
2677.000000 0.000067
2678.000000 0.000067
2679.000000 0.000066
2680.000000 0.000066
2681.000000 0.000065
2682.000000 0.000065
2683.000000 0.000065
2684.000000 0.000064
2685.000000 0.000064
2686.000000 0.000063
2687.000000 0.000063
2688.000000 0.000063
2689.000000 0.000062
2690.000000 0.000062
2691.000000 0.000061
2692.000000 0.000061
2693.000000 0.000060
2694.000000 0.000060
2695.000000 0.000060
2696.000000 0.000059
2697.000000 0.000059
2698.000000 0.000058
2699.000000 0.000058
2700.000000 0.000058
2701.000000 0.000057
2702.000000 0.000057
2703.000000 0.000056
2704.000000 0.000056
2705.000000 0.000056
2706.000000 0.000055
2707.000000 0.000055
2708.000000 0.000054
2709.000000 0.000054
2710.000000 0.000054
2711.000000 0.000053
2712.000000 0.000053
2713.000000 0.000052
2714.000000 0.000052
2715.000000 0.000052
2716.000000 0.000051
2717.000000 0.000051
2718.000000 0.000050
2719.000000 0.000050
2720.000000 0.000050
2721.000000 0.000049
2722.000000 0.000049
2723.000000 0.000049
2724.000000 0.000048
2725.000000 0.000048
2726.000000 0.000047
2727.000000 0.000047
2728.000000 0.000047
2729.000000 0.000046
2730.000000 0.000046
2731.000000 0.000045
2732.000000 0.000045
2733.000000 0.000045
2734.000000 0.000044
2735.000000 0.000044
2736.000000 0.000044
2737.000000 0.000043
2738.000000 0.000043
2739.000000 0.000042
2740.000000 0.000042
2741.000000 0.000042
2742.000000 0.000041
2743.000000 0.000041
2744.000000 0.000041
2745.000000 0.000040
2746.000000 0.000040
2747.000000 0.000039
2748.000000 0.000039
2749.000000 0.000039
2750.000000 0.000038
2751.000000 0.000038
2752.000000 0.000038
2753.000000 0.000037
2754.000000 0.000037
2755.000000 0.000037
2756.000000 0.000036
2757.000000 0.000036
2758.000000 0.000035
2759.000000 0.000035
2760.000000 0.000035
2761.000000 0.000034
2762.000000 0.000034
2763.000000 0.000034
2764.000000 0.000033
2765.000000 0.000033
2766.000000 0.000033
2767.000000 0.000032
2768.000000 0.000032
2769.000000 0.000032
2770.000000 0.000031
2771.000000 0.000031
2772.000000 0.000030
2773.000000 0.000030
2774.000000 0.000030
2775.000000 0.000029
2776.000000 0.000029
2777.000000 0.000029
2778.000000 0.000028
2779.000000 0.000028
2780.000000 0.000028
2781.000000 0.000027
2782.000000 0.000027
2783.000000 0.000027
2784.000000 0.000026
2785.000000 0.000026
2786.000000 0.000026
2787.000000 0.000025
2788.000000 0.000025
2789.000000 0.000025
2790.000000 0.000024
2791.000000 0.000024
2792.000000 0.000024
2793.000000 0.000023
2794.000000 0.000023
2795.000000 0.000023
2796.000000 0.000023
2797.000000 0.000022
2798.000000 0.000022
2799.000000 0.000022
2800.000000 0.000021
2801.000000 0.000021
2802.000000 0.000021
2803.000000 0.000020
2804.000000 0.000020
2805.000000 0.000020
2806.000000 0.000019
2807.000000 0.000019
2808.000000 0.000019
2809.000000 0.000019
2810.000000 0.000018
2811.000000 0.000018
2812.000000 0.000018
2813.000000 0.000017
2814.000000 0.000017
2815.000000 0.000017
2816.000000 0.000017
2817.000000 0.000016
2818.000000 0.000016
2819.000000 0.000016
2820.000000 0.000015
2821.000000 0.000015
2822.000000 0.000015
2823.000000 0.000015
2824.000000 0.000014
2825.000000 0.000014
2826.000000 0.000014
2827.000000 0.000014
2828.000000 0.000013
2829.000000 0.000013
2830.000000 0.000013
2831.000000 0.000013
2832.000000 0.000012
2833.000000 0.000012
2834.000000 0.000012
2835.000000 0.000012
2836.000000 0.000011
2837.000000 0.000011
2838.000000 0.000011
2839.000000 0.000011
2840.000000 0.000011
2841.000000 0.000010
2842.000000 0.000010
2843.000000 0.000010
2844.000000 0.000010
2845.000000 0.000009
2846.000000 0.000009
2847.000000 0.000009
2848.000000 0.000009
2849.000000 0.000009
2850.000000 0.000008
2851.000000 0.000008
2852.000000 0.000008
2853.000000 0.000008
2854.000000 0.000008
2855.000000 0.000008
2856.000000 0.000007
2857.000000 0.000007
2858.000000 0.000007
2859.000000 0.000007
2860.000000 0.000007
2861.000000 0.000006
2862.000000 0.000006
2863.000000 0.000006
2864.000000 0.000006
2865.000000 0.000006
2866.000000 0.000006
2867.000000 0.000006
2868.000000 0.000005
2869.000000 0.000005
2870.000000 0.000005
2871.000000 0.000005
2872.000000 0.000005
2873.000000 0.000005
2874.000000 0.000005
2875.000000 0.000004
2876.000000 0.000004
2877.000000 0.000004
2878.000000 0.000004
2879.000000 0.000004
2880.000000 0.000004
2881.000000 0.000004
2882.000000 0.000004
2883.000000 0.000003
2884.000000 0.000003
2885.000000 0.000003
2886.000000 0.000003
2887.000000 0.000003
2888.000000 0.000003
2889.000000 0.000003
2890.000000 0.000003
2891.000000 0.000003
2892.000000 0.000003
2893.000000 0.000002
2894.000000 0.000002
2895.000000 0.000002
2896.000000 0.000002
2897.000000 0.000002
2898.000000 0.000002
2899.000000 0.000002
2900.000000 0.000002
2901.000000 0.000002
2902.000000 0.000002
2903.000000 0.000002
2904.000000 0.000002
2905.000000 0.000002
2906.000000 0.000002
2907.000000 0.000001
2908.000000 0.000001
2909.000000 0.000001
2910.000000 0.000001
2911.000000 0.000001
2912.000000 0.000001
2913.000000 0.000001
2914.000000 0.000001
2915.000000 0.000001
2916.000000 0.000001
2917.000000 0.000001
2918.000000 0.000001
2919.000000 0.000001
2920.000000 0.000001
2921.000000 0.000001
2922.000000 0.000001
2923.000000 0.000001
2924.000000 0.000001
2925.000000 0.000001
2926.000000 0.000001
2927.000000 0.000001
2928.000000 0.000001
2929.000000 0.000001
2930.000000 0.000000
2931.000000 0.000000
2932.000000 0.000000
2933.000000 0.000000
2934.000000 0.000000
2935.000000 0.000000
2936.000000 0.000000
2937.000000 0.000000
2938.000000 0.000000
2939.000000 0.000000
2940.000000 0.000000
2941.000000 0.000000
2942.000000 0.000000
2943.000000 0.000000
2944.000000 0.000000
2945.000000 0.000000
2946.000000 0.000000
2947.000000 0.000000
2948.000000 0.000000
2949.000000 0.000000
2950.000000 0.000000
2951.000000 0.000000
2952.000000 0.000000
2953.000000 0.000000
2954.000000 0.000000
2955.000000 0.000000
2956.000000 0.000000
2957.000000 0.000000
2958.000000 0.000000
2959.000000 0.000000
2960.000000 0.000000
2961.000000 0.000000
2962.000000 0.000000
2963.000000 0.000000
2964.000000 0.000000
2965.000000 0.000000
2966.000000 0.000000
2967.000000 0.000000
2968.000000 0.000000
2969.000000 0.000000
2970.000000 0.000000
2971.000000 0.000000
2972.000000 0.000000
2973.000000 0.000000
2974.000000 0.000000
2975.000000 0.000000
2976.000000 0.000000
2977.000000 0.000000
2978.000000 0.000000
2979.000000 0.000000
2980.000000 0.000000
2981.000000 0.000000
2982.000000 0.000000
2983.000000 0.000000
2984.000000 0.000000
2985.000000 0.000000
2986.000000 0.000000
2987.000000 0.000000
2988.000000 0.000000
2989.000000 0.000000
2990.000000 0.000000
2991.000000 0.000000
2992.000000 0.000000
2993.000000 0.000000
2994.000000 0.000000
2995.000000 0.000000
2996.000000 0.000000
2997.000000 0.000000
2998.000000 0.000000
2999.000000 0.000000
3000.000000 0.000000
