n lam mean variance std
3000 0.340000 1500.485601 171143.591637 413.695047
bin_midpoint probability
1.000000 0.000000
2.000000 0.000000
3.000000 0.000000
4.000000 0.000000
5.000000 0.000000
6.000000 0.000000
7.000000 0.000000
8.000000 0.000000
9.000000 0.000000
10.000000 0.000000
11.000000 0.000000
12.000000 0.000000
13.000000 0.000000
14.000000 0.000000
15.000000 0.000000
16.000000 0.000000
17.000000 0.000000
18.000000 0.000000
19.000000 0.000000
20.000000 0.000000
21.000000 0.000000
22.000000 0.000000
23.000000 0.000000
24.000000 0.000000
25.000000 0.000000
26.000000 0.000000
27.000000 0.000000
28.000000 0.000000
29.000000 0.000000
30.000000 0.000000
31.000000 0.000000
32.000000 0.000000
33.000000 0.000000
34.000000 0.000000
35.000000 0.000000
36.000000 0.000000
37.000000 0.000000
38.000000 0.000000
39.000000 0.000000
40.000000 0.000000
41.000000 0.000000
42.000000 0.000000
43.000000 0.000000
44.000000 0.000000
45.000000 0.000000
46.000000 0.000000
47.000000 0.000000
48.000000 0.000000
49.000000 0.000000
50.000000 0.000000
51.000000 0.000000
52.000000 0.000000
53.000000 0.000000
54.000000 0.000000
55.000000 0.000000
56.000000 0.000000
57.000000 0.000000
58.000000 0.000000
59.000000 0.000000
60.000000 0.000000
61.000000 0.000000
62.000000 0.000000
63.000000 0.000000
64.000000 0.000000
65.000000 0.000000
66.000000 0.000000
67.000000 0.000000
68.000000 0.000000
69.000000 0.000000
70.000000 0.000000
71.000000 0.000000
72.000000 0.000000
73.000000 0.000000
74.000000 0.000000
75.000000 0.000000
76.000000 0.000000
77.000000 0.000000
78.000000 0.000000
79.000000 0.000000
80.000000 0.000000
81.000000 0.000000
82.000000 0.000000
83.000000 0.000000
84.000000 0.000000
85.000000 0.000000
86.000000 0.000000
87.000000 0.000000
88.000000 0.000000
89.000000 0.000000
90.000000 0.000000
91.000000 0.000000
92.000000 0.000000
93.000000 0.000000
94.000000 0.000000
95.000000 0.000000
96.000000 0.000000
97.000000 0.000000
98.000000 0.000000
99.000000 0.000000
100.000000 0.000000
101.000000 0.000000
102.000000 0.000000
103.000000 0.000000
104.000000 0.000000
105.000000 0.000000
106.000000 0.000000
107.000000 0.000000
108.000000 0.000000
109.000000 0.000000
110.000000 0.000000
111.000000 0.000000
112.000000 0.000000
113.000000 0.000000
114.000000 0.000000
115.000000 0.000000
116.000000 0.000000
117.000000 0.000000
118.000000 0.000000
119.000000 0.000000
120.000000 0.000000
121.000000 0.000000
122.000000 0.000000
123.000000 0.000000
124.000000 0.000000
125.000000 0.000000
126.000000 0.000000
127.000000 0.000000
128.000000 0.000000
129.000000 0.000000
130.000000 0.000000
131.000000 0.000000
132.000000 0.000000
133.000000 0.000000
134.000000 0.000000
135.000000 0.000000
136.000000 0.000000
137.000000 0.000000
138.000000 0.000000
139.000000 0.000000
140.000000 0.000000
141.000000 0.000000
142.000000 0.000000
143.000000 0.000000
144.000000 0.000000
145.000000 0.000000
146.000000 0.000000
147.000000 0.000000
148.000000 0.000000
149.000000 0.000000
150.000000 0.000000
151.000000 0.000000
152.000000 0.000000
153.000000 0.000000
154.000000 0.000000
155.000000 0.000000
156.000000 0.000000
157.000000 0.000000
158.000000 0.000000
159.000000 0.000000
160.000000 0.000000
161.000000 0.000000
162.000000 0.000000
163.000000 0.000000
164.000000 0.000000
165.000000 0.000000
166.000000 0.000000
167.000000 0.000000
168.000000 0.000000
169.000000 0.000000
170.000000 0.000000
171.000000 0.000000
172.000000 0.000000
173.000000 0.000000
174.000000 0.000000
175.000000 0.000000
176.000000 0.000000
177.000000 0.000000
178.000000 0.000000
179.000000 0.000000
180.000000 0.000000
181.000000 0.000000
182.000000 0.000000
183.000000 0.000000
184.000000 0.000000
185.000000 0.000000
186.000000 0.000000
187.000000 0.000000
188.000000 0.000000
189.000000 0.000000
190.000000 0.000000
191.000000 0.000000
192.000000 0.000000
193.000000 0.000000
194.000000 0.000000
195.000000 0.000000
196.000000 0.000000
197.000000 0.000000
198.000000 0.000000
199.000000 0.000000
200.000000 0.000000
201.000000 0.000000
202.000000 0.000000
203.000000 0.000000
204.000000 0.000000
205.000000 0.000000
206.000000 0.000000
207.000000 0.000000
208.000000 0.000000
209.000000 0.000000
210.000000 0.000000
211.000000 0.000000
212.000000 0.000000
213.000000 0.000000
214.000000 0.000000
215.000000 0.000000
216.000000 0.000000
217.000000 0.000000
218.000000 0.000000
219.000000 0.000000
220.000000 0.000000
221.000000 0.000000
222.000000 0.000000
223.000000 0.000000
224.000000 0.000000
225.000000 0.000000
226.000000 0.000000
227.000000 0.000000
228.000000 0.000000
229.000000 0.000000
230.000000 0.000000
231.000000 0.000000
232.000000 0.000000
233.000000 0.000000
234.000000 0.000000
235.000000 0.000000
236.000000 0.000000
237.000000 0.000000
238.000000 0.000000
239.000000 0.000000
240.000000 0.000001
241.000000 0.000001
242.000000 0.000001
243.000000 0.000001
244.000000 0.000001
245.000000 0.000001
246.000000 0.000001
247.000000 0.000001
248.000000 0.000001
249.000000 0.000001
250.000000 0.000001
251.000000 0.000001
252.000000 0.000001
253.000000 0.000001
254.000000 0.000001
255.000000 0.000001
256.000000 0.000001
257.000000 0.000001
258.000000 0.000001
259.000000 0.000001
260.000000 0.000001
261.000000 0.000001
262.000000 0.000001
263.000000 0.000001
264.000000 0.000001
265.000000 0.000001
266.000000 0.000001
267.000000 0.000001
268.000000 0.000001
269.000000 0.000001
270.000000 0.000001
271.000000 0.000001
272.000000 0.000001
273.000000 0.000001
274.000000 0.000001
275.000000 0.000001
276.000000 0.000001
277.000000 0.000001
278.000000 0.000001
279.000000 0.000001
280.000000 0.000001
281.000000 0.000001
282.000000 0.000002
283.000000 0.000002
284.000000 0.000002
285.000000 0.000002
286.000000 0.000002
287.000000 0.000002
288.000000 0.000002
289.000000 0.000002
290.000000 0.000002
291.000000 0.000002
292.000000 0.000002
293.000000 0.000002
294.000000 0.000002
295.000000 0.000002
296.000000 0.000002
297.000000 0.000002
298.000000 0.000002
299.000000 0.000002
300.000000 0.000002
301.000000 0.000002
302.000000 0.000002
303.000000 0.000002
304.000000 0.000002
305.000000 0.000003
306.000000 0.000003
307.000000 0.000003
308.000000 0.000003
309.000000 0.000003
310.000000 0.000003
311.000000 0.000003
312.000000 0.000003
313.000000 0.000003
314.000000 0.000003
315.000000 0.000003
316.000000 0.000003
317.000000 0.000003
318.000000 0.000003
319.000000 0.000003
320.000000 0.000003
321.000000 0.000003
322.000000 0.000004
323.000000 0.000004
324.000000 0.000004
325.000000 0.000004
326.000000 0.000004
327.000000 0.000004
328.000000 0.000004
329.000000 0.000004
330.000000 0.000004
331.000000 0.000004
332.000000 0.000004
333.000000 0.000004
334.000000 0.000004
335.000000 0.000004
336.000000 0.000005
337.000000 0.000005
338.000000 0.000005
339.000000 0.000005
340.000000 0.000005
341.000000 0.000005
342.000000 0.000005
343.000000 0.000005
344.000000 0.000005
345.000000 0.000005
346.000000 0.000005
347.000000 0.000006
348.000000 0.000006
349.000000 0.000006
350.000000 0.000006
351.000000 0.000006
352.000000 0.000006
353.000000 0.000006
354.000000 0.000006
355.000000 0.000006
356.000000 0.000006
357.000000 0.000007
358.000000 0.000007
359.000000 0.000007
360.000000 0.000007
361.000000 0.000007
362.000000 0.000007
363.000000 0.000007
364.000000 0.000007
365.000000 0.000007
366.000000 0.000008
367.000000 0.000008
368.000000 0.000008
369.000000 0.000008
370.000000 0.000008
371.000000 0.000008
372.000000 0.000008
373.000000 0.000008
374.000000 0.000009
375.000000 0.000009
376.000000 0.000009
377.000000 0.000009
378.000000 0.000009
379.000000 0.000009
380.000000 0.000009
381.000000 0.000009
382.000000 0.000010
383.000000 0.000010
384.000000 0.000010
385.000000 0.000010
386.000000 0.000010
387.000000 0.000010
388.000000 0.000011
389.000000 0.000011
390.000000 0.000011
391.000000 0.000011
392.000000 0.000011
393.000000 0.000011
394.000000 0.000011
395.000000 0.000012
396.000000 0.000012
397.000000 0.000012
398.000000 0.000012
399.000000 0.000012
400.000000 0.000012
401.000000 0.000013
402.000000 0.000013
403.000000 0.000013
404.000000 0.000013
405.000000 0.000013
406.000000 0.000013
407.000000 0.000014
408.000000 0.000014
409.000000 0.000014
410.000000 0.000014
411.000000 0.000014
412.000000 0.000015
413.000000 0.000015
414.000000 0.000015
415.000000 0.000015
416.000000 0.000015
417.000000 0.000016
418.000000 0.000016
419.000000 0.000016
420.000000 0.000016
421.000000 0.000016
422.000000 0.000017
423.000000 0.000017
424.000000 0.000017
425.000000 0.000017
426.000000 0.000017
427.000000 0.000018
428.000000 0.000018
429.000000 0.000018
430.000000 0.000018
431.000000 0.000019
432.000000 0.000019
433.000000 0.000019
434.000000 0.000019
435.000000 0.000020
436.000000 0.000020
437.000000 0.000020
438.000000 0.000020
439.000000 0.000021
440.000000 0.000021
441.000000 0.000021
442.000000 0.000021
443.000000 0.000022
444.000000 0.000022
445.000000 0.000022
446.000000 0.000022
447.000000 0.000023
448.000000 0.000023
449.000000 0.000023
450.000000 0.000023
451.000000 0.000024
452.000000 0.000024
453.000000 0.000024
454.000000 0.000024
455.000000 0.000025
456.000000 0.000025
457.000000 0.000025
458.000000 0.000026
459.000000 0.000026
460.000000 0.000026
461.000000 0.000026
462.000000 0.000027
463.000000 0.000027
464.000000 0.000027
465.000000 0.000028
466.000000 0.000028
467.000000 0.000028
468.000000 0.000029
469.000000 0.000029
470.000000 0.000029
471.000000 0.000030
472.000000 0.000030
473.000000 0.000030
474.000000 0.000030
475.000000 0.000031
476.000000 0.000031
477.000000 0.000032
478.000000 0.000032
479.000000 0.000032
480.000000 0.000032
481.000000 0.000033
482.000000 0.000033
483.000000 0.000034
484.000000 0.000034
485.000000 0.000034
486.000000 0.000035
487.000000 0.000035
488.000000 0.000035
489.000000 0.000036
490.000000 0.000036
491.000000 0.000036
492.000000 0.000037
493.000000 0.000037
494.000000 0.000038
495.000000 0.000038
496.000000 0.000038
497.000000 0.000039
498.000000 0.000039
499.000000 0.000039
500.000000 0.000040
501.000000 0.000040
502.000000 0.000041
503.000000 0.000041
504.000000 0.000041
505.000000 0.000042
506.000000 0.000042
507.000000 0.000043
508.000000 0.000043
509.000000 0.000043
510.000000 0.000044
511.000000 0.000044
512.000000 0.000045
513.000000 0.000045
514.000000 0.000046
515.000000 0.000046
516.000000 0.000046
517.000000 0.000047
518.000000 0.000047
519.000000 0.000048
520.000000 0.000048
521.000000 0.000049
522.000000 0.000049
523.000000 0.000050
524.000000 0.000050
525.000000 0.000050
526.000000 0.000051
527.000000 0.000051
528.000000 0.000052
529.000000 0.000052
530.000000 0.000053
531.000000 0.000053
532.000000 0.000054
533.000000 0.000054
534.000000 0.000055
535.000000 0.000055
536.000000 0.000056
537.000000 0.000056
538.000000 0.000057
539.000000 0.000057
540.000000 0.000058
541.000000 0.000058
542.000000 0.000059
543.000000 0.000059
544.000000 0.000060
545.000000 0.000060
546.000000 0.000061
547.000000 0.000061
548.000000 0.000062
549.000000 0.000062
550.000000 0.000063
551.000000 0.000063
552.000000 0.000064
553.000000 0.000064
554.000000 0.000065
555.000000 0.000065
556.000000 0.000066
557.000000 0.000067
558.000000 0.000067
559.000000 0.000067
560.000000 0.000068
561.000000 0.000069
562.000000 0.000069
563.000000 0.000070
564.000000 0.000070
565.000000 0.000071
566.000000 0.000072
567.000000 0.000072
568.000000 0.000072
569.000000 0.000073
570.000000 0.000074
571.000000 0.000074
572.000000 0.000075
573.000000 0.000075
574.000000 0.000076
575.000000 0.000077
576.000000 0.000077
577.000000 0.000078
578.000000 0.000079
579.000000 0.000079
580.000000 0.000080
581.000000 0.000080
582.000000 0.000081
583.000000 0.000082
584.000000 0.000082
585.000000 0.000083
586.000000 0.000084
587.000000 0.000084
588.000000 0.000085
589.000000 0.000085
590.000000 0.000086
591.000000 0.000087
592.000000 0.000087
593.000000 0.000088
594.000000 0.000088
595.000000 0.000089
596.000000 0.000090
597.000000 0.000091
598.000000 0.000091
599.000000 0.000092
600.000000 0.000093
601.000000 0.000093
602.000000 0.000094
603.000000 0.000095
604.000000 0.000095
605.000000 0.000096
606.000000 0.000097
607.000000 0.000097
608.000000 0.000098
609.000000 0.000099
610.000000 0.000099
611.000000 0.000100
612.000000 0.000101
613.000000 0.000102
614.000000 0.000102
615.000000 0.000103
616.000000 0.000103
617.000000 0.000104
618.000000 0.000105
619.000000 0.000105
620.000000 0.000107
621.000000 0.000107
622.000000 0.000108
623.000000 0.000109
624.000000 0.000109
625.000000 0.000110
626.000000 0.000111
627.000000 0.000111
628.000000 0.000112
629.000000 0.000113
630.000000 0.000114
631.000000 0.000115
632.000000 0.000115
633.000000 0.000116
634.000000 0.000117
635.000000 0.000117
636.000000 0.000118
637.000000 0.000119
638.000000 0.000120
639.000000 0.000121
640.000000 0.000121
641.000000 0.000122
642.000000 0.000123
643.000000 0.000124
644.000000 0.000124
645.000000 0.000125
646.000000 0.000126
647.000000 0.000127
648.000000 0.000128
649.000000 0.000128
650.000000 0.000129
651.000000 0.000130
652.000000 0.000131
653.000000 0.000131
654.000000 0.000132
655.000000 0.000133
656.000000 0.000134
657.000000 0.000135
658.000000 0.000136
659.000000 0.000137
660.000000 0.000137
661.000000 0.000138
662.000000 0.000139
663.000000 0.000140
664.000000 0.000141
665.000000 0.000142
666.000000 0.000142
667.000000 0.000143
668.000000 0.000144
669.000000 0.000145
670.000000 0.000145
671.000000 0.000147
672.000000 0.000148
673.000000 0.000148
674.000000 0.000149
675.000000 0.000150
676.000000 0.000151
677.000000 0.000152
678.000000 0.000152
679.000000 0.000153
680.000000 0.000154
681.000000 0.000155
682.000000 0.000156
683.000000 0.000157
684.000000 0.000158
685.000000 0.000159
686.000000 0.000160
687.000000 0.000160
688.000000 0.000162
689.000000 0.000163
690.000000 0.000163
691.000000 0.000164
692.000000 0.000165
693.000000 0.000166
694.000000 0.000167
695.000000 0.000167
696.000000 0.000168
697.000000 0.000170
698.000000 0.000171
699.000000 0.000172
700.000000 0.000172
701.000000 0.000173
702.000000 0.000174
703.000000 0.000175
704.000000 0.000175
705.000000 0.000177
706.000000 0.000178
707.000000 0.000179
708.000000 0.000180
709.000000 0.000181
710.000000 0.000182
711.000000 0.000183
712.000000 0.000183
713.000000 0.000184
714.000000 0.000186
715.000000 0.000187
716.000000 0.000188
717.000000 0.000188
718.000000 0.000189
719.000000 0.000190
720.000000 0.000191
721.000000 0.000192
722.000000 0.000193
723.000000 0.000194
724.000000 0.000195
725.000000 0.000196
726.000000 0.000197
727.000000 0.000198
728.000000 0.000199
729.000000 0.000200
730.000000 0.000201
731.000000 0.000202
732.000000 0.000203
733.000000 0.000204
734.000000 0.000205
735.000000 0.000206
736.000000 0.000207
737.000000 0.000208
738.000000 0.000208
739.000000 0.000210
740.000000 0.000211
741.000000 0.000212
742.000000 0.000213
743.000000 0.000214
744.000000 0.000215
745.000000 0.000216
746.000000 0.000217
747.000000 0.000217
748.000000 0.000219
749.000000 0.000220
750.000000 0.000221
751.000000 0.000222
752.000000 0.000223
753.000000 0.000224
754.000000 0.000225
755.000000 0.000226
756.000000 0.000227
757.000000 0.000228
758.000000 0.000230
759.000000 0.000230
760.000000 0.000232
761.000000 0.000232
762.000000 0.000234
763.000000 0.000234
764.000000 0.000235
765.000000 0.000237
766.000000 0.000238
767.000000 0.000239
768.000000 0.000240
769.000000 0.000241
770.000000 0.000242
771.000000 0.000243
772.000000 0.000243
773.000000 0.000245
774.000000 0.000246
775.000000 0.000247
776.000000 0.000248
777.000000 0.000249
778.000000 0.000251
779.000000 0.000252
780.000000 0.000252
781.000000 0.000253
782.000000 0.000255
783.000000 0.000256
784.000000 0.000257
785.000000 0.000258
786.000000 0.000259
787.000000 0.000260
788.000000 0.000261
789.000000 0.000262
790.000000 0.000263
791.000000 0.000265
792.000000 0.000266
793.000000 0.000267
794.000000 0.000268
795.000000 0.000269
796.000000 0.000270
797.000000 0.000271
798.000000 0.000272
799.000000 0.000273
800.000000 0.000274
801.000000 0.000276
802.000000 0.000277
803.000000 0.000278
804.000000 0.000279
805.000000 0.000280
806.000000 0.000280
807.000000 0.000282
808.000000 0.000283
809.000000 0.000284
810.000000 0.000286
811.000000 0.000287
812.000000 0.000288
813.000000 0.000289
814.000000 0.000290
815.000000 0.000291
816.000000 0.000292
817.000000 0.000293
818.000000 0.000295
819.000000 0.000295
820.000000 0.000297
821.000000 0.000298
822.000000 0.000299
823.000000 0.000300
824.000000 0.000301
825.000000 0.000302
826.000000 0.000304
827.000000 0.000305
828.000000 0.000306
829.000000 0.000307
830.000000 0.000308
831.000000 0.000309
832.000000 0.000310
833.000000 0.000311
834.000000 0.000313
835.000000 0.000314
836.000000 0.000315
837.000000 0.000316
838.000000 0.000317
839.000000 0.000318
840.000000 0.000319
841.000000 0.000321
842.000000 0.000322
843.000000 0.000323
844.000000 0.000324
845.000000 0.000325
846.000000 0.000326
847.000000 0.000327
848.000000 0.000329
849.000000 0.000330
850.000000 0.000331
851.000000 0.000332
852.000000 0.000333
853.000000 0.000335
854.000000 0.000336
855.000000 0.000337
856.000000 0.000338
857.000000 0.000339
858.000000 0.000340
859.000000 0.000342
860.000000 0.000343
861.000000 0.000344
862.000000 0.000345
863.000000 0.000346
864.000000 0.000347
865.000000 0.000348
866.000000 0.000349
867.000000 0.000351
868.000000 0.000352
869.000000 0.000353
870.000000 0.000354
871.000000 0.000356
872.000000 0.000357
873.000000 0.000358
874.000000 0.000359
875.000000 0.000360
876.000000 0.000362
877.000000 0.000362
878.000000 0.000364
879.000000 0.000365
880.000000 0.000366
881.000000 0.000367
882.000000 0.000368
883.000000 0.000369
884.000000 0.000371
885.000000 0.000372
886.000000 0.000373
887.000000 0.000374
888.000000 0.000375
889.000000 0.000377
890.000000 0.000378
891.000000 0.000379
892.000000 0.000380
893.000000 0.000382
894.000000 0.000383
895.000000 0.000384
896.000000 0.000385
897.000000 0.000386
898.000000 0.000387
899.000000 0.000388
900.000000 0.000390
901.000000 0.000391
902.000000 0.000392
903.000000 0.000394
904.000000 0.000395
905.000000 0.000396
906.000000 0.000397
907.000000 0.000398
908.000000 0.000399
909.000000 0.000401
910.000000 0.000402
911.000000 0.000403
912.000000 0.000404
913.000000 0.000405
914.000000 0.000406
915.000000 0.000408
916.000000 0.000409
917.000000 0.000410
918.000000 0.000412
919.000000 0.000413
920.000000 0.000414
921.000000 0.000415
922.000000 0.000416
923.000000 0.000417
924.000000 0.000418
925.000000 0.000420
926.000000 0.000421
927.000000 0.000423
928.000000 0.000424
929.000000 0.000425
930.000000 0.000426
931.000000 0.000427
932.000000 0.000428
933.000000 0.000429
934.000000 0.000431
935.000000 0.000432
936.000000 0.000433
937.000000 0.000434
938.000000 0.000435
939.000000 0.000437
940.000000 0.000438
941.000000 0.000439
942.000000 0.000440
943.000000 0.000441
944.000000 0.000443
945.000000 0.000444
946.000000 0.000445
947.000000 0.000446
948.000000 0.000447
949.000000 0.000448
950.000000 0.000450
951.000000 0.000451
952.000000 0.000453
953.000000 0.000454
954.000000 0.000455
955.000000 0.000456
956.000000 0.000457
957.000000 0.000458
958.000000 0.000460
959.000000 0.000461
960.000000 0.000462
961.000000 0.000464
962.000000 0.000464
963.000000 0.000466
964.000000 0.000467
965.000000 0.000468
966.000000 0.000469
967.000000 0.000471
968.000000 0.000472
969.000000 0.000473
970.000000 0.000474
971.000000 0.000475
972.000000 0.000477
973.000000 0.000478
974.000000 0.000479
975.000000 0.000480
976.000000 0.000481
977.000000 0.000483
978.000000 0.000484
979.000000 0.000485
980.000000 0.000487
981.000000 0.000488
982.000000 0.000489
983.000000 0.000490
984.000000 0.000491
985.000000 0.000492
986.000000 0.000494
987.000000 0.000495
988.000000 0.000496
989.000000 0.000498
990.000000 0.000498
991.000000 0.000499
992.000000 0.000501
993.000000 0.000502
994.000000 0.000503
995.000000 0.000505
996.000000 0.000506
997.000000 0.000507
998.000000 0.000508
999.000000 0.000509
1000.000000 0.000510
1001.000000 0.000511
1002.000000 0.000513
1003.000000 0.000515
1004.000000 0.000515
1005.000000 0.000516
1006.000000 0.000518
1007.000000 0.000519
1008.000000 0.000520
1009.000000 0.000521
1010.000000 0.000523
1011.000000 0.000524
1012.000000 0.000525
1013.000000 0.000526
1014.000000 0.000528
1015.000000 0.000528
1016.000000 0.000530
1017.000000 0.000531
1018.000000 0.000532
1019.000000 0.000533
1020.000000 0.000535
1021.000000 0.000536
1022.000000 0.000537
1023.000000 0.000538
1024.000000 0.000539
1025.000000 0.000540
1026.000000 0.000541
1027.000000 0.000543
1028.000000 0.000544
1029.000000 0.000545
1030.000000 0.000546
1031.000000 0.000548
1032.000000 0.000549
1033.000000 0.000550
1034.000000 0.000551
1035.000000 0.000552
1036.000000 0.000554
1037.000000 0.000555
1038.000000 0.000556
1039.000000 0.000558
1040.000000 0.000558
1041.000000 0.000560
1042.000000 0.000561
1043.000000 0.000562
1044.000000 0.000563
1045.000000 0.000565
1046.000000 0.000565
1047.000000 0.000567
1048.000000 0.000568
1049.000000 0.000569
1050.000000 0.000570
1051.000000 0.000571
1052.000000 0.000573
1053.000000 0.000574
1054.000000 0.000575
1055.000000 0.000576
1056.000000 0.000578
1057.000000 0.000579
1058.000000 0.000580
1059.000000 0.000581
1060.000000 0.000582
1061.000000 0.000583
1062.000000 0.000585
1063.000000 0.000585
1064.000000 0.000587
1065.000000 0.000588
1066.000000 0.000589
1067.000000 0.000590
1068.000000 0.000591
1069.000000 0.000593
1070.000000 0.000594
1071.000000 0.000595
1072.000000 0.000597
1073.000000 0.000597
1074.000000 0.000599
1075.000000 0.000600
1076.000000 0.000600
1077.000000 0.000602
1078.000000 0.000603
1079.000000 0.000604
1080.000000 0.000606
1081.000000 0.000607
1082.000000 0.000608
1083.000000 0.000609
1084.000000 0.000610
1085.000000 0.000611
1086.000000 0.000612
1087.000000 0.000613
1088.000000 0.000615
1089.000000 0.000616
1090.000000 0.000617
1091.000000 0.000618
1092.000000 0.000619
1093.000000 0.000620
1094.000000 0.000621
1095.000000 0.000623
1096.000000 0.000624
1097.000000 0.000625
1098.000000 0.000626
1099.000000 0.000627
1100.000000 0.000628
1101.000000 0.000629
1102.000000 0.000630
1103.000000 0.000632
1104.000000 0.000633
1105.000000 0.000634
1106.000000 0.000635
1107.000000 0.000636
1108.000000 0.000637
1109.000000 0.000638
1110.000000 0.000639
1111.000000 0.000640
1112.000000 0.000642
1113.000000 0.000643
1114.000000 0.000644
1115.000000 0.000645
1116.000000 0.000646
1117.000000 0.000647
1118.000000 0.000649
1119.000000 0.000649
1120.000000 0.000651
1121.000000 0.000652
1122.000000 0.000653
1123.000000 0.000654
1124.000000 0.000655
1125.000000 0.000656
1126.000000 0.000657
1127.000000 0.000658
1128.000000 0.000659
1129.000000 0.000660
1130.000000 0.000662
1131.000000 0.000663
1132.000000 0.000664
1133.000000 0.000665
1134.000000 0.000666
1135.000000 0.000667
1136.000000 0.000668
1137.000000 0.000669
1138.000000 0.000671
1139.000000 0.000672
1140.000000 0.000673
1141.000000 0.000674
1142.000000 0.000675
1143.000000 0.000676
1144.000000 0.000677
1145.000000 0.000678
1146.000000 0.000679
1147.000000 0.000681
1148.000000 0.000681
1149.000000 0.000682
1150.000000 0.000683
1151.000000 0.000685
1152.000000 0.000685
1153.000000 0.000686
1154.000000 0.000687
1155.000000 0.000689
1156.000000 0.000690
1157.000000 0.000691
1158.000000 0.000692
1159.000000 0.000693
1160.000000 0.000694
1161.000000 0.000695
1162.000000 0.000696
1163.000000 0.000697
1164.000000 0.000698
1165.000000 0.000699
1166.000000 0.000700
1167.000000 0.000701
1168.000000 0.000702
1169.000000 0.000703
1170.000000 0.000704
1171.000000 0.000705
1172.000000 0.000706
1173.000000 0.000707
1174.000000 0.000709
1175.000000 0.000709
1176.000000 0.000711
1177.000000 0.000711
1178.000000 0.000712
1179.000000 0.000713
1180.000000 0.000714
1181.000000 0.000716
1182.000000 0.000717
1183.000000 0.000717
1184.000000 0.000719
1185.000000 0.000720
1186.000000 0.000721
1187.000000 0.000721
1188.000000 0.000722
1189.000000 0.000724
1190.000000 0.000725
1191.000000 0.000726
1192.000000 0.000726
1193.000000 0.000727
1194.000000 0.000728
1195.000000 0.000729
1196.000000 0.000730
1197.000000 0.000731
1198.000000 0.000732
1199.000000 0.000733
1200.000000 0.000734
1201.000000 0.000735
1202.000000 0.000736
1203.000000 0.000737
1204.000000 0.000738
1205.000000 0.000739
1206.000000 0.000740
1207.000000 0.000741
1208.000000 0.000742
1209.000000 0.000743
1210.000000 0.000744
1211.000000 0.000745
1212.000000 0.000746
1213.000000 0.000746
1214.000000 0.000748
1215.000000 0.000749
1216.000000 0.000749
1217.000000 0.000751
1218.000000 0.000751
1219.000000 0.000752
1220.000000 0.000753
1221.000000 0.000754
1222.000000 0.000755
1223.000000 0.000756
1224.000000 0.000757
1225.000000 0.000758
1226.000000 0.000759
1227.000000 0.000760
1228.000000 0.000761
1229.000000 0.000761
1230.000000 0.000762
1231.000000 0.000763
1232.000000 0.000764
1233.000000 0.000765
1234.000000 0.000766
1235.000000 0.000767
1236.000000 0.000768
1237.000000 0.000769
1238.000000 0.000769
1239.000000 0.000770
1240.000000 0.000771
1241.000000 0.000772
1242.000000 0.000773
1243.000000 0.000774
1244.000000 0.000775
1245.000000 0.000776
1246.000000 0.000776
1247.000000 0.000777
1248.000000 0.000778
1249.000000 0.000779
1250.000000 0.000780
1251.000000 0.000781
1252.000000 0.000782
1253.000000 0.000782
1254.000000 0.000783
1255.000000 0.000784
1256.000000 0.000785
1257.000000 0.000786
1258.000000 0.000787
1259.000000 0.000787
1260.000000 0.000788
1261.000000 0.000789
1262.000000 0.000790
1263.000000 0.000791
1264.000000 0.000791
1265.000000 0.000792
1266.000000 0.000793
1267.000000 0.000794
1268.000000 0.000795
1269.000000 0.000795
1270.000000 0.000796
1271.000000 0.000797
1272.000000 0.000798
1273.000000 0.000799
1274.000000 0.000799
1275.000000 0.000800
1276.000000 0.000801
1277.000000 0.000802
1278.000000 0.000803
1279.000000 0.000803
1280.000000 0.000804
1281.000000 0.000805
1282.000000 0.000806
1283.000000 0.000806
1284.000000 0.000807
1285.000000 0.000808
1286.000000 0.000809
1287.000000 0.000809
1288.000000 0.000810
1289.000000 0.000811
1290.000000 0.000812
1291.000000 0.000812
1292.000000 0.000813
1293.000000 0.000814
1294.000000 0.000815
1295.000000 0.000815
1296.000000 0.000816
1297.000000 0.000817
1298.000000 0.000817
1299.000000 0.000818
1300.000000 0.000819
1301.000000 0.000820
1302.000000 0.000820
1303.000000 0.000821
1304.000000 0.000822
1305.000000 0.000822
1306.000000 0.000823
1307.000000 0.000824
1308.000000 0.000825
1309.000000 0.000825
1310.000000 0.000826
1311.000000 0.000827
1312.000000 0.000827
1313.000000 0.000828
1314.000000 0.000829
1315.000000 0.000829
1316.000000 0.000830
1317.000000 0.000831
1318.000000 0.000831
1319.000000 0.000832
1320.000000 0.000832
1321.000000 0.000833
1322.000000 0.000834
1323.000000 0.000834
1324.000000 0.000835
1325.000000 0.000836
1326.000000 0.000836
1327.000000 0.000837
1328.000000 0.000838
1329.000000 0.000838
1330.000000 0.000839
1331.000000 0.000839
1332.000000 0.000840
1333.000000 0.000841
1334.000000 0.000841
1335.000000 0.000842
1336.000000 0.000842
1337.000000 0.000843
1338.000000 0.000844
1339.000000 0.000844
1340.000000 0.000845
1341.000000 0.000845
1342.000000 0.000846
1343.000000 0.000847
1344.000000 0.000847
1345.000000 0.000848
1346.000000 0.000848
1347.000000 0.000849
1348.000000 0.000849
1349.000000 0.000850
1350.000000 0.000851
1351.000000 0.000851
1352.000000 0.000852
1353.000000 0.000852
1354.000000 0.000853
1355.000000 0.000853
1356.000000 0.000854
1357.000000 0.000854
1358.000000 0.000855
1359.000000 0.000855
1360.000000 0.000856
1361.000000 0.000856
1362.000000 0.000857
1363.000000 0.000857
1364.000000 0.000858
1365.000000 0.000858
1366.000000 0.000859
1367.000000 0.000859
1368.000000 0.000860
1369.000000 0.000860
1370.000000 0.000861
1371.000000 0.000861
1372.000000 0.000862
1373.000000 0.000862
1374.000000 0.000863
1375.000000 0.000863
1376.000000 0.000864
1377.000000 0.000864
1378.000000 0.000865
1379.000000 0.000865
1380.000000 0.000865
1381.000000 0.000866
1382.000000 0.000866
1383.000000 0.000867
1384.000000 0.000867
1385.000000 0.000868
1386.000000 0.000868
1387.000000 0.000868
1388.000000 0.000869
1389.000000 0.000869
1390.000000 0.000870
1391.000000 0.000870
1392.000000 0.000871
1393.000000 0.000871
1394.000000 0.000871
1395.000000 0.000872
1396.000000 0.000872
1397.000000 0.000873
1398.000000 0.000873
1399.000000 0.000873
1400.000000 0.000874
1401.000000 0.000874
1402.000000 0.000874
1403.000000 0.000875
1404.000000 0.000875
1405.000000 0.000876
1406.000000 0.000876
1407.000000 0.000876
1408.000000 0.000877
1409.000000 0.000877
1410.000000 0.000877
1411.000000 0.000878
1412.000000 0.000878
1413.000000 0.000878
1414.000000 0.000879
1415.000000 0.000879
1416.000000 0.000879
1417.000000 0.000880
1418.000000 0.000880
1419.000000 0.000880
1420.000000 0.000880
1421.000000 0.000881
1422.000000 0.000881
1423.000000 0.000881
1424.000000 0.000882
1425.000000 0.000882
1426.000000 0.000882
1427.000000 0.000883
1428.000000 0.000883
1429.000000 0.000883
1430.000000 0.000883
1431.000000 0.000884
1432.000000 0.000884
1433.000000 0.000884
1434.000000 0.000884
1435.000000 0.000885
1436.000000 0.000885
1437.000000 0.000885
1438.000000 0.000885
1439.000000 0.000886
1440.000000 0.000886
1441.000000 0.000886
1442.000000 0.000886
1443.000000 0.000886
1444.000000 0.000887
1445.000000 0.000887
1446.000000 0.000887
1447.000000 0.000887
1448.000000 0.000888
1449.000000 0.000888
1450.000000 0.000888
1451.000000 0.000888
1452.000000 0.000888
1453.000000 0.000888
1454.000000 0.000889
1455.000000 0.000889
1456.000000 0.000889
1457.000000 0.000889
1458.000000 0.000889
1459.000000 0.000889
1460.000000 0.000890
1461.000000 0.000890
1462.000000 0.000890
1463.000000 0.000890
1464.000000 0.000890
1465.000000 0.000890
1466.000000 0.000890
1467.000000 0.000891
1468.000000 0.000891
1469.000000 0.000891
1470.000000 0.000891
1471.000000 0.000891
1472.000000 0.000891
1473.000000 0.000891
1474.000000 0.000891
1475.000000 0.000892
1476.000000 0.000892
1477.000000 0.000892
1478.000000 0.000892
1479.000000 0.000892
1480.000000 0.000892
1481.000000 0.000892
1482.000000 0.000892
1483.000000 0.000892
1484.000000 0.000892
1485.000000 0.000892
1486.000000 0.000892
1487.000000 0.000892
1488.000000 0.000892
1489.000000 0.000893
1490.000000 0.000893
1491.000000 0.000893
1492.000000 0.000893
1493.000000 0.000893
1494.000000 0.000893
1495.000000 0.000893
1496.000000 0.000893
1497.000000 0.000893
1498.000000 0.000893
1499.000000 0.000893
1500.000000 0.000893
1501.000000 0.000893
1502.000000 0.000893
1503.000000 0.000893
1504.000000 0.000893
1505.000000 0.000893
1506.000000 0.000893
1507.000000 0.000893
1508.000000 0.000893
1509.000000 0.000893
1510.000000 0.000893
1511.000000 0.000893
1512.000000 0.000893
1513.000000 0.000892
1514.000000 0.000892
1515.000000 0.000892
1516.000000 0.000892
1517.000000 0.000892
1518.000000 0.000892
1519.000000 0.000892
1520.000000 0.000892
1521.000000 0.000892
1522.000000 0.000892
1523.000000 0.000892
1524.000000 0.000892
1525.000000 0.000892
1526.000000 0.000892
1527.000000 0.000891
1528.000000 0.000891
1529.000000 0.000891
1530.000000 0.000891
1531.000000 0.000891
1532.000000 0.000891
1533.000000 0.000891
1534.000000 0.000891
1535.000000 0.000890
1536.000000 0.000890
1537.000000 0.000890
1538.000000 0.000890
1539.000000 0.000890
1540.000000 0.000890
1541.000000 0.000890
1542.000000 0.000889
1543.000000 0.000889
1544.000000 0.000889
1545.000000 0.000889
1546.000000 0.000889
1547.000000 0.000889
1548.000000 0.000888
1549.000000 0.000888
1550.000000 0.000888
1551.000000 0.000888
1552.000000 0.000888
1553.000000 0.000888
1554.000000 0.000887
1555.000000 0.000887
1556.000000 0.000887
1557.000000 0.000887
1558.000000 0.000886
1559.000000 0.000886
1560.000000 0.000886
1561.000000 0.000886
1562.000000 0.000886
1563.000000 0.000885
1564.000000 0.000885
1565.000000 0.000885
1566.000000 0.000885
1567.000000 0.000884
1568.000000 0.000884
1569.000000 0.000884
1570.000000 0.000884
1571.000000 0.000883
1572.000000 0.000883
1573.000000 0.000883
1574.000000 0.000882
1575.000000 0.000882
1576.000000 0.000882
1577.000000 0.000882
1578.000000 0.000881
1579.000000 0.000881
1580.000000 0.000881
1581.000000 0.000880
1582.000000 0.000880
1583.000000 0.000880
1584.000000 0.000880
1585.000000 0.000879
1586.000000 0.000879
1587.000000 0.000879
1588.000000 0.000878
1589.000000 0.000878
1590.000000 0.000878
1591.000000 0.000877
1592.000000 0.000877
1593.000000 0.000877
1594.000000 0.000876
1595.000000 0.000876
1596.000000 0.000875
1597.000000 0.000875
1598.000000 0.000875
1599.000000 0.000874
1600.000000 0.000874
1601.000000 0.000874
1602.000000 0.000873
1603.000000 0.000873
1604.000000 0.000873
1605.000000 0.000872
1606.000000 0.000872
1607.000000 0.000871
1608.000000 0.000871
1609.000000 0.000871
1610.000000 0.000870
1611.000000 0.000870
1612.000000 0.000869
1613.000000 0.000869
1614.000000 0.000868
1615.000000 0.000868
1616.000000 0.000868
1617.000000 0.000867
1618.000000 0.000867
1619.000000 0.000866
1620.000000 0.000866
1621.000000 0.000865
1622.000000 0.000865
1623.000000 0.000865
1624.000000 0.000864
1625.000000 0.000864
1626.000000 0.000863
1627.000000 0.000863
1628.000000 0.000862
1629.000000 0.000862
1630.000000 0.000861
1631.000000 0.000861
1632.000000 0.000860
1633.000000 0.000860
1634.000000 0.000859
1635.000000 0.000859
1636.000000 0.000858
1637.000000 0.000858
1638.000000 0.000857
1639.000000 0.000857
1640.000000 0.000856
1641.000000 0.000856
1642.000000 0.000855
1643.000000 0.000855
1644.000000 0.000854
1645.000000 0.000854
1646.000000 0.000853
1647.000000 0.000853
1648.000000 0.000852
1649.000000 0.000852
1650.000000 0.000851
1651.000000 0.000850
1652.000000 0.000850
1653.000000 0.000849
1654.000000 0.000849
1655.000000 0.000848
1656.000000 0.000848
1657.000000 0.000847
1658.000000 0.000846
1659.000000 0.000846
1660.000000 0.000845
1661.000000 0.000845
1662.000000 0.000844
1663.000000 0.000844
1664.000000 0.000843
1665.000000 0.000842
1666.000000 0.000842
1667.000000 0.000841
1668.000000 0.000841
1669.000000 0.000840
1670.000000 0.000839
1671.000000 0.000839
1672.000000 0.000838
1673.000000 0.000838
1674.000000 0.000837
1675.000000 0.000836
1676.000000 0.000836
1677.000000 0.000835
1678.000000 0.000834
1679.000000 0.000834
1680.000000 0.000833
1681.000000 0.000832
1682.000000 0.000832
1683.000000 0.000831
1684.000000 0.000830
1685.000000 0.000830
1686.000000 0.000829
1687.000000 0.000828
1688.000000 0.000828
1689.000000 0.000827
1690.000000 0.000826
1691.000000 0.000826
1692.000000 0.000825
1693.000000 0.000824
1694.000000 0.000824
1695.000000 0.000823
1696.000000 0.000822
1697.000000 0.000822
1698.000000 0.000821
1699.000000 0.000820
1700.000000 0.000820
1701.000000 0.000819
1702.000000 0.000818
1703.000000 0.000817
1704.000000 0.000817
1705.000000 0.000816
1706.000000 0.000815
1707.000000 0.000815
1708.000000 0.000813
1709.000000 0.000813
1710.000000 0.000812
1711.000000 0.000812
1712.000000 0.000811
1713.000000 0.000810
1714.000000 0.000809
1715.000000 0.000809
1716.000000 0.000807
1717.000000 0.000808
1718.000000 0.000806
1719.000000 0.000806
1720.000000 0.000805
1721.000000 0.000804
1722.000000 0.000803
1723.000000 0.000803
1724.000000 0.000802
1725.000000 0.000801
1726.000000 0.000801
1727.000000 0.000799
1728.000000 0.000799
1729.000000 0.000798
1730.000000 0.000797
1731.000000 0.000796
1732.000000 0.000795
1733.000000 0.000794
1734.000000 0.000794
1735.000000 0.000793
1736.000000 0.000792
1737.000000 0.000791
1738.000000 0.000791
1739.000000 0.000790
1740.000000 0.000789
1741.000000 0.000788
1742.000000 0.000787
1743.000000 0.000787
1744.000000 0.000786
1745.000000 0.000785
1746.000000 0.000784
1747.000000 0.000783
1748.000000 0.000782
1749.000000 0.000781
1750.000000 0.000781
1751.000000 0.000780
1752.000000 0.000779
1753.000000 0.000778
1754.000000 0.000777
1755.000000 0.000776
1756.000000 0.000776
1757.000000 0.000775
1758.000000 0.000773
1759.000000 0.000773
1760.000000 0.000772
1761.000000 0.000771
1762.000000 0.000770
1763.000000 0.000769
1764.000000 0.000769
1765.000000 0.000768
1766.000000 0.000766
1767.000000 0.000766
1768.000000 0.000765
1769.000000 0.000764
1770.000000 0.000763
1771.000000 0.000762
1772.000000 0.000761
1773.000000 0.000760
1774.000000 0.000759
1775.000000 0.000759
1776.000000 0.000758
1777.000000 0.000757
1778.000000 0.000756
1779.000000 0.000755
1780.000000 0.000754
1781.000000 0.000753
1782.000000 0.000752
1783.000000 0.000751
1784.000000 0.000750
1785.000000 0.000750
1786.000000 0.000749
1787.000000 0.000748
1788.000000 0.000747
1789.000000 0.000746
1790.000000 0.000745
1791.000000 0.000743
1792.000000 0.000743
1793.000000 0.000742
1794.000000 0.000741
1795.000000 0.000740
1796.000000 0.000739
1797.000000 0.000738
1798.000000 0.000737
1799.000000 0.000736
1800.000000 0.000735
1801.000000 0.000734
1802.000000 0.000733
1803.000000 0.000732
1804.000000 0.000731
1805.000000 0.000730
1806.000000 0.000729
1807.000000 0.000728
1808.000000 0.000728
1809.000000 0.000727
1810.000000 0.000726
1811.000000 0.000725
1812.000000 0.000723
1813.000000 0.000722
1814.000000 0.000721
1815.000000 0.000720
1816.000000 0.000720
1817.000000 0.000719
1818.000000 0.000718
1819.000000 0.000717
1820.000000 0.000715
1821.000000 0.000714
1822.000000 0.000713
1823.000000 0.000712
1824.000000 0.000711
1825.000000 0.000711
1826.000000 0.000709
1827.000000 0.000708
1828.000000 0.000707
1829.000000 0.000706
1830.000000 0.000705
1831.000000 0.000704
1832.000000 0.000703
1833.000000 0.000702
1834.000000 0.000701
1835.000000 0.000700
1836.000000 0.000699
1837.000000 0.000698
1838.000000 0.000697
1839.000000 0.000696
1840.000000 0.000695
1841.000000 0.000694
1842.000000 0.000693
1843.000000 0.000692
1844.000000 0.000691
1845.000000 0.000690
1846.000000 0.000689
1847.000000 0.000688
1848.000000 0.000686
1849.000000 0.000686
1850.000000 0.000684
1851.000000 0.000683
1852.000000 0.000682
1853.000000 0.000681
1854.000000 0.000680
1855.000000 0.000679
1856.000000 0.000678
1857.000000 0.000677
1858.000000 0.000676
1859.000000 0.000675
1860.000000 0.000674
1861.000000 0.000673
1862.000000 0.000672
1863.000000 0.000670
1864.000000 0.000669
1865.000000 0.000668
1866.000000 0.000667
1867.000000 0.000666
1868.000000 0.000665
1869.000000 0.000664
1870.000000 0.000663
1871.000000 0.000662
1872.000000 0.000661
1873.000000 0.000660
1874.000000 0.000658
1875.000000 0.000657
1876.000000 0.000656
1877.000000 0.000655
1878.000000 0.000654
1879.000000 0.000653
1880.000000 0.000652
1881.000000 0.000651
1882.000000 0.000649
1883.000000 0.000649
1884.000000 0.000647
1885.000000 0.000646
1886.000000 0.000645
1887.000000 0.000644
1888.000000 0.000643
1889.000000 0.000642
1890.000000 0.000641
1891.000000 0.000639
1892.000000 0.000639
1893.000000 0.000637
1894.000000 0.000636
1895.000000 0.000635
1896.000000 0.000634
1897.000000 0.000633
1898.000000 0.000632
1899.000000 0.000630
1900.000000 0.000630
1901.000000 0.000628
1902.000000 0.000627
1903.000000 0.000626
1904.000000 0.000625
1905.000000 0.000624
1906.000000 0.000623
1907.000000 0.000621
1908.000000 0.000620
1909.000000 0.000619
1910.000000 0.000618
1911.000000 0.000617
1912.000000 0.000616
1913.000000 0.000615
1914.000000 0.000613
1915.000000 0.000612
1916.000000 0.000611
1917.000000 0.000610
1918.000000 0.000609
1919.000000 0.000608
1920.000000 0.000607
1921.000000 0.000605
1922.000000 0.000604
1923.000000 0.000603
1924.000000 0.000602
1925.000000 0.000601
1926.000000 0.000600
1927.000000 0.000598
1928.000000 0.000597
1929.000000 0.000596
1930.000000 0.000595
1931.000000 0.000594
1932.000000 0.000593
1933.000000 0.000591
1934.000000 0.000590
1935.000000 0.000589
1936.000000 0.000588
1937.000000 0.000587
1938.000000 0.000586
1939.000000 0.000584
1940.000000 0.000583
1941.000000 0.000582
1942.000000 0.000581
1943.000000 0.000580
1944.000000 0.000579
1945.000000 0.000577
1946.000000 0.000576
1947.000000 0.000575
1948.000000 0.000574
1949.000000 0.000573
1950.000000 0.000571
1951.000000 0.000570
1952.000000 0.000569
1953.000000 0.000568
1954.000000 0.000567
1955.000000 0.000566
1956.000000 0.000564
1957.000000 0.000563
1958.000000 0.000562
1959.000000 0.000561
1960.000000 0.000560
1961.000000 0.000558
1962.000000 0.000557
1963.000000 0.000556
1964.000000 0.000555
1965.000000 0.000554
1966.000000 0.000552
1967.000000 0.000551
1968.000000 0.000550
1969.000000 0.000549
1970.000000 0.000548
1971.000000 0.000546
1972.000000 0.000545
1973.000000 0.000544
1974.000000 0.000543
1975.000000 0.000542
1976.000000 0.000540
1977.000000 0.000539
1978.000000 0.000538
1979.000000 0.000537
1980.000000 0.000536
1981.000000 0.000535
1982.000000 0.000533
1983.000000 0.000532
1984.000000 0.000531
1985.000000 0.000530
1986.000000 0.000529
1987.000000 0.000527
1988.000000 0.000526
1989.000000 0.000525
1990.000000 0.000524
1991.000000 0.000522
1992.000000 0.000521
1993.000000 0.000520
1994.000000 0.000519
1995.000000 0.000518
1996.000000 0.000516
1997.000000 0.000515
1998.000000 0.000514
1999.000000 0.000513
2000.000000 0.000512
2001.000000 0.000510
2002.000000 0.000509
2003.000000 0.000508
2004.000000 0.000507
2005.000000 0.000506
2006.000000 0.000504
2007.000000 0.000503
2008.000000 0.000502
2009.000000 0.000501
2010.000000 0.000500
2011.000000 0.000498
2012.000000 0.000497
2013.000000 0.000496
2014.000000 0.000495
2015.000000 0.000494
2016.000000 0.000492
2017.000000 0.000491
2018.000000 0.000490
2019.000000 0.000489
2020.000000 0.000487
2021.000000 0.000486
2022.000000 0.000485
2023.000000 0.000484
2024.000000 0.000483
2025.000000 0.000481
2026.000000 0.000480
2027.000000 0.000479
2028.000000 0.000478
2029.000000 0.000477
2030.000000 0.000475
2031.000000 0.000474
2032.000000 0.000473
2033.000000 0.000472
2034.000000 0.000471
2035.000000 0.000469
2036.000000 0.000468
2037.000000 0.000467
2038.000000 0.000466
2039.000000 0.000464
2040.000000 0.000463
2041.000000 0.000462
2042.000000 0.000461
2043.000000 0.000460
2044.000000 0.000458
2045.000000 0.000457
2046.000000 0.000456
2047.000000 0.000455
2048.000000 0.000454
2049.000000 0.000452
2050.000000 0.000451
2051.000000 0.000450
2052.000000 0.000449
2053.000000 0.000448
2054.000000 0.000446
2055.000000 0.000445
2056.000000 0.000444
2057.000000 0.000443
2058.000000 0.000441
2059.000000 0.000440
2060.000000 0.000439
2061.000000 0.000438
2062.000000 0.000437
2063.000000 0.000435
2064.000000 0.000434
2065.000000 0.000433
2066.000000 0.000432
2067.000000 0.000431
2068.000000 0.000429
2069.000000 0.000428
2070.000000 0.000427
2071.000000 0.000426
2072.000000 0.000425
2073.000000 0.000423
2074.000000 0.000422
2075.000000 0.000421
2076.000000 0.000420
2077.000000 0.000419
2078.000000 0.000417
2079.000000 0.000416
2080.000000 0.000415
2081.000000 0.000414
2082.000000 0.000413
2083.000000 0.000411
2084.000000 0.000410
2085.000000 0.000409
2086.000000 0.000408
2087.000000 0.000407
2088.000000 0.000405
2089.000000 0.000404
2090.000000 0.000403
2091.000000 0.000402
2092.000000 0.000401
2093.000000 0.000399
2094.000000 0.000398
2095.000000 0.000397
2096.000000 0.000396
2097.000000 0.000395
2098.000000 0.000393
2099.000000 0.000392
2100.000000 0.000391
2101.000000 0.000390
2102.000000 0.000389
2103.000000 0.000387
2104.000000 0.000386
2105.000000 0.000385
2106.000000 0.000384
2107.000000 0.000383
2108.000000 0.000381
2109.000000 0.000380
2110.000000 0.000379
2111.000000 0.000378
2112.000000 0.000377
2113.000000 0.000376
2114.000000 0.000374
2115.000000 0.000373
2116.000000 0.000372
2117.000000 0.000371
2118.000000 0.000370
2119.000000 0.000368
2120.000000 0.000367
2121.000000 0.000366
2122.000000 0.000365
2123.000000 0.000364
2124.000000 0.000363
2125.000000 0.000361
2126.000000 0.000360
2127.000000 0.000359
2128.000000 0.000358
2129.000000 0.000357
2130.000000 0.000355
2131.000000 0.000354
2132.000000 0.000353
2133.000000 0.000352
2134.000000 0.000351
2135.000000 0.000350
2136.000000 0.000348
2137.000000 0.000347
2138.000000 0.000346
2139.000000 0.000345
2140.000000 0.000344
2141.000000 0.000343
2142.000000 0.000341
2143.000000 0.000340
2144.000000 0.000339
2145.000000 0.000338
2146.000000 0.000337
2147.000000 0.000336
2148.000000 0.000334
2149.000000 0.000333
2150.000000 0.000332
2151.000000 0.000331
2152.000000 0.000330
2153.000000 0.000329
2154.000000 0.000327
2155.000000 0.000326
2156.000000 0.000325
2157.000000 0.000324
2158.000000 0.000323
2159.000000 0.000322
2160.000000 0.000321
2161.000000 0.000319
2162.000000 0.000318
2163.000000 0.000317
2164.000000 0.000316
2165.000000 0.000315
2166.000000 0.000314
2167.000000 0.000313
2168.000000 0.000311
2169.000000 0.000310
2170.000000 0.000309
2171.000000 0.000308
2172.000000 0.000307
2173.000000 0.000306
2174.000000 0.000305
2175.000000 0.000303
2176.000000 0.000302
2177.000000 0.000301
2178.000000 0.000300
2179.000000 0.000299
2180.000000 0.000298
2181.000000 0.000297
2182.000000 0.000296
2183.000000 0.000294
2184.000000 0.000293
2185.000000 0.000292
2186.000000 0.000291
2187.000000 0.000290
2188.000000 0.000289
2189.000000 0.000288
2190.000000 0.000287
2191.000000 0.000285
2192.000000 0.000284
2193.000000 0.000283
2194.000000 0.000282
2195.000000 0.000281
2196.000000 0.000280
2197.000000 0.000279
2198.000000 0.000278
2199.000000 0.000277
2200.000000 0.000275
2201.000000 0.000274
2202.000000 0.000273
2203.000000 0.000272
2204.000000 0.000271
2205.000000 0.000270
2206.000000 0.000269
2207.000000 0.000268
2208.000000 0.000267
2209.000000 0.000266
2210.000000 0.000264
2211.000000 0.000263
2212.000000 0.000262
2213.000000 0.000261
2214.000000 0.000260
2215.000000 0.000259
2216.000000 0.000258
2217.000000 0.000257
2218.000000 0.000256
2219.000000 0.000255
2220.000000 0.000254
2221.000000 0.000253
2222.000000 0.000251
2223.000000 0.000250
2224.000000 0.000249
2225.000000 0.000248
2226.000000 0.000247
2227.000000 0.000246
2228.000000 0.000245
2229.000000 0.000244
2230.000000 0.000243
2231.000000 0.000242
2232.000000 0.000241
2233.000000 0.000240
2234.000000 0.000239
2235.000000 0.000238
2236.000000 0.000237
2237.000000 0.000236
2238.000000 0.000235
2239.000000 0.000233
2240.000000 0.000232
2241.000000 0.000231
2242.000000 0.000230
2243.000000 0.000229
2244.000000 0.000228
2245.000000 0.000227
2246.000000 0.000226
2247.000000 0.000225
2248.000000 0.000224
2249.000000 0.000223
2250.000000 0.000222
2251.000000 0.000221
2252.000000 0.000220
2253.000000 0.000219
2254.000000 0.000218
2255.000000 0.000217
2256.000000 0.000216
2257.000000 0.000215
2258.000000 0.000214
2259.000000 0.000213
2260.000000 0.000212
2261.000000 0.000211
2262.000000 0.000210
2263.000000 0.000209
2264.000000 0.000208
2265.000000 0.000207
2266.000000 0.000206
2267.000000 0.000205
2268.000000 0.000204
2269.000000 0.000203
2270.000000 0.000202
2271.000000 0.000201
2272.000000 0.000200
2273.000000 0.000199
2274.000000 0.000198
2275.000000 0.000197
2276.000000 0.000196
2277.000000 0.000195
2278.000000 0.000194
2279.000000 0.000193
2280.000000 0.000192
2281.000000 0.000191
2282.000000 0.000190
2283.000000 0.000189
2284.000000 0.000188
2285.000000 0.000187
2286.000000 0.000186
2287.000000 0.000185
2288.000000 0.000184
2289.000000 0.000184
2290.000000 0.000183
2291.000000 0.000182
2292.000000 0.000181
2293.000000 0.000180
2294.000000 0.000179
2295.000000 0.000178
2296.000000 0.000177
2297.000000 0.000176
2298.000000 0.000175
2299.000000 0.000174
2300.000000 0.000173
2301.000000 0.000172
2302.000000 0.000171
2303.000000 0.000170
2304.000000 0.000170
2305.000000 0.000169
2306.000000 0.000168
2307.000000 0.000167
2308.000000 0.000166
2309.000000 0.000165
2310.000000 0.000164
2311.000000 0.000163
2312.000000 0.000162
2313.000000 0.000161
2314.000000 0.000161
2315.000000 0.000160
2316.000000 0.000159
2317.000000 0.000158
2318.000000 0.000157
2319.000000 0.000156
2320.000000 0.000155
2321.000000 0.000154
2322.000000 0.000153
2323.000000 0.000153
2324.000000 0.000152
2325.000000 0.000151
2326.000000 0.000150
2327.000000 0.000149
2328.000000 0.000148
2329.000000 0.000147
2330.000000 0.000147
2331.000000 0.000146
2332.000000 0.000145
2333.000000 0.000144
2334.000000 0.000143
2335.000000 0.000142
2336.000000 0.000141
2337.000000 0.000141
2338.000000 0.000140
2339.000000 0.000139
2340.000000 0.000138
2341.000000 0.000137
2342.000000 0.000136
2343.000000 0.000136
2344.000000 0.000135
2345.000000 0.000134
2346.000000 0.000133
2347.000000 0.000132
2348.000000 0.000132
2349.000000 0.000131
2350.000000 0.000130
2351.000000 0.000129
2352.000000 0.000128
2353.000000 0.000128
2354.000000 0.000127
2355.000000 0.000126
2356.000000 0.000125
2357.000000 0.000124
2358.000000 0.000124
2359.000000 0.000123
2360.000000 0.000122
2361.000000 0.000121
2362.000000 0.000121
2363.000000 0.000120
2364.000000 0.000119
2365.000000 0.000118
2366.000000 0.000117
2367.000000 0.000117
2368.000000 0.000116
2369.000000 0.000115
2370.000000 0.000114
2371.000000 0.000114
2372.000000 0.000113
2373.000000 0.000112
2374.000000 0.000111
2375.000000 0.000111
2376.000000 0.000110
2377.000000 0.000109
2378.000000 0.000109
2379.000000 0.000108
2380.000000 0.000107
2381.000000 0.000106
2382.000000 0.000106
2383.000000 0.000105
2384.000000 0.000104
2385.000000 0.000103
2386.000000 0.000103
2387.000000 0.000102
2388.000000 0.000101
2389.000000 0.000101
2390.000000 0.000100
2391.000000 0.000099
2392.000000 0.000099
2393.000000 0.000098
2394.000000 0.000097
2395.000000 0.000097
2396.000000 0.000096
2397.000000 0.000095
2398.000000 0.000094
2399.000000 0.000094
2400.000000 0.000093
2401.000000 0.000092
2402.000000 0.000092
2403.000000 0.000091
2404.000000 0.000090
2405.000000 0.000090
2406.000000 0.000089
2407.000000 0.000089
2408.000000 0.000088
2409.000000 0.000087
2410.000000 0.000087
2411.000000 0.000086
2412.000000 0.000085
2413.000000 0.000085
2414.000000 0.000084
2415.000000 0.000083
2416.000000 0.000083
2417.000000 0.000082
2418.000000 0.000082
2419.000000 0.000081
2420.000000 0.000080
2421.000000 0.000080
2422.000000 0.000079
2423.000000 0.000079
2424.000000 0.000078
2425.000000 0.000077
2426.000000 0.000077
2427.000000 0.000076
2428.000000 0.000076
2429.000000 0.000075
2430.000000 0.000074
2431.000000 0.000074
2432.000000 0.000073
2433.000000 0.000073
2434.000000 0.000072
2435.000000 0.000071
2436.000000 0.000071
2437.000000 0.000070
2438.000000 0.000070
2439.000000 0.000069
2440.000000 0.000069
2441.000000 0.000068
2442.000000 0.000068
2443.000000 0.000067
2444.000000 0.000066
2445.000000 0.000066
2446.000000 0.000065
2447.000000 0.000065
2448.000000 0.000064
2449.000000 0.000064
2450.000000 0.000063
2451.000000 0.000063
2452.000000 0.000062
2453.000000 0.000062
2454.000000 0.000061
2455.000000 0.000061
2456.000000 0.000060
2457.000000 0.000060
2458.000000 0.000059
2459.000000 0.000059
2460.000000 0.000058
2461.000000 0.000058
2462.000000 0.000057
2463.000000 0.000057
2464.000000 0.000056
2465.000000 0.000056
2466.000000 0.000055
2467.000000 0.000055
2468.000000 0.000054
2469.000000 0.000054
2470.000000 0.000053
2471.000000 0.000053
2472.000000 0.000052
2473.000000 0.000052
2474.000000 0.000051
2475.000000 0.000051
2476.000000 0.000050
2477.000000 0.000050
2478.000000 0.000050
2479.000000 0.000049
2480.000000 0.000049
2481.000000 0.000048
2482.000000 0.000048
2483.000000 0.000047
2484.000000 0.000047
2485.000000 0.000046
2486.000000 0.000046
2487.000000 0.000046
2488.000000 0.000045
2489.000000 0.000045
2490.000000 0.000044
2491.000000 0.000044
2492.000000 0.000043
2493.000000 0.000043
2494.000000 0.000043
2495.000000 0.000042
2496.000000 0.000042
2497.000000 0.000041
2498.000000 0.000041
2499.000000 0.000041
2500.000000 0.000040
2501.000000 0.000040
2502.000000 0.000039
2503.000000 0.000039
2504.000000 0.000039
2505.000000 0.000038
2506.000000 0.000038
2507.000000 0.000038
2508.000000 0.000037
2509.000000 0.000037
2510.000000 0.000036
2511.000000 0.000036
2512.000000 0.000036
2513.000000 0.000035
2514.000000 0.000035
2515.000000 0.000035
2516.000000 0.000034
2517.000000 0.000034
2518.000000 0.000034
2519.000000 0.000033
2520.000000 0.000033
2521.000000 0.000033
2522.000000 0.000032
2523.000000 0.000032
2524.000000 0.000032
2525.000000 0.000031
2526.000000 0.000031
2527.000000 0.000031
2528.000000 0.000030
2529.000000 0.000030
2530.000000 0.000030
2531.000000 0.000029
2532.000000 0.000029
2533.000000 0.000029
2534.000000 0.000028
2535.000000 0.000028
2536.000000 0.000028
2537.000000 0.000027
2538.000000 0.000027
2539.000000 0.000027
2540.000000 0.000026
2541.000000 0.000026
2542.000000 0.000026
2543.000000 0.000026
2544.000000 0.000025
2545.000000 0.000025
2546.000000 0.000025
2547.000000 0.000024
2548.000000 0.000024
2549.000000 0.000024
2550.000000 0.000024
2551.000000 0.000023
2552.000000 0.000023
2553.000000 0.000023
2554.000000 0.000023
2555.000000 0.000022
2556.000000 0.000022
2557.000000 0.000022
2558.000000 0.000022
2559.000000 0.000021
2560.000000 0.000021
2561.000000 0.000021
2562.000000 0.000021
2563.000000 0.000020
2564.000000 0.000020
2565.000000 0.000020
2566.000000 0.000020
2567.000000 0.000019
2568.000000 0.000019
2569.000000 0.000019
2570.000000 0.000019
2571.000000 0.000018
2572.000000 0.000018
2573.000000 0.000018
2574.000000 0.000018
2575.000000 0.000017
2576.000000 0.000017
2577.000000 0.000017
2578.000000 0.000017
2579.000000 0.000017
2580.000000 0.000016
2581.000000 0.000016
2582.000000 0.000016
2583.000000 0.000016
2584.000000 0.000016
2585.000000 0.000015
2586.000000 0.000015
2587.000000 0.000015
2588.000000 0.000015
2589.000000 0.000015
2590.000000 0.000014
2591.000000 0.000014
2592.000000 0.000014
2593.000000 0.000014
2594.000000 0.000014
2595.000000 0.000013
2596.000000 0.000013
2597.000000 0.000013
2598.000000 0.000013
2599.000000 0.000013
2600.000000 0.000013
2601.000000 0.000012
2602.000000 0.000012
2603.000000 0.000012
2604.000000 0.000012
2605.000000 0.000012
2606.000000 0.000012
2607.000000 0.000011
2608.000000 0.000011
2609.000000 0.000011
2610.000000 0.000011
2611.000000 0.000011
2612.000000 0.000011
2613.000000 0.000010
2614.000000 0.000010
2615.000000 0.000010
2616.000000 0.000010
2617.000000 0.000010
2618.000000 0.000010
2619.000000 0.000010
2620.000000 0.000009
2621.000000 0.000009
2622.000000 0.000009
2623.000000 0.000009
2624.000000 0.000009
2625.000000 0.000009
2626.000000 0.000009
2627.000000 0.000009
2628.000000 0.000008
2629.000000 0.000008
2630.000000 0.000008
2631.000000 0.000008
2632.000000 0.000008
2633.000000 0.000008
2634.000000 0.000008
2635.000000 0.000008
2636.000000 0.000007
2637.000000 0.000007
2638.000000 0.000007
2639.000000 0.000007
2640.000000 0.000007
2641.000000 0.000007
2642.000000 0.000007
2643.000000 0.000007
2644.000000 0.000007
2645.000000 0.000006
2646.000000 0.000006
2647.000000 0.000006
2648.000000 0.000006
2649.000000 0.000006
2650.000000 0.000006
2651.000000 0.000006
2652.000000 0.000006
2653.000000 0.000006
2654.000000 0.000006
2655.000000 0.000005
2656.000000 0.000005
2657.000000 0.000005
2658.000000 0.000005
2659.000000 0.000005
2660.000000 0.000005
2661.000000 0.000005
2662.000000 0.000005
2663.000000 0.000005
2664.000000 0.000005
2665.000000 0.000005
2666.000000 0.000004
2667.000000 0.000004
2668.000000 0.000004
2669.000000 0.000004
2670.000000 0.000004
2671.000000 0.000004
2672.000000 0.000004
2673.000000 0.000004
2674.000000 0.000004
2675.000000 0.000004
2676.000000 0.000004
2677.000000 0.000004
2678.000000 0.000004
2679.000000 0.000004
2680.000000 0.000003
2681.000000 0.000003
2682.000000 0.000003
2683.000000 0.000003
2684.000000 0.000003
2685.000000 0.000003
2686.000000 0.000003
2687.000000 0.000003
2688.000000 0.000003
2689.000000 0.000003
2690.000000 0.000003
2691.000000 0.000003
2692.000000 0.000003
2693.000000 0.000003
2694.000000 0.000003
2695.000000 0.000003
2696.000000 0.000003
2697.000000 0.000002
2698.000000 0.000002
2699.000000 0.000002
2700.000000 0.000002
2701.000000 0.000002
2702.000000 0.000002
2703.000000 0.000002
2704.000000 0.000002
2705.000000 0.000002
2706.000000 0.000002
2707.000000 0.000002
2708.000000 0.000002
2709.000000 0.000002
2710.000000 0.000002
2711.000000 0.000002
2712.000000 0.000002
2713.000000 0.000002
2714.000000 0.000002
2715.000000 0.000002
2716.000000 0.000002
2717.000000 0.000002
2718.000000 0.000002
2719.000000 0.000002
2720.000000 0.000001
2721.000000 0.000001
2722.000000 0.000001
2723.000000 0.000001
2724.000000 0.000001
2725.000000 0.000001
2726.000000 0.000001
2727.000000 0.000001
2728.000000 0.000001
2729.000000 0.000001
2730.000000 0.000001
2731.000000 0.000001
2732.000000 0.000001
2733.000000 0.000001
2734.000000 0.000001
2735.000000 0.000001
2736.000000 0.000001
2737.000000 0.000001
2738.000000 0.000001
2739.000000 0.000001
2740.000000 0.000001
2741.000000 0.000001
2742.000000 0.000001
2743.000000 0.000001
2744.000000 0.000001
2745.000000 0.000001
2746.000000 0.000001
2747.000000 0.000001
2748.000000 0.000001
2749.000000 0.000001
2750.000000 0.000001
2751.000000 0.000001
2752.000000 0.000001
2753.000000 0.000001
2754.000000 0.000001
2755.000000 0.000001
2756.000000 0.000001
2757.000000 0.000001
2758.000000 0.000001
2759.000000 0.000001
2760.000000 0.000001
2761.000000 0.000001
2762.000000 0.000000
2763.000000 0.000000
2764.000000 0.000000
2765.000000 0.000000
2766.000000 0.000000
2767.000000 0.000000
2768.000000 0.000000
2769.000000 0.000000
2770.000000 0.000000
2771.000000 0.000000
2772.000000 0.000000
2773.000000 0.000000
2774.000000 0.000000
2775.000000 0.000000
2776.000000 0.000000
2777.000000 0.000000
2778.000000 0.000000
2779.000000 0.000000
2780.000000 0.000000
2781.000000 0.000000
2782.000000 0.000000
2783.000000 0.000000
2784.000000 0.000000
2785.000000 0.000000
2786.000000 0.000000
2787.000000 0.000000
2788.000000 0.000000
2789.000000 0.000000
2790.000000 0.000000
2791.000000 0.000000
2792.000000 0.000000
2793.000000 0.000000
2794.000000 0.000000
2795.000000 0.000000
2796.000000 0.000000
2797.000000 0.000000
2798.000000 0.000000
2799.000000 0.000000
2800.000000 0.000000
2801.000000 0.000000
2802.000000 0.000000
2803.000000 0.000000
2804.000000 0.000000
2805.000000 0.000000
2806.000000 0.000000
2807.000000 0.000000
2808.000000 0.000000
2809.000000 0.000000
2810.000000 0.000000
2811.000000 0.000000
2812.000000 0.000000
2813.000000 0.000000
2814.000000 0.000000
2815.000000 0.000000
2816.000000 0.000000
2817.000000 0.000000
2818.000000 0.000000
2819.000000 0.000000
2820.000000 0.000000
2821.000000 0.000000
2822.000000 0.000000
2823.000000 0.000000
2824.000000 0.000000
2825.000000 0.000000
2826.000000 0.000000
2827.000000 0.000000
2828.000000 0.000000
2829.000000 0.000000
2830.000000 0.000000
2831.000000 0.000000
2832.000000 0.000000
2833.000000 0.000000
2834.000000 0.000000
2835.000000 0.000000
2836.000000 0.000000
2837.000000 0.000000
2838.000000 0.000000
2839.000000 0.000000
2840.000000 0.000000
2841.000000 0.000000
2842.000000 0.000000
2843.000000 0.000000
2844.000000 0.000000
2845.000000 0.000000
2846.000000 0.000000
2847.000000 0.000000
2848.000000 0.000000
2849.000000 0.000000
2850.000000 0.000000
2851.000000 0.000000
2852.000000 0.000000
2853.000000 0.000000
2854.000000 0.000000
2855.000000 0.000000
2856.000000 0.000000
2857.000000 0.000000
2858.000000 0.000000
2859.000000 0.000000
2860.000000 0.000000
2861.000000 0.000000
2862.000000 0.000000
2863.000000 0.000000
2864.000000 0.000000
2865.000000 0.000000
2866.000000 0.000000
2867.000000 0.000000
2868.000000 0.000000
2869.000000 0.000000
2870.000000 0.000000
2871.000000 0.000000
2872.000000 0.000000
2873.000000 0.000000
2874.000000 0.000000
2875.000000 0.000000
2876.000000 0.000000
2877.000000 0.000000
2878.000000 0.000000
2879.000000 0.000000
2880.000000 0.000000
2881.000000 0.000000
2882.000000 0.000000
2883.000000 0.000000
2884.000000 0.000000
2885.000000 0.000000
2886.000000 0.000000
2887.000000 0.000000
2888.000000 0.000000
2889.000000 0.000000
2890.000000 0.000000
2891.000000 0.000000
2892.000000 0.000000
2893.000000 0.000000
2894.000000 0.000000
2895.000000 0.000000
2896.000000 0.000000
2897.000000 0.000000
2898.000000 0.000000
2899.000000 0.000000
2900.000000 0.000000
2901.000000 0.000000
2902.000000 0.000000
2903.000000 0.000000
2904.000000 0.000000
2905.000000 0.000000
2906.000000 0.000000
2907.000000 0.000000
2908.000000 0.000000
2909.000000 0.000000
2910.000000 0.000000
2911.000000 0.000000
2912.000000 0.000000
2913.000000 0.000000
2914.000000 0.000000
2915.000000 0.000000
2916.000000 0.000000
2917.000000 0.000000
2918.000000 0.000000
2919.000000 0.000000
2920.000000 0.000000
2921.000000 0.000000
2922.000000 0.000000
2923.000000 0.000000
2924.000000 0.000000
2925.000000 0.000000
2926.000000 0.000000
2927.000000 0.000000
2928.000000 0.000000
2929.000000 0.000000
2930.000000 0.000000
2931.000000 0.000000
2932.000000 0.000000
2933.000000 0.000000
2934.000000 0.000000
2935.000000 0.000000
2936.000000 0.000000
2937.000000 0.000000
2938.000000 0.000000
2939.000000 0.000000
2940.000000 0.000000
2941.000000 0.000000
2942.000000 0.000000
2943.000000 0.000000
2944.000000 0.000000
2945.000000 0.000000
2946.000000 0.000000
2947.000000 0.000000
2948.000000 0.000000
2949.000000 0.000000
2950.000000 0.000000
2951.000000 0.000000
2952.000000 0.000000
2953.000000 0.000000
2954.000000 0.000000
2955.000000 0.000000
2956.000000 0.000000
2957.000000 0.000000
2958.000000 0.000000
2959.000000 0.000000
2960.000000 0.000000
2961.000000 0.000000
2962.000000 0.000000
2963.000000 0.000000
2964.000000 0.000000
2965.000000 0.000000
2966.000000 0.000000
2967.000000 0.000000
2968.000000 0.000000
2969.000000 0.000000
2970.000000 0.000000
2971.000000 0.000000
2972.000000 0.000000
2973.000000 0.000000
2974.000000 0.000000
2975.000000 0.000000
2976.000000 0.000000
2977.000000 0.000000
2978.000000 0.000000
2979.000000 0.000000
2980.000000 0.000000
2981.000000 0.000000
2982.000000 0.000000
2983.000000 0.000000
2984.000000 0.000000
2985.000000 0.000000
2986.000000 0.000000
2987.000000 0.000000
2988.000000 0.000000
2989.000000 0.000000
2990.000000 0.000000
2991.000000 0.000000
2992.000000 0.000000
2993.000000 0.000000
2994.000000 0.000000
2995.000000 0.000000
2996.000000 0.000000
2997.000000 0.000000
2998.000000 0.000000
2999.000000 0.000000
3000.000000 0.000000
