n lam mean variance std
3000 0.430000 1500.501635 140513.808021 374.851715
bin_midpoint probability
1.000000 0.000000
2.000000 0.000000
3.000000 0.000000
4.000000 0.000000
5.000000 0.000000
6.000000 0.000000
7.000000 0.000000
8.000000 0.000000
9.000000 0.000000
10.000000 0.000000
11.000000 0.000000
12.000000 0.000000
13.000000 0.000000
14.000000 0.000000
15.000000 0.000000
16.000000 0.000000
17.000000 0.000000
18.000000 0.000000
19.000000 0.000000
20.000000 0.000000
21.000000 0.000000
22.000000 0.000000
23.000000 0.000000
24.000000 0.000000
25.000000 0.000000
26.000000 0.000000
27.000000 0.000000
28.000000 0.000000
29.000000 0.000000
30.000000 0.000000
31.000000 0.000000
32.000000 0.000000
33.000000 0.000000
34.000000 0.000000
35.000000 0.000000
36.000000 0.000000
37.000000 0.000000
38.000000 0.000000
39.000000 0.000000
40.000000 0.000000
41.000000 0.000000
42.000000 0.000000
43.000000 0.000000
44.000000 0.000000
45.000000 0.000000
46.000000 0.000000
47.000000 0.000000
48.000000 0.000000
49.000000 0.000000
50.000000 0.000000
51.000000 0.000000
52.000000 0.000000
53.000000 0.000000
54.000000 0.000000
55.000000 0.000000
56.000000 0.000000
57.000000 0.000000
58.000000 0.000000
59.000000 0.000000
60.000000 0.000000
61.000000 0.000000
62.000000 0.000000
63.000000 0.000000
64.000000 0.000000
65.000000 0.000000
66.000000 0.000000
67.000000 0.000000
68.000000 0.000000
69.000000 0.000000
70.000000 0.000000
71.000000 0.000000
72.000000 0.000000
73.000000 0.000000
74.000000 0.000000
75.000000 0.000000
76.000000 0.000000
77.000000 0.000000
78.000000 0.000000
79.000000 0.000000
80.000000 0.000000
81.000000 0.000000
82.000000 0.000000
83.000000 0.000000
84.000000 0.000000
85.000000 0.000000
86.000000 0.000000
87.000000 0.000000
88.000000 0.000000
89.000000 0.000000
90.000000 0.000000
91.000000 0.000000
92.000000 0.000000
93.000000 0.000000
94.000000 0.000000
95.000000 0.000000
96.000000 0.000000
97.000000 0.000000
98.000000 0.000000
99.000000 0.000000
100.000000 0.000000
101.000000 0.000000
102.000000 0.000000
103.000000 0.000000
104.000000 0.000000
105.000000 0.000000
106.000000 0.000000
107.000000 0.000000
108.000000 0.000000
109.000000 0.000000
110.000000 0.000000
111.000000 0.000000
112.000000 0.000000
113.000000 0.000000
114.000000 0.000000
115.000000 0.000000
116.000000 0.000000
117.000000 0.000000
118.000000 0.000000
119.000000 0.000000
120.000000 0.000000
121.000000 0.000000
122.000000 0.000000
123.000000 0.000000
124.000000 0.000000
125.000000 0.000000
126.000000 0.000000
127.000000 0.000000
128.000000 0.000000
129.000000 0.000000
130.000000 0.000000
131.000000 0.000000
132.000000 0.000000
133.000000 0.000000
134.000000 0.000000
135.000000 0.000000
136.000000 0.000000
137.000000 0.000000
138.000000 0.000000
139.000000 0.000000
140.000000 0.000000
141.000000 0.000000
142.000000 0.000000
143.000000 0.000000
144.000000 0.000000
145.000000 0.000000
146.000000 0.000000
147.000000 0.000000
148.000000 0.000000
149.000000 0.000000
150.000000 0.000000
151.000000 0.000000
152.000000 0.000000
153.000000 0.000000
154.000000 0.000000
155.000000 0.000000
156.000000 0.000000
157.000000 0.000000
158.000000 0.000000
159.000000 0.000000
160.000000 0.000000
161.000000 0.000000
162.000000 0.000000
163.000000 0.000000
164.000000 0.000000
165.000000 0.000000
166.000000 0.000000
167.000000 0.000000
168.000000 0.000000
169.000000 0.000000
170.000000 0.000000
171.000000 0.000000
172.000000 0.000000
173.000000 0.000000
174.000000 0.000000
175.000000 0.000000
176.000000 0.000000
177.000000 0.000000
178.000000 0.000000
179.000000 0.000000
180.000000 0.000000
181.000000 0.000000
182.000000 0.000000
183.000000 0.000000
184.000000 0.000000
185.000000 0.000000
186.000000 0.000000
187.000000 0.000000
188.000000 0.000000
189.000000 0.000000
190.000000 0.000000
191.000000 0.000000
192.000000 0.000000
193.000000 0.000000
194.000000 0.000000
195.000000 0.000000
196.000000 0.000000
197.000000 0.000000
198.000000 0.000000
199.000000 0.000000
200.000000 0.000000
201.000000 0.000000
202.000000 0.000000
203.000000 0.000000
204.000000 0.000000
205.000000 0.000000
206.000000 0.000000
207.000000 0.000000
208.000000 0.000000
209.000000 0.000000
210.000000 0.000000
211.000000 0.000000
212.000000 0.000000
213.000000 0.000000
214.000000 0.000000
215.000000 0.000000
216.000000 0.000000
217.000000 0.000000
218.000000 0.000000
219.000000 0.000000
220.000000 0.000000
221.000000 0.000000
222.000000 0.000000
223.000000 0.000000
224.000000 0.000000
225.000000 0.000000
226.000000 0.000000
227.000000 0.000000
228.000000 0.000000
229.000000 0.000000
230.000000 0.000000
231.000000 0.000000
232.000000 0.000000
233.000000 0.000000
234.000000 0.000000
235.000000 0.000000
236.000000 0.000000
237.000000 0.000000
238.000000 0.000000
239.000000 0.000000
240.000000 0.000000
241.000000 0.000000
242.000000 0.000000
243.000000 0.000000
244.000000 0.000000
245.000000 0.000000
246.000000 0.000000
247.000000 0.000000
248.000000 0.000000
249.000000 0.000000
250.000000 0.000000
251.000000 0.000000
252.000000 0.000000
253.000000 0.000000
254.000000 0.000000
255.000000 0.000000
256.000000 0.000000
257.000000 0.000000
258.000000 0.000000
259.000000 0.000000
260.000000 0.000000
261.000000 0.000000
262.000000 0.000000
263.000000 0.000000
264.000000 0.000000
265.000000 0.000000
266.000000 0.000000
267.000000 0.000000
268.000000 0.000000
269.000000 0.000000
270.000000 0.000000
271.000000 0.000000
272.000000 0.000000
273.000000 0.000000
274.000000 0.000000
275.000000 0.000000
276.000000 0.000000
277.000000 0.000000
278.000000 0.000000
279.000000 0.000000
280.000000 0.000000
281.000000 0.000000
282.000000 0.000000
283.000000 0.000000
284.000000 0.000000
285.000000 0.000000
286.000000 0.000000
287.000000 0.000000
288.000000 0.000000
289.000000 0.000000
290.000000 0.000000
291.000000 0.000000
292.000000 0.000000
293.000000 0.000000
294.000000 0.000000
295.000000 0.000000
296.000000 0.000000
297.000000 0.000000
298.000000 0.000000
299.000000 0.000000
300.000000 0.000000
301.000000 0.000000
302.000000 0.000000
303.000000 0.000000
304.000000 0.000000
305.000000 0.000000
306.000000 0.000000
307.000000 0.000000
308.000000 0.000000
309.000000 0.000000
310.000000 0.000000
311.000000 0.000001
312.000000 0.000001
313.000000 0.000001
314.000000 0.000001
315.000000 0.000001
316.000000 0.000001
317.000000 0.000001
318.000000 0.000001
319.000000 0.000001
320.000000 0.000001
321.000000 0.000001
322.000000 0.000001
323.000000 0.000001
324.000000 0.000001
325.000000 0.000001
326.000000 0.000001
327.000000 0.000001
328.000000 0.000001
329.000000 0.000001
330.000000 0.000001
331.000000 0.000001
332.000000 0.000001
333.000000 0.000001
334.000000 0.000001
335.000000 0.000001
336.000000 0.000001
337.000000 0.000001
338.000000 0.000001
339.000000 0.000001
340.000000 0.000001
341.000000 0.000001
342.000000 0.000001
343.000000 0.000001
344.000000 0.000001
345.000000 0.000001
346.000000 0.000001
347.000000 0.000001
348.000000 0.000001
349.000000 0.000001
350.000000 0.000001
351.000000 0.000001
352.000000 0.000001
353.000000 0.000001
354.000000 0.000001
355.000000 0.000001
356.000000 0.000001
357.000000 0.000002
358.000000 0.000002
359.000000 0.000002
360.000000 0.000002
361.000000 0.000002
362.000000 0.000002
363.000000 0.000002
364.000000 0.000002
365.000000 0.000002
366.000000 0.000002
367.000000 0.000002
368.000000 0.000002
369.000000 0.000002
370.000000 0.000002
371.000000 0.000002
372.000000 0.000002
373.000000 0.000002
374.000000 0.000002
375.000000 0.000002
376.000000 0.000002
377.000000 0.000002
378.000000 0.000002
379.000000 0.000002
380.000000 0.000002
381.000000 0.000002
382.000000 0.000003
383.000000 0.000003
384.000000 0.000003
385.000000 0.000003
386.000000 0.000003
387.000000 0.000003
388.000000 0.000003
389.000000 0.000003
390.000000 0.000003
391.000000 0.000003
392.000000 0.000003
393.000000 0.000003
394.000000 0.000003
395.000000 0.000003
396.000000 0.000003
397.000000 0.000003
398.000000 0.000003
399.000000 0.000003
400.000000 0.000004
401.000000 0.000004
402.000000 0.000004
403.000000 0.000004
404.000000 0.000004
405.000000 0.000004
406.000000 0.000004
407.000000 0.000004
408.000000 0.000004
409.000000 0.000004
410.000000 0.000004
411.000000 0.000004
412.000000 0.000004
413.000000 0.000004
414.000000 0.000005
415.000000 0.000005
416.000000 0.000005
417.000000 0.000005
418.000000 0.000005
419.000000 0.000005
420.000000 0.000005
421.000000 0.000005
422.000000 0.000005
423.000000 0.000005
424.000000 0.000005
425.000000 0.000005
426.000000 0.000006
427.000000 0.000006
428.000000 0.000006
429.000000 0.000006
430.000000 0.000006
431.000000 0.000006
432.000000 0.000006
433.000000 0.000006
434.000000 0.000006
435.000000 0.000006
436.000000 0.000007
437.000000 0.000007
438.000000 0.000007
439.000000 0.000007
440.000000 0.000007
441.000000 0.000007
442.000000 0.000007
443.000000 0.000007
444.000000 0.000007
445.000000 0.000008
446.000000 0.000008
447.000000 0.000008
448.000000 0.000008
449.000000 0.000008
450.000000 0.000008
451.000000 0.000008
452.000000 0.000008
453.000000 0.000009
454.000000 0.000009
455.000000 0.000009
456.000000 0.000009
457.000000 0.000009
458.000000 0.000009
459.000000 0.000009
460.000000 0.000009
461.000000 0.000010
462.000000 0.000010
463.000000 0.000010
464.000000 0.000010
465.000000 0.000010
466.000000 0.000010
467.000000 0.000010
468.000000 0.000011
469.000000 0.000011
470.000000 0.000011
471.000000 0.000011
472.000000 0.000011
473.000000 0.000011
474.000000 0.000012
475.000000 0.000012
476.000000 0.000012
477.000000 0.000012
478.000000 0.000012
479.000000 0.000012
480.000000 0.000013
481.000000 0.000013
482.000000 0.000013
483.000000 0.000013
484.000000 0.000013
485.000000 0.000013
486.000000 0.000014
487.000000 0.000014
488.000000 0.000014
489.000000 0.000014
490.000000 0.000014
491.000000 0.000015
492.000000 0.000015
493.000000 0.000015
494.000000 0.000015
495.000000 0.000015
496.000000 0.000016
497.000000 0.000016
498.000000 0.000016
499.000000 0.000016
500.000000 0.000016
501.000000 0.000017
502.000000 0.000017
503.000000 0.000017
504.000000 0.000017
505.000000 0.000018
506.000000 0.000018
507.000000 0.000018
508.000000 0.000018
509.000000 0.000018
510.000000 0.000019
511.000000 0.000019
512.000000 0.000019
513.000000 0.000019
514.000000 0.000020
515.000000 0.000020
516.000000 0.000020
517.000000 0.000020
518.000000 0.000021
519.000000 0.000021
520.000000 0.000021
521.000000 0.000021
522.000000 0.000022
523.000000 0.000022
524.000000 0.000022
525.000000 0.000022
526.000000 0.000023
527.000000 0.000023
528.000000 0.000023
529.000000 0.000023
530.000000 0.000024
531.000000 0.000024
532.000000 0.000024
533.000000 0.000025
534.000000 0.000025
535.000000 0.000025
536.000000 0.000025
537.000000 0.000026
538.000000 0.000026
539.000000 0.000026
540.000000 0.000027
541.000000 0.000027
542.000000 0.000027
543.000000 0.000028
544.000000 0.000028
545.000000 0.000028
546.000000 0.000028
547.000000 0.000029
548.000000 0.000029
549.000000 0.000030
550.000000 0.000030
551.000000 0.000030
552.000000 0.000030
553.000000 0.000031
554.000000 0.000031
555.000000 0.000031
556.000000 0.000032
557.000000 0.000032
558.000000 0.000033
559.000000 0.000033
560.000000 0.000033
561.000000 0.000034
562.000000 0.000034
563.000000 0.000034
564.000000 0.000035
565.000000 0.000035
566.000000 0.000035
567.000000 0.000036
568.000000 0.000036
569.000000 0.000037
570.000000 0.000037
571.000000 0.000037
572.000000 0.000038
573.000000 0.000038
574.000000 0.000039
575.000000 0.000039
576.000000 0.000039
577.000000 0.000040
578.000000 0.000040
579.000000 0.000040
580.000000 0.000041
581.000000 0.000041
582.000000 0.000042
583.000000 0.000042
584.000000 0.000042
585.000000 0.000043
586.000000 0.000043
587.000000 0.000044
588.000000 0.000044
589.000000 0.000045
590.000000 0.000045
591.000000 0.000045
592.000000 0.000046
593.000000 0.000046
594.000000 0.000047
595.000000 0.000047
596.000000 0.000048
597.000000 0.000048
598.000000 0.000049
599.000000 0.000049
600.000000 0.000049
601.000000 0.000050
602.000000 0.000051
603.000000 0.000051
604.000000 0.000052
605.000000 0.000052
606.000000 0.000053
607.000000 0.000053
608.000000 0.000054
609.000000 0.000054
610.000000 0.000055
611.000000 0.000055
612.000000 0.000055
613.000000 0.000056
614.000000 0.000056
615.000000 0.000057
616.000000 0.000057
617.000000 0.000058
618.000000 0.000059
619.000000 0.000059
620.000000 0.000060
621.000000 0.000060
622.000000 0.000061
623.000000 0.000061
624.000000 0.000062
625.000000 0.000062
626.000000 0.000063
627.000000 0.000063
628.000000 0.000064
629.000000 0.000065
630.000000 0.000065
631.000000 0.000066
632.000000 0.000066
633.000000 0.000067
634.000000 0.000067
635.000000 0.000068
636.000000 0.000069
637.000000 0.000069
638.000000 0.000070
639.000000 0.000070
640.000000 0.000071
641.000000 0.000071
642.000000 0.000072
643.000000 0.000073
644.000000 0.000073
645.000000 0.000074
646.000000 0.000075
647.000000 0.000075
648.000000 0.000076
649.000000 0.000077
650.000000 0.000077
651.000000 0.000078
652.000000 0.000079
653.000000 0.000079
654.000000 0.000080
655.000000 0.000080
656.000000 0.000081
657.000000 0.000081
658.000000 0.000083
659.000000 0.000083
660.000000 0.000084
661.000000 0.000085
662.000000 0.000085
663.000000 0.000086
664.000000 0.000086
665.000000 0.000087
666.000000 0.000088
667.000000 0.000089
668.000000 0.000089
669.000000 0.000090
670.000000 0.000091
671.000000 0.000091
672.000000 0.000092
673.000000 0.000092
674.000000 0.000094
675.000000 0.000094
676.000000 0.000095
677.000000 0.000096
678.000000 0.000096
679.000000 0.000097
680.000000 0.000097
681.000000 0.000099
682.000000 0.000099
683.000000 0.000100
684.000000 0.000101
685.000000 0.000102
686.000000 0.000102
687.000000 0.000103
688.000000 0.000104
689.000000 0.000104
690.000000 0.000106
691.000000 0.000106
692.000000 0.000107
693.000000 0.000108
694.000000 0.000109
695.000000 0.000109
696.000000 0.000110
697.000000 0.000111
698.000000 0.000111
699.000000 0.000113
700.000000 0.000113
701.000000 0.000114
702.000000 0.000115
703.000000 0.000116
704.000000 0.000117
705.000000 0.000117
706.000000 0.000119
707.000000 0.000119
708.000000 0.000120
709.000000 0.000121
710.000000 0.000121
711.000000 0.000123
712.000000 0.000123
713.000000 0.000125
714.000000 0.000125
715.000000 0.000126
716.000000 0.000127
717.000000 0.000128
718.000000 0.000128
719.000000 0.000129
720.000000 0.000131
721.000000 0.000131
722.000000 0.000133
723.000000 0.000133
724.000000 0.000134
725.000000 0.000135
726.000000 0.000136
727.000000 0.000137
728.000000 0.000137
729.000000 0.000139
730.000000 0.000139
731.000000 0.000141
732.000000 0.000141
733.000000 0.000142
734.000000 0.000143
735.000000 0.000144
736.000000 0.000145
737.000000 0.000146
738.000000 0.000147
739.000000 0.000147
740.000000 0.000149
741.000000 0.000149
742.000000 0.000151
743.000000 0.000151
744.000000 0.000152
745.000000 0.000154
746.000000 0.000154
747.000000 0.000156
748.000000 0.000156
749.000000 0.000158
750.000000 0.000158
751.000000 0.000159
752.000000 0.000161
753.000000 0.000161
754.000000 0.000163
755.000000 0.000163
756.000000 0.000165
757.000000 0.000165
758.000000 0.000167
759.000000 0.000167
760.000000 0.000168
761.000000 0.000169
762.000000 0.000170
763.000000 0.000172
764.000000 0.000172
765.000000 0.000174
766.000000 0.000174
767.000000 0.000176
768.000000 0.000177
769.000000 0.000177
770.000000 0.000179
771.000000 0.000179
772.000000 0.000181
773.000000 0.000182
774.000000 0.000183
775.000000 0.000184
776.000000 0.000185
777.000000 0.000187
778.000000 0.000187
779.000000 0.000189
780.000000 0.000189
781.000000 0.000191
782.000000 0.000192
783.000000 0.000193
784.000000 0.000194
785.000000 0.000195
786.000000 0.000196
787.000000 0.000197
788.000000 0.000199
789.000000 0.000199
790.000000 0.000201
791.000000 0.000202
792.000000 0.000203
793.000000 0.000204
794.000000 0.000205
795.000000 0.000207
796.000000 0.000207
797.000000 0.000209
798.000000 0.000210
799.000000 0.000211
800.000000 0.000212
801.000000 0.000213
802.000000 0.000215
803.000000 0.000215
804.000000 0.000217
805.000000 0.000218
806.000000 0.000219
807.000000 0.000220
808.000000 0.000222
809.000000 0.000223
810.000000 0.000223
811.000000 0.000225
812.000000 0.000226
813.000000 0.000228
814.000000 0.000228
815.000000 0.000230
816.000000 0.000231
817.000000 0.000232
818.000000 0.000234
819.000000 0.000234
820.000000 0.000236
821.000000 0.000236
822.000000 0.000239
823.000000 0.000240
824.000000 0.000240
825.000000 0.000242
826.000000 0.000243
827.000000 0.000245
828.000000 0.000245
829.000000 0.000247
830.000000 0.000248
831.000000 0.000250
832.000000 0.000251
833.000000 0.000252
834.000000 0.000253
835.000000 0.000254
836.000000 0.000256
837.000000 0.000256
838.000000 0.000259
839.000000 0.000259
840.000000 0.000261
841.000000 0.000262
842.000000 0.000262
843.000000 0.000265
844.000000 0.000265
845.000000 0.000268
846.000000 0.000268
847.000000 0.000270
848.000000 0.000271
849.000000 0.000272
850.000000 0.000274
851.000000 0.000274
852.000000 0.000277
853.000000 0.000277
854.000000 0.000279
855.000000 0.000280
856.000000 0.000282
857.000000 0.000283
858.000000 0.000284
859.000000 0.000286
860.000000 0.000286
861.000000 0.000289
862.000000 0.000289
863.000000 0.000291
864.000000 0.000292
865.000000 0.000293
866.000000 0.000295
867.000000 0.000295
868.000000 0.000298
869.000000 0.000298
870.000000 0.000301
871.000000 0.000301
872.000000 0.000303
873.000000 0.000304
874.000000 0.000305
875.000000 0.000307
876.000000 0.000308
877.000000 0.000310
878.000000 0.000310
879.000000 0.000313
880.000000 0.000313
881.000000 0.000315
882.000000 0.000316
883.000000 0.000317
884.000000 0.000320
885.000000 0.000319
886.000000 0.000323
887.000000 0.000323
888.000000 0.000325
889.000000 0.000325
890.000000 0.000327
891.000000 0.000330
892.000000 0.000329
893.000000 0.000332
894.000000 0.000333
895.000000 0.000335
896.000000 0.000335
897.000000 0.000338
898.000000 0.000339
899.000000 0.000339
900.000000 0.000342
901.000000 0.000342
902.000000 0.000346
903.000000 0.000344
904.000000 0.000348
905.000000 0.000348
906.000000 0.000350
907.000000 0.000351
908.000000 0.000352
909.000000 0.000356
910.000000 0.000354
911.000000 0.000358
912.000000 0.000358
913.000000 0.000361
914.000000 0.000361
915.000000 0.000363
916.000000 0.000365
917.000000 0.000364
918.000000 0.000368
919.000000 0.000368
920.000000 0.000371
921.000000 0.000370
922.000000 0.000374
923.000000 0.000375
924.000000 0.000376
925.000000 0.000377
926.000000 0.000378
927.000000 0.000382
928.000000 0.000380
929.000000 0.000384
930.000000 0.000384
931.000000 0.000386
932.000000 0.000387
933.000000 0.000388
934.000000 0.000392
935.000000 0.000391
936.000000 0.000394
937.000000 0.000395
938.000000 0.000397
939.000000 0.000397
940.000000 0.000399
941.000000 0.000402
942.000000 0.000401
943.000000 0.000404
944.000000 0.000405
945.000000 0.000408
946.000000 0.000407
947.000000 0.000410
948.000000 0.000412
949.000000 0.000411
950.000000 0.000414
951.000000 0.000415
952.000000 0.000419
953.000000 0.000417
954.000000 0.000421
955.000000 0.000422
956.000000 0.000423
957.000000 0.000424
958.000000 0.000425
959.000000 0.000429
960.000000 0.000428
961.000000 0.000431
962.000000 0.000432
963.000000 0.000434
964.000000 0.000434
965.000000 0.000437
966.000000 0.000439
967.000000 0.000439
968.000000 0.000441
969.000000 0.000442
970.000000 0.000446
971.000000 0.000444
972.000000 0.000447
973.000000 0.000449
974.000000 0.000449
975.000000 0.000451
976.000000 0.000453
977.000000 0.000456
978.000000 0.000454
979.000000 0.000458
980.000000 0.000459
981.000000 0.000461
982.000000 0.000462
983.000000 0.000463
984.000000 0.000466
985.000000 0.000465
986.000000 0.000469
987.000000 0.000470
988.000000 0.000472
989.000000 0.000471
990.000000 0.000475
991.000000 0.000477
992.000000 0.000476
993.000000 0.000479
994.000000 0.000480
995.000000 0.000483
996.000000 0.000482
997.000000 0.000485
998.000000 0.000487
999.000000 0.000487
1000.000000 0.000489
1001.000000 0.000491
1002.000000 0.000494
1003.000000 0.000493
1004.000000 0.000495
1005.000000 0.000498
1006.000000 0.000499
1007.000000 0.000499
1008.000000 0.000502
1009.000000 0.000504
1010.000000 0.000504
1011.000000 0.000505
1012.000000 0.000508
1013.000000 0.000510
1014.000000 0.000509
1015.000000 0.000513
1016.000000 0.000515
1017.000000 0.000515
1018.000000 0.000516
1019.000000 0.000519
1020.000000 0.000521
1021.000000 0.000520
1022.000000 0.000523
1023.000000 0.000525
1024.000000 0.000526
1025.000000 0.000526
1026.000000 0.000530
1027.000000 0.000532
1028.000000 0.000531
1029.000000 0.000533
1030.000000 0.000536
1031.000000 0.000537
1032.000000 0.000537
1033.000000 0.000540
1034.000000 0.000542
1035.000000 0.000542
1036.000000 0.000544
1037.000000 0.000546
1038.000000 0.000548
1039.000000 0.000547
1040.000000 0.000551
1041.000000 0.000553
1042.000000 0.000553
1043.000000 0.000554
1044.000000 0.000557
1045.000000 0.000559
1046.000000 0.000558
1047.000000 0.000561
1048.000000 0.000564
1049.000000 0.000564
1050.000000 0.000564
1051.000000 0.000568
1052.000000 0.000569
1053.000000 0.000569
1054.000000 0.000571
1055.000000 0.000574
1056.000000 0.000575
1057.000000 0.000575
1058.000000 0.000579
1059.000000 0.000580
1060.000000 0.000580
1061.000000 0.000581
1062.000000 0.000585
1063.000000 0.000586
1064.000000 0.000585
1065.000000 0.000589
1066.000000 0.000591
1067.000000 0.000591
1068.000000 0.000591
1069.000000 0.000595
1070.000000 0.000596
1071.000000 0.000596
1072.000000 0.000599
1073.000000 0.000602
1074.000000 0.000602
1075.000000 0.000602
1076.000000 0.000606
1077.000000 0.000607
1078.000000 0.000606
1079.000000 0.000609
1080.000000 0.000612
1081.000000 0.000612
1082.000000 0.000612
1083.000000 0.000616
1084.000000 0.000618
1085.000000 0.000617
1086.000000 0.000619
1087.000000 0.000622
1088.000000 0.000623
1089.000000 0.000623
1090.000000 0.000626
1091.000000 0.000628
1092.000000 0.000628
1093.000000 0.000628
1094.000000 0.000633
1095.000000 0.000633
1096.000000 0.000633
1097.000000 0.000635
1098.000000 0.000639
1099.000000 0.000639
1100.000000 0.000639
1101.000000 0.000643
1102.000000 0.000644
1103.000000 0.000644
1104.000000 0.000645
1105.000000 0.000649
1106.000000 0.000649
1107.000000 0.000649
1108.000000 0.000654
1109.000000 0.000654
1110.000000 0.000654
1111.000000 0.000655
1112.000000 0.000660
1113.000000 0.000659
1114.000000 0.000659
1115.000000 0.000663
1116.000000 0.000665
1117.000000 0.000664
1118.000000 0.000665
1119.000000 0.000670
1120.000000 0.000669
1121.000000 0.000670
1122.000000 0.000672
1123.000000 0.000675
1124.000000 0.000675
1125.000000 0.000675
1126.000000 0.000680
1127.000000 0.000679
1128.000000 0.000680
1129.000000 0.000681
1130.000000 0.000685
1131.000000 0.000685
1132.000000 0.000685
1133.000000 0.000689
1134.000000 0.000690
1135.000000 0.000690
1136.000000 0.000691
1137.000000 0.000696
1138.000000 0.000695
1139.000000 0.000696
1140.000000 0.000699
1141.000000 0.000700
1142.000000 0.000700
1143.000000 0.000701
1144.000000 0.000706
1145.000000 0.000704
1146.000000 0.000706
1147.000000 0.000707
1148.000000 0.000711
1149.000000 0.000710
1150.000000 0.000710
1151.000000 0.000716
1152.000000 0.000715
1153.000000 0.000715
1154.000000 0.000716
1155.000000 0.000721
1156.000000 0.000719
1157.000000 0.000720
1158.000000 0.000725
1159.000000 0.000725
1160.000000 0.000725
1161.000000 0.000725
1162.000000 0.000731
1163.000000 0.000729
1164.000000 0.000730
1165.000000 0.000734
1166.000000 0.000735
1167.000000 0.000735
1168.000000 0.000735
1169.000000 0.000740
1170.000000 0.000739
1171.000000 0.000740
1172.000000 0.000742
1173.000000 0.000745
1174.000000 0.000744
1175.000000 0.000745
1176.000000 0.000749
1177.000000 0.000748
1178.000000 0.000750
1179.000000 0.000750
1180.000000 0.000755
1181.000000 0.000753
1182.000000 0.000754
1183.000000 0.000758
1184.000000 0.000758
1185.000000 0.000759
1186.000000 0.000759
1187.000000 0.000765
1188.000000 0.000762
1189.000000 0.000764
1190.000000 0.000767
1191.000000 0.000768
1192.000000 0.000767
1193.000000 0.000768
1194.000000 0.000774
1195.000000 0.000772
1196.000000 0.000773
1197.000000 0.000775
1198.000000 0.000778
1199.000000 0.000776
1200.000000 0.000777
1201.000000 0.000782
1202.000000 0.000781
1203.000000 0.000782
1204.000000 0.000783
1205.000000 0.000788
1206.000000 0.000785
1207.000000 0.000786
1208.000000 0.000790
1209.000000 0.000790
1210.000000 0.000791
1211.000000 0.000791
1212.000000 0.000797
1213.000000 0.000794
1214.000000 0.000796
1215.000000 0.000798
1216.000000 0.000800
1217.000000 0.000799
1218.000000 0.000800
1219.000000 0.000805
1220.000000 0.000803
1221.000000 0.000804
1222.000000 0.000806
1223.000000 0.000809
1224.000000 0.000807
1225.000000 0.000809
1226.000000 0.000813
1227.000000 0.000811
1228.000000 0.000813
1229.000000 0.000815
1230.000000 0.000818
1231.000000 0.000815
1232.000000 0.000817
1233.000000 0.000821
1234.000000 0.000820
1235.000000 0.000821
1236.000000 0.000822
1237.000000 0.000827
1238.000000 0.000824
1239.000000 0.000826
1240.000000 0.000828
1241.000000 0.000829
1242.000000 0.000829
1243.000000 0.000829
1244.000000 0.000835
1245.000000 0.000832
1246.000000 0.000834
1247.000000 0.000836
1248.000000 0.000838
1249.000000 0.000836
1250.000000 0.000837
1251.000000 0.000842
1252.000000 0.000841
1253.000000 0.000842
1254.000000 0.000843
1255.000000 0.000847
1256.000000 0.000844
1257.000000 0.000846
1258.000000 0.000849
1259.000000 0.000848
1260.000000 0.000850
1261.000000 0.000850
1262.000000 0.000854
1263.000000 0.000852
1264.000000 0.000854
1265.000000 0.000856
1266.000000 0.000857
1267.000000 0.000856
1268.000000 0.000857
1269.000000 0.000862
1270.000000 0.000860
1271.000000 0.000861
1272.000000 0.000864
1273.000000 0.000865
1274.000000 0.000863
1275.000000 0.000865
1276.000000 0.000869
1277.000000 0.000868
1278.000000 0.000868
1279.000000 0.000870
1280.000000 0.000873
1281.000000 0.000871
1282.000000 0.000873
1283.000000 0.000876
1284.000000 0.000875
1285.000000 0.000875
1286.000000 0.000877
1287.000000 0.000881
1288.000000 0.000878
1289.000000 0.000880
1290.000000 0.000882
1291.000000 0.000882
1292.000000 0.000883
1293.000000 0.000883
1294.000000 0.000887
1295.000000 0.000885
1296.000000 0.000886
1297.000000 0.000889
1298.000000 0.000890
1299.000000 0.000888
1300.000000 0.000890
1301.000000 0.000894
1302.000000 0.000892
1303.000000 0.000893
1304.000000 0.000895
1305.000000 0.000897
1306.000000 0.000895
1307.000000 0.000897
1308.000000 0.000900
1309.000000 0.000899
1310.000000 0.000899
1311.000000 0.000901
1312.000000 0.000904
1313.000000 0.000901
1314.000000 0.000903
1315.000000 0.000906
1316.000000 0.000906
1317.000000 0.000905
1318.000000 0.000907
1319.000000 0.000910
1320.000000 0.000908
1321.000000 0.000909
1322.000000 0.000911
1323.000000 0.000913
1324.000000 0.000911
1325.000000 0.000912
1326.000000 0.000916
1327.000000 0.000915
1328.000000 0.000915
1329.000000 0.000917
1330.000000 0.000919
1331.000000 0.000917
1332.000000 0.000918
1333.000000 0.000921
1334.000000 0.000921
1335.000000 0.000921
1336.000000 0.000922
1337.000000 0.000924
1338.000000 0.000923
1339.000000 0.000924
1340.000000 0.000927
1341.000000 0.000926
1342.000000 0.000926
1343.000000 0.000928
1344.000000 0.000930
1345.000000 0.000928
1346.000000 0.000929
1347.000000 0.000932
1348.000000 0.000931
1349.000000 0.000932
1350.000000 0.000933
1351.000000 0.000935
1352.000000 0.000934
1353.000000 0.000934
1354.000000 0.000937
1355.000000 0.000937
1356.000000 0.000936
1357.000000 0.000937
1358.000000 0.000941
1359.000000 0.000939
1360.000000 0.000939
1361.000000 0.000942
1362.000000 0.000942
1363.000000 0.000941
1364.000000 0.000942
1365.000000 0.000945
1366.000000 0.000945
1367.000000 0.000944
1368.000000 0.000946
1369.000000 0.000948
1370.000000 0.000946
1371.000000 0.000946
1372.000000 0.000949
1373.000000 0.000949
1374.000000 0.000949
1375.000000 0.000950
1376.000000 0.000952
1377.000000 0.000951
1378.000000 0.000951
1379.000000 0.000953
1380.000000 0.000953
1381.000000 0.000953
1382.000000 0.000953
1383.000000 0.000957
1384.000000 0.000955
1385.000000 0.000955
1386.000000 0.000958
1387.000000 0.000958
1388.000000 0.000956
1389.000000 0.000958
1390.000000 0.000960
1391.000000 0.000959
1392.000000 0.000959
1393.000000 0.000961
1394.000000 0.000962
1395.000000 0.000961
1396.000000 0.000961
1397.000000 0.000964
1398.000000 0.000963
1399.000000 0.000963
1400.000000 0.000964
1401.000000 0.000966
1402.000000 0.000964
1403.000000 0.000964
1404.000000 0.000967
1405.000000 0.000966
1406.000000 0.000967
1407.000000 0.000967
1408.000000 0.000969
1409.000000 0.000969
1410.000000 0.000968
1411.000000 0.000970
1412.000000 0.000970
1413.000000 0.000970
1414.000000 0.000970
1415.000000 0.000972
1416.000000 0.000972
1417.000000 0.000971
1418.000000 0.000973
1419.000000 0.000973
1420.000000 0.000972
1421.000000 0.000973
1422.000000 0.000975
1423.000000 0.000974
1424.000000 0.000974
1425.000000 0.000975
1426.000000 0.000977
1427.000000 0.000975
1428.000000 0.000975
1429.000000 0.000978
1430.000000 0.000976
1431.000000 0.000977
1432.000000 0.000978
1433.000000 0.000979
1434.000000 0.000978
1435.000000 0.000978
1436.000000 0.000980
1437.000000 0.000980
1438.000000 0.000979
1439.000000 0.000979
1440.000000 0.000982
1441.000000 0.000980
1442.000000 0.000980
1443.000000 0.000982
1444.000000 0.000982
1445.000000 0.000981
1446.000000 0.000981
1447.000000 0.000984
1448.000000 0.000982
1449.000000 0.000983
1450.000000 0.000983
1451.000000 0.000984
1452.000000 0.000984
1453.000000 0.000983
1454.000000 0.000985
1455.000000 0.000984
1456.000000 0.000984
1457.000000 0.000985
1458.000000 0.000986
1459.000000 0.000984
1460.000000 0.000985
1461.000000 0.000987
1462.000000 0.000985
1463.000000 0.000986
1464.000000 0.000986
1465.000000 0.000987
1466.000000 0.000986
1467.000000 0.000987
1468.000000 0.000988
1469.000000 0.000987
1470.000000 0.000987
1471.000000 0.000986
1472.000000 0.000989
1473.000000 0.000987
1474.000000 0.000987
1475.000000 0.000989
1476.000000 0.000988
1477.000000 0.000987
1478.000000 0.000988
1479.000000 0.000990
1480.000000 0.000988
1481.000000 0.000988
1482.000000 0.000989
1483.000000 0.000990
1484.000000 0.000988
1485.000000 0.000988
1486.000000 0.000990
1487.000000 0.000989
1488.000000 0.000989
1489.000000 0.000989
1490.000000 0.000991
1491.000000 0.000988
1492.000000 0.000989
1493.000000 0.000990
1494.000000 0.000989
1495.000000 0.000990
1496.000000 0.000989
1497.000000 0.000991
1498.000000 0.000989
1499.000000 0.000989
1500.000000 0.000991
1501.000000 0.000990
1502.000000 0.000989
1503.000000 0.000989
1504.000000 0.000991
1505.000000 0.000989
1506.000000 0.000990
1507.000000 0.000990
1508.000000 0.000990
1509.000000 0.000988
1510.000000 0.000989
1511.000000 0.000990
1512.000000 0.000989
1513.000000 0.000989
1514.000000 0.000989
1515.000000 0.000991
1516.000000 0.000987
1517.000000 0.000988
1518.000000 0.000991
1519.000000 0.000988
1520.000000 0.000988
1521.000000 0.000989
1522.000000 0.000989
1523.000000 0.000988
1524.000000 0.000988
1525.000000 0.000989
1526.000000 0.000988
1527.000000 0.000987
1528.000000 0.000987
1529.000000 0.000989
1530.000000 0.000987
1531.000000 0.000987
1532.000000 0.000988
1533.000000 0.000988
1534.000000 0.000985
1535.000000 0.000987
1536.000000 0.000987
1537.000000 0.000985
1538.000000 0.000986
1539.000000 0.000986
1540.000000 0.000987
1541.000000 0.000984
1542.000000 0.000985
1543.000000 0.000987
1544.000000 0.000984
1545.000000 0.000984
1546.000000 0.000985
1547.000000 0.000985
1548.000000 0.000983
1549.000000 0.000984
1550.000000 0.000984
1551.000000 0.000983
1552.000000 0.000982
1553.000000 0.000983
1554.000000 0.000984
1555.000000 0.000981
1556.000000 0.000982
1557.000000 0.000982
1558.000000 0.000982
1559.000000 0.000979
1560.000000 0.000980
1561.000000 0.000982
1562.000000 0.000979
1563.000000 0.000979
1564.000000 0.000980
1565.000000 0.000980
1566.000000 0.000977
1567.000000 0.000978
1568.000000 0.000979
1569.000000 0.000978
1570.000000 0.000976
1571.000000 0.000977
1572.000000 0.000978
1573.000000 0.000974
1574.000000 0.000976
1575.000000 0.000976
1576.000000 0.000975
1577.000000 0.000974
1578.000000 0.000975
1579.000000 0.000975
1580.000000 0.000972
1581.000000 0.000973
1582.000000 0.000973
1583.000000 0.000973
1584.000000 0.000971
1585.000000 0.000971
1586.000000 0.000973
1587.000000 0.000969
1588.000000 0.000970
1589.000000 0.000971
1590.000000 0.000970
1591.000000 0.000967
1592.000000 0.000968
1593.000000 0.000969
1594.000000 0.000968
1595.000000 0.000966
1596.000000 0.000967
1597.000000 0.000968
1598.000000 0.000964
1599.000000 0.000965
1600.000000 0.000965
1601.000000 0.000964
1602.000000 0.000962
1603.000000 0.000963
1604.000000 0.000965
1605.000000 0.000960
1606.000000 0.000961
1607.000000 0.000962
1608.000000 0.000961
1609.000000 0.000959
1610.000000 0.000959
1611.000000 0.000960
1612.000000 0.000958
1613.000000 0.000957
1614.000000 0.000958
1615.000000 0.000959
1616.000000 0.000953
1617.000000 0.000955
1618.000000 0.000956
1619.000000 0.000954
1620.000000 0.000952
1621.000000 0.000954
1622.000000 0.000954
1623.000000 0.000949
1624.000000 0.000951
1625.000000 0.000952
1626.000000 0.000950
1627.000000 0.000948
1628.000000 0.000949
1629.000000 0.000951
1630.000000 0.000945
1631.000000 0.000946
1632.000000 0.000947
1633.000000 0.000946
1634.000000 0.000943
1635.000000 0.000944
1636.000000 0.000945
1637.000000 0.000943
1638.000000 0.000941
1639.000000 0.000942
1640.000000 0.000942
1641.000000 0.000938
1642.000000 0.000939
1643.000000 0.000940
1644.000000 0.000938
1645.000000 0.000936
1646.000000 0.000937
1647.000000 0.000939
1648.000000 0.000932
1649.000000 0.000934
1650.000000 0.000935
1651.000000 0.000933
1652.000000 0.000931
1653.000000 0.000932
1654.000000 0.000933
1655.000000 0.000929
1656.000000 0.000928
1657.000000 0.000929
1658.000000 0.000929
1659.000000 0.000924
1660.000000 0.000926
1661.000000 0.000927
1662.000000 0.000924
1663.000000 0.000923
1664.000000 0.000924
1665.000000 0.000924
1666.000000 0.000919
1667.000000 0.000921
1668.000000 0.000921
1669.000000 0.000919
1670.000000 0.000917
1671.000000 0.000918
1672.000000 0.000919
1673.000000 0.000913
1674.000000 0.000915
1675.000000 0.000916
1676.000000 0.000913
1677.000000 0.000910
1678.000000 0.000912
1679.000000 0.000913
1680.000000 0.000909
1681.000000 0.000908
1682.000000 0.000909
1683.000000 0.000909
1684.000000 0.000904
1685.000000 0.000906
1686.000000 0.000907
1687.000000 0.000903
1688.000000 0.000901
1689.000000 0.000902
1690.000000 0.000904
1691.000000 0.000897
1692.000000 0.000899
1693.000000 0.000900
1694.000000 0.000897
1695.000000 0.000895
1696.000000 0.000896
1697.000000 0.000896
1698.000000 0.000892
1699.000000 0.000892
1700.000000 0.000893
1701.000000 0.000892
1702.000000 0.000887
1703.000000 0.000890
1704.000000 0.000890
1705.000000 0.000885
1706.000000 0.000885
1707.000000 0.000886
1708.000000 0.000886
1709.000000 0.000880
1710.000000 0.000883
1711.000000 0.000883
1712.000000 0.000879
1713.000000 0.000878
1714.000000 0.000879
1715.000000 0.000880
1716.000000 0.000873
1717.000000 0.000875
1718.000000 0.000876
1719.000000 0.000873
1720.000000 0.000870
1721.000000 0.000872
1722.000000 0.000872
1723.000000 0.000868
1724.000000 0.000867
1725.000000 0.000868
1726.000000 0.000868
1727.000000 0.000862
1728.000000 0.000865
1729.000000 0.000865
1730.000000 0.000860
1731.000000 0.000859
1732.000000 0.000860
1733.000000 0.000861
1734.000000 0.000854
1735.000000 0.000857
1736.000000 0.000858
1737.000000 0.000854
1738.000000 0.000852
1739.000000 0.000853
1740.000000 0.000853
1741.000000 0.000848
1742.000000 0.000848
1743.000000 0.000849
1744.000000 0.000848
1745.000000 0.000843
1746.000000 0.000846
1747.000000 0.000846
1748.000000 0.000840
1749.000000 0.000840
1750.000000 0.000841
1751.000000 0.000840
1752.000000 0.000835
1753.000000 0.000837
1754.000000 0.000837
1755.000000 0.000833
1756.000000 0.000832
1757.000000 0.000833
1758.000000 0.000833
1759.000000 0.000827
1760.000000 0.000829
1761.000000 0.000830
1762.000000 0.000826
1763.000000 0.000823
1764.000000 0.000825
1765.000000 0.000825
1766.000000 0.000820
1767.000000 0.000820
1768.000000 0.000821
1769.000000 0.000819
1770.000000 0.000814
1771.000000 0.000816
1772.000000 0.000817
1773.000000 0.000812
1774.000000 0.000811
1775.000000 0.000812
1776.000000 0.000812
1777.000000 0.000805
1778.000000 0.000808
1779.000000 0.000808
1780.000000 0.000804
1781.000000 0.000802
1782.000000 0.000803
1783.000000 0.000803
1784.000000 0.000798
1785.000000 0.000798
1786.000000 0.000799
1787.000000 0.000797
1788.000000 0.000792
1789.000000 0.000795
1790.000000 0.000795
1791.000000 0.000789
1792.000000 0.000790
1793.000000 0.000790
1794.000000 0.000788
1795.000000 0.000784
1796.000000 0.000786
1797.000000 0.000786
1798.000000 0.000781
1799.000000 0.000780
1800.000000 0.000781
1801.000000 0.000780
1802.000000 0.000774
1803.000000 0.000777
1804.000000 0.000777
1805.000000 0.000773
1806.000000 0.000770
1807.000000 0.000772
1808.000000 0.000771
1809.000000 0.000767
1810.000000 0.000767
1811.000000 0.000767
1812.000000 0.000765
1813.000000 0.000761
1814.000000 0.000763
1815.000000 0.000763
1816.000000 0.000758
1817.000000 0.000757
1818.000000 0.000758
1819.000000 0.000757
1820.000000 0.000751
1821.000000 0.000753
1822.000000 0.000754
1823.000000 0.000749
1824.000000 0.000748
1825.000000 0.000748
1826.000000 0.000747
1827.000000 0.000743
1828.000000 0.000743
1829.000000 0.000744
1830.000000 0.000741
1831.000000 0.000737
1832.000000 0.000739
1833.000000 0.000739
1834.000000 0.000733
1835.000000 0.000734
1836.000000 0.000734
1837.000000 0.000732
1838.000000 0.000728
1839.000000 0.000729
1840.000000 0.000729
1841.000000 0.000725
1842.000000 0.000723
1843.000000 0.000724
1844.000000 0.000723
1845.000000 0.000717
1846.000000 0.000719
1847.000000 0.000720
1848.000000 0.000715
1849.000000 0.000713
1850.000000 0.000715
1851.000000 0.000713
1852.000000 0.000709
1853.000000 0.000709
1854.000000 0.000709
1855.000000 0.000707
1856.000000 0.000703
1857.000000 0.000705
1858.000000 0.000704
1859.000000 0.000699
1860.000000 0.000699
1861.000000 0.000699
1862.000000 0.000698
1863.000000 0.000693
1864.000000 0.000694
1865.000000 0.000694
1866.000000 0.000690
1867.000000 0.000688
1868.000000 0.000689
1869.000000 0.000688
1870.000000 0.000684
1871.000000 0.000683
1872.000000 0.000684
1873.000000 0.000681
1874.000000 0.000677
1875.000000 0.000679
1876.000000 0.000678
1877.000000 0.000673
1878.000000 0.000673
1879.000000 0.000674
1880.000000 0.000671
1881.000000 0.000668
1882.000000 0.000669
1883.000000 0.000668
1884.000000 0.000664
1885.000000 0.000663
1886.000000 0.000663
1887.000000 0.000662
1888.000000 0.000657
1889.000000 0.000658
1890.000000 0.000658
1891.000000 0.000654
1892.000000 0.000652
1893.000000 0.000653
1894.000000 0.000651
1895.000000 0.000648
1896.000000 0.000647
1897.000000 0.000648
1898.000000 0.000645
1899.000000 0.000642
1900.000000 0.000643
1901.000000 0.000641
1902.000000 0.000637
1903.000000 0.000637
1904.000000 0.000637
1905.000000 0.000635
1906.000000 0.000631
1907.000000 0.000632
1908.000000 0.000631
1909.000000 0.000627
1910.000000 0.000626
1911.000000 0.000627
1912.000000 0.000625
1913.000000 0.000621
1914.000000 0.000621
1915.000000 0.000621
1916.000000 0.000618
1917.000000 0.000615
1918.000000 0.000616
1919.000000 0.000615
1920.000000 0.000611
1921.000000 0.000610
1922.000000 0.000610
1923.000000 0.000608
1924.000000 0.000605
1925.000000 0.000605
1926.000000 0.000604
1927.000000 0.000601
1928.000000 0.000599
1929.000000 0.000600
1930.000000 0.000598
1931.000000 0.000594
1932.000000 0.000595
1933.000000 0.000594
1934.000000 0.000590
1935.000000 0.000589
1936.000000 0.000590
1937.000000 0.000587
1938.000000 0.000584
1939.000000 0.000584
1940.000000 0.000583
1941.000000 0.000580
1942.000000 0.000578
1943.000000 0.000578
1944.000000 0.000577
1945.000000 0.000573
1946.000000 0.000573
1947.000000 0.000573
1948.000000 0.000570
1949.000000 0.000567
1950.000000 0.000568
1951.000000 0.000567
1952.000000 0.000563
1953.000000 0.000562
1954.000000 0.000562
1955.000000 0.000560
1956.000000 0.000557
1957.000000 0.000557
1958.000000 0.000556
1959.000000 0.000553
1960.000000 0.000551
1961.000000 0.000552
1962.000000 0.000549
1963.000000 0.000546
1964.000000 0.000546
1965.000000 0.000545
1966.000000 0.000543
1967.000000 0.000540
1968.000000 0.000540
1969.000000 0.000539
1970.000000 0.000536
1971.000000 0.000535
1972.000000 0.000534
1973.000000 0.000532
1974.000000 0.000529
1975.000000 0.000530
1976.000000 0.000528
1977.000000 0.000525
1978.000000 0.000524
1979.000000 0.000524
1980.000000 0.000522
1981.000000 0.000519
1982.000000 0.000518
1983.000000 0.000518
1984.000000 0.000515
1985.000000 0.000513
1986.000000 0.000513
1987.000000 0.000511
1988.000000 0.000509
1989.000000 0.000508
1990.000000 0.000507
1991.000000 0.000505
1992.000000 0.000502
1993.000000 0.000502
1994.000000 0.000501
1995.000000 0.000498
1996.000000 0.000497
1997.000000 0.000496
1998.000000 0.000494
1999.000000 0.000492
2000.000000 0.000491
2001.000000 0.000490
2002.000000 0.000488
2003.000000 0.000485
2004.000000 0.000486
2005.000000 0.000484
2006.000000 0.000481
2007.000000 0.000480
2008.000000 0.000480
2009.000000 0.000477
2010.000000 0.000475
2011.000000 0.000475
2012.000000 0.000473
2013.000000 0.000471
2014.000000 0.000469
2015.000000 0.000469
2016.000000 0.000467
2017.000000 0.000464
2018.000000 0.000464
2019.000000 0.000463
2020.000000 0.000460
2021.000000 0.000459
2022.000000 0.000458
2023.000000 0.000456
2024.000000 0.000454
2025.000000 0.000453
2026.000000 0.000452
2027.000000 0.000450
2028.000000 0.000448
2029.000000 0.000448
2030.000000 0.000446
2031.000000 0.000443
2032.000000 0.000442
2033.000000 0.000442
2034.000000 0.000439
2035.000000 0.000437
2036.000000 0.000437
2037.000000 0.000435
2038.000000 0.000433
2039.000000 0.000432
2040.000000 0.000431
2041.000000 0.000429
2042.000000 0.000427
2043.000000 0.000426
2044.000000 0.000425
2045.000000 0.000423
2046.000000 0.000421
2047.000000 0.000421
2048.000000 0.000418
2049.000000 0.000417
2050.000000 0.000416
2051.000000 0.000415
2052.000000 0.000413
2053.000000 0.000411
2054.000000 0.000410
2055.000000 0.000408
2056.000000 0.000406
2057.000000 0.000405
2058.000000 0.000404
2059.000000 0.000402
2060.000000 0.000400
2061.000000 0.000400
2062.000000 0.000398
2063.000000 0.000396
2064.000000 0.000395
2065.000000 0.000394
2066.000000 0.000392
2067.000000 0.000390
2068.000000 0.000389
2069.000000 0.000388
2070.000000 0.000386
2071.000000 0.000384
2072.000000 0.000384
2073.000000 0.000381
2074.000000 0.000380
2075.000000 0.000379
2076.000000 0.000378
2077.000000 0.000376
2078.000000 0.000374
2079.000000 0.000373
2080.000000 0.000372
2081.000000 0.000370
2082.000000 0.000369
2083.000000 0.000368
2084.000000 0.000366
2085.000000 0.000364
2086.000000 0.000363
2087.000000 0.000362
2088.000000 0.000360
2089.000000 0.000358
2090.000000 0.000358
2091.000000 0.000355
2092.000000 0.000354
2093.000000 0.000353
2094.000000 0.000352
2095.000000 0.000350
2096.000000 0.000348
2097.000000 0.000348
2098.000000 0.000346
2099.000000 0.000344
2100.000000 0.000343
2101.000000 0.000342
2102.000000 0.000340
2103.000000 0.000338
2104.000000 0.000338
2105.000000 0.000336
2106.000000 0.000334
2107.000000 0.000333
2108.000000 0.000332
2109.000000 0.000330
2110.000000 0.000329
2111.000000 0.000328
2112.000000 0.000326
2113.000000 0.000325
2114.000000 0.000323
2115.000000 0.000322
2116.000000 0.000320
2117.000000 0.000319
2118.000000 0.000318
2119.000000 0.000317
2120.000000 0.000315
2121.000000 0.000313
2122.000000 0.000313
2123.000000 0.000311
2124.000000 0.000309
2125.000000 0.000308
2126.000000 0.000307
2127.000000 0.000305
2128.000000 0.000304
2129.000000 0.000303
2130.000000 0.000301
2131.000000 0.000300
2132.000000 0.000299
2133.000000 0.000298
2134.000000 0.000296
2135.000000 0.000295
2136.000000 0.000293
2137.000000 0.000292
2138.000000 0.000291
2139.000000 0.000289
2140.000000 0.000288
2141.000000 0.000287
2142.000000 0.000285
2143.000000 0.000284
2144.000000 0.000283
2145.000000 0.000281
2146.000000 0.000280
2147.000000 0.000279
2148.000000 0.000277
2149.000000 0.000276
2150.000000 0.000275
2151.000000 0.000274
2152.000000 0.000272
2153.000000 0.000271
2154.000000 0.000270
2155.000000 0.000268
2156.000000 0.000267
2157.000000 0.000266
2158.000000 0.000265
2159.000000 0.000263
2160.000000 0.000262
2161.000000 0.000261
2162.000000 0.000259
2163.000000 0.000258
2164.000000 0.000257
2165.000000 0.000256
2166.000000 0.000254
2167.000000 0.000253
2168.000000 0.000252
2169.000000 0.000251
2170.000000 0.000249
2171.000000 0.000248
2172.000000 0.000247
2173.000000 0.000245
2174.000000 0.000244
2175.000000 0.000243
2176.000000 0.000242
2177.000000 0.000240
2178.000000 0.000240
2179.000000 0.000238
2180.000000 0.000237
2181.000000 0.000236
2182.000000 0.000235
2183.000000 0.000234
2184.000000 0.000232
2185.000000 0.000231
2186.000000 0.000230
2187.000000 0.000228
2188.000000 0.000227
2189.000000 0.000226
2190.000000 0.000225
2191.000000 0.000224
2192.000000 0.000223
2193.000000 0.000221
2194.000000 0.000220
2195.000000 0.000219
2196.000000 0.000218
2197.000000 0.000217
2198.000000 0.000215
2199.000000 0.000214
2200.000000 0.000213
2201.000000 0.000212
2202.000000 0.000211
2203.000000 0.000210
2204.000000 0.000209
2205.000000 0.000207
2206.000000 0.000206
2207.000000 0.000205
2208.000000 0.000204
2209.000000 0.000203
2210.000000 0.000202
2211.000000 0.000201
2212.000000 0.000199
2213.000000 0.000198
2214.000000 0.000197
2215.000000 0.000196
2216.000000 0.000195
2217.000000 0.000194
2218.000000 0.000193
2219.000000 0.000192
2220.000000 0.000190
2221.000000 0.000190
2222.000000 0.000189
2223.000000 0.000187
2224.000000 0.000186
2225.000000 0.000185
2226.000000 0.000184
2227.000000 0.000183
2228.000000 0.000182
2229.000000 0.000181
2230.000000 0.000180
2231.000000 0.000179
2232.000000 0.000178
2233.000000 0.000177
2234.000000 0.000175
2235.000000 0.000175
2236.000000 0.000174
2237.000000 0.000172
2238.000000 0.000171
2239.000000 0.000171
2240.000000 0.000170
2241.000000 0.000168
2242.000000 0.000167
2243.000000 0.000166
2244.000000 0.000165
2245.000000 0.000164
2246.000000 0.000163
2247.000000 0.000163
2248.000000 0.000161
2249.000000 0.000160
2250.000000 0.000159
2251.000000 0.000158
2252.000000 0.000157
2253.000000 0.000156
2254.000000 0.000156
2255.000000 0.000154
2256.000000 0.000153
2257.000000 0.000152
2258.000000 0.000152
2259.000000 0.000150
2260.000000 0.000150
2261.000000 0.000149
2262.000000 0.000148
2263.000000 0.000147
2264.000000 0.000146
2265.000000 0.000145
2266.000000 0.000144
2267.000000 0.000143
2268.000000 0.000142
2269.000000 0.000141
2270.000000 0.000140
2271.000000 0.000139
2272.000000 0.000139
2273.000000 0.000137
2274.000000 0.000137
2275.000000 0.000136
2276.000000 0.000135
2277.000000 0.000134
2278.000000 0.000133
2279.000000 0.000132
2280.000000 0.000131
2281.000000 0.000130
2282.000000 0.000129
2283.000000 0.000129
2284.000000 0.000128
2285.000000 0.000127
2286.000000 0.000126
2287.000000 0.000125
2288.000000 0.000124
2289.000000 0.000123
2290.000000 0.000123
2291.000000 0.000121
2292.000000 0.000121
2293.000000 0.000120
2294.000000 0.000119
2295.000000 0.000118
2296.000000 0.000117
2297.000000 0.000117
2298.000000 0.000116
2299.000000 0.000115
2300.000000 0.000114
2301.000000 0.000113
2302.000000 0.000112
2303.000000 0.000112
2304.000000 0.000111
2305.000000 0.000110
2306.000000 0.000109
2307.000000 0.000109
2308.000000 0.000108
2309.000000 0.000107
2310.000000 0.000106
2311.000000 0.000106
2312.000000 0.000105
2313.000000 0.000104
2314.000000 0.000103
2315.000000 0.000102
2316.000000 0.000101
2317.000000 0.000101
2318.000000 0.000100
2319.000000 0.000099
2320.000000 0.000098
2321.000000 0.000098
2322.000000 0.000097
2323.000000 0.000096
2324.000000 0.000096
2325.000000 0.000095
2326.000000 0.000094
2327.000000 0.000093
2328.000000 0.000093
2329.000000 0.000092
2330.000000 0.000091
2331.000000 0.000090
2332.000000 0.000090
2333.000000 0.000089
2334.000000 0.000088
2335.000000 0.000088
2336.000000 0.000087
2337.000000 0.000086
2338.000000 0.000086
2339.000000 0.000085
2340.000000 0.000084
2341.000000 0.000084
2342.000000 0.000083
2343.000000 0.000082
2344.000000 0.000082
2345.000000 0.000081
2346.000000 0.000080
2347.000000 0.000080
2348.000000 0.000079
2349.000000 0.000078
2350.000000 0.000078
2351.000000 0.000077
2352.000000 0.000076
2353.000000 0.000076
2354.000000 0.000075
2355.000000 0.000075
2356.000000 0.000074
2357.000000 0.000074
2358.000000 0.000073
2359.000000 0.000072
2360.000000 0.000072
2361.000000 0.000071
2362.000000 0.000070
2363.000000 0.000070
2364.000000 0.000069
2365.000000 0.000069
2366.000000 0.000068
2367.000000 0.000067
2368.000000 0.000067
2369.000000 0.000066
2370.000000 0.000066
2371.000000 0.000065
2372.000000 0.000065
2373.000000 0.000064
2374.000000 0.000063
2375.000000 0.000063
2376.000000 0.000062
2377.000000 0.000062
2378.000000 0.000061
2379.000000 0.000061
2380.000000 0.000060
2381.000000 0.000060
2382.000000 0.000059
2383.000000 0.000059
2384.000000 0.000058
2385.000000 0.000058
2386.000000 0.000057
2387.000000 0.000057
2388.000000 0.000056
2389.000000 0.000056
2390.000000 0.000055
2391.000000 0.000054
2392.000000 0.000054
2393.000000 0.000054
2394.000000 0.000053
2395.000000 0.000052
2396.000000 0.000052
2397.000000 0.000052
2398.000000 0.000051
2399.000000 0.000051
2400.000000 0.000050
2401.000000 0.000050
2402.000000 0.000049
2403.000000 0.000049
2404.000000 0.000048
2405.000000 0.000048
2406.000000 0.000047
2407.000000 0.000047
2408.000000 0.000046
2409.000000 0.000046
2410.000000 0.000046
2411.000000 0.000045
2412.000000 0.000045
2413.000000 0.000044
2414.000000 0.000044
2415.000000 0.000043
2416.000000 0.000043
2417.000000 0.000042
2418.000000 0.000042
2419.000000 0.000042
2420.000000 0.000041
2421.000000 0.000041
2422.000000 0.000040
2423.000000 0.000040
2424.000000 0.000040
2425.000000 0.000039
2426.000000 0.000039
2427.000000 0.000038
2428.000000 0.000038
2429.000000 0.000038
2430.000000 0.000037
2431.000000 0.000037
2432.000000 0.000037
2433.000000 0.000036
2434.000000 0.000036
2435.000000 0.000035
2436.000000 0.000035
2437.000000 0.000035
2438.000000 0.000034
2439.000000 0.000034
2440.000000 0.000034
2441.000000 0.000033
2442.000000 0.000033
2443.000000 0.000033
2444.000000 0.000032
2445.000000 0.000032
2446.000000 0.000032
2447.000000 0.000031
2448.000000 0.000031
2449.000000 0.000030
2450.000000 0.000030
2451.000000 0.000030
2452.000000 0.000029
2453.000000 0.000029
2454.000000 0.000029
2455.000000 0.000029
2456.000000 0.000028
2457.000000 0.000028
2458.000000 0.000028
2459.000000 0.000027
2460.000000 0.000027
2461.000000 0.000027
2462.000000 0.000026
2463.000000 0.000026
2464.000000 0.000026
2465.000000 0.000025
2466.000000 0.000025
2467.000000 0.000025
2468.000000 0.000025
2469.000000 0.000024
2470.000000 0.000024
2471.000000 0.000024
2472.000000 0.000023
2473.000000 0.000023
2474.000000 0.000023
2475.000000 0.000023
2476.000000 0.000022
2477.000000 0.000022
2478.000000 0.000022
2479.000000 0.000022
2480.000000 0.000021
2481.000000 0.000021
2482.000000 0.000021
2483.000000 0.000021
2484.000000 0.000020
2485.000000 0.000020
2486.000000 0.000020
2487.000000 0.000020
2488.000000 0.000019
2489.000000 0.000019
2490.000000 0.000019
2491.000000 0.000019
2492.000000 0.000018
2493.000000 0.000018
2494.000000 0.000018
2495.000000 0.000018
2496.000000 0.000018
2497.000000 0.000017
2498.000000 0.000017
2499.000000 0.000017
2500.000000 0.000017
2501.000000 0.000016
2502.000000 0.000016
2503.000000 0.000016
2504.000000 0.000016
2505.000000 0.000016
2506.000000 0.000015
2507.000000 0.000015
2508.000000 0.000015
2509.000000 0.000015
2510.000000 0.000015
2511.000000 0.000014
2512.000000 0.000014
2513.000000 0.000014
2514.000000 0.000014
2515.000000 0.000014
2516.000000 0.000013
2517.000000 0.000013
2518.000000 0.000013
2519.000000 0.000013
2520.000000 0.000013
2521.000000 0.000013
2522.000000 0.000012
2523.000000 0.000012
2524.000000 0.000012
2525.000000 0.000012
2526.000000 0.000012
2527.000000 0.000012
2528.000000 0.000011
2529.000000 0.000011
2530.000000 0.000011
2531.000000 0.000011
2532.000000 0.000011
2533.000000 0.000011
2534.000000 0.000010
2535.000000 0.000010
2536.000000 0.000010
2537.000000 0.000010
2538.000000 0.000010
2539.000000 0.000010
2540.000000 0.000010
2541.000000 0.000009
2542.000000 0.000009
2543.000000 0.000009
2544.000000 0.000009
2545.000000 0.000009
2546.000000 0.000009
2547.000000 0.000009
2548.000000 0.000009
2549.000000 0.000008
2550.000000 0.000008
2551.000000 0.000008
2552.000000 0.000008
2553.000000 0.000008
2554.000000 0.000008
2555.000000 0.000008
2556.000000 0.000008
2557.000000 0.000007
2558.000000 0.000007
2559.000000 0.000007
2560.000000 0.000007
2561.000000 0.000007
2562.000000 0.000007
2563.000000 0.000007
2564.000000 0.000007
2565.000000 0.000007
2566.000000 0.000006
2567.000000 0.000006
2568.000000 0.000006
2569.000000 0.000006
2570.000000 0.000006
2571.000000 0.000006
2572.000000 0.000006
2573.000000 0.000006
2574.000000 0.000006
2575.000000 0.000006
2576.000000 0.000005
2577.000000 0.000005
2578.000000 0.000005
2579.000000 0.000005
2580.000000 0.000005
2581.000000 0.000005
2582.000000 0.000005
2583.000000 0.000005
2584.000000 0.000005
2585.000000 0.000005
2586.000000 0.000005
2587.000000 0.000005
2588.000000 0.000004
2589.000000 0.000004
2590.000000 0.000004
2591.000000 0.000004
2592.000000 0.000004
2593.000000 0.000004
2594.000000 0.000004
2595.000000 0.000004
2596.000000 0.000004
2597.000000 0.000004
2598.000000 0.000004
2599.000000 0.000004
2600.000000 0.000004
2601.000000 0.000004
2602.000000 0.000003
2603.000000 0.000003
2604.000000 0.000003
2605.000000 0.000003
2606.000000 0.000003
2607.000000 0.000003
2608.000000 0.000003
2609.000000 0.000003
2610.000000 0.000003
2611.000000 0.000003
2612.000000 0.000003
2613.000000 0.000003
2614.000000 0.000003
2615.000000 0.000003
2616.000000 0.000003
2617.000000 0.000003
2618.000000 0.000003
2619.000000 0.000003
2620.000000 0.000002
2621.000000 0.000002
2622.000000 0.000002
2623.000000 0.000002
2624.000000 0.000002
2625.000000 0.000002
2626.000000 0.000002
2627.000000 0.000002
2628.000000 0.000002
2629.000000 0.000002
2630.000000 0.000002
2631.000000 0.000002
2632.000000 0.000002
2633.000000 0.000002
2634.000000 0.000002
2635.000000 0.000002
2636.000000 0.000002
2637.000000 0.000002
2638.000000 0.000002
2639.000000 0.000002
2640.000000 0.000002
2641.000000 0.000002
2642.000000 0.000002
2643.000000 0.000002
2644.000000 0.000002
2645.000000 0.000001
2646.000000 0.000001
2647.000000 0.000001
2648.000000 0.000001
2649.000000 0.000001
2650.000000 0.000001
2651.000000 0.000001
2652.000000 0.000001
2653.000000 0.000001
2654.000000 0.000001
2655.000000 0.000001
2656.000000 0.000001
2657.000000 0.000001
2658.000000 0.000001
2659.000000 0.000001
2660.000000 0.000001
2661.000000 0.000001
2662.000000 0.000001
2663.000000 0.000001
2664.000000 0.000001
2665.000000 0.000001
2666.000000 0.000001
2667.000000 0.000001
2668.000000 0.000001
2669.000000 0.000001
2670.000000 0.000001
2671.000000 0.000001
2672.000000 0.000001
2673.000000 0.000001
2674.000000 0.000001
2675.000000 0.000001
2676.000000 0.000001
2677.000000 0.000001
2678.000000 0.000001
2679.000000 0.000001
2680.000000 0.000001
2681.000000 0.000001
2682.000000 0.000001
2683.000000 0.000001
2684.000000 0.000001
2685.000000 0.000001
2686.000000 0.000001
2687.000000 0.000001
2688.000000 0.000001
2689.000000 0.000001
2690.000000 0.000001
2691.000000 0.000000
2692.000000 0.000000
2693.000000 0.000000
2694.000000 0.000000
2695.000000 0.000000
2696.000000 0.000000
2697.000000 0.000000
2698.000000 0.000000
2699.000000 0.000000
2700.000000 0.000000
2701.000000 0.000000
2702.000000 0.000000
2703.000000 0.000000
2704.000000 0.000000
2705.000000 0.000000
2706.000000 0.000000
2707.000000 0.000000
2708.000000 0.000000
2709.000000 0.000000
2710.000000 0.000000
2711.000000 0.000000
2712.000000 0.000000
2713.000000 0.000000
2714.000000 0.000000
2715.000000 0.000000
2716.000000 0.000000
2717.000000 0.000000
2718.000000 0.000000
2719.000000 0.000000
2720.000000 0.000000
2721.000000 0.000000
2722.000000 0.000000
2723.000000 0.000000
2724.000000 0.000000
2725.000000 0.000000
2726.000000 0.000000
2727.000000 0.000000
2728.000000 0.000000
2729.000000 0.000000
2730.000000 0.000000
2731.000000 0.000000
2732.000000 0.000000
2733.000000 0.000000
2734.000000 0.000000
2735.000000 0.000000
2736.000000 0.000000
2737.000000 0.000000
2738.000000 0.000000
2739.000000 0.000000
2740.000000 0.000000
2741.000000 0.000000
2742.000000 0.000000
2743.000000 0.000000
2744.000000 0.000000
2745.000000 0.000000
2746.000000 0.000000
2747.000000 0.000000
2748.000000 0.000000
2749.000000 0.000000
2750.000000 0.000000
2751.000000 0.000000
2752.000000 0.000000
2753.000000 0.000000
2754.000000 0.000000
2755.000000 0.000000
2756.000000 0.000000
2757.000000 0.000000
2758.000000 0.000000
2759.000000 0.000000
2760.000000 0.000000
2761.000000 0.000000
2762.000000 0.000000
2763.000000 0.000000
2764.000000 0.000000
2765.000000 0.000000
2766.000000 0.000000
2767.000000 0.000000
2768.000000 0.000000
2769.000000 0.000000
2770.000000 0.000000
2771.000000 0.000000
2772.000000 0.000000
2773.000000 0.000000
2774.000000 0.000000
2775.000000 0.000000
2776.000000 0.000000
2777.000000 0.000000
2778.000000 0.000000
2779.000000 0.000000
2780.000000 0.000000
2781.000000 0.000000
2782.000000 0.000000
2783.000000 0.000000
2784.000000 0.000000
2785.000000 0.000000
2786.000000 0.000000
2787.000000 0.000000
2788.000000 0.000000
2789.000000 0.000000
2790.000000 0.000000
2791.000000 0.000000
2792.000000 0.000000
2793.000000 0.000000
2794.000000 0.000000
2795.000000 0.000000
2796.000000 0.000000
2797.000000 0.000000
2798.000000 0.000000
2799.000000 0.000000
2800.000000 0.000000
2801.000000 0.000000
2802.000000 0.000000
2803.000000 0.000000
2804.000000 0.000000
2805.000000 0.000000
2806.000000 0.000000
2807.000000 0.000000
2808.000000 0.000000
2809.000000 0.000000
2810.000000 0.000000
2811.000000 0.000000
2812.000000 0.000000
2813.000000 0.000000
2814.000000 0.000000
2815.000000 0.000000
2816.000000 0.000000
2817.000000 0.000000
2818.000000 0.000000
2819.000000 0.000000
2820.000000 0.000000
2821.000000 0.000000
2822.000000 0.000000
2823.000000 0.000000
2824.000000 0.000000
2825.000000 0.000000
2826.000000 0.000000
2827.000000 0.000000
2828.000000 0.000000
2829.000000 0.000000
2830.000000 0.000000
2831.000000 0.000000
2832.000000 0.000000
2833.000000 0.000000
2834.000000 0.000000
2835.000000 0.000000
2836.000000 0.000000
2837.000000 0.000000
2838.000000 0.000000
2839.000000 0.000000
2840.000000 0.000000
2841.000000 0.000000
2842.000000 0.000000
2843.000000 0.000000
2844.000000 0.000000
2845.000000 0.000000
2846.000000 0.000000
2847.000000 0.000000
2848.000000 0.000000
2849.000000 0.000000
2850.000000 0.000000
2851.000000 0.000000
2852.000000 0.000000
2853.000000 0.000000
2854.000000 0.000000
2855.000000 0.000000
2856.000000 0.000000
2857.000000 0.000000
2858.000000 0.000000
2859.000000 0.000000
2860.000000 0.000000
2861.000000 0.000000
2862.000000 0.000000
2863.000000 0.000000
2864.000000 0.000000
2865.000000 0.000000
2866.000000 0.000000
2867.000000 0.000000
2868.000000 0.000000
2869.000000 0.000000
2870.000000 0.000000
2871.000000 0.000000
2872.000000 0.000000
2873.000000 0.000000
2874.000000 0.000000
2875.000000 0.000000
2876.000000 0.000000
2877.000000 0.000000
2878.000000 0.000000
2879.000000 0.000000
2880.000000 0.000000
2881.000000 0.000000
2882.000000 0.000000
2883.000000 0.000000
2884.000000 0.000000
2885.000000 0.000000
2886.000000 0.000000
2887.000000 0.000000
2888.000000 0.000000
2889.000000 0.000000
2890.000000 0.000000
2891.000000 0.000000
2892.000000 0.000000
2893.000000 0.000000
2894.000000 0.000000
2895.000000 0.000000
2896.000000 0.000000
2897.000000 0.000000
2898.000000 0.000000
2899.000000 0.000000
2900.000000 0.000000
2901.000000 0.000000
2902.000000 0.000000
2903.000000 0.000000
2904.000000 0.000000
2905.000000 0.000000
2906.000000 0.000000
2907.000000 0.000000
2908.000000 0.000000
2909.000000 0.000000
2910.000000 0.000000
2911.000000 0.000000
2912.000000 0.000000
2913.000000 0.000000
2914.000000 0.000000
2915.000000 0.000000
2916.000000 0.000000
2917.000000 0.000000
2918.000000 0.000000
2919.000000 0.000000
2920.000000 0.000000
2921.000000 0.000000
2922.000000 0.000000
2923.000000 0.000000
2924.000000 0.000000
2925.000000 0.000000
2926.000000 0.000000
2927.000000 0.000000
2928.000000 0.000000
2929.000000 0.000000
2930.000000 0.000000
2931.000000 0.000000
2932.000000 0.000000
2933.000000 0.000000
2934.000000 0.000000
2935.000000 0.000000
2936.000000 0.000000
2937.000000 0.000000
2938.000000 0.000000
2939.000000 0.000000
2940.000000 0.000000
2941.000000 0.000000
2942.000000 0.000000
2943.000000 0.000000
2944.000000 0.000000
2945.000000 0.000000
2946.000000 0.000000
2947.000000 0.000000
2948.000000 0.000000
2949.000000 0.000000
2950.000000 0.000000
2951.000000 0.000000
2952.000000 0.000000
2953.000000 0.000000
2954.000000 0.000000
2955.000000 0.000000
2956.000000 0.000000
2957.000000 0.000000
2958.000000 0.000000
2959.000000 0.000000
2960.000000 0.000000
2961.000000 0.000000
2962.000000 0.000000
2963.000000 0.000000
2964.000000 0.000000
2965.000000 0.000000
2966.000000 0.000000
2967.000000 0.000000
2968.000000 0.000000
2969.000000 0.000000
2970.000000 0.000000
2971.000000 0.000000
2972.000000 0.000000
2973.000000 0.000000
2974.000000 0.000000
2975.000000 0.000000
2976.000000 0.000000
2977.000000 0.000000
2978.000000 0.000000
2979.000000 0.000000
2980.000000 0.000000
2981.000000 0.000000
2982.000000 0.000000
2983.000000 0.000000
2984.000000 0.000000
2985.000000 0.000000
2986.000000 0.000000
2987.000000 0.000000
2988.000000 0.000000
2989.000000 0.000000
2990.000000 0.000000
2991.000000 0.000000
2992.000000 0.000000
2993.000000 0.000000
2994.000000 0.000000
2995.000000 0.000000
2996.000000 0.000000
2997.000000 0.000000
2998.000000 0.000000
2999.000000 0.000000
3000.000000 0.000000
