n lam mean variance std
3000 0.370000 1500.493520 160597.143888 400.745735
bin_midpoint probability
1.000000 0.000000
2.000000 0.000000
3.000000 0.000000
4.000000 0.000000
5.000000 0.000000
6.000000 0.000000
7.000000 0.000000
8.000000 0.000000
9.000000 0.000000
10.000000 0.000000
11.000000 0.000000
12.000000 0.000000
13.000000 0.000000
14.000000 0.000000
15.000000 0.000000
16.000000 0.000000
17.000000 0.000000
18.000000 0.000000
19.000000 0.000000
20.000000 0.000000
21.000000 0.000000
22.000000 0.000000
23.000000 0.000000
24.000000 0.000000
25.000000 0.000000
26.000000 0.000000
27.000000 0.000000
28.000000 0.000000
29.000000 0.000000
30.000000 0.000000
31.000000 0.000000
32.000000 0.000000
33.000000 0.000000
34.000000 0.000000
35.000000 0.000000
36.000000 0.000000
37.000000 0.000000
38.000000 0.000000
39.000000 0.000000
40.000000 0.000000
41.000000 0.000000
42.000000 0.000000
43.000000 0.000000
44.000000 0.000000
45.000000 0.000000
46.000000 0.000000
47.000000 0.000000
48.000000 0.000000
49.000000 0.000000
50.000000 0.000000
51.000000 0.000000
52.000000 0.000000
53.000000 0.000000
54.000000 0.000000
55.000000 0.000000
56.000000 0.000000
57.000000 0.000000
58.000000 0.000000
59.000000 0.000000
60.000000 0.000000
61.000000 0.000000
62.000000 0.000000
63.000000 0.000000
64.000000 0.000000
65.000000 0.000000
66.000000 0.000000
67.000000 0.000000
68.000000 0.000000
69.000000 0.000000
70.000000 0.000000
71.000000 0.000000
72.000000 0.000000
73.000000 0.000000
74.000000 0.000000
75.000000 0.000000
76.000000 0.000000
77.000000 0.000000
78.000000 0.000000
79.000000 0.000000
80.000000 0.000000
81.000000 0.000000
82.000000 0.000000
83.000000 0.000000
84.000000 0.000000
85.000000 0.000000
86.000000 0.000000
87.000000 0.000000
88.000000 0.000000
89.000000 0.000000
90.000000 0.000000
91.000000 0.000000
92.000000 0.000000
93.000000 0.000000
94.000000 0.000000
95.000000 0.000000
96.000000 0.000000
97.000000 0.000000
98.000000 0.000000
99.000000 0.000000
100.000000 0.000000
101.000000 0.000000
102.000000 0.000000
103.000000 0.000000
104.000000 0.000000
105.000000 0.000000
106.000000 0.000000
107.000000 0.000000
108.000000 0.000000
109.000000 0.000000
110.000000 0.000000
111.000000 0.000000
112.000000 0.000000
113.000000 0.000000
114.000000 0.000000
115.000000 0.000000
116.000000 0.000000
117.000000 0.000000
118.000000 0.000000
119.000000 0.000000
120.000000 0.000000
121.000000 0.000000
122.000000 0.000000
123.000000 0.000000
124.000000 0.000000
125.000000 0.000000
126.000000 0.000000
127.000000 0.000000
128.000000 0.000000
129.000000 0.000000
130.000000 0.000000
131.000000 0.000000
132.000000 0.000000
133.000000 0.000000
134.000000 0.000000
135.000000 0.000000
136.000000 0.000000
137.000000 0.000000
138.000000 0.000000
139.000000 0.000000
140.000000 0.000000
141.000000 0.000000
142.000000 0.000000
143.000000 0.000000
144.000000 0.000000
145.000000 0.000000
146.000000 0.000000
147.000000 0.000000
148.000000 0.000000
149.000000 0.000000
150.000000 0.000000
151.000000 0.000000
152.000000 0.000000
153.000000 0.000000
154.000000 0.000000
155.000000 0.000000
156.000000 0.000000
157.000000 0.000000
158.000000 0.000000
159.000000 0.000000
160.000000 0.000000
161.000000 0.000000
162.000000 0.000000
163.000000 0.000000
164.000000 0.000000
165.000000 0.000000
166.000000 0.000000
167.000000 0.000000
168.000000 0.000000
169.000000 0.000000
170.000000 0.000000
171.000000 0.000000
172.000000 0.000000
173.000000 0.000000
174.000000 0.000000
175.000000 0.000000
176.000000 0.000000
177.000000 0.000000
178.000000 0.000000
179.000000 0.000000
180.000000 0.000000
181.000000 0.000000
182.000000 0.000000
183.000000 0.000000
184.000000 0.000000
185.000000 0.000000
186.000000 0.000000
187.000000 0.000000
188.000000 0.000000
189.000000 0.000000
190.000000 0.000000
191.000000 0.000000
192.000000 0.000000
193.000000 0.000000
194.000000 0.000000
195.000000 0.000000
196.000000 0.000000
197.000000 0.000000
198.000000 0.000000
199.000000 0.000000
200.000000 0.000000
201.000000 0.000000
202.000000 0.000000
203.000000 0.000000
204.000000 0.000000
205.000000 0.000000
206.000000 0.000000
207.000000 0.000000
208.000000 0.000000
209.000000 0.000000
210.000000 0.000000
211.000000 0.000000
212.000000 0.000000
213.000000 0.000000
214.000000 0.000000
215.000000 0.000000
216.000000 0.000000
217.000000 0.000000
218.000000 0.000000
219.000000 0.000000
220.000000 0.000000
221.000000 0.000000
222.000000 0.000000
223.000000 0.000000
224.000000 0.000000
225.000000 0.000000
226.000000 0.000000
227.000000 0.000000
228.000000 0.000000
229.000000 0.000000
230.000000 0.000000
231.000000 0.000000
232.000000 0.000000
233.000000 0.000000
234.000000 0.000000
235.000000 0.000000
236.000000 0.000000
237.000000 0.000000
238.000000 0.000000
239.000000 0.000000
240.000000 0.000000
241.000000 0.000000
242.000000 0.000000
243.000000 0.000000
244.000000 0.000000
245.000000 0.000000
246.000000 0.000000
247.000000 0.000000
248.000000 0.000000
249.000000 0.000000
250.000000 0.000000
251.000000 0.000000
252.000000 0.000000
253.000000 0.000000
254.000000 0.000000
255.000000 0.000000
256.000000 0.000000
257.000000 0.000000
258.000000 0.000000
259.000000 0.000000
260.000000 0.000000
261.000000 0.000000
262.000000 0.000000
263.000000 0.000001
264.000000 0.000001
265.000000 0.000001
266.000000 0.000001
267.000000 0.000001
268.000000 0.000001
269.000000 0.000001
270.000000 0.000001
271.000000 0.000001
272.000000 0.000001
273.000000 0.000001
274.000000 0.000001
275.000000 0.000001
276.000000 0.000001
277.000000 0.000001
278.000000 0.000001
279.000000 0.000001
280.000000 0.000001
281.000000 0.000001
282.000000 0.000001
283.000000 0.000001
284.000000 0.000001
285.000000 0.000001
286.000000 0.000001
287.000000 0.000001
288.000000 0.000001
289.000000 0.000001
290.000000 0.000001
291.000000 0.000001
292.000000 0.000001
293.000000 0.000001
294.000000 0.000001
295.000000 0.000001
296.000000 0.000001
297.000000 0.000001
298.000000 0.000001
299.000000 0.000001
300.000000 0.000001
301.000000 0.000001
302.000000 0.000001
303.000000 0.000001
304.000000 0.000001
305.000000 0.000001
306.000000 0.000002
307.000000 0.000002
308.000000 0.000002
309.000000 0.000002
310.000000 0.000002
311.000000 0.000002
312.000000 0.000002
313.000000 0.000002
314.000000 0.000002
315.000000 0.000002
316.000000 0.000002
317.000000 0.000002
318.000000 0.000002
319.000000 0.000002
320.000000 0.000002
321.000000 0.000002
322.000000 0.000002
323.000000 0.000002
324.000000 0.000002
325.000000 0.000002
326.000000 0.000002
327.000000 0.000002
328.000000 0.000002
329.000000 0.000002
330.000000 0.000003
331.000000 0.000003
332.000000 0.000003
333.000000 0.000003
334.000000 0.000003
335.000000 0.000003
336.000000 0.000003
337.000000 0.000003
338.000000 0.000003
339.000000 0.000003
340.000000 0.000003
341.000000 0.000003
342.000000 0.000003
343.000000 0.000003
344.000000 0.000003
345.000000 0.000003
346.000000 0.000003
347.000000 0.000003
348.000000 0.000004
349.000000 0.000004
350.000000 0.000004
351.000000 0.000004
352.000000 0.000004
353.000000 0.000004
354.000000 0.000004
355.000000 0.000004
356.000000 0.000004
357.000000 0.000004
358.000000 0.000004
359.000000 0.000004
360.000000 0.000004
361.000000 0.000005
362.000000 0.000005
363.000000 0.000005
364.000000 0.000005
365.000000 0.000005
366.000000 0.000005
367.000000 0.000005
368.000000 0.000005
369.000000 0.000005
370.000000 0.000005
371.000000 0.000005
372.000000 0.000005
373.000000 0.000006
374.000000 0.000006
375.000000 0.000006
376.000000 0.000006
377.000000 0.000006
378.000000 0.000006
379.000000 0.000006
380.000000 0.000006
381.000000 0.000006
382.000000 0.000006
383.000000 0.000007
384.000000 0.000007
385.000000 0.000007
386.000000 0.000007
387.000000 0.000007
388.000000 0.000007
389.000000 0.000007
390.000000 0.000007
391.000000 0.000007
392.000000 0.000008
393.000000 0.000008
394.000000 0.000008
395.000000 0.000008
396.000000 0.000008
397.000000 0.000008
398.000000 0.000008
399.000000 0.000008
400.000000 0.000009
401.000000 0.000009
402.000000 0.000009
403.000000 0.000009
404.000000 0.000009
405.000000 0.000009
406.000000 0.000009
407.000000 0.000009
408.000000 0.000010
409.000000 0.000010
410.000000 0.000010
411.000000 0.000010
412.000000 0.000010
413.000000 0.000010
414.000000 0.000010
415.000000 0.000011
416.000000 0.000011
417.000000 0.000011
418.000000 0.000011
419.000000 0.000011
420.000000 0.000011
421.000000 0.000012
422.000000 0.000012
423.000000 0.000012
424.000000 0.000012
425.000000 0.000012
426.000000 0.000012
427.000000 0.000013
428.000000 0.000013
429.000000 0.000013
430.000000 0.000013
431.000000 0.000013
432.000000 0.000014
433.000000 0.000014
434.000000 0.000014
435.000000 0.000014
436.000000 0.000014
437.000000 0.000014
438.000000 0.000015
439.000000 0.000015
440.000000 0.000015
441.000000 0.000015
442.000000 0.000015
443.000000 0.000016
444.000000 0.000016
445.000000 0.000016
446.000000 0.000016
447.000000 0.000016
448.000000 0.000017
449.000000 0.000017
450.000000 0.000017
451.000000 0.000017
452.000000 0.000017
453.000000 0.000018
454.000000 0.000018
455.000000 0.000018
456.000000 0.000018
457.000000 0.000019
458.000000 0.000019
459.000000 0.000019
460.000000 0.000019
461.000000 0.000020
462.000000 0.000020
463.000000 0.000020
464.000000 0.000020
465.000000 0.000020
466.000000 0.000021
467.000000 0.000021
468.000000 0.000021
469.000000 0.000022
470.000000 0.000022
471.000000 0.000022
472.000000 0.000022
473.000000 0.000023
474.000000 0.000023
475.000000 0.000023
476.000000 0.000023
477.000000 0.000024
478.000000 0.000024
479.000000 0.000024
480.000000 0.000024
481.000000 0.000025
482.000000 0.000025
483.000000 0.000025
484.000000 0.000026
485.000000 0.000026
486.000000 0.000026
487.000000 0.000026
488.000000 0.000027
489.000000 0.000027
490.000000 0.000027
491.000000 0.000028
492.000000 0.000028
493.000000 0.000028
494.000000 0.000029
495.000000 0.000029
496.000000 0.000029
497.000000 0.000030
498.000000 0.000030
499.000000 0.000030
500.000000 0.000031
501.000000 0.000031
502.000000 0.000031
503.000000 0.000031
504.000000 0.000032
505.000000 0.000032
506.000000 0.000033
507.000000 0.000033
508.000000 0.000033
509.000000 0.000034
510.000000 0.000034
511.000000 0.000034
512.000000 0.000035
513.000000 0.000035
514.000000 0.000035
515.000000 0.000036
516.000000 0.000036
517.000000 0.000036
518.000000 0.000037
519.000000 0.000037
520.000000 0.000038
521.000000 0.000038
522.000000 0.000038
523.000000 0.000039
524.000000 0.000039
525.000000 0.000039
526.000000 0.000040
527.000000 0.000040
528.000000 0.000041
529.000000 0.000041
530.000000 0.000041
531.000000 0.000042
532.000000 0.000042
533.000000 0.000043
534.000000 0.000043
535.000000 0.000044
536.000000 0.000044
537.000000 0.000044
538.000000 0.000045
539.000000 0.000045
540.000000 0.000046
541.000000 0.000046
542.000000 0.000047
543.000000 0.000047
544.000000 0.000047
545.000000 0.000048
546.000000 0.000048
547.000000 0.000049
548.000000 0.000049
549.000000 0.000050
550.000000 0.000050
551.000000 0.000051
552.000000 0.000051
553.000000 0.000051
554.000000 0.000052
555.000000 0.000052
556.000000 0.000053
557.000000 0.000053
558.000000 0.000054
559.000000 0.000054
560.000000 0.000055
561.000000 0.000055
562.000000 0.000056
563.000000 0.000056
564.000000 0.000057
565.000000 0.000057
566.000000 0.000058
567.000000 0.000058
568.000000 0.000059
569.000000 0.000059
570.000000 0.000060
571.000000 0.000060
572.000000 0.000061
573.000000 0.000061
574.000000 0.000062
575.000000 0.000062
576.000000 0.000063
577.000000 0.000064
578.000000 0.000064
579.000000 0.000065
580.000000 0.000065
581.000000 0.000066
582.000000 0.000066
583.000000 0.000067
584.000000 0.000068
585.000000 0.000068
586.000000 0.000069
587.000000 0.000069
588.000000 0.000070
589.000000 0.000070
590.000000 0.000071
591.000000 0.000071
592.000000 0.000072
593.000000 0.000073
594.000000 0.000073
595.000000 0.000074
596.000000 0.000074
597.000000 0.000075
598.000000 0.000076
599.000000 0.000076
600.000000 0.000077
601.000000 0.000077
602.000000 0.000078
603.000000 0.000078
604.000000 0.000079
605.000000 0.000080
606.000000 0.000080
607.000000 0.000081
608.000000 0.000082
609.000000 0.000082
610.000000 0.000083
611.000000 0.000084
612.000000 0.000084
613.000000 0.000085
614.000000 0.000085
615.000000 0.000086
616.000000 0.000087
617.000000 0.000087
618.000000 0.000088
619.000000 0.000089
620.000000 0.000089
621.000000 0.000090
622.000000 0.000091
623.000000 0.000091
624.000000 0.000092
625.000000 0.000093
626.000000 0.000094
627.000000 0.000094
628.000000 0.000095
629.000000 0.000096
630.000000 0.000096
631.000000 0.000097
632.000000 0.000098
633.000000 0.000098
634.000000 0.000099
635.000000 0.000100
636.000000 0.000101
637.000000 0.000101
638.000000 0.000102
639.000000 0.000103
640.000000 0.000103
641.000000 0.000104
642.000000 0.000105
643.000000 0.000106
644.000000 0.000106
645.000000 0.000107
646.000000 0.000108
647.000000 0.000109
648.000000 0.000109
649.000000 0.000110
650.000000 0.000111
651.000000 0.000112
652.000000 0.000112
653.000000 0.000113
654.000000 0.000114
655.000000 0.000115
656.000000 0.000115
657.000000 0.000116
658.000000 0.000117
659.000000 0.000118
660.000000 0.000119
661.000000 0.000119
662.000000 0.000120
663.000000 0.000121
664.000000 0.000122
665.000000 0.000123
666.000000 0.000123
667.000000 0.000124
668.000000 0.000125
669.000000 0.000126
670.000000 0.000127
671.000000 0.000128
672.000000 0.000128
673.000000 0.000129
674.000000 0.000130
675.000000 0.000131
676.000000 0.000131
677.000000 0.000132
678.000000 0.000133
679.000000 0.000134
680.000000 0.000135
681.000000 0.000136
682.000000 0.000137
683.000000 0.000138
684.000000 0.000138
685.000000 0.000139
686.000000 0.000140
687.000000 0.000141
688.000000 0.000142
689.000000 0.000142
690.000000 0.000144
691.000000 0.000144
692.000000 0.000145
693.000000 0.000146
694.000000 0.000147
695.000000 0.000148
696.000000 0.000149
697.000000 0.000150
698.000000 0.000151
699.000000 0.000152
700.000000 0.000152
701.000000 0.000153
702.000000 0.000154
703.000000 0.000155
704.000000 0.000156
705.000000 0.000157
706.000000 0.000158
707.000000 0.000159
708.000000 0.000160
709.000000 0.000161
710.000000 0.000162
711.000000 0.000162
712.000000 0.000164
713.000000 0.000164
714.000000 0.000165
715.000000 0.000166
716.000000 0.000167
717.000000 0.000168
718.000000 0.000169
719.000000 0.000170
720.000000 0.000171
721.000000 0.000172
722.000000 0.000173
723.000000 0.000174
724.000000 0.000175
725.000000 0.000176
726.000000 0.000177
727.000000 0.000178
728.000000 0.000179
729.000000 0.000180
730.000000 0.000181
731.000000 0.000181
732.000000 0.000183
733.000000 0.000184
734.000000 0.000185
735.000000 0.000186
736.000000 0.000187
737.000000 0.000188
738.000000 0.000189
739.000000 0.000190
740.000000 0.000191
741.000000 0.000192
742.000000 0.000193
743.000000 0.000193
744.000000 0.000195
745.000000 0.000196
746.000000 0.000197
747.000000 0.000198
748.000000 0.000199
749.000000 0.000200
750.000000 0.000201
751.000000 0.000202
752.000000 0.000203
753.000000 0.000204
754.000000 0.000205
755.000000 0.000206
756.000000 0.000207
757.000000 0.000208
758.000000 0.000209
759.000000 0.000210
760.000000 0.000211
761.000000 0.000212
762.000000 0.000213
763.000000 0.000214
764.000000 0.000216
765.000000 0.000217
766.000000 0.000218
767.000000 0.000219
768.000000 0.000219
769.000000 0.000221
770.000000 0.000222
771.000000 0.000223
772.000000 0.000224
773.000000 0.000225
774.000000 0.000226
775.000000 0.000227
776.000000 0.000228
777.000000 0.000229
778.000000 0.000231
779.000000 0.000232
780.000000 0.000233
781.000000 0.000234
782.000000 0.000235
783.000000 0.000236
784.000000 0.000237
785.000000 0.000238
786.000000 0.000240
787.000000 0.000241
788.000000 0.000242
789.000000 0.000243
790.000000 0.000244
791.000000 0.000245
792.000000 0.000246
793.000000 0.000247
794.000000 0.000249
795.000000 0.000249
796.000000 0.000251
797.000000 0.000252
798.000000 0.000253
799.000000 0.000254
800.000000 0.000255
801.000000 0.000256
802.000000 0.000257
803.000000 0.000259
804.000000 0.000260
805.000000 0.000261
806.000000 0.000262
807.000000 0.000264
808.000000 0.000264
809.000000 0.000266
810.000000 0.000267
811.000000 0.000268
812.000000 0.000269
813.000000 0.000271
814.000000 0.000271
815.000000 0.000273
816.000000 0.000274
817.000000 0.000275
818.000000 0.000276
819.000000 0.000278
820.000000 0.000278
821.000000 0.000280
822.000000 0.000281
823.000000 0.000282
824.000000 0.000283
825.000000 0.000284
826.000000 0.000286
827.000000 0.000286
828.000000 0.000288
829.000000 0.000289
830.000000 0.000290
831.000000 0.000291
832.000000 0.000293
833.000000 0.000294
834.000000 0.000295
835.000000 0.000296
836.000000 0.000298
837.000000 0.000298
838.000000 0.000300
839.000000 0.000301
840.000000 0.000302
841.000000 0.000303
842.000000 0.000305
843.000000 0.000306
844.000000 0.000307
845.000000 0.000308
846.000000 0.000310
847.000000 0.000311
848.000000 0.000312
849.000000 0.000313
850.000000 0.000314
851.000000 0.000316
852.000000 0.000317
853.000000 0.000318
854.000000 0.000319
855.000000 0.000320
856.000000 0.000322
857.000000 0.000323
858.000000 0.000324
859.000000 0.000325
860.000000 0.000327
861.000000 0.000328
862.000000 0.000329
863.000000 0.000331
864.000000 0.000331
865.000000 0.000333
866.000000 0.000334
867.000000 0.000335
868.000000 0.000336
869.000000 0.000338
870.000000 0.000339
871.000000 0.000340
872.000000 0.000341
873.000000 0.000343
874.000000 0.000344
875.000000 0.000345
876.000000 0.000347
877.000000 0.000348
878.000000 0.000349
879.000000 0.000350
880.000000 0.000352
881.000000 0.000353
882.000000 0.000354
883.000000 0.000355
884.000000 0.000356
885.000000 0.000358
886.000000 0.000359
887.000000 0.000360
888.000000 0.000362
889.000000 0.000363
890.000000 0.000364
891.000000 0.000365
892.000000 0.000366
893.000000 0.000368
894.000000 0.000369
895.000000 0.000371
896.000000 0.000372
897.000000 0.000373
898.000000 0.000375
899.000000 0.000376
900.000000 0.000377
901.000000 0.000378
902.000000 0.000379
903.000000 0.000381
904.000000 0.000382
905.000000 0.000383
906.000000 0.000384
907.000000 0.000386
908.000000 0.000387
909.000000 0.000388
910.000000 0.000390
911.000000 0.000391
912.000000 0.000392
913.000000 0.000393
914.000000 0.000395
915.000000 0.000396
916.000000 0.000397
917.000000 0.000399
918.000000 0.000400
919.000000 0.000401
920.000000 0.000403
921.000000 0.000404
922.000000 0.000405
923.000000 0.000407
924.000000 0.000408
925.000000 0.000409
926.000000 0.000410
927.000000 0.000411
928.000000 0.000413
929.000000 0.000414
930.000000 0.000416
931.000000 0.000416
932.000000 0.000418
933.000000 0.000419
934.000000 0.000421
935.000000 0.000422
936.000000 0.000423
937.000000 0.000425
938.000000 0.000425
939.000000 0.000427
940.000000 0.000428
941.000000 0.000429
942.000000 0.000431
943.000000 0.000432
944.000000 0.000434
945.000000 0.000434
946.000000 0.000436
947.000000 0.000437
948.000000 0.000439
949.000000 0.000440
950.000000 0.000441
951.000000 0.000443
952.000000 0.000443
953.000000 0.000445
954.000000 0.000446
955.000000 0.000448
956.000000 0.000449
957.000000 0.000451
958.000000 0.000451
959.000000 0.000453
960.000000 0.000454
961.000000 0.000456
962.000000 0.000457
963.000000 0.000458
964.000000 0.000459
965.000000 0.000461
966.000000 0.000462
967.000000 0.000464
968.000000 0.000464
969.000000 0.000466
970.000000 0.000467
971.000000 0.000469
972.000000 0.000470
973.000000 0.000471
974.000000 0.000473
975.000000 0.000474
976.000000 0.000475
977.000000 0.000477
978.000000 0.000478
979.000000 0.000479
980.000000 0.000480
981.000000 0.000482
982.000000 0.000483
983.000000 0.000484
984.000000 0.000485
985.000000 0.000487
986.000000 0.000488
987.000000 0.000490
988.000000 0.000491
989.000000 0.000492
990.000000 0.000494
991.000000 0.000494
992.000000 0.000496
993.000000 0.000497
994.000000 0.000499
995.000000 0.000499
996.000000 0.000501
997.000000 0.000502
998.000000 0.000504
999.000000 0.000505
1000.000000 0.000507
1001.000000 0.000507
1002.000000 0.000510
1003.000000 0.000510
1004.000000 0.000512
1005.000000 0.000513
1006.000000 0.000514
1007.000000 0.000515
1008.000000 0.000517
1009.000000 0.000518
1010.000000 0.000519
1011.000000 0.000521
1012.000000 0.000522
1013.000000 0.000523
1014.000000 0.000525
1015.000000 0.000526
1016.000000 0.000527
1017.000000 0.000528
1018.000000 0.000530
1019.000000 0.000531
1020.000000 0.000532
1021.000000 0.000534
1022.000000 0.000535
1023.000000 0.000536
1024.000000 0.000538
1025.000000 0.000539
1026.000000 0.000540
1027.000000 0.000542
1028.000000 0.000542
1029.000000 0.000544
1030.000000 0.000545
1031.000000 0.000547
1032.000000 0.000547
1033.000000 0.000549
1034.000000 0.000550
1035.000000 0.000551
1036.000000 0.000553
1037.000000 0.000554
1038.000000 0.000556
1039.000000 0.000557
1040.000000 0.000558
1041.000000 0.000559
1042.000000 0.000561
1043.000000 0.000562
1044.000000 0.000563
1045.000000 0.000564
1046.000000 0.000566
1047.000000 0.000567
1048.000000 0.000568
1049.000000 0.000570
1050.000000 0.000571
1051.000000 0.000572
1052.000000 0.000574
1053.000000 0.000575
1054.000000 0.000576
1055.000000 0.000577
1056.000000 0.000579
1057.000000 0.000580
1058.000000 0.000581
1059.000000 0.000582
1060.000000 0.000584
1061.000000 0.000585
1062.000000 0.000586
1063.000000 0.000588
1064.000000 0.000589
1065.000000 0.000591
1066.000000 0.000591
1067.000000 0.000593
1068.000000 0.000594
1069.000000 0.000595
1070.000000 0.000596
1071.000000 0.000598
1072.000000 0.000599
1073.000000 0.000600
1074.000000 0.000601
1075.000000 0.000603
1076.000000 0.000604
1077.000000 0.000605
1078.000000 0.000606
1079.000000 0.000608
1080.000000 0.000609
1081.000000 0.000610
1082.000000 0.000611
1083.000000 0.000613
1084.000000 0.000614
1085.000000 0.000615
1086.000000 0.000617
1087.000000 0.000618
1088.000000 0.000620
1089.000000 0.000620
1090.000000 0.000622
1091.000000 0.000622
1092.000000 0.000624
1093.000000 0.000625
1094.000000 0.000627
1095.000000 0.000627
1096.000000 0.000629
1097.000000 0.000630
1098.000000 0.000631
1099.000000 0.000633
1100.000000 0.000634
1101.000000 0.000635
1102.000000 0.000636
1103.000000 0.000638
1104.000000 0.000638
1105.000000 0.000640
1106.000000 0.000641
1107.000000 0.000643
1108.000000 0.000643
1109.000000 0.000645
1110.000000 0.000646
1111.000000 0.000648
1112.000000 0.000649
1113.000000 0.000651
1114.000000 0.000651
1115.000000 0.000653
1116.000000 0.000653
1117.000000 0.000655
1118.000000 0.000655
1119.000000 0.000657
1120.000000 0.000658
1121.000000 0.000659
1122.000000 0.000660
1123.000000 0.000661
1124.000000 0.000663
1125.000000 0.000665
1126.000000 0.000666
1127.000000 0.000667
1128.000000 0.000668
1129.000000 0.000669
1130.000000 0.000670
1131.000000 0.000671
1132.000000 0.000672
1133.000000 0.000673
1134.000000 0.000675
1135.000000 0.000676
1136.000000 0.000678
1137.000000 0.000679
1138.000000 0.000681
1139.000000 0.000681
1140.000000 0.000683
1141.000000 0.000683
1142.000000 0.000685
1143.000000 0.000685
1144.000000 0.000687
1145.000000 0.000687
1146.000000 0.000689
1147.000000 0.000690
1148.000000 0.000691
1149.000000 0.000693
1150.000000 0.000694
1151.000000 0.000695
1152.000000 0.000696
1153.000000 0.000698
1154.000000 0.000698
1155.000000 0.000699
1156.000000 0.000701
1157.000000 0.000702
1158.000000 0.000702
1159.000000 0.000704
1160.000000 0.000705
1161.000000 0.000707
1162.000000 0.000708
1163.000000 0.000709
1164.000000 0.000710
1165.000000 0.000711
1166.000000 0.000712
1167.000000 0.000713
1168.000000 0.000714
1169.000000 0.000715
1170.000000 0.000716
1171.000000 0.000717
1172.000000 0.000718
1173.000000 0.000720
1174.000000 0.000721
1175.000000 0.000722
1176.000000 0.000724
1177.000000 0.000724
1178.000000 0.000726
1179.000000 0.000727
1180.000000 0.000728
1181.000000 0.000729
1182.000000 0.000730
1183.000000 0.000730
1184.000000 0.000731
1185.000000 0.000733
1186.000000 0.000734
1187.000000 0.000736
1188.000000 0.000737
1189.000000 0.000738
1190.000000 0.000738
1191.000000 0.000740
1192.000000 0.000741
1193.000000 0.000742
1194.000000 0.000743
1195.000000 0.000744
1196.000000 0.000744
1197.000000 0.000745
1198.000000 0.000747
1199.000000 0.000748
1200.000000 0.000750
1201.000000 0.000751
1202.000000 0.000751
1203.000000 0.000752
1204.000000 0.000753
1205.000000 0.000754
1206.000000 0.000755
1207.000000 0.000756
1208.000000 0.000757
1209.000000 0.000758
1210.000000 0.000759
1211.000000 0.000761
1212.000000 0.000762
1213.000000 0.000763
1214.000000 0.000764
1215.000000 0.000765
1216.000000 0.000766
1217.000000 0.000767
1218.000000 0.000768
1219.000000 0.000769
1220.000000 0.000770
1221.000000 0.000770
1222.000000 0.000771
1223.000000 0.000773
1224.000000 0.000774
1225.000000 0.000775
1226.000000 0.000776
1227.000000 0.000777
1228.000000 0.000778
1229.000000 0.000779
1230.000000 0.000780
1231.000000 0.000781
1232.000000 0.000782
1233.000000 0.000783
1234.000000 0.000783
1235.000000 0.000785
1236.000000 0.000786
1237.000000 0.000787
1238.000000 0.000788
1239.000000 0.000789
1240.000000 0.000789
1241.000000 0.000790
1242.000000 0.000791
1243.000000 0.000792
1244.000000 0.000793
1245.000000 0.000794
1246.000000 0.000794
1247.000000 0.000796
1248.000000 0.000797
1249.000000 0.000798
1250.000000 0.000799
1251.000000 0.000800
1252.000000 0.000801
1253.000000 0.000802
1254.000000 0.000803
1255.000000 0.000803
1256.000000 0.000804
1257.000000 0.000805
1258.000000 0.000806
1259.000000 0.000806
1260.000000 0.000808
1261.000000 0.000809
1262.000000 0.000810
1263.000000 0.000811
1264.000000 0.000812
1265.000000 0.000812
1266.000000 0.000813
1267.000000 0.000814
1268.000000 0.000815
1269.000000 0.000816
1270.000000 0.000817
1271.000000 0.000817
1272.000000 0.000819
1273.000000 0.000820
1274.000000 0.000821
1275.000000 0.000822
1276.000000 0.000822
1277.000000 0.000823
1278.000000 0.000824
1279.000000 0.000825
1280.000000 0.000825
1281.000000 0.000826
1282.000000 0.000827
1283.000000 0.000828
1284.000000 0.000828
1285.000000 0.000830
1286.000000 0.000831
1287.000000 0.000832
1288.000000 0.000833
1289.000000 0.000833
1290.000000 0.000834
1291.000000 0.000834
1292.000000 0.000835
1293.000000 0.000836
1294.000000 0.000837
1295.000000 0.000837
1296.000000 0.000838
1297.000000 0.000839
1298.000000 0.000840
1299.000000 0.000841
1300.000000 0.000842
1301.000000 0.000842
1302.000000 0.000843
1303.000000 0.000844
1304.000000 0.000845
1305.000000 0.000845
1306.000000 0.000846
1307.000000 0.000847
1308.000000 0.000847
1309.000000 0.000848
1310.000000 0.000849
1311.000000 0.000850
1312.000000 0.000851
1313.000000 0.000851
1314.000000 0.000852
1315.000000 0.000853
1316.000000 0.000854
1317.000000 0.000854
1318.000000 0.000855
1319.000000 0.000856
1320.000000 0.000856
1321.000000 0.000857
1322.000000 0.000857
1323.000000 0.000859
1324.000000 0.000860
1325.000000 0.000860
1326.000000 0.000861
1327.000000 0.000861
1328.000000 0.000862
1329.000000 0.000863
1330.000000 0.000863
1331.000000 0.000864
1332.000000 0.000864
1333.000000 0.000865
1334.000000 0.000865
1335.000000 0.000867
1336.000000 0.000868
1337.000000 0.000868
1338.000000 0.000869
1339.000000 0.000870
1340.000000 0.000870
1341.000000 0.000870
1342.000000 0.000871
1343.000000 0.000872
1344.000000 0.000872
1345.000000 0.000873
1346.000000 0.000874
1347.000000 0.000874
1348.000000 0.000875
1349.000000 0.000876
1350.000000 0.000876
1351.000000 0.000877
1352.000000 0.000878
1353.000000 0.000878
1354.000000 0.000878
1355.000000 0.000879
1356.000000 0.000880
1357.000000 0.000880
1358.000000 0.000881
1359.000000 0.000881
1360.000000 0.000882
1361.000000 0.000883
1362.000000 0.000883
1363.000000 0.000884
1364.000000 0.000884
1365.000000 0.000885
1366.000000 0.000885
1367.000000 0.000886
1368.000000 0.000887
1369.000000 0.000887
1370.000000 0.000887
1371.000000 0.000888
1372.000000 0.000888
1373.000000 0.000889
1374.000000 0.000890
1375.000000 0.000890
1376.000000 0.000891
1377.000000 0.000891
1378.000000 0.000892
1379.000000 0.000892
1380.000000 0.000892
1381.000000 0.000893
1382.000000 0.000893
1383.000000 0.000894
1384.000000 0.000894
1385.000000 0.000895
1386.000000 0.000896
1387.000000 0.000896
1388.000000 0.000897
1389.000000 0.000897
1390.000000 0.000897
1391.000000 0.000898
1392.000000 0.000898
1393.000000 0.000899
1394.000000 0.000899
1395.000000 0.000899
1396.000000 0.000900
1397.000000 0.000900
1398.000000 0.000901
1399.000000 0.000902
1400.000000 0.000901
1401.000000 0.000902
1402.000000 0.000903
1403.000000 0.000903
1404.000000 0.000903
1405.000000 0.000904
1406.000000 0.000904
1407.000000 0.000904
1408.000000 0.000904
1409.000000 0.000905
1410.000000 0.000905
1411.000000 0.000906
1412.000000 0.000906
1413.000000 0.000907
1414.000000 0.000907
1415.000000 0.000908
1416.000000 0.000908
1417.000000 0.000908
1418.000000 0.000909
1419.000000 0.000909
1420.000000 0.000909
1421.000000 0.000909
1422.000000 0.000910
1423.000000 0.000910
1424.000000 0.000910
1425.000000 0.000911
1426.000000 0.000911
1427.000000 0.000911
1428.000000 0.000912
1429.000000 0.000912
1430.000000 0.000912
1431.000000 0.000912
1432.000000 0.000913
1433.000000 0.000913
1434.000000 0.000913
1435.000000 0.000913
1436.000000 0.000914
1437.000000 0.000914
1438.000000 0.000915
1439.000000 0.000915
1440.000000 0.000915
1441.000000 0.000915
1442.000000 0.000915
1443.000000 0.000916
1444.000000 0.000916
1445.000000 0.000916
1446.000000 0.000916
1447.000000 0.000917
1448.000000 0.000916
1449.000000 0.000917
1450.000000 0.000917
1451.000000 0.000918
1452.000000 0.000918
1453.000000 0.000918
1454.000000 0.000918
1455.000000 0.000918
1456.000000 0.000918
1457.000000 0.000919
1458.000000 0.000918
1459.000000 0.000919
1460.000000 0.000919
1461.000000 0.000919
1462.000000 0.000919
1463.000000 0.000920
1464.000000 0.000920
1465.000000 0.000920
1466.000000 0.000920
1467.000000 0.000920
1468.000000 0.000920
1469.000000 0.000920
1470.000000 0.000920
1471.000000 0.000921
1472.000000 0.000921
1473.000000 0.000921
1474.000000 0.000921
1475.000000 0.000921
1476.000000 0.000922
1477.000000 0.000922
1478.000000 0.000921
1479.000000 0.000922
1480.000000 0.000922
1481.000000 0.000922
1482.000000 0.000921
1483.000000 0.000922
1484.000000 0.000922
1485.000000 0.000922
1486.000000 0.000921
1487.000000 0.000922
1488.000000 0.000923
1489.000000 0.000922
1490.000000 0.000922
1491.000000 0.000922
1492.000000 0.000923
1493.000000 0.000922
1494.000000 0.000923
1495.000000 0.000922
1496.000000 0.000923
1497.000000 0.000923
1498.000000 0.000922
1499.000000 0.000923
1500.000000 0.000923
1501.000000 0.000923
1502.000000 0.000923
1503.000000 0.000922
1504.000000 0.000923
1505.000000 0.000923
1506.000000 0.000923
1507.000000 0.000922
1508.000000 0.000923
1509.000000 0.000923
1510.000000 0.000922
1511.000000 0.000921
1512.000000 0.000922
1513.000000 0.000922
1514.000000 0.000922
1515.000000 0.000922
1516.000000 0.000922
1517.000000 0.000922
1518.000000 0.000922
1519.000000 0.000921
1520.000000 0.000922
1521.000000 0.000922
1522.000000 0.000922
1523.000000 0.000920
1524.000000 0.000921
1525.000000 0.000922
1526.000000 0.000921
1527.000000 0.000921
1528.000000 0.000921
1529.000000 0.000921
1530.000000 0.000921
1531.000000 0.000921
1532.000000 0.000920
1533.000000 0.000920
1534.000000 0.000920
1535.000000 0.000920
1536.000000 0.000919
1537.000000 0.000920
1538.000000 0.000920
1539.000000 0.000920
1540.000000 0.000919
1541.000000 0.000919
1542.000000 0.000919
1543.000000 0.000918
1544.000000 0.000919
1545.000000 0.000919
1546.000000 0.000918
1547.000000 0.000918
1548.000000 0.000917
1549.000000 0.000918
1550.000000 0.000918
1551.000000 0.000917
1552.000000 0.000917
1553.000000 0.000917
1554.000000 0.000917
1555.000000 0.000916
1556.000000 0.000916
1557.000000 0.000916
1558.000000 0.000916
1559.000000 0.000915
1560.000000 0.000915
1561.000000 0.000914
1562.000000 0.000915
1563.000000 0.000915
1564.000000 0.000914
1565.000000 0.000914
1566.000000 0.000914
1567.000000 0.000913
1568.000000 0.000913
1569.000000 0.000913
1570.000000 0.000913
1571.000000 0.000912
1572.000000 0.000911
1573.000000 0.000911
1574.000000 0.000912
1575.000000 0.000911
1576.000000 0.000910
1577.000000 0.000911
1578.000000 0.000910
1579.000000 0.000910
1580.000000 0.000909
1581.000000 0.000909
1582.000000 0.000909
1583.000000 0.000909
1584.000000 0.000908
1585.000000 0.000907
1586.000000 0.000907
1587.000000 0.000907
1588.000000 0.000907
1589.000000 0.000905
1590.000000 0.000907
1591.000000 0.000906
1592.000000 0.000905
1593.000000 0.000904
1594.000000 0.000905
1595.000000 0.000904
1596.000000 0.000904
1597.000000 0.000903
1598.000000 0.000902
1599.000000 0.000903
1600.000000 0.000902
1601.000000 0.000901
1602.000000 0.000901
1603.000000 0.000901
1604.000000 0.000900
1605.000000 0.000899
1606.000000 0.000899
1607.000000 0.000900
1608.000000 0.000899
1609.000000 0.000898
1610.000000 0.000897
1611.000000 0.000898
1612.000000 0.000897
1613.000000 0.000896
1614.000000 0.000896
1615.000000 0.000896
1616.000000 0.000895
1617.000000 0.000895
1618.000000 0.000893
1619.000000 0.000894
1620.000000 0.000893
1621.000000 0.000893
1622.000000 0.000891
1623.000000 0.000891
1624.000000 0.000891
1625.000000 0.000891
1626.000000 0.000889
1627.000000 0.000890
1628.000000 0.000890
1629.000000 0.000889
1630.000000 0.000888
1631.000000 0.000887
1632.000000 0.000888
1633.000000 0.000886
1634.000000 0.000885
1635.000000 0.000884
1636.000000 0.000885
1637.000000 0.000884
1638.000000 0.000884
1639.000000 0.000883
1640.000000 0.000884
1641.000000 0.000882
1642.000000 0.000881
1643.000000 0.000880
1644.000000 0.000881
1645.000000 0.000880
1646.000000 0.000879
1647.000000 0.000878
1648.000000 0.000878
1649.000000 0.000878
1650.000000 0.000876
1651.000000 0.000876
1652.000000 0.000876
1653.000000 0.000876
1654.000000 0.000874
1655.000000 0.000873
1656.000000 0.000873
1657.000000 0.000873
1658.000000 0.000872
1659.000000 0.000870
1660.000000 0.000871
1661.000000 0.000870
1662.000000 0.000869
1663.000000 0.000868
1664.000000 0.000868
1665.000000 0.000868
1666.000000 0.000867
1667.000000 0.000865
1668.000000 0.000865
1669.000000 0.000865
1670.000000 0.000865
1671.000000 0.000863
1672.000000 0.000862
1673.000000 0.000862
1674.000000 0.000861
1675.000000 0.000860
1676.000000 0.000860
1677.000000 0.000860
1678.000000 0.000859
1679.000000 0.000858
1680.000000 0.000857
1681.000000 0.000856
1682.000000 0.000856
1683.000000 0.000855
1684.000000 0.000854
1685.000000 0.000854
1686.000000 0.000853
1687.000000 0.000852
1688.000000 0.000851
1689.000000 0.000851
1690.000000 0.000850
1691.000000 0.000850
1692.000000 0.000848
1693.000000 0.000848
1694.000000 0.000847
1695.000000 0.000847
1696.000000 0.000844
1697.000000 0.000845
1698.000000 0.000844
1699.000000 0.000843
1700.000000 0.000842
1701.000000 0.000842
1702.000000 0.000841
1703.000000 0.000841
1704.000000 0.000839
1705.000000 0.000839
1706.000000 0.000837
1707.000000 0.000837
1708.000000 0.000836
1709.000000 0.000835
1710.000000 0.000834
1711.000000 0.000834
1712.000000 0.000833
1713.000000 0.000832
1714.000000 0.000832
1715.000000 0.000830
1716.000000 0.000830
1717.000000 0.000828
1718.000000 0.000828
1719.000000 0.000827
1720.000000 0.000826
1721.000000 0.000825
1722.000000 0.000825
1723.000000 0.000823
1724.000000 0.000823
1725.000000 0.000822
1726.000000 0.000822
1727.000000 0.000821
1728.000000 0.000820
1729.000000 0.000818
1730.000000 0.000818
1731.000000 0.000817
1732.000000 0.000816
1733.000000 0.000815
1734.000000 0.000815
1735.000000 0.000813
1736.000000 0.000812
1737.000000 0.000811
1738.000000 0.000811
1739.000000 0.000810
1740.000000 0.000809
1741.000000 0.000808
1742.000000 0.000807
1743.000000 0.000807
1744.000000 0.000805
1745.000000 0.000804
1746.000000 0.000803
1747.000000 0.000803
1748.000000 0.000801
1749.000000 0.000801
1750.000000 0.000799
1751.000000 0.000800
1752.000000 0.000798
1753.000000 0.000797
1754.000000 0.000796
1755.000000 0.000796
1756.000000 0.000794
1757.000000 0.000792
1758.000000 0.000792
1759.000000 0.000792
1760.000000 0.000791
1761.000000 0.000789
1762.000000 0.000788
1763.000000 0.000788
1764.000000 0.000787
1765.000000 0.000786
1766.000000 0.000785
1767.000000 0.000784
1768.000000 0.000783
1769.000000 0.000781
1770.000000 0.000780
1771.000000 0.000780
1772.000000 0.000779
1773.000000 0.000777
1774.000000 0.000776
1775.000000 0.000776
1776.000000 0.000775
1777.000000 0.000774
1778.000000 0.000772
1779.000000 0.000772
1780.000000 0.000771
1781.000000 0.000770
1782.000000 0.000768
1783.000000 0.000768
1784.000000 0.000767
1785.000000 0.000766
1786.000000 0.000764
1787.000000 0.000763
1788.000000 0.000763
1789.000000 0.000762
1790.000000 0.000761
1791.000000 0.000760
1792.000000 0.000759
1793.000000 0.000758
1794.000000 0.000756
1795.000000 0.000755
1796.000000 0.000755
1797.000000 0.000754
1798.000000 0.000752
1799.000000 0.000751
1800.000000 0.000750
1801.000000 0.000750
1802.000000 0.000748
1803.000000 0.000747
1804.000000 0.000746
1805.000000 0.000745
1806.000000 0.000744
1807.000000 0.000742
1808.000000 0.000742
1809.000000 0.000741
1810.000000 0.000740
1811.000000 0.000738
1812.000000 0.000738
1813.000000 0.000737
1814.000000 0.000735
1815.000000 0.000734
1816.000000 0.000733
1817.000000 0.000733
1818.000000 0.000731
1819.000000 0.000730
1820.000000 0.000728
1821.000000 0.000728
1822.000000 0.000727
1823.000000 0.000725
1824.000000 0.000724
1825.000000 0.000724
1826.000000 0.000722
1827.000000 0.000721
1828.000000 0.000720
1829.000000 0.000719
1830.000000 0.000718
1831.000000 0.000716
1832.000000 0.000715
1833.000000 0.000715
1834.000000 0.000713
1835.000000 0.000712
1836.000000 0.000710
1837.000000 0.000710
1838.000000 0.000709
1839.000000 0.000708
1840.000000 0.000706
1841.000000 0.000705
1842.000000 0.000705
1843.000000 0.000703
1844.000000 0.000701
1845.000000 0.000700
1846.000000 0.000700
1847.000000 0.000699
1848.000000 0.000697
1849.000000 0.000696
1850.000000 0.000695
1851.000000 0.000694
1852.000000 0.000692
1853.000000 0.000691
1854.000000 0.000691
1855.000000 0.000689
1856.000000 0.000688
1857.000000 0.000686
1858.000000 0.000686
1859.000000 0.000685
1860.000000 0.000683
1861.000000 0.000682
1862.000000 0.000681
1863.000000 0.000680
1864.000000 0.000679
1865.000000 0.000677
1866.000000 0.000676
1867.000000 0.000675
1868.000000 0.000674
1869.000000 0.000672
1870.000000 0.000671
1871.000000 0.000670
1872.000000 0.000669
1873.000000 0.000668
1874.000000 0.000667
1875.000000 0.000666
1876.000000 0.000664
1877.000000 0.000663
1878.000000 0.000662
1879.000000 0.000661
1880.000000 0.000660
1881.000000 0.000658
1882.000000 0.000657
1883.000000 0.000655
1884.000000 0.000655
1885.000000 0.000653
1886.000000 0.000652
1887.000000 0.000651
1888.000000 0.000650
1889.000000 0.000649
1890.000000 0.000647
1891.000000 0.000646
1892.000000 0.000645
1893.000000 0.000644
1894.000000 0.000642
1895.000000 0.000641
1896.000000 0.000640
1897.000000 0.000639
1898.000000 0.000637
1899.000000 0.000637
1900.000000 0.000635
1901.000000 0.000634
1902.000000 0.000632
1903.000000 0.000632
1904.000000 0.000630
1905.000000 0.000629
1906.000000 0.000627
1907.000000 0.000627
1908.000000 0.000625
1909.000000 0.000624
1910.000000 0.000623
1911.000000 0.000622
1912.000000 0.000620
1913.000000 0.000619
1914.000000 0.000618
1915.000000 0.000616
1916.000000 0.000615
1917.000000 0.000614
1918.000000 0.000613
1919.000000 0.000612
1920.000000 0.000610
1921.000000 0.000609
1922.000000 0.000608
1923.000000 0.000607
1924.000000 0.000605
1925.000000 0.000604
1926.000000 0.000603
1927.000000 0.000601
1928.000000 0.000600
1929.000000 0.000599
1930.000000 0.000598
1931.000000 0.000596
1932.000000 0.000595
1933.000000 0.000593
1934.000000 0.000593
1935.000000 0.000591
1936.000000 0.000590
1937.000000 0.000589
1938.000000 0.000587
1939.000000 0.000586
1940.000000 0.000585
1941.000000 0.000584
1942.000000 0.000582
1943.000000 0.000582
1944.000000 0.000580
1945.000000 0.000578
1946.000000 0.000577
1947.000000 0.000576
1948.000000 0.000575
1949.000000 0.000574
1950.000000 0.000572
1951.000000 0.000571
1952.000000 0.000570
1953.000000 0.000569
1954.000000 0.000567
1955.000000 0.000566
1956.000000 0.000565
1957.000000 0.000563
1958.000000 0.000561
1959.000000 0.000561
1960.000000 0.000560
1961.000000 0.000558
1962.000000 0.000557
1963.000000 0.000555
1964.000000 0.000554
1965.000000 0.000553
1966.000000 0.000552
1967.000000 0.000550
1968.000000 0.000549
1969.000000 0.000548
1970.000000 0.000546
1971.000000 0.000545
1972.000000 0.000544
1973.000000 0.000543
1974.000000 0.000541
1975.000000 0.000540
1976.000000 0.000539
1977.000000 0.000538
1978.000000 0.000536
1979.000000 0.000535
1980.000000 0.000534
1981.000000 0.000532
1982.000000 0.000531
1983.000000 0.000529
1984.000000 0.000528
1985.000000 0.000528
1986.000000 0.000526
1987.000000 0.000524
1988.000000 0.000523
1989.000000 0.000522
1990.000000 0.000521
1991.000000 0.000519
1992.000000 0.000518
1993.000000 0.000517
1994.000000 0.000515
1995.000000 0.000514
1996.000000 0.000512
1997.000000 0.000512
1998.000000 0.000510
1999.000000 0.000509
2000.000000 0.000507
2001.000000 0.000507
2002.000000 0.000505
2003.000000 0.000504
2004.000000 0.000502
2005.000000 0.000501
2006.000000 0.000500
2007.000000 0.000498
2008.000000 0.000497
2009.000000 0.000496
2010.000000 0.000495
2011.000000 0.000493
2012.000000 0.000492
2013.000000 0.000491
2014.000000 0.000490
2015.000000 0.000488
2016.000000 0.000487
2017.000000 0.000485
2018.000000 0.000485
2019.000000 0.000483
2020.000000 0.000481
2021.000000 0.000480
2022.000000 0.000480
2023.000000 0.000478
2024.000000 0.000476
2025.000000 0.000475
2026.000000 0.000474
2027.000000 0.000473
2028.000000 0.000471
2029.000000 0.000470
2030.000000 0.000469
2031.000000 0.000467
2032.000000 0.000466
2033.000000 0.000464
2034.000000 0.000463
2035.000000 0.000463
2036.000000 0.000461
2037.000000 0.000459
2038.000000 0.000458
2039.000000 0.000457
2040.000000 0.000455
2041.000000 0.000454
2042.000000 0.000453
2043.000000 0.000452
2044.000000 0.000450
2045.000000 0.000449
2046.000000 0.000447
2047.000000 0.000447
2048.000000 0.000445
2049.000000 0.000444
2050.000000 0.000442
2051.000000 0.000442
2052.000000 0.000440
2053.000000 0.000439
2054.000000 0.000437
2055.000000 0.000436
2056.000000 0.000435
2057.000000 0.000433
2058.000000 0.000432
2059.000000 0.000431
2060.000000 0.000430
2061.000000 0.000428
2062.000000 0.000427
2063.000000 0.000426
2064.000000 0.000425
2065.000000 0.000423
2066.000000 0.000422
2067.000000 0.000421
2068.000000 0.000419
2069.000000 0.000418
2070.000000 0.000416
2071.000000 0.000415
2072.000000 0.000414
2073.000000 0.000413
2074.000000 0.000411
2075.000000 0.000410
2076.000000 0.000409
2077.000000 0.000407
2078.000000 0.000406
2079.000000 0.000405
2080.000000 0.000404
2081.000000 0.000403
2082.000000 0.000401
2083.000000 0.000400
2084.000000 0.000399
2085.000000 0.000397
2086.000000 0.000396
2087.000000 0.000395
2088.000000 0.000394
2089.000000 0.000392
2090.000000 0.000391
2091.000000 0.000389
2092.000000 0.000388
2093.000000 0.000387
2094.000000 0.000386
2095.000000 0.000384
2096.000000 0.000383
2097.000000 0.000382
2098.000000 0.000381
2099.000000 0.000379
2100.000000 0.000378
2101.000000 0.000377
2102.000000 0.000375
2103.000000 0.000374
2104.000000 0.000373
2105.000000 0.000372
2106.000000 0.000371
2107.000000 0.000369
2108.000000 0.000368
2109.000000 0.000367
2110.000000 0.000365
2111.000000 0.000364
2112.000000 0.000363
2113.000000 0.000362
2114.000000 0.000360
2115.000000 0.000359
2116.000000 0.000358
2117.000000 0.000357
2118.000000 0.000355
2119.000000 0.000354
2120.000000 0.000353
2121.000000 0.000352
2122.000000 0.000350
2123.000000 0.000349
2124.000000 0.000348
2125.000000 0.000346
2126.000000 0.000345
2127.000000 0.000344
2128.000000 0.000343
2129.000000 0.000342
2130.000000 0.000340
2131.000000 0.000339
2132.000000 0.000338
2133.000000 0.000337
2134.000000 0.000335
2135.000000 0.000334
2136.000000 0.000333
2137.000000 0.000331
2138.000000 0.000331
2139.000000 0.000329
2140.000000 0.000328
2141.000000 0.000327
2142.000000 0.000325
2143.000000 0.000324
2144.000000 0.000323
2145.000000 0.000322
2146.000000 0.000321
2147.000000 0.000319
2148.000000 0.000318
2149.000000 0.000317
2150.000000 0.000316
2151.000000 0.000314
2152.000000 0.000313
2153.000000 0.000312
2154.000000 0.000311
2155.000000 0.000310
2156.000000 0.000308
2157.000000 0.000307
2158.000000 0.000306
2159.000000 0.000305
2160.000000 0.000303
2161.000000 0.000302
2162.000000 0.000301
2163.000000 0.000300
2164.000000 0.000299
2165.000000 0.000297
2166.000000 0.000296
2167.000000 0.000295
2168.000000 0.000294
2169.000000 0.000293
2170.000000 0.000291
2171.000000 0.000290
2172.000000 0.000289
2173.000000 0.000288
2174.000000 0.000287
2175.000000 0.000285
2176.000000 0.000284
2177.000000 0.000283
2178.000000 0.000282
2179.000000 0.000281
2180.000000 0.000280
2181.000000 0.000278
2182.000000 0.000277
2183.000000 0.000276
2184.000000 0.000275
2185.000000 0.000274
2186.000000 0.000273
2187.000000 0.000271
2188.000000 0.000270
2189.000000 0.000269
2190.000000 0.000268
2191.000000 0.000267
2192.000000 0.000266
2193.000000 0.000264
2194.000000 0.000263
2195.000000 0.000262
2196.000000 0.000261
2197.000000 0.000260
2198.000000 0.000259
2199.000000 0.000258
2200.000000 0.000256
2201.000000 0.000255
2202.000000 0.000254
2203.000000 0.000253
2204.000000 0.000252
2205.000000 0.000251
2206.000000 0.000250
2207.000000 0.000249
2208.000000 0.000247
2209.000000 0.000246
2210.000000 0.000245
2211.000000 0.000244
2212.000000 0.000243
2213.000000 0.000242
2214.000000 0.000241
2215.000000 0.000239
2216.000000 0.000238
2217.000000 0.000237
2218.000000 0.000236
2219.000000 0.000235
2220.000000 0.000234
2221.000000 0.000233
2222.000000 0.000232
2223.000000 0.000231
2224.000000 0.000230
2225.000000 0.000228
2226.000000 0.000227
2227.000000 0.000226
2228.000000 0.000225
2229.000000 0.000224
2230.000000 0.000223
2231.000000 0.000222
2232.000000 0.000221
2233.000000 0.000220
2234.000000 0.000219
2235.000000 0.000218
2236.000000 0.000217
2237.000000 0.000216
2238.000000 0.000214
2239.000000 0.000213
2240.000000 0.000212
2241.000000 0.000211
2242.000000 0.000210
2243.000000 0.000209
2244.000000 0.000208
2245.000000 0.000207
2246.000000 0.000206
2247.000000 0.000205
2248.000000 0.000204
2249.000000 0.000203
2250.000000 0.000202
2251.000000 0.000201
2252.000000 0.000200
2253.000000 0.000199
2254.000000 0.000198
2255.000000 0.000197
2256.000000 0.000196
2257.000000 0.000195
2258.000000 0.000194
2259.000000 0.000193
2260.000000 0.000192
2261.000000 0.000191
2262.000000 0.000190
2263.000000 0.000189
2264.000000 0.000188
2265.000000 0.000187
2266.000000 0.000186
2267.000000 0.000185
2268.000000 0.000184
2269.000000 0.000183
2270.000000 0.000182
2271.000000 0.000181
2272.000000 0.000180
2273.000000 0.000179
2274.000000 0.000178
2275.000000 0.000177
2276.000000 0.000176
2277.000000 0.000175
2278.000000 0.000174
2279.000000 0.000173
2280.000000 0.000172
2281.000000 0.000171
2282.000000 0.000170
2283.000000 0.000169
2284.000000 0.000168
2285.000000 0.000167
2286.000000 0.000166
2287.000000 0.000165
2288.000000 0.000164
2289.000000 0.000163
2290.000000 0.000162
2291.000000 0.000162
2292.000000 0.000161
2293.000000 0.000160
2294.000000 0.000159
2295.000000 0.000158
2296.000000 0.000157
2297.000000 0.000156
2298.000000 0.000155
2299.000000 0.000154
2300.000000 0.000153
2301.000000 0.000152
2302.000000 0.000151
2303.000000 0.000151
2304.000000 0.000150
2305.000000 0.000149
2306.000000 0.000148
2307.000000 0.000147
2308.000000 0.000146
2309.000000 0.000145
2310.000000 0.000144
2311.000000 0.000143
2312.000000 0.000143
2313.000000 0.000142
2314.000000 0.000141
2315.000000 0.000140
2316.000000 0.000139
2317.000000 0.000138
2318.000000 0.000137
2319.000000 0.000137
2320.000000 0.000136
2321.000000 0.000135
2322.000000 0.000134
2323.000000 0.000133
2324.000000 0.000132
2325.000000 0.000132
2326.000000 0.000131
2327.000000 0.000130
2328.000000 0.000129
2329.000000 0.000128
2330.000000 0.000127
2331.000000 0.000127
2332.000000 0.000126
2333.000000 0.000125
2334.000000 0.000124
2335.000000 0.000123
2336.000000 0.000122
2337.000000 0.000122
2338.000000 0.000121
2339.000000 0.000120
2340.000000 0.000119
2341.000000 0.000119
2342.000000 0.000118
2343.000000 0.000117
2344.000000 0.000116
2345.000000 0.000115
2346.000000 0.000115
2347.000000 0.000114
2348.000000 0.000113
2349.000000 0.000112
2350.000000 0.000112
2351.000000 0.000111
2352.000000 0.000110
2353.000000 0.000109
2354.000000 0.000109
2355.000000 0.000108
2356.000000 0.000107
2357.000000 0.000106
2358.000000 0.000106
2359.000000 0.000105
2360.000000 0.000104
2361.000000 0.000103
2362.000000 0.000103
2363.000000 0.000102
2364.000000 0.000101
2365.000000 0.000101
2366.000000 0.000100
2367.000000 0.000099
2368.000000 0.000098
2369.000000 0.000098
2370.000000 0.000097
2371.000000 0.000096
2372.000000 0.000096
2373.000000 0.000095
2374.000000 0.000094
2375.000000 0.000094
2376.000000 0.000093
2377.000000 0.000092
2378.000000 0.000091
2379.000000 0.000091
2380.000000 0.000090
2381.000000 0.000089
2382.000000 0.000089
2383.000000 0.000088
2384.000000 0.000087
2385.000000 0.000087
2386.000000 0.000086
2387.000000 0.000085
2388.000000 0.000085
2389.000000 0.000084
2390.000000 0.000084
2391.000000 0.000083
2392.000000 0.000082
2393.000000 0.000082
2394.000000 0.000081
2395.000000 0.000080
2396.000000 0.000080
2397.000000 0.000079
2398.000000 0.000079
2399.000000 0.000078
2400.000000 0.000077
2401.000000 0.000077
2402.000000 0.000076
2403.000000 0.000076
2404.000000 0.000075
2405.000000 0.000074
2406.000000 0.000074
2407.000000 0.000073
2408.000000 0.000073
2409.000000 0.000072
2410.000000 0.000071
2411.000000 0.000071
2412.000000 0.000070
2413.000000 0.000070
2414.000000 0.000069
2415.000000 0.000069
2416.000000 0.000068
2417.000000 0.000067
2418.000000 0.000067
2419.000000 0.000066
2420.000000 0.000066
2421.000000 0.000065
2422.000000 0.000065
2423.000000 0.000064
2424.000000 0.000064
2425.000000 0.000063
2426.000000 0.000063
2427.000000 0.000062
2428.000000 0.000061
2429.000000 0.000061
2430.000000 0.000060
2431.000000 0.000060
2432.000000 0.000059
2433.000000 0.000059
2434.000000 0.000058
2435.000000 0.000058
2436.000000 0.000057
2437.000000 0.000057
2438.000000 0.000056
2439.000000 0.000056
2440.000000 0.000055
2441.000000 0.000055
2442.000000 0.000054
2443.000000 0.000054
2444.000000 0.000053
2445.000000 0.000053
2446.000000 0.000052
2447.000000 0.000052
2448.000000 0.000052
2449.000000 0.000051
2450.000000 0.000051
2451.000000 0.000050
2452.000000 0.000050
2453.000000 0.000049
2454.000000 0.000049
2455.000000 0.000048
2456.000000 0.000048
2457.000000 0.000047
2458.000000 0.000047
2459.000000 0.000047
2460.000000 0.000046
2461.000000 0.000046
2462.000000 0.000045
2463.000000 0.000045
2464.000000 0.000044
2465.000000 0.000044
2466.000000 0.000044
2467.000000 0.000043
2468.000000 0.000043
2469.000000 0.000042
2470.000000 0.000042
2471.000000 0.000041
2472.000000 0.000041
2473.000000 0.000041
2474.000000 0.000040
2475.000000 0.000040
2476.000000 0.000039
2477.000000 0.000039
2478.000000 0.000039
2479.000000 0.000038
2480.000000 0.000038
2481.000000 0.000038
2482.000000 0.000037
2483.000000 0.000037
2484.000000 0.000036
2485.000000 0.000036
2486.000000 0.000036
2487.000000 0.000035
2488.000000 0.000035
2489.000000 0.000035
2490.000000 0.000034
2491.000000 0.000034
2492.000000 0.000034
2493.000000 0.000033
2494.000000 0.000033
2495.000000 0.000033
2496.000000 0.000032
2497.000000 0.000032
2498.000000 0.000032
2499.000000 0.000031
2500.000000 0.000031
2501.000000 0.000031
2502.000000 0.000030
2503.000000 0.000030
2504.000000 0.000030
2505.000000 0.000029
2506.000000 0.000029
2507.000000 0.000029
2508.000000 0.000028
2509.000000 0.000028
2510.000000 0.000028
2511.000000 0.000027
2512.000000 0.000027
2513.000000 0.000027
2514.000000 0.000026
2515.000000 0.000026
2516.000000 0.000026
2517.000000 0.000026
2518.000000 0.000025
2519.000000 0.000025
2520.000000 0.000025
2521.000000 0.000024
2522.000000 0.000024
2523.000000 0.000024
2524.000000 0.000024
2525.000000 0.000023
2526.000000 0.000023
2527.000000 0.000023
2528.000000 0.000023
2529.000000 0.000022
2530.000000 0.000022
2531.000000 0.000022
2532.000000 0.000022
2533.000000 0.000021
2534.000000 0.000021
2535.000000 0.000021
2536.000000 0.000021
2537.000000 0.000020
2538.000000 0.000020
2539.000000 0.000020
2540.000000 0.000020
2541.000000 0.000019
2542.000000 0.000019
2543.000000 0.000019
2544.000000 0.000019
2545.000000 0.000018
2546.000000 0.000018
2547.000000 0.000018
2548.000000 0.000018
2549.000000 0.000017
2550.000000 0.000017
2551.000000 0.000017
2552.000000 0.000017
2553.000000 0.000017
2554.000000 0.000016
2555.000000 0.000016
2556.000000 0.000016
2557.000000 0.000016
2558.000000 0.000016
2559.000000 0.000015
2560.000000 0.000015
2561.000000 0.000015
2562.000000 0.000015
2563.000000 0.000015
2564.000000 0.000014
2565.000000 0.000014
2566.000000 0.000014
2567.000000 0.000014
2568.000000 0.000014
2569.000000 0.000013
2570.000000 0.000013
2571.000000 0.000013
2572.000000 0.000013
2573.000000 0.000013
2574.000000 0.000013
2575.000000 0.000012
2576.000000 0.000012
2577.000000 0.000012
2578.000000 0.000012
2579.000000 0.000012
2580.000000 0.000012
2581.000000 0.000011
2582.000000 0.000011
2583.000000 0.000011
2584.000000 0.000011
2585.000000 0.000011
2586.000000 0.000011
2587.000000 0.000010
2588.000000 0.000010
2589.000000 0.000010
2590.000000 0.000010
2591.000000 0.000010
2592.000000 0.000010
2593.000000 0.000010
2594.000000 0.000009
2595.000000 0.000009
2596.000000 0.000009
2597.000000 0.000009
2598.000000 0.000009
2599.000000 0.000009
2600.000000 0.000009
2601.000000 0.000009
2602.000000 0.000008
2603.000000 0.000008
2604.000000 0.000008
2605.000000 0.000008
2606.000000 0.000008
2607.000000 0.000008
2608.000000 0.000008
2609.000000 0.000008
2610.000000 0.000007
2611.000000 0.000007
2612.000000 0.000007
2613.000000 0.000007
2614.000000 0.000007
2615.000000 0.000007
2616.000000 0.000007
2617.000000 0.000007
2618.000000 0.000007
2619.000000 0.000006
2620.000000 0.000006
2621.000000 0.000006
2622.000000 0.000006
2623.000000 0.000006
2624.000000 0.000006
2625.000000 0.000006
2626.000000 0.000006
2627.000000 0.000006
2628.000000 0.000006
2629.000000 0.000005
2630.000000 0.000005
2631.000000 0.000005
2632.000000 0.000005
2633.000000 0.000005
2634.000000 0.000005
2635.000000 0.000005
2636.000000 0.000005
2637.000000 0.000005
2638.000000 0.000005
2639.000000 0.000005
2640.000000 0.000005
2641.000000 0.000004
2642.000000 0.000004
2643.000000 0.000004
2644.000000 0.000004
2645.000000 0.000004
2646.000000 0.000004
2647.000000 0.000004
2648.000000 0.000004
2649.000000 0.000004
2650.000000 0.000004
2651.000000 0.000004
2652.000000 0.000004
2653.000000 0.000004
2654.000000 0.000003
2655.000000 0.000003
2656.000000 0.000003
2657.000000 0.000003
2658.000000 0.000003
2659.000000 0.000003
2660.000000 0.000003
2661.000000 0.000003
2662.000000 0.000003
2663.000000 0.000003
2664.000000 0.000003
2665.000000 0.000003
2666.000000 0.000003
2667.000000 0.000003
2668.000000 0.000003
2669.000000 0.000003
2670.000000 0.000003
2671.000000 0.000003
2672.000000 0.000002
2673.000000 0.000002
2674.000000 0.000002
2675.000000 0.000002
2676.000000 0.000002
2677.000000 0.000002
2678.000000 0.000002
2679.000000 0.000002
2680.000000 0.000002
2681.000000 0.000002
2682.000000 0.000002
2683.000000 0.000002
2684.000000 0.000002
2685.000000 0.000002
2686.000000 0.000002
2687.000000 0.000002
2688.000000 0.000002
2689.000000 0.000002
2690.000000 0.000002
2691.000000 0.000002
2692.000000 0.000002
2693.000000 0.000002
2694.000000 0.000002
2695.000000 0.000002
2696.000000 0.000001
2697.000000 0.000001
2698.000000 0.000001
2699.000000 0.000001
2700.000000 0.000001
2701.000000 0.000001
2702.000000 0.000001
2703.000000 0.000001
2704.000000 0.000001
2705.000000 0.000001
2706.000000 0.000001
2707.000000 0.000001
2708.000000 0.000001
2709.000000 0.000001
2710.000000 0.000001
2711.000000 0.000001
2712.000000 0.000001
2713.000000 0.000001
2714.000000 0.000001
2715.000000 0.000001
2716.000000 0.000001
2717.000000 0.000001
2718.000000 0.000001
2719.000000 0.000001
2720.000000 0.000001
2721.000000 0.000001
2722.000000 0.000001
2723.000000 0.000001
2724.000000 0.000001
2725.000000 0.000001
2726.000000 0.000001
2727.000000 0.000001
2728.000000 0.000001
2729.000000 0.000001
2730.000000 0.000001
2731.000000 0.000001
2732.000000 0.000001
2733.000000 0.000001
2734.000000 0.000001
2735.000000 0.000001
2736.000000 0.000001
2737.000000 0.000001
2738.000000 0.000001
2739.000000 0.000000
2740.000000 0.000000
2741.000000 0.000000
2742.000000 0.000000
2743.000000 0.000000
2744.000000 0.000000
2745.000000 0.000000
2746.000000 0.000000
2747.000000 0.000000
2748.000000 0.000000
2749.000000 0.000000
2750.000000 0.000000
2751.000000 0.000000
2752.000000 0.000000
2753.000000 0.000000
2754.000000 0.000000
2755.000000 0.000000
2756.000000 0.000000
2757.000000 0.000000
2758.000000 0.000000
2759.000000 0.000000
2760.000000 0.000000
2761.000000 0.000000
2762.000000 0.000000
2763.000000 0.000000
2764.000000 0.000000
2765.000000 0.000000
2766.000000 0.000000
2767.000000 0.000000
2768.000000 0.000000
2769.000000 0.000000
2770.000000 0.000000
2771.000000 0.000000
2772.000000 0.000000
2773.000000 0.000000
2774.000000 0.000000
2775.000000 0.000000
2776.000000 0.000000
2777.000000 0.000000
2778.000000 0.000000
2779.000000 0.000000
2780.000000 0.000000
2781.000000 0.000000
2782.000000 0.000000
2783.000000 0.000000
2784.000000 0.000000
2785.000000 0.000000
2786.000000 0.000000
2787.000000 0.000000
2788.000000 0.000000
2789.000000 0.000000
2790.000000 0.000000
2791.000000 0.000000
2792.000000 0.000000
2793.000000 0.000000
2794.000000 0.000000
2795.000000 0.000000
2796.000000 0.000000
2797.000000 0.000000
2798.000000 0.000000
2799.000000 0.000000
2800.000000 0.000000
2801.000000 0.000000
2802.000000 0.000000
2803.000000 0.000000
2804.000000 0.000000
2805.000000 0.000000
2806.000000 0.000000
2807.000000 0.000000
2808.000000 0.000000
2809.000000 0.000000
2810.000000 0.000000
2811.000000 0.000000
2812.000000 0.000000
2813.000000 0.000000
2814.000000 0.000000
2815.000000 0.000000
2816.000000 0.000000
2817.000000 0.000000
2818.000000 0.000000
2819.000000 0.000000
2820.000000 0.000000
2821.000000 0.000000
2822.000000 0.000000
2823.000000 0.000000
2824.000000 0.000000
2825.000000 0.000000
2826.000000 0.000000
2827.000000 0.000000
2828.000000 0.000000
2829.000000 0.000000
2830.000000 0.000000
2831.000000 0.000000
2832.000000 0.000000
2833.000000 0.000000
2834.000000 0.000000
2835.000000 0.000000
2836.000000 0.000000
2837.000000 0.000000
2838.000000 0.000000
2839.000000 0.000000
2840.000000 0.000000
2841.000000 0.000000
2842.000000 0.000000
2843.000000 0.000000
2844.000000 0.000000
2845.000000 0.000000
2846.000000 0.000000
2847.000000 0.000000
2848.000000 0.000000
2849.000000 0.000000
2850.000000 0.000000
2851.000000 0.000000
2852.000000 0.000000
2853.000000 0.000000
2854.000000 0.000000
2855.000000 0.000000
2856.000000 0.000000
2857.000000 0.000000
2858.000000 0.000000
2859.000000 0.000000
2860.000000 0.000000
2861.000000 0.000000
2862.000000 0.000000
2863.000000 0.000000
2864.000000 0.000000
2865.000000 0.000000
2866.000000 0.000000
2867.000000 0.000000
2868.000000 0.000000
2869.000000 0.000000
2870.000000 0.000000
2871.000000 0.000000
2872.000000 0.000000
2873.000000 0.000000
2874.000000 0.000000
2875.000000 0.000000
2876.000000 0.000000
2877.000000 0.000000
2878.000000 0.000000
2879.000000 0.000000
2880.000000 0.000000
2881.000000 0.000000
2882.000000 0.000000
2883.000000 0.000000
2884.000000 0.000000
2885.000000 0.000000
2886.000000 0.000000
2887.000000 0.000000
2888.000000 0.000000
2889.000000 0.000000
2890.000000 0.000000
2891.000000 0.000000
2892.000000 0.000000
2893.000000 0.000000
2894.000000 0.000000
2895.000000 0.000000
2896.000000 0.000000
2897.000000 0.000000
2898.000000 0.000000
2899.000000 0.000000
2900.000000 0.000000
2901.000000 0.000000
2902.000000 0.000000
2903.000000 0.000000
2904.000000 0.000000
2905.000000 0.000000
2906.000000 0.000000
2907.000000 0.000000
2908.000000 0.000000
2909.000000 0.000000
2910.000000 0.000000
2911.000000 0.000000
2912.000000 0.000000
2913.000000 0.000000
2914.000000 0.000000
2915.000000 0.000000
2916.000000 0.000000
2917.000000 0.000000
2918.000000 0.000000
2919.000000 0.000000
2920.000000 0.000000
2921.000000 0.000000
2922.000000 0.000000
2923.000000 0.000000
2924.000000 0.000000
2925.000000 0.000000
2926.000000 0.000000
2927.000000 0.000000
2928.000000 0.000000
2929.000000 0.000000
2930.000000 0.000000
2931.000000 0.000000
2932.000000 0.000000
2933.000000 0.000000
2934.000000 0.000000
2935.000000 0.000000
2936.000000 0.000000
2937.000000 0.000000
2938.000000 0.000000
2939.000000 0.000000
2940.000000 0.000000
2941.000000 0.000000
2942.000000 0.000000
2943.000000 0.000000
2944.000000 0.000000
2945.000000 0.000000
2946.000000 0.000000
2947.000000 0.000000
2948.000000 0.000000
2949.000000 0.000000
2950.000000 0.000000
2951.000000 0.000000
2952.000000 0.000000
2953.000000 0.000000
2954.000000 0.000000
2955.000000 0.000000
2956.000000 0.000000
2957.000000 0.000000
2958.000000 0.000000
2959.000000 0.000000
2960.000000 0.000000
2961.000000 0.000000
2962.000000 0.000000
2963.000000 0.000000
2964.000000 0.000000
2965.000000 0.000000
2966.000000 0.000000
2967.000000 0.000000
2968.000000 0.000000
2969.000000 0.000000
2970.000000 0.000000
2971.000000 0.000000
2972.000000 0.000000
2973.000000 0.000000
2974.000000 0.000000
2975.000000 0.000000
2976.000000 0.000000
2977.000000 0.000000
2978.000000 0.000000
2979.000000 0.000000
2980.000000 0.000000
2981.000000 0.000000
2982.000000 0.000000
2983.000000 0.000000
2984.000000 0.000000
2985.000000 0.000000
2986.000000 0.000000
2987.000000 0.000000
2988.000000 0.000000
2989.000000 0.000000
2990.000000 0.000000
2991.000000 0.000000
2992.000000 0.000000
2993.000000 0.000000
2994.000000 0.000000
2995.000000 0.000000
2996.000000 0.000000
2997.000000 0.000000
2998.000000 0.000000
2999.000000 0.000000
3000.000000 0.000000
