n lam mean variance std
3000 0.790000 1500.493896 43166.675810 207.765916
bin_midpoint probability
1.000000 0.000000
2.000000 0.000000
3.000000 0.000000
4.000000 0.000000
5.000000 0.000000
6.000000 0.000000
7.000000 0.000000
8.000000 0.000000
9.000000 0.000000
10.000000 0.000000
11.000000 0.000000
12.000000 0.000000
13.000000 0.000000
14.000000 0.000000
15.000000 0.000000
16.000000 0.000000
17.000000 0.000000
18.000000 0.000000
19.000000 0.000000
20.000000 0.000000
21.000000 0.000000
22.000000 0.000000
23.000000 0.000000
24.000000 0.000000
25.000000 0.000000
26.000000 0.000000
27.000000 0.000000
28.000000 0.000000
29.000000 0.000000
30.000000 0.000000
31.000000 0.000000
32.000000 0.000000
33.000000 0.000000
34.000000 0.000000
35.000000 0.000000
36.000000 0.000000
37.000000 0.000000
38.000000 0.000000
39.000000 0.000000
40.000000 0.000000
41.000000 0.000000
42.000000 0.000000
43.000000 0.000000
44.000000 0.000000
45.000000 0.000000
46.000000 0.000000
47.000000 0.000000
48.000000 0.000000
49.000000 0.000000
50.000000 0.000000
51.000000 0.000000
52.000000 0.000000
53.000000 0.000000
54.000000 0.000000
55.000000 0.000000
56.000000 0.000000
57.000000 0.000000
58.000000 0.000000
59.000000 0.000000
60.000000 0.000000
61.000000 0.000000
62.000000 0.000000
63.000000 0.000000
64.000000 0.000000
65.000000 0.000000
66.000000 0.000000
67.000000 0.000000
68.000000 0.000000
69.000000 0.000000
70.000000 0.000000
71.000000 0.000000
72.000000 0.000000
73.000000 0.000000
74.000000 0.000000
75.000000 0.000000
76.000000 0.000000
77.000000 0.000000
78.000000 0.000000
79.000000 0.000000
80.000000 0.000000
81.000000 0.000000
82.000000 0.000000
83.000000 0.000000
84.000000 0.000000
85.000000 0.000000
86.000000 0.000000
87.000000 0.000000
88.000000 0.000000
89.000000 0.000000
90.000000 0.000000
91.000000 0.000000
92.000000 0.000000
93.000000 0.000000
94.000000 0.000000
95.000000 0.000000
96.000000 0.000000
97.000000 0.000000
98.000000 0.000000
99.000000 0.000000
100.000000 0.000000
101.000000 0.000000
102.000000 0.000000
103.000000 0.000000
104.000000 0.000000
105.000000 0.000000
106.000000 0.000000
107.000000 0.000000
108.000000 0.000000
109.000000 0.000000
110.000000 0.000000
111.000000 0.000000
112.000000 0.000000
113.000000 0.000000
114.000000 0.000000
115.000000 0.000000
116.000000 0.000000
117.000000 0.000000
118.000000 0.000000
119.000000 0.000000
120.000000 0.000000
121.000000 0.000000
122.000000 0.000000
123.000000 0.000000
124.000000 0.000000
125.000000 0.000000
126.000000 0.000000
127.000000 0.000000
128.000000 0.000000
129.000000 0.000000
130.000000 0.000000
131.000000 0.000000
132.000000 0.000000
133.000000 0.000000
134.000000 0.000000
135.000000 0.000000
136.000000 0.000000
137.000000 0.000000
138.000000 0.000000
139.000000 0.000000
140.000000 0.000000
141.000000 0.000000
142.000000 0.000000
143.000000 0.000000
144.000000 0.000000
145.000000 0.000000
146.000000 0.000000
147.000000 0.000000
148.000000 0.000000
149.000000 0.000000
150.000000 0.000000
151.000000 0.000000
152.000000 0.000000
153.000000 0.000000
154.000000 0.000000
155.000000 0.000000
156.000000 0.000000
157.000000 0.000000
158.000000 0.000000
159.000000 0.000000
160.000000 0.000000
161.000000 0.000000
162.000000 0.000000
163.000000 0.000000
164.000000 0.000000
165.000000 0.000000
166.000000 0.000000
167.000000 0.000000
168.000000 0.000000
169.000000 0.000000
170.000000 0.000000
171.000000 0.000000
172.000000 0.000000
173.000000 0.000000
174.000000 0.000000
175.000000 0.000000
176.000000 0.000000
177.000000 0.000000
178.000000 0.000000
179.000000 0.000000
180.000000 0.000000
181.000000 0.000000
182.000000 0.000000
183.000000 0.000000
184.000000 0.000000
185.000000 0.000000
186.000000 0.000000
187.000000 0.000000
188.000000 0.000000
189.000000 0.000000
190.000000 0.000000
191.000000 0.000000
192.000000 0.000000
193.000000 0.000000
194.000000 0.000000
195.000000 0.000000
196.000000 0.000000
197.000000 0.000000
198.000000 0.000000
199.000000 0.000000
200.000000 0.000000
201.000000 0.000000
202.000000 0.000000
203.000000 0.000000
204.000000 0.000000
205.000000 0.000000
206.000000 0.000000
207.000000 0.000000
208.000000 0.000000
209.000000 0.000000
210.000000 0.000000
211.000000 0.000000
212.000000 0.000000
213.000000 0.000000
214.000000 0.000000
215.000000 0.000000
216.000000 0.000000
217.000000 0.000000
218.000000 0.000000
219.000000 0.000000
220.000000 0.000000
221.000000 0.000000
222.000000 0.000000
223.000000 0.000000
224.000000 0.000000
225.000000 0.000000
226.000000 0.000000
227.000000 0.000000
228.000000 0.000000
229.000000 0.000000
230.000000 0.000000
231.000000 0.000000
232.000000 0.000000
233.000000 0.000000
234.000000 0.000000
235.000000 0.000000
236.000000 0.000000
237.000000 0.000000
238.000000 0.000000
239.000000 0.000000
240.000000 0.000000
241.000000 0.000000
242.000000 0.000000
243.000000 0.000000
244.000000 0.000000
245.000000 0.000000
246.000000 0.000000
247.000000 0.000000
248.000000 0.000000
249.000000 0.000000
250.000000 0.000000
251.000000 0.000000
252.000000 0.000000
253.000000 0.000000
254.000000 0.000000
255.000000 0.000000
256.000000 0.000000
257.000000 0.000000
258.000000 0.000000
259.000000 0.000000
260.000000 0.000000
261.000000 0.000000
262.000000 0.000000
263.000000 0.000000
264.000000 0.000000
265.000000 0.000000
266.000000 0.000000
267.000000 0.000000
268.000000 0.000000
269.000000 0.000000
270.000000 0.000000
271.000000 0.000000
272.000000 0.000000
273.000000 0.000000
274.000000 0.000000
275.000000 0.000000
276.000000 0.000000
277.000000 0.000000
278.000000 0.000000
279.000000 0.000000
280.000000 0.000000
281.000000 0.000000
282.000000 0.000000
283.000000 0.000000
284.000000 0.000000
285.000000 0.000000
286.000000 0.000000
287.000000 0.000000
288.000000 0.000000
289.000000 0.000000
290.000000 0.000000
291.000000 0.000000
292.000000 0.000000
293.000000 0.000000
294.000000 0.000000
295.000000 0.000000
296.000000 0.000000
297.000000 0.000000
298.000000 0.000000
299.000000 0.000000
300.000000 0.000000
301.000000 0.000000
302.000000 0.000000
303.000000 0.000000
304.000000 0.000000
305.000000 0.000000
306.000000 0.000000
307.000000 0.000000
308.000000 0.000000
309.000000 0.000000
310.000000 0.000000
311.000000 0.000000
312.000000 0.000000
313.000000 0.000000
314.000000 0.000000
315.000000 0.000000
316.000000 0.000000
317.000000 0.000000
318.000000 0.000000
319.000000 0.000000
320.000000 0.000000
321.000000 0.000000
322.000000 0.000000
323.000000 0.000000
324.000000 0.000000
325.000000 0.000000
326.000000 0.000000
327.000000 0.000000
328.000000 0.000000
329.000000 0.000000
330.000000 0.000000
331.000000 0.000000
332.000000 0.000000
333.000000 0.000000
334.000000 0.000000
335.000000 0.000000
336.000000 0.000000
337.000000 0.000000
338.000000 0.000000
339.000000 0.000000
340.000000 0.000000
341.000000 0.000000
342.000000 0.000000
343.000000 0.000000
344.000000 0.000000
345.000000 0.000000
346.000000 0.000000
347.000000 0.000000
348.000000 0.000000
349.000000 0.000000
350.000000 0.000000
351.000000 0.000000
352.000000 0.000000
353.000000 0.000000
354.000000 0.000000
355.000000 0.000000
356.000000 0.000000
357.000000 0.000000
358.000000 0.000000
359.000000 0.000000
360.000000 0.000000
361.000000 0.000000
362.000000 0.000000
363.000000 0.000000
364.000000 0.000000
365.000000 0.000000
366.000000 0.000000
367.000000 0.000000
368.000000 0.000000
369.000000 0.000000
370.000000 0.000000
371.000000 0.000000
372.000000 0.000000
373.000000 0.000000
374.000000 0.000000
375.000000 0.000000
376.000000 0.000000
377.000000 0.000000
378.000000 0.000000
379.000000 0.000000
380.000000 0.000000
381.000000 0.000000
382.000000 0.000000
383.000000 0.000000
384.000000 0.000000
385.000000 0.000000
386.000000 0.000000
387.000000 0.000000
388.000000 0.000000
389.000000 0.000000
390.000000 0.000000
391.000000 0.000000
392.000000 0.000000
393.000000 0.000000
394.000000 0.000000
395.000000 0.000000
396.000000 0.000000
397.000000 0.000000
398.000000 0.000000
399.000000 0.000000
400.000000 0.000000
401.000000 0.000000
402.000000 0.000000
403.000000 0.000000
404.000000 0.000000
405.000000 0.000000
406.000000 0.000000
407.000000 0.000000
408.000000 0.000000
409.000000 0.000000
410.000000 0.000000
411.000000 0.000000
412.000000 0.000000
413.000000 0.000000
414.000000 0.000000
415.000000 0.000000
416.000000 0.000000
417.000000 0.000000
418.000000 0.000000
419.000000 0.000000
420.000000 0.000000
421.000000 0.000000
422.000000 0.000000
423.000000 0.000000
424.000000 0.000000
425.000000 0.000000
426.000000 0.000000
427.000000 0.000000
428.000000 0.000000
429.000000 0.000000
430.000000 0.000000
431.000000 0.000000
432.000000 0.000000
433.000000 0.000000
434.000000 0.000000
435.000000 0.000000
436.000000 0.000000
437.000000 0.000000
438.000000 0.000000
439.000000 0.000000
440.000000 0.000000
441.000000 0.000000
442.000000 0.000000
443.000000 0.000000
444.000000 0.000000
445.000000 0.000000
446.000000 0.000000
447.000000 0.000000
448.000000 0.000000
449.000000 0.000000
450.000000 0.000000
451.000000 0.000000
452.000000 0.000000
453.000000 0.000000
454.000000 0.000000
455.000000 0.000000
456.000000 0.000000
457.000000 0.000000
458.000000 0.000000
459.000000 0.000000
460.000000 0.000000
461.000000 0.000000
462.000000 0.000000
463.000000 0.000000
464.000000 0.000000
465.000000 0.000000
466.000000 0.000000
467.000000 0.000000
468.000000 0.000000
469.000000 0.000000
470.000000 0.000000
471.000000 0.000000
472.000000 0.000000
473.000000 0.000000
474.000000 0.000000
475.000000 0.000000
476.000000 0.000000
477.000000 0.000000
478.000000 0.000000
479.000000 0.000000
480.000000 0.000000
481.000000 0.000000
482.000000 0.000000
483.000000 0.000000
484.000000 0.000000
485.000000 0.000000
486.000000 0.000000
487.000000 0.000000
488.000000 0.000000
489.000000 0.000000
490.000000 0.000000
491.000000 0.000000
492.000000 0.000000
493.000000 0.000000
494.000000 0.000000
495.000000 0.000000
496.000000 0.000000
497.000000 0.000000
498.000000 0.000000
499.000000 0.000000
500.000000 0.000000
501.000000 0.000000
502.000000 0.000000
503.000000 0.000000
504.000000 0.000000
505.000000 0.000000
506.000000 0.000000
507.000000 0.000000
508.000000 0.000000
509.000000 0.000000
510.000000 0.000000
511.000000 0.000000
512.000000 0.000000
513.000000 0.000000
514.000000 0.000000
515.000000 0.000000
516.000000 0.000000
517.000000 0.000000
518.000000 0.000000
519.000000 0.000000
520.000000 0.000000
521.000000 0.000000
522.000000 0.000000
523.000000 0.000000
524.000000 0.000000
525.000000 0.000000
526.000000 0.000000
527.000000 0.000000
528.000000 0.000000
529.000000 0.000000
530.000000 0.000000
531.000000 0.000000
532.000000 0.000000
533.000000 0.000000
534.000000 0.000000
535.000000 0.000000
536.000000 0.000000
537.000000 0.000000
538.000000 0.000000
539.000000 0.000000
540.000000 0.000000
541.000000 0.000000
542.000000 0.000000
543.000000 0.000000
544.000000 0.000000
545.000000 0.000000
546.000000 0.000000
547.000000 0.000000
548.000000 0.000000
549.000000 0.000000
550.000000 0.000000
551.000000 0.000000
552.000000 0.000000
553.000000 0.000000
554.000000 0.000000
555.000000 0.000000
556.000000 0.000000
557.000000 0.000000
558.000000 0.000000
559.000000 0.000000
560.000000 0.000000
561.000000 0.000000
562.000000 0.000000
563.000000 0.000000
564.000000 0.000000
565.000000 0.000000
566.000000 0.000000
567.000000 0.000000
568.000000 0.000000
569.000000 0.000000
570.000000 0.000000
571.000000 0.000000
572.000000 0.000000
573.000000 0.000000
574.000000 0.000000
575.000000 0.000000
576.000000 0.000000
577.000000 0.000000
578.000000 0.000000
579.000000 0.000000
580.000000 0.000000
581.000000 0.000000
582.000000 0.000000
583.000000 0.000000
584.000000 0.000000
585.000000 0.000000
586.000000 0.000000
587.000000 0.000000
588.000000 0.000000
589.000000 0.000000
590.000000 0.000000
591.000000 0.000000
592.000000 0.000000
593.000000 0.000000
594.000000 0.000000
595.000000 0.000000
596.000000 0.000000
597.000000 0.000000
598.000000 0.000000
599.000000 0.000000
600.000000 0.000000
601.000000 0.000000
602.000000 0.000000
603.000000 0.000000
604.000000 0.000000
605.000000 0.000000
606.000000 0.000000
607.000000 0.000000
608.000000 0.000000
609.000000 0.000000
610.000000 0.000000
611.000000 0.000000
612.000000 0.000000
613.000000 0.000000
614.000000 0.000000
615.000000 0.000000
616.000000 0.000000
617.000000 0.000000
618.000000 0.000000
619.000000 0.000000
620.000000 0.000000
621.000000 0.000000
622.000000 0.000000
623.000000 0.000000
624.000000 0.000000
625.000000 0.000000
626.000000 0.000000
627.000000 0.000000
628.000000 0.000000
629.000000 0.000000
630.000000 0.000000
631.000000 0.000000
632.000000 0.000000
633.000000 0.000000
634.000000 0.000000
635.000000 0.000000
636.000000 0.000000
637.000000 0.000000
638.000000 0.000000
639.000000 0.000000
640.000000 0.000000
641.000000 0.000000
642.000000 0.000000
643.000000 0.000000
644.000000 0.000000
645.000000 0.000000
646.000000 0.000000
647.000000 0.000000
648.000000 0.000000
649.000000 0.000000
650.000000 0.000000
651.000000 0.000000
652.000000 0.000000
653.000000 0.000000
654.000000 0.000000
655.000000 0.000000
656.000000 0.000000
657.000000 0.000000
658.000000 0.000000
659.000000 0.000000
660.000000 0.000000
661.000000 0.000000
662.000000 0.000000
663.000000 0.000000
664.000000 0.000000
665.000000 0.000000
666.000000 0.000000
667.000000 0.000000
668.000000 0.000000
669.000000 0.000000
670.000000 0.000000
671.000000 0.000000
672.000000 0.000000
673.000000 0.000000
674.000000 0.000000
675.000000 0.000000
676.000000 0.000000
677.000000 0.000000
678.000000 0.000000
679.000000 0.000000
680.000000 0.000000
681.000000 0.000000
682.000000 0.000000
683.000000 0.000000
684.000000 0.000000
685.000000 0.000000
686.000000 0.000000
687.000000 0.000000
688.000000 0.000000
689.000000 0.000000
690.000000 0.000000
691.000000 0.000000
692.000000 0.000000
693.000000 0.000000
694.000000 0.000000
695.000000 0.000000
696.000000 0.000000
697.000000 0.000000
698.000000 0.000000
699.000000 0.000000
700.000000 0.000000
701.000000 0.000000
702.000000 0.000000
703.000000 0.000000
704.000000 0.000000
705.000000 0.000000
706.000000 0.000000
707.000000 0.000000
708.000000 0.000000
709.000000 0.000000
710.000000 0.000000
711.000000 0.000000
712.000000 0.000000
713.000000 0.000000
714.000000 0.000000
715.000000 0.000000
716.000000 0.000000
717.000000 0.000000
718.000000 0.000000
719.000000 0.000000
720.000000 0.000000
721.000000 0.000001
722.000000 0.000001
723.000000 0.000001
724.000000 0.000001
725.000000 0.000001
726.000000 0.000001
727.000000 0.000001
728.000000 0.000001
729.000000 0.000001
730.000000 0.000001
731.000000 0.000001
732.000000 0.000001
733.000000 0.000001
734.000000 0.000001
735.000000 0.000001
736.000000 0.000001
737.000000 0.000001
738.000000 0.000001
739.000000 0.000001
740.000000 0.000001
741.000000 0.000001
742.000000 0.000001
743.000000 0.000001
744.000000 0.000001
745.000000 0.000001
746.000000 0.000001
747.000000 0.000001
748.000000 0.000001
749.000000 0.000001
750.000000 0.000001
751.000000 0.000001
752.000000 0.000001
753.000000 0.000001
754.000000 0.000001
755.000000 0.000001
756.000000 0.000001
757.000000 0.000001
758.000000 0.000001
759.000000 0.000001
760.000000 0.000001
761.000000 0.000001
762.000000 0.000001
763.000000 0.000001
764.000000 0.000002
765.000000 0.000002
766.000000 0.000002
767.000000 0.000002
768.000000 0.000002
769.000000 0.000002
770.000000 0.000002
771.000000 0.000002
772.000000 0.000002
773.000000 0.000002
774.000000 0.000002
775.000000 0.000002
776.000000 0.000002
777.000000 0.000002
778.000000 0.000002
779.000000 0.000002
780.000000 0.000002
781.000000 0.000002
782.000000 0.000002
783.000000 0.000002
784.000000 0.000002
785.000000 0.000002
786.000000 0.000003
787.000000 0.000003
788.000000 0.000003
789.000000 0.000003
790.000000 0.000003
791.000000 0.000003
792.000000 0.000003
793.000000 0.000003
794.000000 0.000003
795.000000 0.000003
796.000000 0.000003
797.000000 0.000003
798.000000 0.000003
799.000000 0.000003
800.000000 0.000003
801.000000 0.000004
802.000000 0.000004
803.000000 0.000004
804.000000 0.000004
805.000000 0.000004
806.000000 0.000004
807.000000 0.000004
808.000000 0.000004
809.000000 0.000004
810.000000 0.000004
811.000000 0.000004
812.000000 0.000004
813.000000 0.000005
814.000000 0.000005
815.000000 0.000005
816.000000 0.000005
817.000000 0.000005
818.000000 0.000005
819.000000 0.000005
820.000000 0.000005
821.000000 0.000005
822.000000 0.000006
823.000000 0.000006
824.000000 0.000006
825.000000 0.000006
826.000000 0.000006
827.000000 0.000006
828.000000 0.000006
829.000000 0.000006
830.000000 0.000007
831.000000 0.000007
832.000000 0.000007
833.000000 0.000007
834.000000 0.000007
835.000000 0.000007
836.000000 0.000007
837.000000 0.000007
838.000000 0.000008
839.000000 0.000008
840.000000 0.000008
841.000000 0.000008
842.000000 0.000008
843.000000 0.000008
844.000000 0.000009
845.000000 0.000009
846.000000 0.000009
847.000000 0.000009
848.000000 0.000009
849.000000 0.000009
850.000000 0.000010
851.000000 0.000010
852.000000 0.000010
853.000000 0.000010
854.000000 0.000010
855.000000 0.000011
856.000000 0.000011
857.000000 0.000011
858.000000 0.000011
859.000000 0.000011
860.000000 0.000012
861.000000 0.000012
862.000000 0.000012
863.000000 0.000012
864.000000 0.000013
865.000000 0.000013
866.000000 0.000013
867.000000 0.000013
868.000000 0.000013
869.000000 0.000014
870.000000 0.000014
871.000000 0.000014
872.000000 0.000015
873.000000 0.000015
874.000000 0.000015
875.000000 0.000015
876.000000 0.000016
877.000000 0.000016
878.000000 0.000016
879.000000 0.000016
880.000000 0.000017
881.000000 0.000017
882.000000 0.000017
883.000000 0.000018
884.000000 0.000018
885.000000 0.000018
886.000000 0.000019
887.000000 0.000019
888.000000 0.000019
889.000000 0.000020
890.000000 0.000020
891.000000 0.000020
892.000000 0.000021
893.000000 0.000021
894.000000 0.000021
895.000000 0.000022
896.000000 0.000022
897.000000 0.000022
898.000000 0.000023
899.000000 0.000023
900.000000 0.000024
901.000000 0.000024
902.000000 0.000024
903.000000 0.000025
904.000000 0.000025
905.000000 0.000026
906.000000 0.000026
907.000000 0.000026
908.000000 0.000027
909.000000 0.000027
910.000000 0.000028
911.000000 0.000028
912.000000 0.000029
913.000000 0.000029
914.000000 0.000030
915.000000 0.000030
916.000000 0.000031
917.000000 0.000031
918.000000 0.000032
919.000000 0.000032
920.000000 0.000033
921.000000 0.000033
922.000000 0.000034
923.000000 0.000034
924.000000 0.000035
925.000000 0.000035
926.000000 0.000036
927.000000 0.000036
928.000000 0.000037
929.000000 0.000038
930.000000 0.000038
931.000000 0.000039
932.000000 0.000039
933.000000 0.000040
934.000000 0.000041
935.000000 0.000041
936.000000 0.000042
937.000000 0.000043
938.000000 0.000043
939.000000 0.000044
940.000000 0.000045
941.000000 0.000045
942.000000 0.000046
943.000000 0.000047
944.000000 0.000047
945.000000 0.000048
946.000000 0.000049
947.000000 0.000050
948.000000 0.000050
949.000000 0.000051
950.000000 0.000052
951.000000 0.000053
952.000000 0.000053
953.000000 0.000054
954.000000 0.000055
955.000000 0.000056
956.000000 0.000056
957.000000 0.000057
958.000000 0.000058
959.000000 0.000059
960.000000 0.000060
961.000000 0.000061
962.000000 0.000062
963.000000 0.000062
964.000000 0.000063
965.000000 0.000064
966.000000 0.000065
967.000000 0.000066
968.000000 0.000067
969.000000 0.000068
970.000000 0.000069
971.000000 0.000070
972.000000 0.000071
973.000000 0.000072
974.000000 0.000073
975.000000 0.000074
976.000000 0.000075
977.000000 0.000076
978.000000 0.000077
979.000000 0.000078
980.000000 0.000079
981.000000 0.000080
982.000000 0.000081
983.000000 0.000082
984.000000 0.000083
985.000000 0.000084
986.000000 0.000086
987.000000 0.000087
988.000000 0.000088
989.000000 0.000089
990.000000 0.000090
991.000000 0.000091
992.000000 0.000093
993.000000 0.000094
994.000000 0.000095
995.000000 0.000096
996.000000 0.000098
997.000000 0.000099
998.000000 0.000100
999.000000 0.000101
1000.000000 0.000103
1001.000000 0.000104
1002.000000 0.000105
1003.000000 0.000107
1004.000000 0.000108
1005.000000 0.000109
1006.000000 0.000111
1007.000000 0.000112
1008.000000 0.000114
1009.000000 0.000115
1010.000000 0.000117
1011.000000 0.000118
1012.000000 0.000119
1013.000000 0.000121
1014.000000 0.000122
1015.000000 0.000124
1016.000000 0.000125
1017.000000 0.000127
1018.000000 0.000129
1019.000000 0.000130
1020.000000 0.000132
1021.000000 0.000133
1022.000000 0.000135
1023.000000 0.000137
1024.000000 0.000138
1025.000000 0.000140
1026.000000 0.000141
1027.000000 0.000143
1028.000000 0.000145
1029.000000 0.000147
1030.000000 0.000148
1031.000000 0.000150
1032.000000 0.000152
1033.000000 0.000154
1034.000000 0.000155
1035.000000 0.000157
1036.000000 0.000159
1037.000000 0.000161
1038.000000 0.000163
1039.000000 0.000165
1040.000000 0.000167
1041.000000 0.000168
1042.000000 0.000171
1043.000000 0.000172
1044.000000 0.000174
1045.000000 0.000176
1046.000000 0.000178
1047.000000 0.000180
1048.000000 0.000183
1049.000000 0.000184
1050.000000 0.000187
1051.000000 0.000188
1052.000000 0.000191
1053.000000 0.000193
1054.000000 0.000195
1055.000000 0.000197
1056.000000 0.000199
1057.000000 0.000201
1058.000000 0.000204
1059.000000 0.000206
1060.000000 0.000208
1061.000000 0.000210
1062.000000 0.000213
1063.000000 0.000215
1064.000000 0.000217
1065.000000 0.000220
1066.000000 0.000222
1067.000000 0.000224
1068.000000 0.000227
1069.000000 0.000229
1070.000000 0.000231
1071.000000 0.000234
1072.000000 0.000236
1073.000000 0.000239
1074.000000 0.000241
1075.000000 0.000244
1076.000000 0.000246
1077.000000 0.000249
1078.000000 0.000251
1079.000000 0.000254
1080.000000 0.000256
1081.000000 0.000259
1082.000000 0.000262
1083.000000 0.000264
1084.000000 0.000267
1085.000000 0.000269
1086.000000 0.000272
1087.000000 0.000275
1088.000000 0.000278
1089.000000 0.000281
1090.000000 0.000284
1091.000000 0.000286
1092.000000 0.000289
1093.000000 0.000292
1094.000000 0.000295
1095.000000 0.000297
1096.000000 0.000301
1097.000000 0.000303
1098.000000 0.000306
1099.000000 0.000309
1100.000000 0.000312
1101.000000 0.000315
1102.000000 0.000318
1103.000000 0.000321
1104.000000 0.000324
1105.000000 0.000327
1106.000000 0.000330
1107.000000 0.000334
1108.000000 0.000336
1109.000000 0.000340
1110.000000 0.000343
1111.000000 0.000346
1112.000000 0.000349
1113.000000 0.000352
1114.000000 0.000356
1115.000000 0.000359
1116.000000 0.000362
1117.000000 0.000366
1118.000000 0.000369
1119.000000 0.000372
1120.000000 0.000375
1121.000000 0.000379
1122.000000 0.000382
1123.000000 0.000385
1124.000000 0.000389
1125.000000 0.000393
1126.000000 0.000396
1127.000000 0.000400
1128.000000 0.000403
1129.000000 0.000406
1130.000000 0.000410
1131.000000 0.000414
1132.000000 0.000417
1133.000000 0.000421
1134.000000 0.000424
1135.000000 0.000428
1136.000000 0.000431
1137.000000 0.000436
1138.000000 0.000439
1139.000000 0.000442
1140.000000 0.000447
1141.000000 0.000450
1142.000000 0.000454
1143.000000 0.000458
1144.000000 0.000461
1145.000000 0.000465
1146.000000 0.000470
1147.000000 0.000473
1148.000000 0.000477
1149.000000 0.000481
1150.000000 0.000485
1151.000000 0.000489
1152.000000 0.000493
1153.000000 0.000497
1154.000000 0.000501
1155.000000 0.000504
1156.000000 0.000509
1157.000000 0.000513
1158.000000 0.000517
1159.000000 0.000521
1160.000000 0.000525
1161.000000 0.000529
1162.000000 0.000534
1163.000000 0.000537
1164.000000 0.000542
1165.000000 0.000546
1166.000000 0.000550
1167.000000 0.000554
1168.000000 0.000559
1169.000000 0.000562
1170.000000 0.000567
1171.000000 0.000572
1172.000000 0.000575
1173.000000 0.000580
1174.000000 0.000585
1175.000000 0.000589
1176.000000 0.000593
1177.000000 0.000598
1178.000000 0.000601
1179.000000 0.000607
1180.000000 0.000610
1181.000000 0.000615
1182.000000 0.000620
1183.000000 0.000624
1184.000000 0.000628
1185.000000 0.000634
1186.000000 0.000637
1187.000000 0.000642
1188.000000 0.000647
1189.000000 0.000652
1190.000000 0.000656
1191.000000 0.000661
1192.000000 0.000665
1193.000000 0.000670
1194.000000 0.000675
1195.000000 0.000680
1196.000000 0.000684
1197.000000 0.000689
1198.000000 0.000693
1199.000000 0.000698
1200.000000 0.000704
1201.000000 0.000708
1202.000000 0.000712
1203.000000 0.000717
1204.000000 0.000723
1205.000000 0.000725
1206.000000 0.000733
1207.000000 0.000736
1208.000000 0.000741
1209.000000 0.000746
1210.000000 0.000752
1211.000000 0.000755
1212.000000 0.000762
1213.000000 0.000765
1214.000000 0.000771
1215.000000 0.000776
1216.000000 0.000781
1217.000000 0.000786
1218.000000 0.000791
1219.000000 0.000796
1220.000000 0.000800
1221.000000 0.000806
1222.000000 0.000811
1223.000000 0.000815
1224.000000 0.000821
1225.000000 0.000827
1226.000000 0.000829
1227.000000 0.000837
1228.000000 0.000840
1229.000000 0.000847
1230.000000 0.000851
1231.000000 0.000857
1232.000000 0.000860
1233.000000 0.000868
1234.000000 0.000871
1235.000000 0.000877
1236.000000 0.000882
1237.000000 0.000888
1238.000000 0.000892
1239.000000 0.000898
1240.000000 0.000903
1241.000000 0.000908
1242.000000 0.000914
1243.000000 0.000919
1244.000000 0.000924
1245.000000 0.000929
1246.000000 0.000936
1247.000000 0.000938
1248.000000 0.000946
1249.000000 0.000949
1250.000000 0.000956
1251.000000 0.000960
1252.000000 0.000967
1253.000000 0.000970
1254.000000 0.000978
1255.000000 0.000981
1256.000000 0.000988
1257.000000 0.000991
1258.000000 0.000999
1259.000000 0.001002
1260.000000 0.001009
1261.000000 0.001013
1262.000000 0.001019
1263.000000 0.001024
1264.000000 0.001030
1265.000000 0.001034
1266.000000 0.001040
1267.000000 0.001047
1268.000000 0.001050
1269.000000 0.001057
1270.000000 0.001060
1271.000000 0.001068
1272.000000 0.001072
1273.000000 0.001079
1274.000000 0.001082
1275.000000 0.001090
1276.000000 0.001092
1277.000000 0.001100
1278.000000 0.001104
1279.000000 0.001112
1280.000000 0.001114
1281.000000 0.001122
1282.000000 0.001124
1283.000000 0.001132
1284.000000 0.001136
1285.000000 0.001143
1286.000000 0.001146
1287.000000 0.001154
1288.000000 0.001159
1289.000000 0.001162
1290.000000 0.001170
1291.000000 0.001173
1292.000000 0.001180
1293.000000 0.001185
1294.000000 0.001191
1295.000000 0.001194
1296.000000 0.001202
1297.000000 0.001205
1298.000000 0.001213
1299.000000 0.001216
1300.000000 0.001224
1301.000000 0.001226
1302.000000 0.001234
1303.000000 0.001236
1304.000000 0.001245
1305.000000 0.001248
1306.000000 0.001255
1307.000000 0.001256
1308.000000 0.001266
1309.000000 0.001270
1310.000000 0.001275
1311.000000 0.001280
1312.000000 0.001285
1313.000000 0.001290
1314.000000 0.001296
1315.000000 0.001302
1316.000000 0.001305
1317.000000 0.001313
1318.000000 0.001316
1319.000000 0.001322
1320.000000 0.001326
1321.000000 0.001334
1322.000000 0.001336
1323.000000 0.001344
1324.000000 0.001345
1325.000000 0.001353
1326.000000 0.001357
1327.000000 0.001364
1328.000000 0.001365
1329.000000 0.001375
1330.000000 0.001377
1331.000000 0.001383
1332.000000 0.001387
1333.000000 0.001393
1334.000000 0.001397
1335.000000 0.001405
1336.000000 0.001407
1337.000000 0.001413
1338.000000 0.001418
1339.000000 0.001423
1340.000000 0.001427
1341.000000 0.001432
1342.000000 0.001439
1343.000000 0.001441
1344.000000 0.001448
1345.000000 0.001450
1346.000000 0.001458
1347.000000 0.001462
1348.000000 0.001468
1349.000000 0.001468
1350.000000 0.001477
1351.000000 0.001480
1352.000000 0.001486
1353.000000 0.001489
1354.000000 0.001496
1355.000000 0.001498
1356.000000 0.001506
1357.000000 0.001508
1358.000000 0.001514
1359.000000 0.001517
1360.000000 0.001523
1361.000000 0.001525
1362.000000 0.001532
1363.000000 0.001536
1364.000000 0.001540
1365.000000 0.001545
1366.000000 0.001548
1367.000000 0.001554
1368.000000 0.001558
1369.000000 0.001564
1370.000000 0.001565
1371.000000 0.001572
1372.000000 0.001575
1373.000000 0.001580
1374.000000 0.001582
1375.000000 0.001589
1376.000000 0.001591
1377.000000 0.001600
1378.000000 0.001599
1379.000000 0.001606
1380.000000 0.001608
1381.000000 0.001614
1382.000000 0.001616
1383.000000 0.001623
1384.000000 0.001624
1385.000000 0.001630
1386.000000 0.001633
1387.000000 0.001637
1388.000000 0.001641
1389.000000 0.001647
1390.000000 0.001649
1391.000000 0.001652
1392.000000 0.001657
1393.000000 0.001660
1394.000000 0.001665
1395.000000 0.001666
1396.000000 0.001673
1397.000000 0.001674
1398.000000 0.001681
1399.000000 0.001681
1400.000000 0.001687
1401.000000 0.001688
1402.000000 0.001696
1403.000000 0.001694
1404.000000 0.001702
1405.000000 0.001702
1406.000000 0.001708
1407.000000 0.001710
1408.000000 0.001715
1409.000000 0.001715
1410.000000 0.001722
1411.000000 0.001723
1412.000000 0.001726
1413.000000 0.001730
1414.000000 0.001735
1415.000000 0.001736
1416.000000 0.001739
1417.000000 0.001743
1418.000000 0.001745
1419.000000 0.001750
1420.000000 0.001750
1421.000000 0.001756
1422.000000 0.001756
1423.000000 0.001763
1424.000000 0.001761
1425.000000 0.001768
1426.000000 0.001768
1427.000000 0.001774
1428.000000 0.001773
1429.000000 0.001778
1430.000000 0.001778
1431.000000 0.001784
1432.000000 0.001784
1433.000000 0.001788
1434.000000 0.001789
1435.000000 0.001794
1436.000000 0.001794
1437.000000 0.001798
1438.000000 0.001798
1439.000000 0.001803
1440.000000 0.001805
1441.000000 0.001806
1442.000000 0.001809
1443.000000 0.001811
1444.000000 0.001815
1445.000000 0.001814
1446.000000 0.001819
1447.000000 0.001818
1448.000000 0.001824
1449.000000 0.001822
1450.000000 0.001826
1451.000000 0.001826
1452.000000 0.001832
1453.000000 0.001830
1454.000000 0.001834
1455.000000 0.001834
1456.000000 0.001840
1457.000000 0.001836
1458.000000 0.001841
1459.000000 0.001840
1460.000000 0.001844
1461.000000 0.001845
1462.000000 0.001847
1463.000000 0.001846
1464.000000 0.001850
1465.000000 0.001851
1466.000000 0.001851
1467.000000 0.001854
1468.000000 0.001854
1469.000000 0.001857
1470.000000 0.001856
1471.000000 0.001859
1472.000000 0.001857
1473.000000 0.001864
1474.000000 0.001859
1475.000000 0.001864
1476.000000 0.001861
1477.000000 0.001867
1478.000000 0.001863
1479.000000 0.001868
1480.000000 0.001865
1481.000000 0.001870
1482.000000 0.001867
1483.000000 0.001870
1484.000000 0.001868
1485.000000 0.001872
1486.000000 0.001871
1487.000000 0.001872
1488.000000 0.001871
1489.000000 0.001872
1490.000000 0.001874
1491.000000 0.001872
1492.000000 0.001874
1493.000000 0.001873
1494.000000 0.001876
1495.000000 0.001873
1496.000000 0.001876
1497.000000 0.001873
1498.000000 0.001878
1499.000000 0.001873
1500.000000 0.001877
1501.000000 0.001872
1502.000000 0.001878
1503.000000 0.001874
1504.000000 0.001877
1505.000000 0.001873
1506.000000 0.001877
1507.000000 0.001873
1508.000000 0.001875
1509.000000 0.001872
1510.000000 0.001874
1511.000000 0.001873
1512.000000 0.001873
1513.000000 0.001871
1514.000000 0.001871
1515.000000 0.001873
1516.000000 0.001870
1517.000000 0.001869
1518.000000 0.001868
1519.000000 0.001871
1520.000000 0.001866
1521.000000 0.001868
1522.000000 0.001864
1523.000000 0.001868
1524.000000 0.001863
1525.000000 0.001866
1526.000000 0.001859
1527.000000 0.001864
1528.000000 0.001859
1529.000000 0.001861
1530.000000 0.001856
1531.000000 0.001859
1532.000000 0.001855
1533.000000 0.001855
1534.000000 0.001852
1535.000000 0.001853
1536.000000 0.001850
1537.000000 0.001849
1538.000000 0.001847
1539.000000 0.001846
1540.000000 0.001846
1541.000000 0.001843
1542.000000 0.001842
1543.000000 0.001839
1544.000000 0.001840
1545.000000 0.001835
1546.000000 0.001836
1547.000000 0.001831
1548.000000 0.001833
1549.000000 0.001828
1550.000000 0.001829
1551.000000 0.001823
1552.000000 0.001826
1553.000000 0.001821
1554.000000 0.001822
1555.000000 0.001815
1556.000000 0.001817
1557.000000 0.001813
1558.000000 0.001813
1559.000000 0.001807
1560.000000 0.001808
1561.000000 0.001804
1562.000000 0.001802
1563.000000 0.001799
1564.000000 0.001797
1565.000000 0.001796
1566.000000 0.001793
1567.000000 0.001790
1568.000000 0.001786
1569.000000 0.001787
1570.000000 0.001781
1571.000000 0.001781
1572.000000 0.001775
1573.000000 0.001776
1574.000000 0.001771
1575.000000 0.001771
1576.000000 0.001764
1577.000000 0.001765
1578.000000 0.001759
1579.000000 0.001760
1580.000000 0.001752
1581.000000 0.001753
1582.000000 0.001748
1583.000000 0.001747
1584.000000 0.001741
1585.000000 0.001740
1586.000000 0.001736
1587.000000 0.001734
1588.000000 0.001729
1589.000000 0.001727
1590.000000 0.001724
1591.000000 0.001720
1592.000000 0.001717
1593.000000 0.001712
1594.000000 0.001711
1595.000000 0.001708
1596.000000 0.001704
1597.000000 0.001698
1598.000000 0.001698
1599.000000 0.001693
1600.000000 0.001691
1601.000000 0.001684
1602.000000 0.001684
1603.000000 0.001678
1604.000000 0.001677
1605.000000 0.001669
1606.000000 0.001669
1607.000000 0.001663
1608.000000 0.001662
1609.000000 0.001655
1610.000000 0.001653
1611.000000 0.001648
1612.000000 0.001646
1613.000000 0.001640
1614.000000 0.001638
1615.000000 0.001632
1616.000000 0.001630
1617.000000 0.001626
1618.000000 0.001621
1619.000000 0.001617
1620.000000 0.001613
1621.000000 0.001610
1622.000000 0.001603
1623.000000 0.001602
1624.000000 0.001596
1625.000000 0.001594
1626.000000 0.001586
1627.000000 0.001585
1628.000000 0.001579
1629.000000 0.001577
1630.000000 0.001569
1631.000000 0.001569
1632.000000 0.001561
1633.000000 0.001560
1634.000000 0.001551
1635.000000 0.001550
1636.000000 0.001543
1637.000000 0.001543
1638.000000 0.001534
1639.000000 0.001532
1640.000000 0.001526
1641.000000 0.001523
1642.000000 0.001518
1643.000000 0.001512
1644.000000 0.001509
1645.000000 0.001504
1646.000000 0.001500
1647.000000 0.001493
1648.000000 0.001491
1649.000000 0.001484
1650.000000 0.001482
1651.000000 0.001474
1652.000000 0.001472
1653.000000 0.001465
1654.000000 0.001463
1655.000000 0.001455
1656.000000 0.001453
1657.000000 0.001445
1658.000000 0.001445
1659.000000 0.001435
1660.000000 0.001433
1661.000000 0.001426
1662.000000 0.001425
1663.000000 0.001417
1664.000000 0.001413
1665.000000 0.001407
1666.000000 0.001404
1667.000000 0.001398
1668.000000 0.001392
1669.000000 0.001388
1670.000000 0.001383
1671.000000 0.001379
1672.000000 0.001371
1673.000000 0.001369
1674.000000 0.001362
1675.000000 0.001359
1676.000000 0.001351
1677.000000 0.001349
1678.000000 0.001340
1679.000000 0.001340
1680.000000 0.001330
1681.000000 0.001328
1682.000000 0.001319
1683.000000 0.001319
1684.000000 0.001309
1685.000000 0.001307
1686.000000 0.001300
1687.000000 0.001298
1688.000000 0.001289
1689.000000 0.001285
1690.000000 0.001279
1691.000000 0.001275
1692.000000 0.001270
1693.000000 0.001264
1694.000000 0.001259
1695.000000 0.001254
1696.000000 0.001249
1697.000000 0.001242
1698.000000 0.001238
1699.000000 0.001231
1700.000000 0.001229
1701.000000 0.001220
1702.000000 0.001218
1703.000000 0.001209
1704.000000 0.001209
1705.000000 0.001199
1706.000000 0.001197
1707.000000 0.001188
1708.000000 0.001187
1709.000000 0.001178
1710.000000 0.001176
1711.000000 0.001167
1712.000000 0.001166
1713.000000 0.001157
1714.000000 0.001153
1715.000000 0.001147
1716.000000 0.001143
1717.000000 0.001136
1718.000000 0.001131
1719.000000 0.001126
1720.000000 0.001120
1721.000000 0.001117
1722.000000 0.001109
1723.000000 0.001105
1724.000000 0.001098
1725.000000 0.001096
1726.000000 0.001087
1727.000000 0.001084
1728.000000 0.001076
1729.000000 0.001075
1730.000000 0.001066
1731.000000 0.001063
1732.000000 0.001055
1733.000000 0.001053
1734.000000 0.001044
1735.000000 0.001041
1736.000000 0.001033
1737.000000 0.001032
1738.000000 0.001023
1739.000000 0.001019
1740.000000 0.001013
1741.000000 0.001009
1742.000000 0.001003
1743.000000 0.000998
1744.000000 0.000992
1745.000000 0.000987
1746.000000 0.000983
1747.000000 0.000976
1748.000000 0.000972
1749.000000 0.000965
1750.000000 0.000962
1751.000000 0.000954
1752.000000 0.000951
1753.000000 0.000943
1754.000000 0.000941
1755.000000 0.000933
1756.000000 0.000930
1757.000000 0.000922
1758.000000 0.000920
1759.000000 0.000912
1760.000000 0.000909
1761.000000 0.000901
1762.000000 0.000899
1763.000000 0.000892
1764.000000 0.000888
1765.000000 0.000881
1766.000000 0.000877
1767.000000 0.000872
1768.000000 0.000867
1769.000000 0.000861
1770.000000 0.000856
1771.000000 0.000852
1772.000000 0.000846
1773.000000 0.000841
1774.000000 0.000835
1775.000000 0.000832
1776.000000 0.000825
1777.000000 0.000821
1778.000000 0.000814
1779.000000 0.000812
1780.000000 0.000804
1781.000000 0.000802
1782.000000 0.000794
1783.000000 0.000792
1784.000000 0.000785
1785.000000 0.000781
1786.000000 0.000774
1787.000000 0.000772
1788.000000 0.000765
1789.000000 0.000762
1790.000000 0.000755
1791.000000 0.000752
1792.000000 0.000746
1793.000000 0.000741
1794.000000 0.000736
1795.000000 0.000732
1796.000000 0.000727
1797.000000 0.000722
1798.000000 0.000717
1799.000000 0.000711
1800.000000 0.000709
1801.000000 0.000702
1802.000000 0.000699
1803.000000 0.000692
1804.000000 0.000689
1805.000000 0.000683
1806.000000 0.000680
1807.000000 0.000673
1808.000000 0.000671
1809.000000 0.000665
1810.000000 0.000661
1811.000000 0.000655
1812.000000 0.000652
1813.000000 0.000647
1814.000000 0.000643
1815.000000 0.000637
1816.000000 0.000634
1817.000000 0.000628
1818.000000 0.000624
1819.000000 0.000619
1820.000000 0.000615
1821.000000 0.000611
1822.000000 0.000606
1823.000000 0.000602
1824.000000 0.000597
1825.000000 0.000593
1826.000000 0.000589
1827.000000 0.000585
1828.000000 0.000579
1829.000000 0.000576
1830.000000 0.000571
1831.000000 0.000568
1832.000000 0.000562
1833.000000 0.000559
1834.000000 0.000554
1835.000000 0.000551
1836.000000 0.000545
1837.000000 0.000542
1838.000000 0.000537
1839.000000 0.000534
1840.000000 0.000528
1841.000000 0.000525
1842.000000 0.000521
1843.000000 0.000517
1844.000000 0.000512
1845.000000 0.000509
1846.000000 0.000504
1847.000000 0.000501
1848.000000 0.000497
1849.000000 0.000492
1850.000000 0.000489
1851.000000 0.000485
1852.000000 0.000481
1853.000000 0.000476
1854.000000 0.000474
1855.000000 0.000469
1856.000000 0.000466
1857.000000 0.000461
1858.000000 0.000458
1859.000000 0.000454
1860.000000 0.000451
1861.000000 0.000446
1862.000000 0.000444
1863.000000 0.000439
1864.000000 0.000436
1865.000000 0.000431
1866.000000 0.000428
1867.000000 0.000424
1868.000000 0.000422
1869.000000 0.000417
1870.000000 0.000414
1871.000000 0.000410
1872.000000 0.000407
1873.000000 0.000403
1874.000000 0.000399
1875.000000 0.000396
1876.000000 0.000393
1877.000000 0.000389
1878.000000 0.000385
1879.000000 0.000383
1880.000000 0.000379
1881.000000 0.000376
1882.000000 0.000371
1883.000000 0.000369
1884.000000 0.000365
1885.000000 0.000363
1886.000000 0.000358
1887.000000 0.000356
1888.000000 0.000352
1889.000000 0.000350
1890.000000 0.000345
1891.000000 0.000343
1892.000000 0.000339
1893.000000 0.000337
1894.000000 0.000333
1895.000000 0.000330
1896.000000 0.000327
1897.000000 0.000324
1898.000000 0.000321
1899.000000 0.000318
1900.000000 0.000315
1901.000000 0.000312
1902.000000 0.000309
1903.000000 0.000306
1904.000000 0.000303
1905.000000 0.000300
1906.000000 0.000298
1907.000000 0.000294
1908.000000 0.000292
1909.000000 0.000288
1910.000000 0.000287
1911.000000 0.000283
1912.000000 0.000281
1913.000000 0.000277
1914.000000 0.000276
1915.000000 0.000272
1916.000000 0.000270
1917.000000 0.000267
1918.000000 0.000265
1919.000000 0.000261
1920.000000 0.000259
1921.000000 0.000256
1922.000000 0.000254
1923.000000 0.000251
1924.000000 0.000249
1925.000000 0.000246
1926.000000 0.000244
1927.000000 0.000241
1928.000000 0.000238
1929.000000 0.000236
1930.000000 0.000234
1931.000000 0.000232
1932.000000 0.000228
1933.000000 0.000227
1934.000000 0.000224
1935.000000 0.000222
1936.000000 0.000219
1937.000000 0.000217
1938.000000 0.000214
1939.000000 0.000213
1940.000000 0.000210
1941.000000 0.000208
1942.000000 0.000205
1943.000000 0.000204
1944.000000 0.000201
1945.000000 0.000199
1946.000000 0.000197
1947.000000 0.000195
1948.000000 0.000193
1949.000000 0.000191
1950.000000 0.000188
1951.000000 0.000186
1952.000000 0.000185
1953.000000 0.000182
1954.000000 0.000180
1955.000000 0.000178
1956.000000 0.000177
1957.000000 0.000174
1958.000000 0.000173
1959.000000 0.000170
1960.000000 0.000169
1961.000000 0.000166
1962.000000 0.000165
1963.000000 0.000163
1964.000000 0.000161
1965.000000 0.000159
1966.000000 0.000158
1967.000000 0.000155
1968.000000 0.000154
1969.000000 0.000152
1970.000000 0.000150
1971.000000 0.000148
1972.000000 0.000147
1973.000000 0.000145
1974.000000 0.000143
1975.000000 0.000141
1976.000000 0.000140
1977.000000 0.000138
1978.000000 0.000136
1979.000000 0.000135
1980.000000 0.000133
1981.000000 0.000132
1982.000000 0.000130
1983.000000 0.000129
1984.000000 0.000127
1985.000000 0.000126
1986.000000 0.000124
1987.000000 0.000123
1988.000000 0.000121
1989.000000 0.000120
1990.000000 0.000118
1991.000000 0.000117
1992.000000 0.000115
1993.000000 0.000114
1994.000000 0.000112
1995.000000 0.000111
1996.000000 0.000109
1997.000000 0.000108
1998.000000 0.000107
1999.000000 0.000105
2000.000000 0.000104
2001.000000 0.000103
2002.000000 0.000101
2003.000000 0.000100
2004.000000 0.000099
2005.000000 0.000097
2006.000000 0.000096
2007.000000 0.000095
2008.000000 0.000094
2009.000000 0.000092
2010.000000 0.000092
2011.000000 0.000090
2012.000000 0.000089
2013.000000 0.000088
2014.000000 0.000087
2015.000000 0.000085
2016.000000 0.000085
2017.000000 0.000083
2018.000000 0.000082
2019.000000 0.000081
2020.000000 0.000080
2021.000000 0.000079
2022.000000 0.000078
2023.000000 0.000077
2024.000000 0.000076
2025.000000 0.000075
2026.000000 0.000074
2027.000000 0.000073
2028.000000 0.000072
2029.000000 0.000071
2030.000000 0.000070
2031.000000 0.000069
2032.000000 0.000068
2033.000000 0.000067
2034.000000 0.000066
2035.000000 0.000065
2036.000000 0.000064
2037.000000 0.000063
2038.000000 0.000062
2039.000000 0.000062
2040.000000 0.000061
2041.000000 0.000060
2042.000000 0.000059
2043.000000 0.000058
2044.000000 0.000057
2045.000000 0.000057
2046.000000 0.000056
2047.000000 0.000055
2048.000000 0.000054
2049.000000 0.000053
2050.000000 0.000052
2051.000000 0.000052
2052.000000 0.000051
2053.000000 0.000050
2054.000000 0.000049
2055.000000 0.000049
2056.000000 0.000048
2057.000000 0.000047
2058.000000 0.000047
2059.000000 0.000046
2060.000000 0.000045
2061.000000 0.000045
2062.000000 0.000044
2063.000000 0.000043
2064.000000 0.000043
2065.000000 0.000042
2066.000000 0.000041
2067.000000 0.000041
2068.000000 0.000040
2069.000000 0.000039
2070.000000 0.000039
2071.000000 0.000038
2072.000000 0.000038
2073.000000 0.000037
2074.000000 0.000037
2075.000000 0.000036
2076.000000 0.000035
2077.000000 0.000035
2078.000000 0.000034
2079.000000 0.000034
2080.000000 0.000033
2081.000000 0.000033
2082.000000 0.000032
2083.000000 0.000032
2084.000000 0.000031
2085.000000 0.000031
2086.000000 0.000030
2087.000000 0.000030
2088.000000 0.000029
2089.000000 0.000029
2090.000000 0.000028
2091.000000 0.000028
2092.000000 0.000027
2093.000000 0.000027
2094.000000 0.000026
2095.000000 0.000026
2096.000000 0.000026
2097.000000 0.000025
2098.000000 0.000025
2099.000000 0.000024
2100.000000 0.000024
2101.000000 0.000024
2102.000000 0.000023
2103.000000 0.000023
2104.000000 0.000022
2105.000000 0.000022
2106.000000 0.000022
2107.000000 0.000021
2108.000000 0.000021
2109.000000 0.000021
2110.000000 0.000020
2111.000000 0.000020
2112.000000 0.000020
2113.000000 0.000019
2114.000000 0.000019
2115.000000 0.000019
2116.000000 0.000018
2117.000000 0.000018
2118.000000 0.000018
2119.000000 0.000017
2120.000000 0.000017
2121.000000 0.000017
2122.000000 0.000016
2123.000000 0.000016
2124.000000 0.000016
2125.000000 0.000016
2126.000000 0.000015
2127.000000 0.000015
2128.000000 0.000015
2129.000000 0.000014
2130.000000 0.000014
2131.000000 0.000014
2132.000000 0.000014
2133.000000 0.000013
2134.000000 0.000013
2135.000000 0.000013
2136.000000 0.000013
2137.000000 0.000013
2138.000000 0.000012
2139.000000 0.000012
2140.000000 0.000012
2141.000000 0.000012
2142.000000 0.000011
2143.000000 0.000011
2144.000000 0.000011
2145.000000 0.000011
2146.000000 0.000011
2147.000000 0.000010
2148.000000 0.000010
2149.000000 0.000010
2150.000000 0.000010
2151.000000 0.000010
2152.000000 0.000009
2153.000000 0.000009
2154.000000 0.000009
2155.000000 0.000009
2156.000000 0.000009
2157.000000 0.000009
2158.000000 0.000008
2159.000000 0.000008
2160.000000 0.000008
2161.000000 0.000008
2162.000000 0.000008
2163.000000 0.000008
2164.000000 0.000007
2165.000000 0.000007
2166.000000 0.000007
2167.000000 0.000007
2168.000000 0.000007
2169.000000 0.000007
2170.000000 0.000007
2171.000000 0.000006
2172.000000 0.000006
2173.000000 0.000006
2174.000000 0.000006
2175.000000 0.000006
2176.000000 0.000006
2177.000000 0.000006
2178.000000 0.000006
2179.000000 0.000006
2180.000000 0.000005
2181.000000 0.000005
2182.000000 0.000005
2183.000000 0.000005
2184.000000 0.000005
2185.000000 0.000005
2186.000000 0.000005
2187.000000 0.000005
2188.000000 0.000005
2189.000000 0.000004
2190.000000 0.000004
2191.000000 0.000004
2192.000000 0.000004
2193.000000 0.000004
2194.000000 0.000004
2195.000000 0.000004
2196.000000 0.000004
2197.000000 0.000004
2198.000000 0.000004
2199.000000 0.000004
2200.000000 0.000004
2201.000000 0.000003
2202.000000 0.000003
2203.000000 0.000003
2204.000000 0.000003
2205.000000 0.000003
2206.000000 0.000003
2207.000000 0.000003
2208.000000 0.000003
2209.000000 0.000003
2210.000000 0.000003
2211.000000 0.000003
2212.000000 0.000003
2213.000000 0.000003
2214.000000 0.000003
2215.000000 0.000003
2216.000000 0.000002
2217.000000 0.000002
2218.000000 0.000002
2219.000000 0.000002
2220.000000 0.000002
2221.000000 0.000002
2222.000000 0.000002
2223.000000 0.000002
2224.000000 0.000002
2225.000000 0.000002
2226.000000 0.000002
2227.000000 0.000002
2228.000000 0.000002
2229.000000 0.000002
2230.000000 0.000002
2231.000000 0.000002
2232.000000 0.000002
2233.000000 0.000002
2234.000000 0.000002
2235.000000 0.000002
2236.000000 0.000002
2237.000000 0.000002
2238.000000 0.000001
2239.000000 0.000001
2240.000000 0.000001
2241.000000 0.000001
2242.000000 0.000001
2243.000000 0.000001
2244.000000 0.000001
2245.000000 0.000001
2246.000000 0.000001
2247.000000 0.000001
2248.000000 0.000001
2249.000000 0.000001
2250.000000 0.000001
2251.000000 0.000001
2252.000000 0.000001
2253.000000 0.000001
2254.000000 0.000001
2255.000000 0.000001
2256.000000 0.000001
2257.000000 0.000001
2258.000000 0.000001
2259.000000 0.000001
2260.000000 0.000001
2261.000000 0.000001
2262.000000 0.000001
2263.000000 0.000001
2264.000000 0.000001
2265.000000 0.000001
2266.000000 0.000001
2267.000000 0.000001
2268.000000 0.000001
2269.000000 0.000001
2270.000000 0.000001
2271.000000 0.000001
2272.000000 0.000001
2273.000000 0.000001
2274.000000 0.000001
2275.000000 0.000001
2276.000000 0.000001
2277.000000 0.000001
2278.000000 0.000001
2279.000000 0.000001
2280.000000 0.000001
2281.000000 0.000000
2282.000000 0.000000
2283.000000 0.000000
2284.000000 0.000000
2285.000000 0.000000
2286.000000 0.000000
2287.000000 0.000000
2288.000000 0.000000
2289.000000 0.000000
2290.000000 0.000000
2291.000000 0.000000
2292.000000 0.000000
2293.000000 0.000000
2294.000000 0.000000
2295.000000 0.000000
2296.000000 0.000000
2297.000000 0.000000
2298.000000 0.000000
2299.000000 0.000000
2300.000000 0.000000
2301.000000 0.000000
2302.000000 0.000000
2303.000000 0.000000
2304.000000 0.000000
2305.000000 0.000000
2306.000000 0.000000
2307.000000 0.000000
2308.000000 0.000000
2309.000000 0.000000
2310.000000 0.000000
2311.000000 0.000000
2312.000000 0.000000
2313.000000 0.000000
2314.000000 0.000000
2315.000000 0.000000
2316.000000 0.000000
2317.000000 0.000000
2318.000000 0.000000
2319.000000 0.000000
2320.000000 0.000000
2321.000000 0.000000
2322.000000 0.000000
2323.000000 0.000000
2324.000000 0.000000
2325.000000 0.000000
2326.000000 0.000000
2327.000000 0.000000
2328.000000 0.000000
2329.000000 0.000000
2330.000000 0.000000
2331.000000 0.000000
2332.000000 0.000000
2333.000000 0.000000
2334.000000 0.000000
2335.000000 0.000000
2336.000000 0.000000
2337.000000 0.000000
2338.000000 0.000000
2339.000000 0.000000
2340.000000 0.000000
2341.000000 0.000000
2342.000000 0.000000
2343.000000 0.000000
2344.000000 0.000000
2345.000000 0.000000
2346.000000 0.000000
2347.000000 0.000000
2348.000000 0.000000
2349.000000 0.000000
2350.000000 0.000000
2351.000000 0.000000
2352.000000 0.000000
2353.000000 0.000000
2354.000000 0.000000
2355.000000 0.000000
2356.000000 0.000000
2357.000000 0.000000
2358.000000 0.000000
2359.000000 0.000000
2360.000000 0.000000
2361.000000 0.000000
2362.000000 0.000000
2363.000000 0.000000
2364.000000 0.000000
2365.000000 0.000000
2366.000000 0.000000
2367.000000 0.000000
2368.000000 0.000000
2369.000000 0.000000
2370.000000 0.000000
2371.000000 0.000000
2372.000000 0.000000
2373.000000 0.000000
2374.000000 0.000000
2375.000000 0.000000
2376.000000 0.000000
2377.000000 0.000000
2378.000000 0.000000
2379.000000 0.000000
2380.000000 0.000000
2381.000000 0.000000
2382.000000 0.000000
2383.000000 0.000000
2384.000000 0.000000
2385.000000 0.000000
2386.000000 0.000000
2387.000000 0.000000
2388.000000 0.000000
2389.000000 0.000000
2390.000000 0.000000
2391.000000 0.000000
2392.000000 0.000000
2393.000000 0.000000
2394.000000 0.000000
2395.000000 0.000000
2396.000000 0.000000
2397.000000 0.000000
2398.000000 0.000000
2399.000000 0.000000
2400.000000 0.000000
2401.000000 0.000000
2402.000000 0.000000
2403.000000 0.000000
2404.000000 0.000000
2405.000000 0.000000
2406.000000 0.000000
2407.000000 0.000000
2408.000000 0.000000
2409.000000 0.000000
2410.000000 0.000000
2411.000000 0.000000
2412.000000 0.000000
2413.000000 0.000000
2414.000000 0.000000
2415.000000 0.000000
2416.000000 0.000000
2417.000000 0.000000
2418.000000 0.000000
2419.000000 0.000000
2420.000000 0.000000
2421.000000 0.000000
2422.000000 0.000000
2423.000000 0.000000
2424.000000 0.000000
2425.000000 0.000000
2426.000000 0.000000
2427.000000 0.000000
2428.000000 0.000000
2429.000000 0.000000
2430.000000 0.000000
2431.000000 0.000000
2432.000000 0.000000
2433.000000 0.000000
2434.000000 0.000000
2435.000000 0.000000
2436.000000 0.000000
2437.000000 0.000000
2438.000000 0.000000
2439.000000 0.000000
2440.000000 0.000000
2441.000000 0.000000
2442.000000 0.000000
2443.000000 0.000000
2444.000000 0.000000
2445.000000 0.000000
2446.000000 0.000000
2447.000000 0.000000
2448.000000 0.000000
2449.000000 0.000000
2450.000000 0.000000
2451.000000 0.000000
2452.000000 0.000000
2453.000000 0.000000
2454.000000 0.000000
2455.000000 0.000000
2456.000000 0.000000
2457.000000 0.000000
2458.000000 0.000000
2459.000000 0.000000
2460.000000 0.000000
2461.000000 0.000000
2462.000000 0.000000
2463.000000 0.000000
2464.000000 0.000000
2465.000000 0.000000
2466.000000 0.000000
2467.000000 0.000000
2468.000000 0.000000
2469.000000 0.000000
2470.000000 0.000000
2471.000000 0.000000
2472.000000 0.000000
2473.000000 0.000000
2474.000000 0.000000
2475.000000 0.000000
2476.000000 0.000000
2477.000000 0.000000
2478.000000 0.000000
2479.000000 0.000000
2480.000000 0.000000
2481.000000 0.000000
2482.000000 0.000000
2483.000000 0.000000
2484.000000 0.000000
2485.000000 0.000000
2486.000000 0.000000
2487.000000 0.000000
2488.000000 0.000000
2489.000000 0.000000
2490.000000 0.000000
2491.000000 0.000000
2492.000000 0.000000
2493.000000 0.000000
2494.000000 0.000000
2495.000000 0.000000
2496.000000 0.000000
2497.000000 0.000000
2498.000000 0.000000
2499.000000 0.000000
2500.000000 0.000000
2501.000000 0.000000
2502.000000 0.000000
2503.000000 0.000000
2504.000000 0.000000
2505.000000 0.000000
2506.000000 0.000000
2507.000000 0.000000
2508.000000 0.000000
2509.000000 0.000000
2510.000000 0.000000
2511.000000 0.000000
2512.000000 0.000000
2513.000000 0.000000
2514.000000 0.000000
2515.000000 0.000000
2516.000000 0.000000
2517.000000 0.000000
2518.000000 0.000000
2519.000000 0.000000
2520.000000 0.000000
2521.000000 0.000000
2522.000000 0.000000
2523.000000 0.000000
2524.000000 0.000000
2525.000000 0.000000
2526.000000 0.000000
2527.000000 0.000000
2528.000000 0.000000
2529.000000 0.000000
2530.000000 0.000000
2531.000000 0.000000
2532.000000 0.000000
2533.000000 0.000000
2534.000000 0.000000
2535.000000 0.000000
2536.000000 0.000000
2537.000000 0.000000
2538.000000 0.000000
2539.000000 0.000000
2540.000000 0.000000
2541.000000 0.000000
2542.000000 0.000000
2543.000000 0.000000
2544.000000 0.000000
2545.000000 0.000000
2546.000000 0.000000
2547.000000 0.000000
2548.000000 0.000000
2549.000000 0.000000
2550.000000 0.000000
2551.000000 0.000000
2552.000000 0.000000
2553.000000 0.000000
2554.000000 0.000000
2555.000000 0.000000
2556.000000 0.000000
2557.000000 0.000000
2558.000000 0.000000
2559.000000 0.000000
2560.000000 0.000000
2561.000000 0.000000
2562.000000 0.000000
2563.000000 0.000000
2564.000000 0.000000
2565.000000 0.000000
2566.000000 0.000000
2567.000000 0.000000
2568.000000 0.000000
2569.000000 0.000000
2570.000000 0.000000
2571.000000 0.000000
2572.000000 0.000000
2573.000000 0.000000
2574.000000 0.000000
2575.000000 0.000000
2576.000000 0.000000
2577.000000 0.000000
2578.000000 0.000000
2579.000000 0.000000
2580.000000 0.000000
2581.000000 0.000000
2582.000000 0.000000
2583.000000 0.000000
2584.000000 0.000000
2585.000000 0.000000
2586.000000 0.000000
2587.000000 0.000000
2588.000000 0.000000
2589.000000 0.000000
2590.000000 0.000000
2591.000000 0.000000
2592.000000 0.000000
2593.000000 0.000000
2594.000000 0.000000
2595.000000 0.000000
2596.000000 0.000000
2597.000000 0.000000
2598.000000 0.000000
2599.000000 0.000000
2600.000000 0.000000
2601.000000 0.000000
2602.000000 0.000000
2603.000000 0.000000
2604.000000 0.000000
2605.000000 0.000000
2606.000000 0.000000
2607.000000 0.000000
2608.000000 0.000000
2609.000000 0.000000
2610.000000 0.000000
2611.000000 0.000000
2612.000000 0.000000
2613.000000 0.000000
2614.000000 0.000000
2615.000000 0.000000
2616.000000 0.000000
2617.000000 0.000000
2618.000000 0.000000
2619.000000 0.000000
2620.000000 0.000000
2621.000000 0.000000
2622.000000 0.000000
2623.000000 0.000000
2624.000000 0.000000
2625.000000 0.000000
2626.000000 0.000000
2627.000000 0.000000
2628.000000 0.000000
2629.000000 0.000000
2630.000000 0.000000
2631.000000 0.000000
2632.000000 0.000000
2633.000000 0.000000
2634.000000 0.000000
2635.000000 0.000000
2636.000000 0.000000
2637.000000 0.000000
2638.000000 0.000000
2639.000000 0.000000
2640.000000 0.000000
2641.000000 0.000000
2642.000000 0.000000
2643.000000 0.000000
2644.000000 0.000000
2645.000000 0.000000
2646.000000 0.000000
2647.000000 0.000000
2648.000000 0.000000
2649.000000 0.000000
2650.000000 0.000000
2651.000000 0.000000
2652.000000 0.000000
2653.000000 0.000000
2654.000000 0.000000
2655.000000 0.000000
2656.000000 0.000000
2657.000000 0.000000
2658.000000 0.000000
2659.000000 0.000000
2660.000000 0.000000
2661.000000 0.000000
2662.000000 0.000000
2663.000000 0.000000
2664.000000 0.000000
2665.000000 0.000000
2666.000000 0.000000
2667.000000 0.000000
2668.000000 0.000000
2669.000000 0.000000
2670.000000 0.000000
2671.000000 0.000000
2672.000000 0.000000
2673.000000 0.000000
2674.000000 0.000000
2675.000000 0.000000
2676.000000 0.000000
2677.000000 0.000000
2678.000000 0.000000
2679.000000 0.000000
2680.000000 0.000000
2681.000000 0.000000
2682.000000 0.000000
2683.000000 0.000000
2684.000000 0.000000
2685.000000 0.000000
2686.000000 0.000000
2687.000000 0.000000
2688.000000 0.000000
2689.000000 0.000000
2690.000000 0.000000
2691.000000 0.000000
2692.000000 0.000000
2693.000000 0.000000
2694.000000 0.000000
2695.000000 0.000000
2696.000000 0.000000
2697.000000 0.000000
2698.000000 0.000000
2699.000000 0.000000
2700.000000 0.000000
2701.000000 0.000000
2702.000000 0.000000
2703.000000 0.000000
2704.000000 0.000000
2705.000000 0.000000
2706.000000 0.000000
2707.000000 0.000000
2708.000000 0.000000
2709.000000 0.000000
2710.000000 0.000000
2711.000000 0.000000
2712.000000 0.000000
2713.000000 0.000000
2714.000000 0.000000
2715.000000 0.000000
2716.000000 0.000000
2717.000000 0.000000
2718.000000 0.000000
2719.000000 0.000000
2720.000000 0.000000
2721.000000 0.000000
2722.000000 0.000000
2723.000000 0.000000
2724.000000 0.000000
2725.000000 0.000000
2726.000000 0.000000
2727.000000 0.000000
2728.000000 0.000000
2729.000000 0.000000
2730.000000 0.000000
2731.000000 0.000000
2732.000000 0.000000
2733.000000 0.000000
2734.000000 0.000000
2735.000000 0.000000
2736.000000 0.000000
2737.000000 0.000000
2738.000000 0.000000
2739.000000 0.000000
2740.000000 0.000000
2741.000000 0.000000
2742.000000 0.000000
2743.000000 0.000000
2744.000000 0.000000
2745.000000 0.000000
2746.000000 0.000000
2747.000000 0.000000
2748.000000 0.000000
2749.000000 0.000000
2750.000000 0.000000
2751.000000 0.000000
2752.000000 0.000000
2753.000000 0.000000
2754.000000 0.000000
2755.000000 0.000000
2756.000000 0.000000
2757.000000 0.000000
2758.000000 0.000000
2759.000000 0.000000
2760.000000 0.000000
2761.000000 0.000000
2762.000000 0.000000
2763.000000 0.000000
2764.000000 0.000000
2765.000000 0.000000
2766.000000 0.000000
2767.000000 0.000000
2768.000000 0.000000
2769.000000 0.000000
2770.000000 0.000000
2771.000000 0.000000
2772.000000 0.000000
2773.000000 0.000000
2774.000000 0.000000
2775.000000 0.000000
2776.000000 0.000000
2777.000000 0.000000
2778.000000 0.000000
2779.000000 0.000000
2780.000000 0.000000
2781.000000 0.000000
2782.000000 0.000000
2783.000000 0.000000
2784.000000 0.000000
2785.000000 0.000000
2786.000000 0.000000
2787.000000 0.000000
2788.000000 0.000000
2789.000000 0.000000
2790.000000 0.000000
2791.000000 0.000000
2792.000000 0.000000
2793.000000 0.000000
2794.000000 0.000000
2795.000000 0.000000
2796.000000 0.000000
2797.000000 0.000000
2798.000000 0.000000
2799.000000 0.000000
2800.000000 0.000000
2801.000000 0.000000
2802.000000 0.000000
2803.000000 0.000000
2804.000000 0.000000
2805.000000 0.000000
2806.000000 0.000000
2807.000000 0.000000
2808.000000 0.000000
2809.000000 0.000000
2810.000000 0.000000
2811.000000 0.000000
2812.000000 0.000000
2813.000000 0.000000
2814.000000 0.000000
2815.000000 0.000000
2816.000000 0.000000
2817.000000 0.000000
2818.000000 0.000000
2819.000000 0.000000
2820.000000 0.000000
2821.000000 0.000000
2822.000000 0.000000
2823.000000 0.000000
2824.000000 0.000000
2825.000000 0.000000
2826.000000 0.000000
2827.000000 0.000000
2828.000000 0.000000
2829.000000 0.000000
2830.000000 0.000000
2831.000000 0.000000
2832.000000 0.000000
2833.000000 0.000000
2834.000000 0.000000
2835.000000 0.000000
2836.000000 0.000000
2837.000000 0.000000
2838.000000 0.000000
2839.000000 0.000000
2840.000000 0.000000
2841.000000 0.000000
2842.000000 0.000000
2843.000000 0.000000
2844.000000 0.000000
2845.000000 0.000000
2846.000000 0.000000
2847.000000 0.000000
2848.000000 0.000000
2849.000000 0.000000
2850.000000 0.000000
2851.000000 0.000000
2852.000000 0.000000
2853.000000 0.000000
2854.000000 0.000000
2855.000000 0.000000
2856.000000 0.000000
2857.000000 0.000000
2858.000000 0.000000
2859.000000 0.000000
2860.000000 0.000000
2861.000000 0.000000
2862.000000 0.000000
2863.000000 0.000000
2864.000000 0.000000
2865.000000 0.000000
2866.000000 0.000000
2867.000000 0.000000
2868.000000 0.000000
2869.000000 0.000000
2870.000000 0.000000
2871.000000 0.000000
2872.000000 0.000000
2873.000000 0.000000
2874.000000 0.000000
2875.000000 0.000000
2876.000000 0.000000
2877.000000 0.000000
2878.000000 0.000000
2879.000000 0.000000
2880.000000 0.000000
2881.000000 0.000000
2882.000000 0.000000
2883.000000 0.000000
2884.000000 0.000000
2885.000000 0.000000
2886.000000 0.000000
2887.000000 0.000000
2888.000000 0.000000
2889.000000 0.000000
2890.000000 0.000000
2891.000000 0.000000
2892.000000 0.000000
2893.000000 0.000000
2894.000000 0.000000
2895.000000 0.000000
2896.000000 0.000000
2897.000000 0.000000
2898.000000 0.000000
2899.000000 0.000000
2900.000000 0.000000
2901.000000 0.000000
2902.000000 0.000000
2903.000000 0.000000
2904.000000 0.000000
2905.000000 0.000000
2906.000000 0.000000
2907.000000 0.000000
2908.000000 0.000000
2909.000000 0.000000
2910.000000 0.000000
2911.000000 0.000000
2912.000000 0.000000
2913.000000 0.000000
2914.000000 0.000000
2915.000000 0.000000
2916.000000 0.000000
2917.000000 0.000000
2918.000000 0.000000
2919.000000 0.000000
2920.000000 0.000000
2921.000000 0.000000
2922.000000 0.000000
2923.000000 0.000000
2924.000000 0.000000
2925.000000 0.000000
2926.000000 0.000000
2927.000000 0.000000
2928.000000 0.000000
2929.000000 0.000000
2930.000000 0.000000
2931.000000 0.000000
2932.000000 0.000000
2933.000000 0.000000
2934.000000 0.000000
2935.000000 0.000000
2936.000000 0.000000
2937.000000 0.000000
2938.000000 0.000000
2939.000000 0.000000
2940.000000 0.000000
2941.000000 0.000000
2942.000000 0.000000
2943.000000 0.000000
2944.000000 0.000000
2945.000000 0.000000
2946.000000 0.000000
2947.000000 0.000000
2948.000000 0.000000
2949.000000 0.000000
2950.000000 0.000000
2951.000000 0.000000
2952.000000 0.000000
2953.000000 0.000000
2954.000000 0.000000
2955.000000 0.000000
2956.000000 0.000000
2957.000000 0.000000
2958.000000 0.000000
2959.000000 0.000000
2960.000000 0.000000
2961.000000 0.000000
2962.000000 0.000000
2963.000000 0.000000
2964.000000 0.000000
2965.000000 0.000000
2966.000000 0.000000
2967.000000 0.000000
2968.000000 0.000000
2969.000000 0.000000
2970.000000 0.000000
2971.000000 0.000000
2972.000000 0.000000
2973.000000 0.000000
2974.000000 0.000000
2975.000000 0.000000
2976.000000 0.000000
2977.000000 0.000000
2978.000000 0.000000
2979.000000 0.000000
2980.000000 0.000000
2981.000000 0.000000
2982.000000 0.000000
2983.000000 0.000000
2984.000000 0.000000
2985.000000 0.000000
2986.000000 0.000000
2987.000000 0.000000
2988.000000 0.000000
2989.000000 0.000000
2990.000000 0.000000
2991.000000 0.000000
2992.000000 0.000000
2993.000000 0.000000
2994.000000 0.000000
2995.000000 0.000000
2996.000000 0.000000
2997.000000 0.000000
2998.000000 0.000000
2999.000000 0.000000
3000.000000 0.000000
