n lam mean variance std
3000 0.270000 1500.494686 197155.913907 444.022425
bin_midpoint probability
1.000000 0.000000
2.000000 0.000000
3.000000 0.000000
4.000000 0.000000
5.000000 0.000000
6.000000 0.000000
7.000000 0.000000
8.000000 0.000000
9.000000 0.000000
10.000000 0.000000
11.000000 0.000000
12.000000 0.000000
13.000000 0.000000
14.000000 0.000000
15.000000 0.000000
16.000000 0.000000
17.000000 0.000000
18.000000 0.000000
19.000000 0.000000
20.000000 0.000000
21.000000 0.000000
22.000000 0.000000
23.000000 0.000000
24.000000 0.000000
25.000000 0.000000
26.000000 0.000000
27.000000 0.000000
28.000000 0.000000
29.000000 0.000000
30.000000 0.000000
31.000000 0.000000
32.000000 0.000000
33.000000 0.000000
34.000000 0.000000
35.000000 0.000000
36.000000 0.000000
37.000000 0.000000
38.000000 0.000000
39.000000 0.000000
40.000000 0.000000
41.000000 0.000000
42.000000 0.000000
43.000000 0.000000
44.000000 0.000000
45.000000 0.000000
46.000000 0.000000
47.000000 0.000000
48.000000 0.000000
49.000000 0.000000
50.000000 0.000000
51.000000 0.000000
52.000000 0.000000
53.000000 0.000000
54.000000 0.000000
55.000000 0.000000
56.000000 0.000000
57.000000 0.000000
58.000000 0.000000
59.000000 0.000000
60.000000 0.000000
61.000000 0.000000
62.000000 0.000000
63.000000 0.000000
64.000000 0.000000
65.000000 0.000000
66.000000 0.000000
67.000000 0.000000
68.000000 0.000000
69.000000 0.000000
70.000000 0.000000
71.000000 0.000000
72.000000 0.000000
73.000000 0.000000
74.000000 0.000000
75.000000 0.000000
76.000000 0.000000
77.000000 0.000000
78.000000 0.000000
79.000000 0.000000
80.000000 0.000000
81.000000 0.000000
82.000000 0.000000
83.000000 0.000000
84.000000 0.000000
85.000000 0.000000
86.000000 0.000000
87.000000 0.000000
88.000000 0.000000
89.000000 0.000000
90.000000 0.000000
91.000000 0.000000
92.000000 0.000000
93.000000 0.000000
94.000000 0.000000
95.000000 0.000000
96.000000 0.000000
97.000000 0.000000
98.000000 0.000000
99.000000 0.000000
100.000000 0.000000
101.000000 0.000000
102.000000 0.000000
103.000000 0.000000
104.000000 0.000000
105.000000 0.000000
106.000000 0.000000
107.000000 0.000000
108.000000 0.000000
109.000000 0.000000
110.000000 0.000000
111.000000 0.000000
112.000000 0.000000
113.000000 0.000000
114.000000 0.000000
115.000000 0.000000
116.000000 0.000000
117.000000 0.000000
118.000000 0.000000
119.000000 0.000000
120.000000 0.000000
121.000000 0.000000
122.000000 0.000000
123.000000 0.000000
124.000000 0.000000
125.000000 0.000000
126.000000 0.000000
127.000000 0.000000
128.000000 0.000000
129.000000 0.000000
130.000000 0.000000
131.000000 0.000000
132.000000 0.000000
133.000000 0.000000
134.000000 0.000000
135.000000 0.000000
136.000000 0.000000
137.000000 0.000000
138.000000 0.000000
139.000000 0.000000
140.000000 0.000000
141.000000 0.000000
142.000000 0.000000
143.000000 0.000000
144.000000 0.000000
145.000000 0.000000
146.000000 0.000000
147.000000 0.000000
148.000000 0.000000
149.000000 0.000000
150.000000 0.000000
151.000000 0.000000
152.000000 0.000000
153.000000 0.000000
154.000000 0.000000
155.000000 0.000000
156.000000 0.000000
157.000000 0.000000
158.000000 0.000000
159.000000 0.000000
160.000000 0.000000
161.000000 0.000000
162.000000 0.000000
163.000000 0.000000
164.000000 0.000000
165.000000 0.000000
166.000000 0.000000
167.000000 0.000000
168.000000 0.000000
169.000000 0.000000
170.000000 0.000000
171.000000 0.000000
172.000000 0.000000
173.000000 0.000000
174.000000 0.000000
175.000000 0.000000
176.000000 0.000000
177.000000 0.000000
178.000000 0.000000
179.000000 0.000000
180.000000 0.000000
181.000000 0.000000
182.000000 0.000000
183.000000 0.000000
184.000000 0.000000
185.000000 0.000000
186.000000 0.000000
187.000000 0.000000
188.000000 0.000000
189.000000 0.000001
190.000000 0.000001
191.000000 0.000001
192.000000 0.000001
193.000000 0.000001
194.000000 0.000001
195.000000 0.000001
196.000000 0.000001
197.000000 0.000001
198.000000 0.000001
199.000000 0.000001
200.000000 0.000001
201.000000 0.000001
202.000000 0.000001
203.000000 0.000001
204.000000 0.000001
205.000000 0.000001
206.000000 0.000001
207.000000 0.000001
208.000000 0.000001
209.000000 0.000001
210.000000 0.000001
211.000000 0.000001
212.000000 0.000001
213.000000 0.000001
214.000000 0.000001
215.000000 0.000001
216.000000 0.000001
217.000000 0.000001
218.000000 0.000001
219.000000 0.000001
220.000000 0.000001
221.000000 0.000001
222.000000 0.000001
223.000000 0.000001
224.000000 0.000001
225.000000 0.000001
226.000000 0.000001
227.000000 0.000002
228.000000 0.000002
229.000000 0.000002
230.000000 0.000002
231.000000 0.000002
232.000000 0.000002
233.000000 0.000002
234.000000 0.000002
235.000000 0.000002
236.000000 0.000002
237.000000 0.000002
238.000000 0.000002
239.000000 0.000002
240.000000 0.000002
241.000000 0.000002
242.000000 0.000002
243.000000 0.000002
244.000000 0.000002
245.000000 0.000002
246.000000 0.000002
247.000000 0.000002
248.000000 0.000002
249.000000 0.000003
250.000000 0.000003
251.000000 0.000003
252.000000 0.000003
253.000000 0.000003
254.000000 0.000003
255.000000 0.000003
256.000000 0.000003
257.000000 0.000003
258.000000 0.000003
259.000000 0.000003
260.000000 0.000003
261.000000 0.000003
262.000000 0.000003
263.000000 0.000003
264.000000 0.000003
265.000000 0.000004
266.000000 0.000004
267.000000 0.000004
268.000000 0.000004
269.000000 0.000004
270.000000 0.000004
271.000000 0.000004
272.000000 0.000004
273.000000 0.000004
274.000000 0.000004
275.000000 0.000004
276.000000 0.000004
277.000000 0.000004
278.000000 0.000005
279.000000 0.000005
280.000000 0.000005
281.000000 0.000005
282.000000 0.000005
283.000000 0.000005
284.000000 0.000005
285.000000 0.000005
286.000000 0.000005
287.000000 0.000005
288.000000 0.000005
289.000000 0.000006
290.000000 0.000006
291.000000 0.000006
292.000000 0.000006
293.000000 0.000006
294.000000 0.000006
295.000000 0.000006
296.000000 0.000006
297.000000 0.000006
298.000000 0.000006
299.000000 0.000007
300.000000 0.000007
301.000000 0.000007
302.000000 0.000007
303.000000 0.000007
304.000000 0.000007
305.000000 0.000007
306.000000 0.000007
307.000000 0.000008
308.000000 0.000008
309.000000 0.000008
310.000000 0.000008
311.000000 0.000008
312.000000 0.000008
313.000000 0.000008
314.000000 0.000008
315.000000 0.000009
316.000000 0.000009
317.000000 0.000009
318.000000 0.000009
319.000000 0.000009
320.000000 0.000009
321.000000 0.000009
322.000000 0.000010
323.000000 0.000010
324.000000 0.000010
325.000000 0.000010
326.000000 0.000010
327.000000 0.000010
328.000000 0.000010
329.000000 0.000011
330.000000 0.000011
331.000000 0.000011
332.000000 0.000011
333.000000 0.000011
334.000000 0.000011
335.000000 0.000012
336.000000 0.000012
337.000000 0.000012
338.000000 0.000012
339.000000 0.000012
340.000000 0.000012
341.000000 0.000013
342.000000 0.000013
343.000000 0.000013
344.000000 0.000013
345.000000 0.000013
346.000000 0.000014
347.000000 0.000014
348.000000 0.000014
349.000000 0.000014
350.000000 0.000014
351.000000 0.000015
352.000000 0.000015
353.000000 0.000015
354.000000 0.000015
355.000000 0.000015
356.000000 0.000016
357.000000 0.000016
358.000000 0.000016
359.000000 0.000016
360.000000 0.000016
361.000000 0.000017
362.000000 0.000017
363.000000 0.000017
364.000000 0.000017
365.000000 0.000017
366.000000 0.000018
367.000000 0.000018
368.000000 0.000018
369.000000 0.000018
370.000000 0.000019
371.000000 0.000019
372.000000 0.000019
373.000000 0.000019
374.000000 0.000020
375.000000 0.000020
376.000000 0.000020
377.000000 0.000020
378.000000 0.000021
379.000000 0.000021
380.000000 0.000021
381.000000 0.000021
382.000000 0.000022
383.000000 0.000022
384.000000 0.000022
385.000000 0.000022
386.000000 0.000023
387.000000 0.000023
388.000000 0.000023
389.000000 0.000024
390.000000 0.000024
391.000000 0.000024
392.000000 0.000024
393.000000 0.000025
394.000000 0.000025
395.000000 0.000025
396.000000 0.000025
397.000000 0.000026
398.000000 0.000026
399.000000 0.000026
400.000000 0.000027
401.000000 0.000027
402.000000 0.000027
403.000000 0.000028
404.000000 0.000028
405.000000 0.000028
406.000000 0.000029
407.000000 0.000029
408.000000 0.000029
409.000000 0.000029
410.000000 0.000030
411.000000 0.000030
412.000000 0.000030
413.000000 0.000031
414.000000 0.000031
415.000000 0.000031
416.000000 0.000032
417.000000 0.000032
418.000000 0.000032
419.000000 0.000033
420.000000 0.000033
421.000000 0.000033
422.000000 0.000034
423.000000 0.000034
424.000000 0.000035
425.000000 0.000035
426.000000 0.000035
427.000000 0.000036
428.000000 0.000036
429.000000 0.000036
430.000000 0.000037
431.000000 0.000037
432.000000 0.000037
433.000000 0.000038
434.000000 0.000038
435.000000 0.000039
436.000000 0.000039
437.000000 0.000039
438.000000 0.000040
439.000000 0.000040
440.000000 0.000041
441.000000 0.000041
442.000000 0.000041
443.000000 0.000042
444.000000 0.000042
445.000000 0.000043
446.000000 0.000043
447.000000 0.000043
448.000000 0.000044
449.000000 0.000044
450.000000 0.000045
451.000000 0.000045
452.000000 0.000045
453.000000 0.000046
454.000000 0.000046
455.000000 0.000047
456.000000 0.000047
457.000000 0.000048
458.000000 0.000048
459.000000 0.000048
460.000000 0.000049
461.000000 0.000049
462.000000 0.000050
463.000000 0.000050
464.000000 0.000051
465.000000 0.000051
466.000000 0.000052
467.000000 0.000052
468.000000 0.000053
469.000000 0.000053
470.000000 0.000053
471.000000 0.000054
472.000000 0.000054
473.000000 0.000055
474.000000 0.000055
475.000000 0.000056
476.000000 0.000056
477.000000 0.000057
478.000000 0.000057
479.000000 0.000058
480.000000 0.000058
481.000000 0.000059
482.000000 0.000059
483.000000 0.000060
484.000000 0.000060
485.000000 0.000061
486.000000 0.000061
487.000000 0.000062
488.000000 0.000062
489.000000 0.000063
490.000000 0.000063
491.000000 0.000064
492.000000 0.000064
493.000000 0.000065
494.000000 0.000065
495.000000 0.000066
496.000000 0.000066
497.000000 0.000067
498.000000 0.000067
499.000000 0.000068
500.000000 0.000068
501.000000 0.000069
502.000000 0.000069
503.000000 0.000070
504.000000 0.000071
505.000000 0.000071
506.000000 0.000072
507.000000 0.000072
508.000000 0.000073
509.000000 0.000073
510.000000 0.000074
511.000000 0.000074
512.000000 0.000075
513.000000 0.000076
514.000000 0.000076
515.000000 0.000077
516.000000 0.000077
517.000000 0.000078
518.000000 0.000079
519.000000 0.000079
520.000000 0.000080
521.000000 0.000080
522.000000 0.000081
523.000000 0.000081
524.000000 0.000082
525.000000 0.000083
526.000000 0.000083
527.000000 0.000084
528.000000 0.000084
529.000000 0.000085
530.000000 0.000086
531.000000 0.000086
532.000000 0.000087
533.000000 0.000087
534.000000 0.000088
535.000000 0.000089
536.000000 0.000089
537.000000 0.000090
538.000000 0.000091
539.000000 0.000091
540.000000 0.000092
541.000000 0.000093
542.000000 0.000093
543.000000 0.000094
544.000000 0.000094
545.000000 0.000095
546.000000 0.000096
547.000000 0.000096
548.000000 0.000097
549.000000 0.000098
550.000000 0.000098
551.000000 0.000099
552.000000 0.000099
553.000000 0.000100
554.000000 0.000101
555.000000 0.000101
556.000000 0.000102
557.000000 0.000103
558.000000 0.000103
559.000000 0.000104
560.000000 0.000105
561.000000 0.000105
562.000000 0.000106
563.000000 0.000107
564.000000 0.000107
565.000000 0.000108
566.000000 0.000109
567.000000 0.000109
568.000000 0.000110
569.000000 0.000111
570.000000 0.000112
571.000000 0.000112
572.000000 0.000113
573.000000 0.000114
574.000000 0.000114
575.000000 0.000115
576.000000 0.000116
577.000000 0.000116
578.000000 0.000117
579.000000 0.000118
580.000000 0.000119
581.000000 0.000119
582.000000 0.000120
583.000000 0.000121
584.000000 0.000121
585.000000 0.000122
586.000000 0.000123
587.000000 0.000124
588.000000 0.000124
589.000000 0.000125
590.000000 0.000126
591.000000 0.000126
592.000000 0.000127
593.000000 0.000128
594.000000 0.000129
595.000000 0.000129
596.000000 0.000130
597.000000 0.000131
598.000000 0.000132
599.000000 0.000132
600.000000 0.000133
601.000000 0.000134
602.000000 0.000135
603.000000 0.000135
604.000000 0.000136
605.000000 0.000137
606.000000 0.000138
607.000000 0.000138
608.000000 0.000139
609.000000 0.000140
610.000000 0.000141
611.000000 0.000142
612.000000 0.000142
613.000000 0.000143
614.000000 0.000144
615.000000 0.000144
616.000000 0.000145
617.000000 0.000146
618.000000 0.000147
619.000000 0.000148
620.000000 0.000148
621.000000 0.000149
622.000000 0.000150
623.000000 0.000151
624.000000 0.000151
625.000000 0.000152
626.000000 0.000153
627.000000 0.000154
628.000000 0.000155
629.000000 0.000155
630.000000 0.000156
631.000000 0.000157
632.000000 0.000158
633.000000 0.000159
634.000000 0.000159
635.000000 0.000160
636.000000 0.000161
637.000000 0.000162
638.000000 0.000163
639.000000 0.000163
640.000000 0.000164
641.000000 0.000165
642.000000 0.000166
643.000000 0.000167
644.000000 0.000168
645.000000 0.000168
646.000000 0.000169
647.000000 0.000170
648.000000 0.000171
649.000000 0.000172
650.000000 0.000172
651.000000 0.000173
652.000000 0.000174
653.000000 0.000175
654.000000 0.000176
655.000000 0.000177
656.000000 0.000177
657.000000 0.000178
658.000000 0.000179
659.000000 0.000180
660.000000 0.000181
661.000000 0.000182
662.000000 0.000182
663.000000 0.000183
664.000000 0.000184
665.000000 0.000185
666.000000 0.000186
667.000000 0.000187
668.000000 0.000187
669.000000 0.000188
670.000000 0.000189
671.000000 0.000190
672.000000 0.000191
673.000000 0.000192
674.000000 0.000193
675.000000 0.000193
676.000000 0.000194
677.000000 0.000195
678.000000 0.000196
679.000000 0.000197
680.000000 0.000198
681.000000 0.000199
682.000000 0.000200
683.000000 0.000201
684.000000 0.000201
685.000000 0.000202
686.000000 0.000203
687.000000 0.000204
688.000000 0.000205
689.000000 0.000205
690.000000 0.000207
691.000000 0.000207
692.000000 0.000209
693.000000 0.000209
694.000000 0.000210
695.000000 0.000211
696.000000 0.000212
697.000000 0.000213
698.000000 0.000214
699.000000 0.000214
700.000000 0.000215
701.000000 0.000216
702.000000 0.000217
703.000000 0.000218
704.000000 0.000219
705.000000 0.000220
706.000000 0.000221
707.000000 0.000221
708.000000 0.000222
709.000000 0.000223
710.000000 0.000224
711.000000 0.000225
712.000000 0.000226
713.000000 0.000227
714.000000 0.000228
715.000000 0.000229
716.000000 0.000229
717.000000 0.000231
718.000000 0.000231
719.000000 0.000232
720.000000 0.000233
721.000000 0.000234
722.000000 0.000235
723.000000 0.000236
724.000000 0.000237
725.000000 0.000238
726.000000 0.000239
727.000000 0.000239
728.000000 0.000241
729.000000 0.000241
730.000000 0.000242
731.000000 0.000244
732.000000 0.000244
733.000000 0.000245
734.000000 0.000246
735.000000 0.000247
736.000000 0.000248
737.000000 0.000249
738.000000 0.000250
739.000000 0.000250
740.000000 0.000252
741.000000 0.000252
742.000000 0.000253
743.000000 0.000254
744.000000 0.000255
745.000000 0.000256
746.000000 0.000257
747.000000 0.000258
748.000000 0.000259
749.000000 0.000260
750.000000 0.000261
751.000000 0.000262
752.000000 0.000263
753.000000 0.000264
754.000000 0.000265
755.000000 0.000266
756.000000 0.000267
757.000000 0.000267
758.000000 0.000269
759.000000 0.000269
760.000000 0.000270
761.000000 0.000271
762.000000 0.000272
763.000000 0.000273
764.000000 0.000274
765.000000 0.000275
766.000000 0.000276
767.000000 0.000277
768.000000 0.000278
769.000000 0.000279
770.000000 0.000280
771.000000 0.000281
772.000000 0.000282
773.000000 0.000283
774.000000 0.000283
775.000000 0.000285
776.000000 0.000285
777.000000 0.000287
778.000000 0.000287
779.000000 0.000289
780.000000 0.000289
781.000000 0.000291
782.000000 0.000291
783.000000 0.000292
784.000000 0.000293
785.000000 0.000294
786.000000 0.000295
787.000000 0.000296
788.000000 0.000297
789.000000 0.000298
790.000000 0.000299
791.000000 0.000300
792.000000 0.000301
793.000000 0.000302
794.000000 0.000303
795.000000 0.000304
796.000000 0.000305
797.000000 0.000306
798.000000 0.000307
799.000000 0.000308
800.000000 0.000309
801.000000 0.000309
802.000000 0.000311
803.000000 0.000312
804.000000 0.000313
805.000000 0.000313
806.000000 0.000315
807.000000 0.000315
808.000000 0.000317
809.000000 0.000318
810.000000 0.000319
811.000000 0.000320
812.000000 0.000321
813.000000 0.000322
814.000000 0.000322
815.000000 0.000324
816.000000 0.000324
817.000000 0.000326
818.000000 0.000327
819.000000 0.000327
820.000000 0.000328
821.000000 0.000330
822.000000 0.000330
823.000000 0.000331
824.000000 0.000332
825.000000 0.000333
826.000000 0.000334
827.000000 0.000336
828.000000 0.000336
829.000000 0.000338
830.000000 0.000338
831.000000 0.000340
832.000000 0.000340
833.000000 0.000342
834.000000 0.000342
835.000000 0.000343
836.000000 0.000345
837.000000 0.000345
838.000000 0.000346
839.000000 0.000347
840.000000 0.000348
841.000000 0.000349
842.000000 0.000350
843.000000 0.000351
844.000000 0.000353
845.000000 0.000353
846.000000 0.000355
847.000000 0.000355
848.000000 0.000357
849.000000 0.000357
850.000000 0.000359
851.000000 0.000359
852.000000 0.000361
853.000000 0.000361
854.000000 0.000363
855.000000 0.000363
856.000000 0.000365
857.000000 0.000365
858.000000 0.000367
859.000000 0.000367
860.000000 0.000369
861.000000 0.000370
862.000000 0.000370
863.000000 0.000372
864.000000 0.000372
865.000000 0.000374
866.000000 0.000375
867.000000 0.000376
868.000000 0.000377
869.000000 0.000378
870.000000 0.000379
871.000000 0.000380
872.000000 0.000381
873.000000 0.000382
874.000000 0.000382
875.000000 0.000384
876.000000 0.000384
877.000000 0.000386
878.000000 0.000386
879.000000 0.000388
880.000000 0.000388
881.000000 0.000390
882.000000 0.000390
883.000000 0.000392
884.000000 0.000393
885.000000 0.000394
886.000000 0.000395
887.000000 0.000396
888.000000 0.000397
889.000000 0.000398
890.000000 0.000399
891.000000 0.000400
892.000000 0.000401
893.000000 0.000402
894.000000 0.000403
895.000000 0.000404
896.000000 0.000406
897.000000 0.000406
898.000000 0.000408
899.000000 0.000408
900.000000 0.000410
901.000000 0.000410
902.000000 0.000412
903.000000 0.000412
904.000000 0.000414
905.000000 0.000414
906.000000 0.000416
907.000000 0.000416
908.000000 0.000418
909.000000 0.000418
910.000000 0.000420
911.000000 0.000421
912.000000 0.000422
913.000000 0.000423
914.000000 0.000424
915.000000 0.000425
916.000000 0.000426
917.000000 0.000427
918.000000 0.000428
919.000000 0.000429
920.000000 0.000430
921.000000 0.000431
922.000000 0.000432
923.000000 0.000433
924.000000 0.000434
925.000000 0.000436
926.000000 0.000436
927.000000 0.000438
928.000000 0.000437
929.000000 0.000440
930.000000 0.000440
931.000000 0.000442
932.000000 0.000442
933.000000 0.000444
934.000000 0.000444
935.000000 0.000446
936.000000 0.000446
937.000000 0.000448
938.000000 0.000449
939.000000 0.000450
940.000000 0.000450
941.000000 0.000452
942.000000 0.000453
943.000000 0.000454
944.000000 0.000455
945.000000 0.000456
946.000000 0.000457
947.000000 0.000458
948.000000 0.000459
949.000000 0.000460
950.000000 0.000461
951.000000 0.000462
952.000000 0.000464
953.000000 0.000463
954.000000 0.000466
955.000000 0.000465
956.000000 0.000468
957.000000 0.000468
958.000000 0.000470
959.000000 0.000470
960.000000 0.000472
961.000000 0.000472
962.000000 0.000474
963.000000 0.000474
964.000000 0.000476
965.000000 0.000476
966.000000 0.000478
967.000000 0.000478
968.000000 0.000480
969.000000 0.000480
970.000000 0.000482
971.000000 0.000483
972.000000 0.000484
973.000000 0.000485
974.000000 0.000486
975.000000 0.000487
976.000000 0.000488
977.000000 0.000489
978.000000 0.000490
979.000000 0.000491
980.000000 0.000491
981.000000 0.000494
982.000000 0.000493
983.000000 0.000495
984.000000 0.000496
985.000000 0.000497
986.000000 0.000498
987.000000 0.000500
988.000000 0.000500
989.000000 0.000502
990.000000 0.000502
991.000000 0.000504
992.000000 0.000504
993.000000 0.000506
994.000000 0.000506
995.000000 0.000507
996.000000 0.000508
997.000000 0.000510
998.000000 0.000510
999.000000 0.000512
1000.000000 0.000512
1001.000000 0.000513
1002.000000 0.000515
1003.000000 0.000516
1004.000000 0.000517
1005.000000 0.000517
1006.000000 0.000519
1007.000000 0.000519
1008.000000 0.000521
1009.000000 0.000521
1010.000000 0.000523
1011.000000 0.000523
1012.000000 0.000525
1013.000000 0.000525
1014.000000 0.000527
1015.000000 0.000528
1016.000000 0.000529
1017.000000 0.000529
1018.000000 0.000531
1019.000000 0.000532
1020.000000 0.000533
1021.000000 0.000534
1022.000000 0.000535
1023.000000 0.000536
1024.000000 0.000537
1025.000000 0.000538
1026.000000 0.000539
1027.000000 0.000540
1028.000000 0.000541
1029.000000 0.000542
1030.000000 0.000543
1031.000000 0.000544
1032.000000 0.000545
1033.000000 0.000546
1034.000000 0.000546
1035.000000 0.000549
1036.000000 0.000549
1037.000000 0.000551
1038.000000 0.000551
1039.000000 0.000552
1040.000000 0.000553
1041.000000 0.000555
1042.000000 0.000555
1043.000000 0.000557
1044.000000 0.000557
1045.000000 0.000558
1046.000000 0.000559
1047.000000 0.000560
1048.000000 0.000561
1049.000000 0.000562
1050.000000 0.000563
1051.000000 0.000564
1052.000000 0.000565
1053.000000 0.000566
1054.000000 0.000567
1055.000000 0.000568
1056.000000 0.000569
1057.000000 0.000570
1058.000000 0.000571
1059.000000 0.000571
1060.000000 0.000573
1061.000000 0.000573
1062.000000 0.000575
1063.000000 0.000576
1064.000000 0.000577
1065.000000 0.000577
1066.000000 0.000580
1067.000000 0.000580
1068.000000 0.000581
1069.000000 0.000581
1070.000000 0.000583
1071.000000 0.000583
1072.000000 0.000585
1073.000000 0.000586
1074.000000 0.000587
1075.000000 0.000588
1076.000000 0.000589
1077.000000 0.000590
1078.000000 0.000591
1079.000000 0.000592
1080.000000 0.000592
1081.000000 0.000594
1082.000000 0.000594
1083.000000 0.000596
1084.000000 0.000596
1085.000000 0.000598
1086.000000 0.000598
1087.000000 0.000600
1088.000000 0.000600
1089.000000 0.000602
1090.000000 0.000602
1091.000000 0.000604
1092.000000 0.000604
1093.000000 0.000606
1094.000000 0.000606
1095.000000 0.000608
1096.000000 0.000608
1097.000000 0.000609
1098.000000 0.000610
1099.000000 0.000611
1100.000000 0.000612
1101.000000 0.000613
1102.000000 0.000614
1103.000000 0.000615
1104.000000 0.000616
1105.000000 0.000616
1106.000000 0.000618
1107.000000 0.000618
1108.000000 0.000620
1109.000000 0.000620
1110.000000 0.000622
1111.000000 0.000622
1112.000000 0.000624
1113.000000 0.000624
1114.000000 0.000625
1115.000000 0.000626
1116.000000 0.000628
1117.000000 0.000628
1118.000000 0.000629
1119.000000 0.000629
1120.000000 0.000631
1121.000000 0.000631
1122.000000 0.000633
1123.000000 0.000633
1124.000000 0.000635
1125.000000 0.000635
1126.000000 0.000637
1127.000000 0.000637
1128.000000 0.000638
1129.000000 0.000639
1130.000000 0.000640
1131.000000 0.000641
1132.000000 0.000641
1133.000000 0.000643
1134.000000 0.000643
1135.000000 0.000645
1136.000000 0.000645
1137.000000 0.000647
1138.000000 0.000647
1139.000000 0.000649
1140.000000 0.000649
1141.000000 0.000650
1142.000000 0.000650
1143.000000 0.000652
1144.000000 0.000652
1145.000000 0.000654
1146.000000 0.000654
1147.000000 0.000656
1148.000000 0.000656
1149.000000 0.000658
1150.000000 0.000658
1151.000000 0.000659
1152.000000 0.000660
1153.000000 0.000661
1154.000000 0.000662
1155.000000 0.000662
1156.000000 0.000663
1157.000000 0.000664
1158.000000 0.000666
1159.000000 0.000665
1160.000000 0.000667
1161.000000 0.000667
1162.000000 0.000669
1163.000000 0.000669
1164.000000 0.000671
1165.000000 0.000671
1166.000000 0.000672
1167.000000 0.000672
1168.000000 0.000674
1169.000000 0.000674
1170.000000 0.000676
1171.000000 0.000676
1172.000000 0.000677
1173.000000 0.000678
1174.000000 0.000679
1175.000000 0.000679
1176.000000 0.000681
1177.000000 0.000681
1178.000000 0.000682
1179.000000 0.000683
1180.000000 0.000684
1181.000000 0.000685
1182.000000 0.000685
1183.000000 0.000687
1184.000000 0.000687
1185.000000 0.000688
1186.000000 0.000688
1187.000000 0.000690
1188.000000 0.000690
1189.000000 0.000692
1190.000000 0.000692
1191.000000 0.000694
1192.000000 0.000693
1193.000000 0.000695
1194.000000 0.000695
1195.000000 0.000697
1196.000000 0.000697
1197.000000 0.000698
1198.000000 0.000698
1199.000000 0.000700
1200.000000 0.000700
1201.000000 0.000702
1202.000000 0.000702
1203.000000 0.000703
1204.000000 0.000704
1205.000000 0.000705
1206.000000 0.000705
1207.000000 0.000706
1208.000000 0.000707
1209.000000 0.000707
1210.000000 0.000708
1211.000000 0.000708
1212.000000 0.000711
1213.000000 0.000710
1214.000000 0.000712
1215.000000 0.000712
1216.000000 0.000714
1217.000000 0.000714
1218.000000 0.000715
1219.000000 0.000715
1220.000000 0.000716
1221.000000 0.000717
1222.000000 0.000718
1223.000000 0.000718
1224.000000 0.000720
1225.000000 0.000720
1226.000000 0.000721
1227.000000 0.000721
1228.000000 0.000722
1229.000000 0.000723
1230.000000 0.000724
1231.000000 0.000724
1232.000000 0.000725
1233.000000 0.000726
1234.000000 0.000727
1235.000000 0.000727
1236.000000 0.000727
1237.000000 0.000729
1238.000000 0.000729
1239.000000 0.000731
1240.000000 0.000731
1241.000000 0.000732
1242.000000 0.000732
1243.000000 0.000734
1244.000000 0.000734
1245.000000 0.000735
1246.000000 0.000735
1247.000000 0.000737
1248.000000 0.000736
1249.000000 0.000738
1250.000000 0.000738
1251.000000 0.000739
1252.000000 0.000740
1253.000000 0.000740
1254.000000 0.000741
1255.000000 0.000742
1256.000000 0.000742
1257.000000 0.000743
1258.000000 0.000744
1259.000000 0.000744
1260.000000 0.000745
1261.000000 0.000746
1262.000000 0.000747
1263.000000 0.000747
1264.000000 0.000748
1265.000000 0.000748
1266.000000 0.000750
1267.000000 0.000749
1268.000000 0.000751
1269.000000 0.000751
1270.000000 0.000752
1271.000000 0.000752
1272.000000 0.000754
1273.000000 0.000754
1274.000000 0.000755
1275.000000 0.000755
1276.000000 0.000756
1277.000000 0.000756
1278.000000 0.000757
1279.000000 0.000758
1280.000000 0.000758
1281.000000 0.000759
1282.000000 0.000760
1283.000000 0.000760
1284.000000 0.000760
1285.000000 0.000762
1286.000000 0.000762
1287.000000 0.000763
1288.000000 0.000763
1289.000000 0.000765
1290.000000 0.000764
1291.000000 0.000766
1292.000000 0.000765
1293.000000 0.000767
1294.000000 0.000767
1295.000000 0.000768
1296.000000 0.000768
1297.000000 0.000769
1298.000000 0.000770
1299.000000 0.000770
1300.000000 0.000770
1301.000000 0.000771
1302.000000 0.000772
1303.000000 0.000772
1304.000000 0.000773
1305.000000 0.000774
1306.000000 0.000774
1307.000000 0.000775
1308.000000 0.000775
1309.000000 0.000775
1310.000000 0.000777
1311.000000 0.000776
1312.000000 0.000778
1313.000000 0.000777
1314.000000 0.000779
1315.000000 0.000778
1316.000000 0.000780
1317.000000 0.000779
1318.000000 0.000781
1319.000000 0.000781
1320.000000 0.000782
1321.000000 0.000782
1322.000000 0.000783
1323.000000 0.000784
1324.000000 0.000784
1325.000000 0.000785
1326.000000 0.000785
1327.000000 0.000785
1328.000000 0.000786
1329.000000 0.000786
1330.000000 0.000787
1331.000000 0.000787
1332.000000 0.000788
1333.000000 0.000789
1334.000000 0.000789
1335.000000 0.000790
1336.000000 0.000789
1337.000000 0.000791
1338.000000 0.000790
1339.000000 0.000792
1340.000000 0.000791
1341.000000 0.000793
1342.000000 0.000792
1343.000000 0.000794
1344.000000 0.000793
1345.000000 0.000795
1346.000000 0.000794
1347.000000 0.000795
1348.000000 0.000796
1349.000000 0.000796
1350.000000 0.000797
1351.000000 0.000797
1352.000000 0.000798
1353.000000 0.000798
1354.000000 0.000798
1355.000000 0.000799
1356.000000 0.000799
1357.000000 0.000799
1358.000000 0.000801
1359.000000 0.000800
1360.000000 0.000802
1361.000000 0.000801
1362.000000 0.000802
1363.000000 0.000802
1364.000000 0.000803
1365.000000 0.000802
1366.000000 0.000804
1367.000000 0.000803
1368.000000 0.000805
1369.000000 0.000804
1370.000000 0.000805
1371.000000 0.000805
1372.000000 0.000806
1373.000000 0.000806
1374.000000 0.000806
1375.000000 0.000807
1376.000000 0.000807
1377.000000 0.000808
1378.000000 0.000808
1379.000000 0.000809
1380.000000 0.000809
1381.000000 0.000809
1382.000000 0.000809
1383.000000 0.000811
1384.000000 0.000810
1385.000000 0.000811
1386.000000 0.000811
1387.000000 0.000812
1388.000000 0.000811
1389.000000 0.000813
1390.000000 0.000812
1391.000000 0.000813
1392.000000 0.000812
1393.000000 0.000814
1394.000000 0.000813
1395.000000 0.000814
1396.000000 0.000814
1397.000000 0.000815
1398.000000 0.000815
1399.000000 0.000816
1400.000000 0.000815
1401.000000 0.000816
1402.000000 0.000816
1403.000000 0.000817
1404.000000 0.000817
1405.000000 0.000817
1406.000000 0.000818
1407.000000 0.000818
1408.000000 0.000819
1409.000000 0.000818
1410.000000 0.000819
1411.000000 0.000818
1412.000000 0.000820
1413.000000 0.000819
1414.000000 0.000820
1415.000000 0.000819
1416.000000 0.000821
1417.000000 0.000820
1418.000000 0.000821
1419.000000 0.000821
1420.000000 0.000822
1421.000000 0.000822
1422.000000 0.000822
1423.000000 0.000822
1424.000000 0.000823
1425.000000 0.000822
1426.000000 0.000823
1427.000000 0.000822
1428.000000 0.000823
1429.000000 0.000823
1430.000000 0.000824
1431.000000 0.000824
1432.000000 0.000824
1433.000000 0.000825
1434.000000 0.000824
1435.000000 0.000825
1436.000000 0.000824
1437.000000 0.000826
1438.000000 0.000825
1439.000000 0.000826
1440.000000 0.000825
1441.000000 0.000826
1442.000000 0.000826
1443.000000 0.000827
1444.000000 0.000826
1445.000000 0.000827
1446.000000 0.000827
1447.000000 0.000827
1448.000000 0.000827
1449.000000 0.000828
1450.000000 0.000827
1451.000000 0.000828
1452.000000 0.000827
1453.000000 0.000828
1454.000000 0.000828
1455.000000 0.000828
1456.000000 0.000828
1457.000000 0.000828
1458.000000 0.000829
1459.000000 0.000829
1460.000000 0.000829
1461.000000 0.000828
1462.000000 0.000830
1463.000000 0.000829
1464.000000 0.000830
1465.000000 0.000829
1466.000000 0.000830
1467.000000 0.000829
1468.000000 0.000830
1469.000000 0.000830
1470.000000 0.000830
1471.000000 0.000830
1472.000000 0.000831
1473.000000 0.000830
1474.000000 0.000831
1475.000000 0.000830
1476.000000 0.000831
1477.000000 0.000830
1478.000000 0.000831
1479.000000 0.000830
1480.000000 0.000832
1481.000000 0.000830
1482.000000 0.000831
1483.000000 0.000831
1484.000000 0.000831
1485.000000 0.000832
1486.000000 0.000831
1487.000000 0.000832
1488.000000 0.000830
1489.000000 0.000832
1490.000000 0.000831
1491.000000 0.000832
1492.000000 0.000831
1493.000000 0.000832
1494.000000 0.000831
1495.000000 0.000831
1496.000000 0.000831
1497.000000 0.000832
1498.000000 0.000831
1499.000000 0.000832
1500.000000 0.000831
1501.000000 0.000832
1502.000000 0.000831
1503.000000 0.000832
1504.000000 0.000831
1505.000000 0.000832
1506.000000 0.000831
1507.000000 0.000832
1508.000000 0.000831
1509.000000 0.000831
1510.000000 0.000831
1511.000000 0.000831
1512.000000 0.000832
1513.000000 0.000831
1514.000000 0.000832
1515.000000 0.000831
1516.000000 0.000831
1517.000000 0.000831
1518.000000 0.000831
1519.000000 0.000831
1520.000000 0.000831
1521.000000 0.000830
1522.000000 0.000831
1523.000000 0.000830
1524.000000 0.000831
1525.000000 0.000830
1526.000000 0.000831
1527.000000 0.000830
1528.000000 0.000831
1529.000000 0.000830
1530.000000 0.000831
1531.000000 0.000829
1532.000000 0.000830
1533.000000 0.000829
1534.000000 0.000830
1535.000000 0.000829
1536.000000 0.000829
1537.000000 0.000830
1538.000000 0.000829
1539.000000 0.000829
1540.000000 0.000829
1541.000000 0.000829
1542.000000 0.000829
1543.000000 0.000829
1544.000000 0.000828
1545.000000 0.000829
1546.000000 0.000828
1547.000000 0.000828
1548.000000 0.000827
1549.000000 0.000828
1550.000000 0.000827
1551.000000 0.000828
1552.000000 0.000826
1553.000000 0.000828
1554.000000 0.000826
1555.000000 0.000827
1556.000000 0.000826
1557.000000 0.000827
1558.000000 0.000826
1559.000000 0.000826
1560.000000 0.000826
1561.000000 0.000826
1562.000000 0.000825
1563.000000 0.000825
1564.000000 0.000826
1565.000000 0.000825
1566.000000 0.000825
1567.000000 0.000824
1568.000000 0.000825
1569.000000 0.000824
1570.000000 0.000824
1571.000000 0.000823
1572.000000 0.000824
1573.000000 0.000823
1574.000000 0.000823
1575.000000 0.000822
1576.000000 0.000823
1577.000000 0.000822
1578.000000 0.000822
1579.000000 0.000821
1580.000000 0.000822
1581.000000 0.000821
1582.000000 0.000821
1583.000000 0.000820
1584.000000 0.000821
1585.000000 0.000820
1586.000000 0.000820
1587.000000 0.000819
1588.000000 0.000820
1589.000000 0.000819
1590.000000 0.000819
1591.000000 0.000819
1592.000000 0.000818
1593.000000 0.000818
1594.000000 0.000817
1595.000000 0.000818
1596.000000 0.000817
1597.000000 0.000817
1598.000000 0.000816
1599.000000 0.000817
1600.000000 0.000816
1601.000000 0.000816
1602.000000 0.000815
1603.000000 0.000816
1604.000000 0.000814
1605.000000 0.000815
1606.000000 0.000814
1607.000000 0.000814
1608.000000 0.000813
1609.000000 0.000813
1610.000000 0.000812
1611.000000 0.000813
1612.000000 0.000812
1613.000000 0.000812
1614.000000 0.000811
1615.000000 0.000811
1616.000000 0.000810
1617.000000 0.000810
1618.000000 0.000811
1619.000000 0.000809
1620.000000 0.000810
1621.000000 0.000808
1622.000000 0.000809
1623.000000 0.000808
1624.000000 0.000808
1625.000000 0.000807
1626.000000 0.000808
1627.000000 0.000806
1628.000000 0.000807
1629.000000 0.000805
1630.000000 0.000806
1631.000000 0.000805
1632.000000 0.000805
1633.000000 0.000804
1634.000000 0.000804
1635.000000 0.000803
1636.000000 0.000803
1637.000000 0.000802
1638.000000 0.000803
1639.000000 0.000802
1640.000000 0.000802
1641.000000 0.000801
1642.000000 0.000800
1643.000000 0.000800
1644.000000 0.000799
1645.000000 0.000800
1646.000000 0.000798
1647.000000 0.000799
1648.000000 0.000797
1649.000000 0.000798
1650.000000 0.000797
1651.000000 0.000797
1652.000000 0.000796
1653.000000 0.000796
1654.000000 0.000795
1655.000000 0.000795
1656.000000 0.000794
1657.000000 0.000794
1658.000000 0.000793
1659.000000 0.000793
1660.000000 0.000792
1661.000000 0.000792
1662.000000 0.000791
1663.000000 0.000791
1664.000000 0.000790
1665.000000 0.000790
1666.000000 0.000789
1667.000000 0.000789
1668.000000 0.000789
1669.000000 0.000788
1670.000000 0.000788
1671.000000 0.000787
1672.000000 0.000787
1673.000000 0.000785
1674.000000 0.000786
1675.000000 0.000784
1676.000000 0.000785
1677.000000 0.000783
1678.000000 0.000784
1679.000000 0.000782
1680.000000 0.000783
1681.000000 0.000781
1682.000000 0.000782
1683.000000 0.000780
1684.000000 0.000780
1685.000000 0.000779
1686.000000 0.000779
1687.000000 0.000778
1688.000000 0.000778
1689.000000 0.000777
1690.000000 0.000777
1691.000000 0.000776
1692.000000 0.000776
1693.000000 0.000775
1694.000000 0.000774
1695.000000 0.000774
1696.000000 0.000773
1697.000000 0.000773
1698.000000 0.000771
1699.000000 0.000773
1700.000000 0.000771
1701.000000 0.000771
1702.000000 0.000769
1703.000000 0.000770
1704.000000 0.000768
1705.000000 0.000768
1706.000000 0.000767
1707.000000 0.000767
1708.000000 0.000766
1709.000000 0.000766
1710.000000 0.000765
1711.000000 0.000765
1712.000000 0.000764
1713.000000 0.000764
1714.000000 0.000762
1715.000000 0.000762
1716.000000 0.000762
1717.000000 0.000761
1718.000000 0.000760
1719.000000 0.000759
1720.000000 0.000759
1721.000000 0.000758
1722.000000 0.000758
1723.000000 0.000757
1724.000000 0.000757
1725.000000 0.000755
1726.000000 0.000756
1727.000000 0.000754
1728.000000 0.000754
1729.000000 0.000753
1730.000000 0.000753
1731.000000 0.000751
1732.000000 0.000752
1733.000000 0.000750
1734.000000 0.000750
1735.000000 0.000749
1736.000000 0.000749
1737.000000 0.000748
1738.000000 0.000748
1739.000000 0.000746
1740.000000 0.000746
1741.000000 0.000745
1742.000000 0.000744
1743.000000 0.000744
1744.000000 0.000743
1745.000000 0.000743
1746.000000 0.000741
1747.000000 0.000741
1748.000000 0.000740
1749.000000 0.000740
1750.000000 0.000739
1751.000000 0.000739
1752.000000 0.000737
1753.000000 0.000737
1754.000000 0.000736
1755.000000 0.000736
1756.000000 0.000734
1757.000000 0.000734
1758.000000 0.000733
1759.000000 0.000733
1760.000000 0.000731
1761.000000 0.000731
1762.000000 0.000730
1763.000000 0.000730
1764.000000 0.000729
1765.000000 0.000728
1766.000000 0.000728
1767.000000 0.000727
1768.000000 0.000726
1769.000000 0.000725
1770.000000 0.000725
1771.000000 0.000723
1772.000000 0.000724
1773.000000 0.000722
1774.000000 0.000722
1775.000000 0.000720
1776.000000 0.000720
1777.000000 0.000719
1778.000000 0.000719
1779.000000 0.000717
1780.000000 0.000717
1781.000000 0.000715
1782.000000 0.000716
1783.000000 0.000714
1784.000000 0.000714
1785.000000 0.000713
1786.000000 0.000713
1787.000000 0.000711
1788.000000 0.000711
1789.000000 0.000710
1790.000000 0.000709
1791.000000 0.000709
1792.000000 0.000707
1793.000000 0.000707
1794.000000 0.000706
1795.000000 0.000706
1796.000000 0.000704
1797.000000 0.000704
1798.000000 0.000702
1799.000000 0.000702
1800.000000 0.000701
1801.000000 0.000701
1802.000000 0.000699
1803.000000 0.000699
1804.000000 0.000697
1805.000000 0.000698
1806.000000 0.000696
1807.000000 0.000696
1808.000000 0.000694
1809.000000 0.000694
1810.000000 0.000693
1811.000000 0.000693
1812.000000 0.000691
1813.000000 0.000691
1814.000000 0.000690
1815.000000 0.000689
1816.000000 0.000688
1817.000000 0.000687
1818.000000 0.000687
1819.000000 0.000685
1820.000000 0.000685
1821.000000 0.000684
1822.000000 0.000683
1823.000000 0.000682
1824.000000 0.000682
1825.000000 0.000680
1826.000000 0.000680
1827.000000 0.000679
1828.000000 0.000678
1829.000000 0.000676
1830.000000 0.000677
1831.000000 0.000675
1832.000000 0.000675
1833.000000 0.000673
1834.000000 0.000673
1835.000000 0.000672
1836.000000 0.000672
1837.000000 0.000670
1838.000000 0.000669
1839.000000 0.000668
1840.000000 0.000668
1841.000000 0.000667
1842.000000 0.000666
1843.000000 0.000665
1844.000000 0.000663
1845.000000 0.000664
1846.000000 0.000662
1847.000000 0.000662
1848.000000 0.000660
1849.000000 0.000660
1850.000000 0.000659
1851.000000 0.000658
1852.000000 0.000657
1853.000000 0.000657
1854.000000 0.000654
1855.000000 0.000655
1856.000000 0.000653
1857.000000 0.000653
1858.000000 0.000651
1859.000000 0.000651
1860.000000 0.000650
1861.000000 0.000649
1862.000000 0.000648
1863.000000 0.000648
1864.000000 0.000646
1865.000000 0.000645
1866.000000 0.000644
1867.000000 0.000643
1868.000000 0.000643
1869.000000 0.000642
1870.000000 0.000641
1871.000000 0.000640
1872.000000 0.000639
1873.000000 0.000638
1874.000000 0.000638
1875.000000 0.000636
1876.000000 0.000636
1877.000000 0.000634
1878.000000 0.000634
1879.000000 0.000632
1880.000000 0.000632
1881.000000 0.000630
1882.000000 0.000630
1883.000000 0.000629
1884.000000 0.000628
1885.000000 0.000627
1886.000000 0.000626
1887.000000 0.000625
1888.000000 0.000624
1889.000000 0.000623
1890.000000 0.000623
1891.000000 0.000621
1892.000000 0.000620
1893.000000 0.000619
1894.000000 0.000618
1895.000000 0.000618
1896.000000 0.000616
1897.000000 0.000616
1898.000000 0.000614
1899.000000 0.000614
1900.000000 0.000613
1901.000000 0.000612
1902.000000 0.000610
1903.000000 0.000610
1904.000000 0.000609
1905.000000 0.000608
1906.000000 0.000607
1907.000000 0.000607
1908.000000 0.000605
1909.000000 0.000605
1910.000000 0.000603
1911.000000 0.000603
1912.000000 0.000601
1913.000000 0.000601
1914.000000 0.000599
1915.000000 0.000599
1916.000000 0.000597
1917.000000 0.000596
1918.000000 0.000596
1919.000000 0.000594
1920.000000 0.000594
1921.000000 0.000592
1922.000000 0.000592
1923.000000 0.000590
1924.000000 0.000590
1925.000000 0.000588
1926.000000 0.000588
1927.000000 0.000586
1928.000000 0.000586
1929.000000 0.000584
1930.000000 0.000584
1931.000000 0.000583
1932.000000 0.000582
1933.000000 0.000581
1934.000000 0.000580
1935.000000 0.000579
1936.000000 0.000578
1937.000000 0.000577
1938.000000 0.000576
1939.000000 0.000575
1940.000000 0.000574
1941.000000 0.000573
1942.000000 0.000572
1943.000000 0.000571
1944.000000 0.000570
1945.000000 0.000569
1946.000000 0.000568
1947.000000 0.000567
1948.000000 0.000566
1949.000000 0.000565
1950.000000 0.000564
1951.000000 0.000563
1952.000000 0.000562
1953.000000 0.000561
1954.000000 0.000560
1955.000000 0.000559
1956.000000 0.000558
1957.000000 0.000557
1958.000000 0.000556
1959.000000 0.000555
1960.000000 0.000554
1961.000000 0.000553
1962.000000 0.000552
1963.000000 0.000551
1964.000000 0.000550
1965.000000 0.000549
1966.000000 0.000548
1967.000000 0.000547
1968.000000 0.000546
1969.000000 0.000545
1970.000000 0.000544
1971.000000 0.000543
1972.000000 0.000542
1973.000000 0.000541
1974.000000 0.000540
1975.000000 0.000538
1976.000000 0.000538
1977.000000 0.000537
1978.000000 0.000536
1979.000000 0.000535
1980.000000 0.000534
1981.000000 0.000533
1982.000000 0.000532
1983.000000 0.000531
1984.000000 0.000530
1985.000000 0.000529
1986.000000 0.000528
1987.000000 0.000527
1988.000000 0.000526
1989.000000 0.000525
1990.000000 0.000524
1991.000000 0.000523
1992.000000 0.000522
1993.000000 0.000521
1994.000000 0.000520
1995.000000 0.000519
1996.000000 0.000518
1997.000000 0.000517
1998.000000 0.000516
1999.000000 0.000515
2000.000000 0.000513
2001.000000 0.000512
2002.000000 0.000511
2003.000000 0.000511
2004.000000 0.000509
2005.000000 0.000509
2006.000000 0.000507
2007.000000 0.000507
2008.000000 0.000505
2009.000000 0.000505
2010.000000 0.000503
2011.000000 0.000502
2012.000000 0.000501
2013.000000 0.000500
2014.000000 0.000499
2015.000000 0.000498
2016.000000 0.000497
2017.000000 0.000496
2018.000000 0.000495
2019.000000 0.000494
2020.000000 0.000493
2021.000000 0.000492
2022.000000 0.000491
2023.000000 0.000490
2024.000000 0.000489
2025.000000 0.000488
2026.000000 0.000487
2027.000000 0.000485
2028.000000 0.000485
2029.000000 0.000483
2030.000000 0.000483
2031.000000 0.000481
2032.000000 0.000481
2033.000000 0.000479
2034.000000 0.000479
2035.000000 0.000477
2036.000000 0.000477
2037.000000 0.000475
2038.000000 0.000475
2039.000000 0.000473
2040.000000 0.000472
2041.000000 0.000471
2042.000000 0.000470
2043.000000 0.000469
2044.000000 0.000468
2045.000000 0.000467
2046.000000 0.000466
2047.000000 0.000465
2048.000000 0.000464
2049.000000 0.000463
2050.000000 0.000462
2051.000000 0.000461
2052.000000 0.000460
2053.000000 0.000459
2054.000000 0.000458
2055.000000 0.000457
2056.000000 0.000456
2057.000000 0.000455
2058.000000 0.000454
2059.000000 0.000453
2060.000000 0.000452
2061.000000 0.000451
2062.000000 0.000450
2063.000000 0.000449
2064.000000 0.000447
2065.000000 0.000447
2066.000000 0.000445
2067.000000 0.000444
2068.000000 0.000443
2069.000000 0.000442
2070.000000 0.000441
2071.000000 0.000440
2072.000000 0.000439
2073.000000 0.000438
2074.000000 0.000437
2075.000000 0.000436
2076.000000 0.000435
2077.000000 0.000434
2078.000000 0.000433
2079.000000 0.000432
2080.000000 0.000431
2081.000000 0.000430
2082.000000 0.000429
2083.000000 0.000428
2084.000000 0.000427
2085.000000 0.000426
2086.000000 0.000425
2087.000000 0.000424
2088.000000 0.000423
2089.000000 0.000422
2090.000000 0.000421
2091.000000 0.000420
2092.000000 0.000419
2093.000000 0.000418
2094.000000 0.000417
2095.000000 0.000416
2096.000000 0.000415
2097.000000 0.000413
2098.000000 0.000412
2099.000000 0.000411
2100.000000 0.000410
2101.000000 0.000409
2102.000000 0.000408
2103.000000 0.000407
2104.000000 0.000406
2105.000000 0.000405
2106.000000 0.000404
2107.000000 0.000403
2108.000000 0.000402
2109.000000 0.000401
2110.000000 0.000400
2111.000000 0.000399
2112.000000 0.000398
2113.000000 0.000397
2114.000000 0.000396
2115.000000 0.000395
2116.000000 0.000394
2117.000000 0.000393
2118.000000 0.000392
2119.000000 0.000391
2120.000000 0.000390
2121.000000 0.000389
2122.000000 0.000388
2123.000000 0.000387
2124.000000 0.000386
2125.000000 0.000385
2126.000000 0.000384
2127.000000 0.000383
2128.000000 0.000382
2129.000000 0.000381
2130.000000 0.000380
2131.000000 0.000379
2132.000000 0.000378
2133.000000 0.000377
2134.000000 0.000376
2135.000000 0.000375
2136.000000 0.000374
2137.000000 0.000373
2138.000000 0.000372
2139.000000 0.000371
2140.000000 0.000370
2141.000000 0.000369
2142.000000 0.000368
2143.000000 0.000367
2144.000000 0.000366
2145.000000 0.000364
2146.000000 0.000363
2147.000000 0.000362
2148.000000 0.000361
2149.000000 0.000360
2150.000000 0.000359
2151.000000 0.000358
2152.000000 0.000357
2153.000000 0.000356
2154.000000 0.000355
2155.000000 0.000354
2156.000000 0.000353
2157.000000 0.000352
2158.000000 0.000351
2159.000000 0.000350
2160.000000 0.000349
2161.000000 0.000348
2162.000000 0.000347
2163.000000 0.000346
2164.000000 0.000345
2165.000000 0.000344
2166.000000 0.000343
2167.000000 0.000342
2168.000000 0.000341
2169.000000 0.000340
2170.000000 0.000339
2171.000000 0.000338
2172.000000 0.000337
2173.000000 0.000336
2174.000000 0.000335
2175.000000 0.000334
2176.000000 0.000333
2177.000000 0.000332
2178.000000 0.000331
2179.000000 0.000330
2180.000000 0.000329
2181.000000 0.000328
2182.000000 0.000327
2183.000000 0.000326
2184.000000 0.000325
2185.000000 0.000324
2186.000000 0.000323
2187.000000 0.000322
2188.000000 0.000322
2189.000000 0.000321
2190.000000 0.000320
2191.000000 0.000319
2192.000000 0.000318
2193.000000 0.000317
2194.000000 0.000316
2195.000000 0.000315
2196.000000 0.000314
2197.000000 0.000313
2198.000000 0.000312
2199.000000 0.000311
2200.000000 0.000310
2201.000000 0.000309
2202.000000 0.000308
2203.000000 0.000307
2204.000000 0.000306
2205.000000 0.000305
2206.000000 0.000304
2207.000000 0.000303
2208.000000 0.000302
2209.000000 0.000301
2210.000000 0.000300
2211.000000 0.000299
2212.000000 0.000298
2213.000000 0.000297
2214.000000 0.000296
2215.000000 0.000295
2216.000000 0.000294
2217.000000 0.000293
2218.000000 0.000292
2219.000000 0.000291
2220.000000 0.000290
2221.000000 0.000289
2222.000000 0.000288
2223.000000 0.000287
2224.000000 0.000286
2225.000000 0.000286
2226.000000 0.000285
2227.000000 0.000284
2228.000000 0.000283
2229.000000 0.000282
2230.000000 0.000281
2231.000000 0.000280
2232.000000 0.000279
2233.000000 0.000278
2234.000000 0.000277
2235.000000 0.000276
2236.000000 0.000275
2237.000000 0.000274
2238.000000 0.000273
2239.000000 0.000272
2240.000000 0.000271
2241.000000 0.000270
2242.000000 0.000269
2243.000000 0.000268
2244.000000 0.000267
2245.000000 0.000267
2246.000000 0.000266
2247.000000 0.000265
2248.000000 0.000264
2249.000000 0.000263
2250.000000 0.000262
2251.000000 0.000261
2252.000000 0.000260
2253.000000 0.000259
2254.000000 0.000258
2255.000000 0.000257
2256.000000 0.000256
2257.000000 0.000255
2258.000000 0.000254
2259.000000 0.000253
2260.000000 0.000253
2261.000000 0.000252
2262.000000 0.000251
2263.000000 0.000250
2264.000000 0.000249
2265.000000 0.000248
2266.000000 0.000247
2267.000000 0.000246
2268.000000 0.000245
2269.000000 0.000244
2270.000000 0.000243
2271.000000 0.000242
2272.000000 0.000241
2273.000000 0.000241
2274.000000 0.000240
2275.000000 0.000239
2276.000000 0.000238
2277.000000 0.000237
2278.000000 0.000236
2279.000000 0.000235
2280.000000 0.000234
2281.000000 0.000233
2282.000000 0.000232
2283.000000 0.000231
2284.000000 0.000230
2285.000000 0.000230
2286.000000 0.000229
2287.000000 0.000228
2288.000000 0.000227
2289.000000 0.000226
2290.000000 0.000225
2291.000000 0.000224
2292.000000 0.000223
2293.000000 0.000222
2294.000000 0.000222
2295.000000 0.000221
2296.000000 0.000220
2297.000000 0.000219
2298.000000 0.000218
2299.000000 0.000217
2300.000000 0.000216
2301.000000 0.000215
2302.000000 0.000214
2303.000000 0.000214
2304.000000 0.000213
2305.000000 0.000212
2306.000000 0.000211
2307.000000 0.000210
2308.000000 0.000209
2309.000000 0.000208
2310.000000 0.000207
2311.000000 0.000206
2312.000000 0.000206
2313.000000 0.000205
2314.000000 0.000204
2315.000000 0.000203
2316.000000 0.000202
2317.000000 0.000201
2318.000000 0.000200
2319.000000 0.000199
2320.000000 0.000199
2321.000000 0.000198
2322.000000 0.000197
2323.000000 0.000196
2324.000000 0.000195
2325.000000 0.000194
2326.000000 0.000193
2327.000000 0.000193
2328.000000 0.000192
2329.000000 0.000191
2330.000000 0.000190
2331.000000 0.000189
2332.000000 0.000188
2333.000000 0.000188
2334.000000 0.000187
2335.000000 0.000186
2336.000000 0.000185
2337.000000 0.000184
2338.000000 0.000183
2339.000000 0.000182
2340.000000 0.000182
2341.000000 0.000181
2342.000000 0.000180
2343.000000 0.000179
2344.000000 0.000178
2345.000000 0.000177
2346.000000 0.000177
2347.000000 0.000176
2348.000000 0.000175
2349.000000 0.000174
2350.000000 0.000173
2351.000000 0.000172
2352.000000 0.000172
2353.000000 0.000171
2354.000000 0.000170
2355.000000 0.000169
2356.000000 0.000168
2357.000000 0.000167
2358.000000 0.000167
2359.000000 0.000166
2360.000000 0.000165
2361.000000 0.000164
2362.000000 0.000163
2363.000000 0.000163
2364.000000 0.000162
2365.000000 0.000161
2366.000000 0.000160
2367.000000 0.000159
2368.000000 0.000159
2369.000000 0.000158
2370.000000 0.000157
2371.000000 0.000156
2372.000000 0.000155
2373.000000 0.000155
2374.000000 0.000154
2375.000000 0.000153
2376.000000 0.000152
2377.000000 0.000151
2378.000000 0.000151
2379.000000 0.000150
2380.000000 0.000149
2381.000000 0.000148
2382.000000 0.000148
2383.000000 0.000147
2384.000000 0.000146
2385.000000 0.000145
2386.000000 0.000144
2387.000000 0.000144
2388.000000 0.000143
2389.000000 0.000142
2390.000000 0.000141
2391.000000 0.000141
2392.000000 0.000140
2393.000000 0.000139
2394.000000 0.000138
2395.000000 0.000138
2396.000000 0.000137
2397.000000 0.000136
2398.000000 0.000135
2399.000000 0.000135
2400.000000 0.000134
2401.000000 0.000133
2402.000000 0.000132
2403.000000 0.000132
2404.000000 0.000131
2405.000000 0.000130
2406.000000 0.000129
2407.000000 0.000129
2408.000000 0.000128
2409.000000 0.000127
2410.000000 0.000126
2411.000000 0.000126
2412.000000 0.000125
2413.000000 0.000124
2414.000000 0.000124
2415.000000 0.000123
2416.000000 0.000122
2417.000000 0.000121
2418.000000 0.000121
2419.000000 0.000120
2420.000000 0.000119
2421.000000 0.000118
2422.000000 0.000118
2423.000000 0.000117
2424.000000 0.000116
2425.000000 0.000116
2426.000000 0.000115
2427.000000 0.000114
2428.000000 0.000114
2429.000000 0.000113
2430.000000 0.000112
2431.000000 0.000112
2432.000000 0.000111
2433.000000 0.000110
2434.000000 0.000109
2435.000000 0.000109
2436.000000 0.000108
2437.000000 0.000107
2438.000000 0.000107
2439.000000 0.000106
2440.000000 0.000105
2441.000000 0.000105
2442.000000 0.000104
2443.000000 0.000103
2444.000000 0.000103
2445.000000 0.000102
2446.000000 0.000101
2447.000000 0.000101
2448.000000 0.000100
2449.000000 0.000100
2450.000000 0.000099
2451.000000 0.000098
2452.000000 0.000098
2453.000000 0.000097
2454.000000 0.000096
2455.000000 0.000096
2456.000000 0.000095
2457.000000 0.000094
2458.000000 0.000094
2459.000000 0.000093
2460.000000 0.000092
2461.000000 0.000092
2462.000000 0.000091
2463.000000 0.000091
2464.000000 0.000090
2465.000000 0.000089
2466.000000 0.000089
2467.000000 0.000088
2468.000000 0.000087
2469.000000 0.000087
2470.000000 0.000086
2471.000000 0.000086
2472.000000 0.000085
2473.000000 0.000084
2474.000000 0.000084
2475.000000 0.000083
2476.000000 0.000083
2477.000000 0.000082
2478.000000 0.000081
2479.000000 0.000081
2480.000000 0.000080
2481.000000 0.000080
2482.000000 0.000079
2483.000000 0.000079
2484.000000 0.000078
2485.000000 0.000077
2486.000000 0.000077
2487.000000 0.000076
2488.000000 0.000076
2489.000000 0.000075
2490.000000 0.000074
2491.000000 0.000074
2492.000000 0.000073
2493.000000 0.000073
2494.000000 0.000072
2495.000000 0.000072
2496.000000 0.000071
2497.000000 0.000071
2498.000000 0.000070
2499.000000 0.000070
2500.000000 0.000069
2501.000000 0.000069
2502.000000 0.000068
2503.000000 0.000067
2504.000000 0.000067
2505.000000 0.000066
2506.000000 0.000066
2507.000000 0.000065
2508.000000 0.000065
2509.000000 0.000064
2510.000000 0.000064
2511.000000 0.000063
2512.000000 0.000063
2513.000000 0.000062
2514.000000 0.000062
2515.000000 0.000061
2516.000000 0.000061
2517.000000 0.000060
2518.000000 0.000060
2519.000000 0.000059
2520.000000 0.000059
2521.000000 0.000058
2522.000000 0.000058
2523.000000 0.000057
2524.000000 0.000057
2525.000000 0.000056
2526.000000 0.000056
2527.000000 0.000055
2528.000000 0.000055
2529.000000 0.000054
2530.000000 0.000054
2531.000000 0.000053
2532.000000 0.000053
2533.000000 0.000052
2534.000000 0.000052
2535.000000 0.000052
2536.000000 0.000051
2537.000000 0.000051
2538.000000 0.000050
2539.000000 0.000050
2540.000000 0.000049
2541.000000 0.000049
2542.000000 0.000048
2543.000000 0.000048
2544.000000 0.000048
2545.000000 0.000047
2546.000000 0.000047
2547.000000 0.000046
2548.000000 0.000046
2549.000000 0.000045
2550.000000 0.000045
2551.000000 0.000045
2552.000000 0.000044
2553.000000 0.000044
2554.000000 0.000043
2555.000000 0.000043
2556.000000 0.000043
2557.000000 0.000042
2558.000000 0.000042
2559.000000 0.000041
2560.000000 0.000041
2561.000000 0.000041
2562.000000 0.000040
2563.000000 0.000040
2564.000000 0.000039
2565.000000 0.000039
2566.000000 0.000039
2567.000000 0.000038
2568.000000 0.000038
2569.000000 0.000037
2570.000000 0.000037
2571.000000 0.000037
2572.000000 0.000036
2573.000000 0.000036
2574.000000 0.000036
2575.000000 0.000035
2576.000000 0.000035
2577.000000 0.000035
2578.000000 0.000034
2579.000000 0.000034
2580.000000 0.000034
2581.000000 0.000033
2582.000000 0.000033
2583.000000 0.000032
2584.000000 0.000032
2585.000000 0.000032
2586.000000 0.000031
2587.000000 0.000031
2588.000000 0.000031
2589.000000 0.000030
2590.000000 0.000030
2591.000000 0.000030
2592.000000 0.000029
2593.000000 0.000029
2594.000000 0.000029
2595.000000 0.000029
2596.000000 0.000028
2597.000000 0.000028
2598.000000 0.000028
2599.000000 0.000027
2600.000000 0.000027
2601.000000 0.000027
2602.000000 0.000026
2603.000000 0.000026
2604.000000 0.000026
2605.000000 0.000026
2606.000000 0.000025
2607.000000 0.000025
2608.000000 0.000025
2609.000000 0.000024
2610.000000 0.000024
2611.000000 0.000024
2612.000000 0.000024
2613.000000 0.000023
2614.000000 0.000023
2615.000000 0.000023
2616.000000 0.000022
2617.000000 0.000022
2618.000000 0.000022
2619.000000 0.000022
2620.000000 0.000021
2621.000000 0.000021
2622.000000 0.000021
2623.000000 0.000021
2624.000000 0.000020
2625.000000 0.000020
2626.000000 0.000020
2627.000000 0.000020
2628.000000 0.000019
2629.000000 0.000019
2630.000000 0.000019
2631.000000 0.000019
2632.000000 0.000018
2633.000000 0.000018
2634.000000 0.000018
2635.000000 0.000018
2636.000000 0.000018
2637.000000 0.000017
2638.000000 0.000017
2639.000000 0.000017
2640.000000 0.000017
2641.000000 0.000016
2642.000000 0.000016
2643.000000 0.000016
2644.000000 0.000016
2645.000000 0.000016
2646.000000 0.000015
2647.000000 0.000015
2648.000000 0.000015
2649.000000 0.000015
2650.000000 0.000015
2651.000000 0.000014
2652.000000 0.000014
2653.000000 0.000014
2654.000000 0.000014
2655.000000 0.000014
2656.000000 0.000013
2657.000000 0.000013
2658.000000 0.000013
2659.000000 0.000013
2660.000000 0.000013
2661.000000 0.000013
2662.000000 0.000012
2663.000000 0.000012
2664.000000 0.000012
2665.000000 0.000012
2666.000000 0.000012
2667.000000 0.000011
2668.000000 0.000011
2669.000000 0.000011
2670.000000 0.000011
2671.000000 0.000011
2672.000000 0.000011
2673.000000 0.000010
2674.000000 0.000010
2675.000000 0.000010
2676.000000 0.000010
2677.000000 0.000010
2678.000000 0.000010
2679.000000 0.000010
2680.000000 0.000009
2681.000000 0.000009
2682.000000 0.000009
2683.000000 0.000009
2684.000000 0.000009
2685.000000 0.000009
2686.000000 0.000009
2687.000000 0.000008
2688.000000 0.000008
2689.000000 0.000008
2690.000000 0.000008
2691.000000 0.000008
2692.000000 0.000008
2693.000000 0.000008
2694.000000 0.000008
2695.000000 0.000007
2696.000000 0.000007
2697.000000 0.000007
2698.000000 0.000007
2699.000000 0.000007
2700.000000 0.000007
2701.000000 0.000007
2702.000000 0.000007
2703.000000 0.000006
2704.000000 0.000006
2705.000000 0.000006
2706.000000 0.000006
2707.000000 0.000006
2708.000000 0.000006
2709.000000 0.000006
2710.000000 0.000006
2711.000000 0.000006
2712.000000 0.000006
2713.000000 0.000005
2714.000000 0.000005
2715.000000 0.000005
2716.000000 0.000005
2717.000000 0.000005
2718.000000 0.000005
2719.000000 0.000005
2720.000000 0.000005
2721.000000 0.000005
2722.000000 0.000005
2723.000000 0.000005
2724.000000 0.000004
2725.000000 0.000004
2726.000000 0.000004
2727.000000 0.000004
2728.000000 0.000004
2729.000000 0.000004
2730.000000 0.000004
2731.000000 0.000004
2732.000000 0.000004
2733.000000 0.000004
2734.000000 0.000004
2735.000000 0.000004
2736.000000 0.000004
2737.000000 0.000003
2738.000000 0.000003
2739.000000 0.000003
2740.000000 0.000003
2741.000000 0.000003
2742.000000 0.000003
2743.000000 0.000003
2744.000000 0.000003
2745.000000 0.000003
2746.000000 0.000003
2747.000000 0.000003
2748.000000 0.000003
2749.000000 0.000003
2750.000000 0.000003
2751.000000 0.000003
2752.000000 0.000003
2753.000000 0.000002
2754.000000 0.000002
2755.000000 0.000002
2756.000000 0.000002
2757.000000 0.000002
2758.000000 0.000002
2759.000000 0.000002
2760.000000 0.000002
2761.000000 0.000002
2762.000000 0.000002
2763.000000 0.000002
2764.000000 0.000002
2765.000000 0.000002
2766.000000 0.000002
2767.000000 0.000002
2768.000000 0.000002
2769.000000 0.000002
2770.000000 0.000002
2771.000000 0.000002
2772.000000 0.000002
2773.000000 0.000002
2774.000000 0.000002
2775.000000 0.000001
2776.000000 0.000001
2777.000000 0.000001
2778.000000 0.000001
2779.000000 0.000001
2780.000000 0.000001
2781.000000 0.000001
2782.000000 0.000001
2783.000000 0.000001
2784.000000 0.000001
2785.000000 0.000001
2786.000000 0.000001
2787.000000 0.000001
2788.000000 0.000001
2789.000000 0.000001
2790.000000 0.000001
2791.000000 0.000001
2792.000000 0.000001
2793.000000 0.000001
2794.000000 0.000001
2795.000000 0.000001
2796.000000 0.000001
2797.000000 0.000001
2798.000000 0.000001
2799.000000 0.000001
2800.000000 0.000001
2801.000000 0.000001
2802.000000 0.000001
2803.000000 0.000001
2804.000000 0.000001
2805.000000 0.000001
2806.000000 0.000001
2807.000000 0.000001
2808.000000 0.000001
2809.000000 0.000001
2810.000000 0.000001
2811.000000 0.000001
2812.000000 0.000001
2813.000000 0.000001
2814.000000 0.000000
2815.000000 0.000000
2816.000000 0.000000
2817.000000 0.000000
2818.000000 0.000000
2819.000000 0.000000
2820.000000 0.000000
2821.000000 0.000000
2822.000000 0.000000
2823.000000 0.000000
2824.000000 0.000000
2825.000000 0.000000
2826.000000 0.000000
2827.000000 0.000000
2828.000000 0.000000
2829.000000 0.000000
2830.000000 0.000000
2831.000000 0.000000
2832.000000 0.000000
2833.000000 0.000000
2834.000000 0.000000
2835.000000 0.000000
2836.000000 0.000000
2837.000000 0.000000
2838.000000 0.000000
2839.000000 0.000000
2840.000000 0.000000
2841.000000 0.000000
2842.000000 0.000000
2843.000000 0.000000
2844.000000 0.000000
2845.000000 0.000000
2846.000000 0.000000
2847.000000 0.000000
2848.000000 0.000000
2849.000000 0.000000
2850.000000 0.000000
2851.000000 0.000000
2852.000000 0.000000
2853.000000 0.000000
2854.000000 0.000000
2855.000000 0.000000
2856.000000 0.000000
2857.000000 0.000000
2858.000000 0.000000
2859.000000 0.000000
2860.000000 0.000000
2861.000000 0.000000
2862.000000 0.000000
2863.000000 0.000000
2864.000000 0.000000
2865.000000 0.000000
2866.000000 0.000000
2867.000000 0.000000
2868.000000 0.000000
2869.000000 0.000000
2870.000000 0.000000
2871.000000 0.000000
2872.000000 0.000000
2873.000000 0.000000
2874.000000 0.000000
2875.000000 0.000000
2876.000000 0.000000
2877.000000 0.000000
2878.000000 0.000000
2879.000000 0.000000
2880.000000 0.000000
2881.000000 0.000000
2882.000000 0.000000
2883.000000 0.000000
2884.000000 0.000000
2885.000000 0.000000
2886.000000 0.000000
2887.000000 0.000000
2888.000000 0.000000
2889.000000 0.000000
2890.000000 0.000000
2891.000000 0.000000
2892.000000 0.000000
2893.000000 0.000000
2894.000000 0.000000
2895.000000 0.000000
2896.000000 0.000000
2897.000000 0.000000
2898.000000 0.000000
2899.000000 0.000000
2900.000000 0.000000
2901.000000 0.000000
2902.000000 0.000000
2903.000000 0.000000
2904.000000 0.000000
2905.000000 0.000000
2906.000000 0.000000
2907.000000 0.000000
2908.000000 0.000000
2909.000000 0.000000
2910.000000 0.000000
2911.000000 0.000000
2912.000000 0.000000
2913.000000 0.000000
2914.000000 0.000000
2915.000000 0.000000
2916.000000 0.000000
2917.000000 0.000000
2918.000000 0.000000
2919.000000 0.000000
2920.000000 0.000000
2921.000000 0.000000
2922.000000 0.000000
2923.000000 0.000000
2924.000000 0.000000
2925.000000 0.000000
2926.000000 0.000000
2927.000000 0.000000
2928.000000 0.000000
2929.000000 0.000000
2930.000000 0.000000
2931.000000 0.000000
2932.000000 0.000000
2933.000000 0.000000
2934.000000 0.000000
2935.000000 0.000000
2936.000000 0.000000
2937.000000 0.000000
2938.000000 0.000000
2939.000000 0.000000
2940.000000 0.000000
2941.000000 0.000000
2942.000000 0.000000
2943.000000 0.000000
2944.000000 0.000000
2945.000000 0.000000
2946.000000 0.000000
2947.000000 0.000000
2948.000000 0.000000
2949.000000 0.000000
2950.000000 0.000000
2951.000000 0.000000
2952.000000 0.000000
2953.000000 0.000000
2954.000000 0.000000
2955.000000 0.000000
2956.000000 0.000000
2957.000000 0.000000
2958.000000 0.000000
2959.000000 0.000000
2960.000000 0.000000
2961.000000 0.000000
2962.000000 0.000000
2963.000000 0.000000
2964.000000 0.000000
2965.000000 0.000000
2966.000000 0.000000
2967.000000 0.000000
2968.000000 0.000000
2969.000000 0.000000
2970.000000 0.000000
2971.000000 0.000000
2972.000000 0.000000
2973.000000 0.000000
2974.000000 0.000000
2975.000000 0.000000
2976.000000 0.000000
2977.000000 0.000000
2978.000000 0.000000
2979.000000 0.000000
2980.000000 0.000000
2981.000000 0.000000
2982.000000 0.000000
2983.000000 0.000000
2984.000000 0.000000
2985.000000 0.000000
2986.000000 0.000000
2987.000000 0.000000
2988.000000 0.000000
2989.000000 0.000000
2990.000000 0.000000
2991.000000 0.000000
2992.000000 0.000000
2993.000000 0.000000
2994.000000 0.000000
2995.000000 0.000000
2996.000000 0.000000
2997.000000 0.000000
2998.000000 0.000000
2999.000000 0.000000
3000.000000 0.000000
