n lam mean variance std
3000 0.250000 1500.333333 204966.391241 452.732141
bin_midpoint probability
1.000000 0.000000
2.000000 0.000000
3.000000 0.000000
4.000000 0.000000
5.000000 0.000000
6.000000 0.000000
7.000000 0.000000
8.000000 0.000000
9.000000 0.000000
10.000000 0.000000
11.000000 0.000000
12.000000 0.000000
13.000000 0.000000
14.000000 0.000000
15.000000 0.000000
16.000000 0.000000
17.000000 0.000000
18.000000 0.000000
19.000000 0.000000
20.000000 0.000000
21.000000 0.000000
22.000000 0.000000
23.000000 0.000000
24.000000 0.000000
25.000000 0.000000
26.000000 0.000000
27.000000 0.000000
28.000000 0.000000
29.000000 0.000000
30.000000 0.000000
31.000000 0.000000
32.000000 0.000000
33.000000 0.000000
34.000000 0.000000
35.000000 0.000000
36.000000 0.000000
37.000000 0.000000
38.000000 0.000000
39.000000 0.000000
40.000000 0.000000
41.000000 0.000000
42.000000 0.000000
43.000000 0.000000
44.000000 0.000000
45.000000 0.000000
46.000000 0.000000
47.000000 0.000000
48.000000 0.000000
49.000000 0.000000
50.000000 0.000000
51.000000 0.000000
52.000000 0.000000
53.000000 0.000000
54.000000 0.000000
55.000000 0.000000
56.000000 0.000000
57.000000 0.000000
58.000000 0.000000
59.000000 0.000000
60.000000 0.000000
61.000000 0.000000
62.000000 0.000000
63.000000 0.000000
64.000000 0.000000
65.000000 0.000000
66.000000 0.000000
67.000000 0.000000
68.000000 0.000000
69.000000 0.000000
70.000000 0.000000
71.000000 0.000000
72.000000 0.000000
73.000000 0.000000
74.000000 0.000000
75.000000 0.000000
76.000000 0.000000
77.000000 0.000000
78.000000 0.000000
79.000000 0.000000
80.000000 0.000000
81.000000 0.000000
82.000000 0.000000
83.000000 0.000000
84.000000 0.000000
85.000000 0.000000
86.000000 0.000000
87.000000 0.000000
88.000000 0.000000
89.000000 0.000000
90.000000 0.000000
91.000000 0.000000
92.000000 0.000000
93.000000 0.000000
94.000000 0.000000
95.000000 0.000000
96.000000 0.000000
97.000000 0.000000
98.000000 0.000000
99.000000 0.000000
100.000000 0.000000
101.000000 0.000000
102.000000 0.000000
103.000000 0.000000
104.000000 0.000000
105.000000 0.000000
106.000000 0.000000
107.000000 0.000000
108.000000 0.000000
109.000000 0.000000
110.000000 0.000000
111.000000 0.000000
112.000000 0.000000
113.000000 0.000000
114.000000 0.000000
115.000000 0.000000
116.000000 0.000000
117.000000 0.000000
118.000000 0.000000
119.000000 0.000000
120.000000 0.000000
121.000000 0.000000
122.000000 0.000000
123.000000 0.000000
124.000000 0.000000
125.000000 0.000000
126.000000 0.000000
127.000000 0.000000
128.000000 0.000000
129.000000 0.000000
130.000000 0.000000
131.000000 0.000000
132.000000 0.000000
133.000000 0.000000
134.000000 0.000000
135.000000 0.000000
136.000000 0.000000
137.000000 0.000000
138.000000 0.000000
139.000000 0.000000
140.000000 0.000000
141.000000 0.000000
142.000000 0.000000
143.000000 0.000000
144.000000 0.000000
145.000000 0.000000
146.000000 0.000000
147.000000 0.000000
148.000000 0.000000
149.000000 0.000000
150.000000 0.000000
151.000000 0.000000
152.000000 0.000000
153.000000 0.000000
154.000000 0.000000
155.000000 0.000000
156.000000 0.000000
157.000000 0.000000
158.000000 0.000000
159.000000 0.000000
160.000000 0.000000
161.000000 0.000000
162.000000 0.000000
163.000000 0.000000
164.000000 0.000000
165.000000 0.000000
166.000000 0.000000
167.000000 0.000000
168.000000 0.000000
169.000000 0.000000
170.000000 0.000000
171.000000 0.000000
172.000000 0.000000
173.000000 0.000000
174.000000 0.000000
175.000000 0.000001
176.000000 0.000001
177.000000 0.000001
178.000000 0.000001
179.000000 0.000001
180.000000 0.000001
181.000000 0.000001
182.000000 0.000001
183.000000 0.000001
184.000000 0.000001
185.000000 0.000001
186.000000 0.000001
187.000000 0.000001
188.000000 0.000001
189.000000 0.000001
190.000000 0.000001
191.000000 0.000001
192.000000 0.000001
193.000000 0.000001
194.000000 0.000001
195.000000 0.000001
196.000000 0.000001
197.000000 0.000001
198.000000 0.000001
199.000000 0.000001
200.000000 0.000001
201.000000 0.000001
202.000000 0.000001
203.000000 0.000001
204.000000 0.000001
205.000000 0.000001
206.000000 0.000001
207.000000 0.000001
208.000000 0.000001
209.000000 0.000001
210.000000 0.000001
211.000000 0.000001
212.000000 0.000002
213.000000 0.000002
214.000000 0.000002
215.000000 0.000002
216.000000 0.000002
217.000000 0.000002
218.000000 0.000002
219.000000 0.000002
220.000000 0.000002
221.000000 0.000002
222.000000 0.000002
223.000000 0.000002
224.000000 0.000002
225.000000 0.000002
226.000000 0.000002
227.000000 0.000002
228.000000 0.000002
229.000000 0.000002
230.000000 0.000002
231.000000 0.000002
232.000000 0.000002
233.000000 0.000003
234.000000 0.000003
235.000000 0.000003
236.000000 0.000003
237.000000 0.000003
238.000000 0.000003
239.000000 0.000003
240.000000 0.000003
241.000000 0.000003
242.000000 0.000003
243.000000 0.000003
244.000000 0.000003
245.000000 0.000003
246.000000 0.000003
247.000000 0.000003
248.000000 0.000003
249.000000 0.000004
250.000000 0.000004
251.000000 0.000004
252.000000 0.000004
253.000000 0.000004
254.000000 0.000004
255.000000 0.000004
256.000000 0.000004
257.000000 0.000004
258.000000 0.000004
259.000000 0.000004
260.000000 0.000004
261.000000 0.000004
262.000000 0.000005
263.000000 0.000005
264.000000 0.000005
265.000000 0.000005
266.000000 0.000005
267.000000 0.000005
268.000000 0.000005
269.000000 0.000005
270.000000 0.000005
271.000000 0.000005
272.000000 0.000006
273.000000 0.000006
274.000000 0.000006
275.000000 0.000006
276.000000 0.000006
277.000000 0.000006
278.000000 0.000006
279.000000 0.000006
280.000000 0.000006
281.000000 0.000006
282.000000 0.000007
283.000000 0.000007
284.000000 0.000007
285.000000 0.000007
286.000000 0.000007
287.000000 0.000007
288.000000 0.000007
289.000000 0.000007
290.000000 0.000008
291.000000 0.000008
292.000000 0.000008
293.000000 0.000008
294.000000 0.000008
295.000000 0.000008
296.000000 0.000008
297.000000 0.000008
298.000000 0.000009
299.000000 0.000009
300.000000 0.000009
301.000000 0.000009
302.000000 0.000009
303.000000 0.000009
304.000000 0.000009
305.000000 0.000010
306.000000 0.000010
307.000000 0.000010
308.000000 0.000010
309.000000 0.000010
310.000000 0.000010
311.000000 0.000011
312.000000 0.000011
313.000000 0.000011
314.000000 0.000011
315.000000 0.000011
316.000000 0.000011
317.000000 0.000012
318.000000 0.000012
319.000000 0.000012
320.000000 0.000012
321.000000 0.000012
322.000000 0.000012
323.000000 0.000013
324.000000 0.000013
325.000000 0.000013
326.000000 0.000013
327.000000 0.000013
328.000000 0.000014
329.000000 0.000014
330.000000 0.000014
331.000000 0.000014
332.000000 0.000014
333.000000 0.000014
334.000000 0.000015
335.000000 0.000015
336.000000 0.000015
337.000000 0.000015
338.000000 0.000016
339.000000 0.000016
340.000000 0.000016
341.000000 0.000016
342.000000 0.000016
343.000000 0.000017
344.000000 0.000017
345.000000 0.000017
346.000000 0.000017
347.000000 0.000017
348.000000 0.000018
349.000000 0.000018
350.000000 0.000018
351.000000 0.000018
352.000000 0.000019
353.000000 0.000019
354.000000 0.000019
355.000000 0.000019
356.000000 0.000020
357.000000 0.000020
358.000000 0.000020
359.000000 0.000020
360.000000 0.000021
361.000000 0.000021
362.000000 0.000021
363.000000 0.000021
364.000000 0.000022
365.000000 0.000022
366.000000 0.000022
367.000000 0.000022
368.000000 0.000023
369.000000 0.000023
370.000000 0.000023
371.000000 0.000024
372.000000 0.000024
373.000000 0.000024
374.000000 0.000024
375.000000 0.000025
376.000000 0.000025
377.000000 0.000025
378.000000 0.000026
379.000000 0.000026
380.000000 0.000026
381.000000 0.000026
382.000000 0.000027
383.000000 0.000027
384.000000 0.000027
385.000000 0.000028
386.000000 0.000028
387.000000 0.000028
388.000000 0.000029
389.000000 0.000029
390.000000 0.000029
391.000000 0.000030
392.000000 0.000030
393.000000 0.000030
394.000000 0.000031
395.000000 0.000031
396.000000 0.000031
397.000000 0.000032
398.000000 0.000032
399.000000 0.000032
400.000000 0.000033
401.000000 0.000033
402.000000 0.000033
403.000000 0.000034
404.000000 0.000034
405.000000 0.000034
406.000000 0.000035
407.000000 0.000035
408.000000 0.000035
409.000000 0.000036
410.000000 0.000036
411.000000 0.000037
412.000000 0.000037
413.000000 0.000037
414.000000 0.000038
415.000000 0.000038
416.000000 0.000038
417.000000 0.000039
418.000000 0.000039
419.000000 0.000040
420.000000 0.000040
421.000000 0.000040
422.000000 0.000041
423.000000 0.000041
424.000000 0.000042
425.000000 0.000042
426.000000 0.000042
427.000000 0.000043
428.000000 0.000043
429.000000 0.000044
430.000000 0.000044
431.000000 0.000044
432.000000 0.000045
433.000000 0.000045
434.000000 0.000046
435.000000 0.000046
436.000000 0.000046
437.000000 0.000047
438.000000 0.000047
439.000000 0.000048
440.000000 0.000048
441.000000 0.000049
442.000000 0.000049
443.000000 0.000050
444.000000 0.000050
445.000000 0.000050
446.000000 0.000051
447.000000 0.000051
448.000000 0.000052
449.000000 0.000052
450.000000 0.000053
451.000000 0.000053
452.000000 0.000054
453.000000 0.000054
454.000000 0.000055
455.000000 0.000055
456.000000 0.000055
457.000000 0.000056
458.000000 0.000056
459.000000 0.000057
460.000000 0.000057
461.000000 0.000058
462.000000 0.000058
463.000000 0.000059
464.000000 0.000059
465.000000 0.000060
466.000000 0.000060
467.000000 0.000061
468.000000 0.000061
469.000000 0.000062
470.000000 0.000062
471.000000 0.000063
472.000000 0.000063
473.000000 0.000064
474.000000 0.000064
475.000000 0.000065
476.000000 0.000065
477.000000 0.000066
478.000000 0.000066
479.000000 0.000067
480.000000 0.000067
481.000000 0.000068
482.000000 0.000069
483.000000 0.000069
484.000000 0.000070
485.000000 0.000070
486.000000 0.000071
487.000000 0.000071
488.000000 0.000072
489.000000 0.000072
490.000000 0.000073
491.000000 0.000073
492.000000 0.000074
493.000000 0.000075
494.000000 0.000075
495.000000 0.000076
496.000000 0.000076
497.000000 0.000077
498.000000 0.000077
499.000000 0.000078
500.000000 0.000078
501.000000 0.000079
502.000000 0.000080
503.000000 0.000080
504.000000 0.000081
505.000000 0.000081
506.000000 0.000082
507.000000 0.000083
508.000000 0.000083
509.000000 0.000084
510.000000 0.000084
511.000000 0.000085
512.000000 0.000085
513.000000 0.000086
514.000000 0.000087
515.000000 0.000087
516.000000 0.000088
517.000000 0.000088
518.000000 0.000089
519.000000 0.000090
520.000000 0.000090
521.000000 0.000091
522.000000 0.000092
523.000000 0.000092
524.000000 0.000093
525.000000 0.000093
526.000000 0.000094
527.000000 0.000095
528.000000 0.000095
529.000000 0.000096
530.000000 0.000097
531.000000 0.000097
532.000000 0.000098
533.000000 0.000098
534.000000 0.000099
535.000000 0.000100
536.000000 0.000100
537.000000 0.000101
538.000000 0.000102
539.000000 0.000102
540.000000 0.000103
541.000000 0.000104
542.000000 0.000104
543.000000 0.000105
544.000000 0.000106
545.000000 0.000106
546.000000 0.000107
547.000000 0.000107
548.000000 0.000108
549.000000 0.000109
550.000000 0.000109
551.000000 0.000110
552.000000 0.000111
553.000000 0.000112
554.000000 0.000112
555.000000 0.000113
556.000000 0.000114
557.000000 0.000114
558.000000 0.000115
559.000000 0.000116
560.000000 0.000116
561.000000 0.000117
562.000000 0.000118
563.000000 0.000118
564.000000 0.000119
565.000000 0.000120
566.000000 0.000120
567.000000 0.000121
568.000000 0.000122
569.000000 0.000122
570.000000 0.000123
571.000000 0.000124
572.000000 0.000125
573.000000 0.000125
574.000000 0.000126
575.000000 0.000127
576.000000 0.000127
577.000000 0.000128
578.000000 0.000129
579.000000 0.000130
580.000000 0.000130
581.000000 0.000131
582.000000 0.000132
583.000000 0.000132
584.000000 0.000133
585.000000 0.000134
586.000000 0.000135
587.000000 0.000135
588.000000 0.000136
589.000000 0.000137
590.000000 0.000138
591.000000 0.000138
592.000000 0.000139
593.000000 0.000140
594.000000 0.000140
595.000000 0.000141
596.000000 0.000142
597.000000 0.000143
598.000000 0.000143
599.000000 0.000144
600.000000 0.000145
601.000000 0.000146
602.000000 0.000146
603.000000 0.000147
604.000000 0.000148
605.000000 0.000149
606.000000 0.000149
607.000000 0.000150
608.000000 0.000151
609.000000 0.000152
610.000000 0.000152
611.000000 0.000153
612.000000 0.000154
613.000000 0.000155
614.000000 0.000156
615.000000 0.000156
616.000000 0.000157
617.000000 0.000158
618.000000 0.000159
619.000000 0.000159
620.000000 0.000160
621.000000 0.000161
622.000000 0.000162
623.000000 0.000162
624.000000 0.000163
625.000000 0.000164
626.000000 0.000165
627.000000 0.000166
628.000000 0.000166
629.000000 0.000167
630.000000 0.000168
631.000000 0.000169
632.000000 0.000170
633.000000 0.000170
634.000000 0.000171
635.000000 0.000172
636.000000 0.000173
637.000000 0.000173
638.000000 0.000174
639.000000 0.000175
640.000000 0.000176
641.000000 0.000177
642.000000 0.000177
643.000000 0.000178
644.000000 0.000179
645.000000 0.000180
646.000000 0.000181
647.000000 0.000181
648.000000 0.000182
649.000000 0.000183
650.000000 0.000184
651.000000 0.000185
652.000000 0.000186
653.000000 0.000186
654.000000 0.000187
655.000000 0.000188
656.000000 0.000189
657.000000 0.000190
658.000000 0.000190
659.000000 0.000191
660.000000 0.000192
661.000000 0.000193
662.000000 0.000194
663.000000 0.000195
664.000000 0.000195
665.000000 0.000196
666.000000 0.000197
667.000000 0.000198
668.000000 0.000199
669.000000 0.000199
670.000000 0.000200
671.000000 0.000201
672.000000 0.000202
673.000000 0.000203
674.000000 0.000204
675.000000 0.000204
676.000000 0.000205
677.000000 0.000206
678.000000 0.000207
679.000000 0.000208
680.000000 0.000209
681.000000 0.000210
682.000000 0.000210
683.000000 0.000211
684.000000 0.000212
685.000000 0.000213
686.000000 0.000214
687.000000 0.000215
688.000000 0.000215
689.000000 0.000216
690.000000 0.000217
691.000000 0.000218
692.000000 0.000219
693.000000 0.000220
694.000000 0.000221
695.000000 0.000221
696.000000 0.000222
697.000000 0.000223
698.000000 0.000224
699.000000 0.000225
700.000000 0.000226
701.000000 0.000227
702.000000 0.000227
703.000000 0.000228
704.000000 0.000229
705.000000 0.000230
706.000000 0.000231
707.000000 0.000232
708.000000 0.000233
709.000000 0.000233
710.000000 0.000234
711.000000 0.000235
712.000000 0.000236
713.000000 0.000237
714.000000 0.000238
715.000000 0.000239
716.000000 0.000240
717.000000 0.000240
718.000000 0.000241
719.000000 0.000242
720.000000 0.000243
721.000000 0.000244
722.000000 0.000245
723.000000 0.000246
724.000000 0.000247
725.000000 0.000248
726.000000 0.000248
727.000000 0.000249
728.000000 0.000250
729.000000 0.000251
730.000000 0.000252
731.000000 0.000253
732.000000 0.000254
733.000000 0.000255
734.000000 0.000256
735.000000 0.000256
736.000000 0.000257
737.000000 0.000258
738.000000 0.000259
739.000000 0.000260
740.000000 0.000261
741.000000 0.000262
742.000000 0.000263
743.000000 0.000264
744.000000 0.000264
745.000000 0.000265
746.000000 0.000266
747.000000 0.000267
748.000000 0.000268
749.000000 0.000269
750.000000 0.000270
751.000000 0.000271
752.000000 0.000272
753.000000 0.000273
754.000000 0.000274
755.000000 0.000274
756.000000 0.000275
757.000000 0.000276
758.000000 0.000277
759.000000 0.000278
760.000000 0.000279
761.000000 0.000280
762.000000 0.000281
763.000000 0.000282
764.000000 0.000283
765.000000 0.000284
766.000000 0.000284
767.000000 0.000285
768.000000 0.000286
769.000000 0.000287
770.000000 0.000288
771.000000 0.000289
772.000000 0.000290
773.000000 0.000291
774.000000 0.000292
775.000000 0.000293
776.000000 0.000294
777.000000 0.000295
778.000000 0.000296
779.000000 0.000296
780.000000 0.000297
781.000000 0.000298
782.000000 0.000299
783.000000 0.000300
784.000000 0.000301
785.000000 0.000302
786.000000 0.000303
787.000000 0.000304
788.000000 0.000305
789.000000 0.000306
790.000000 0.000307
791.000000 0.000308
792.000000 0.000309
793.000000 0.000310
794.000000 0.000310
795.000000 0.000311
796.000000 0.000312
797.000000 0.000313
798.000000 0.000314
799.000000 0.000315
800.000000 0.000316
801.000000 0.000317
802.000000 0.000318
803.000000 0.000319
804.000000 0.000320
805.000000 0.000321
806.000000 0.000322
807.000000 0.000323
808.000000 0.000324
809.000000 0.000325
810.000000 0.000326
811.000000 0.000327
812.000000 0.000327
813.000000 0.000328
814.000000 0.000329
815.000000 0.000330
816.000000 0.000331
817.000000 0.000332
818.000000 0.000333
819.000000 0.000334
820.000000 0.000335
821.000000 0.000336
822.000000 0.000337
823.000000 0.000338
824.000000 0.000339
825.000000 0.000340
826.000000 0.000341
827.000000 0.000342
828.000000 0.000343
829.000000 0.000344
830.000000 0.000345
831.000000 0.000346
832.000000 0.000347
833.000000 0.000348
834.000000 0.000349
835.000000 0.000349
836.000000 0.000350
837.000000 0.000351
838.000000 0.000352
839.000000 0.000353
840.000000 0.000354
841.000000 0.000355
842.000000 0.000356
843.000000 0.000357
844.000000 0.000358
845.000000 0.000359
846.000000 0.000360
847.000000 0.000361
848.000000 0.000362
849.000000 0.000363
850.000000 0.000364
851.000000 0.000365
852.000000 0.000366
853.000000 0.000367
854.000000 0.000368
855.000000 0.000369
856.000000 0.000370
857.000000 0.000371
858.000000 0.000372
859.000000 0.000373
860.000000 0.000374
861.000000 0.000375
862.000000 0.000376
863.000000 0.000377
864.000000 0.000378
865.000000 0.000379
866.000000 0.000380
867.000000 0.000381
868.000000 0.000382
869.000000 0.000382
870.000000 0.000383
871.000000 0.000384
872.000000 0.000385
873.000000 0.000386
874.000000 0.000387
875.000000 0.000388
876.000000 0.000389
877.000000 0.000390
878.000000 0.000391
879.000000 0.000392
880.000000 0.000393
881.000000 0.000394
882.000000 0.000395
883.000000 0.000396
884.000000 0.000397
885.000000 0.000398
886.000000 0.000399
887.000000 0.000400
888.000000 0.000401
889.000000 0.000402
890.000000 0.000403
891.000000 0.000404
892.000000 0.000405
893.000000 0.000406
894.000000 0.000407
895.000000 0.000408
896.000000 0.000409
897.000000 0.000410
898.000000 0.000411
899.000000 0.000412
900.000000 0.000413
901.000000 0.000414
902.000000 0.000415
903.000000 0.000416
904.000000 0.000417
905.000000 0.000418
906.000000 0.000419
907.000000 0.000420
908.000000 0.000421
909.000000 0.000422
910.000000 0.000423
911.000000 0.000424
912.000000 0.000425
913.000000 0.000426
914.000000 0.000427
915.000000 0.000428
916.000000 0.000429
917.000000 0.000430
918.000000 0.000431
919.000000 0.000432
920.000000 0.000433
921.000000 0.000434
922.000000 0.000435
923.000000 0.000436
924.000000 0.000437
925.000000 0.000438
926.000000 0.000439
927.000000 0.000440
928.000000 0.000441
929.000000 0.000442
930.000000 0.000443
931.000000 0.000444
932.000000 0.000445
933.000000 0.000446
934.000000 0.000447
935.000000 0.000448
936.000000 0.000449
937.000000 0.000450
938.000000 0.000451
939.000000 0.000452
940.000000 0.000453
941.000000 0.000454
942.000000 0.000455
943.000000 0.000456
944.000000 0.000457
945.000000 0.000458
946.000000 0.000459
947.000000 0.000460
948.000000 0.000461
949.000000 0.000461
950.000000 0.000462
951.000000 0.000463
952.000000 0.000464
953.000000 0.000465
954.000000 0.000466
955.000000 0.000467
956.000000 0.000468
957.000000 0.000469
958.000000 0.000470
959.000000 0.000471
960.000000 0.000472
961.000000 0.000473
962.000000 0.000474
963.000000 0.000475
964.000000 0.000476
965.000000 0.000477
966.000000 0.000478
967.000000 0.000479
968.000000 0.000480
969.000000 0.000481
970.000000 0.000482
971.000000 0.000483
972.000000 0.000484
973.000000 0.000485
974.000000 0.000486
975.000000 0.000487
976.000000 0.000488
977.000000 0.000489
978.000000 0.000490
979.000000 0.000491
980.000000 0.000492
981.000000 0.000493
982.000000 0.000494
983.000000 0.000495
984.000000 0.000496
985.000000 0.000497
986.000000 0.000498
987.000000 0.000499
988.000000 0.000500
989.000000 0.000501
990.000000 0.000502
991.000000 0.000503
992.000000 0.000504
993.000000 0.000505
994.000000 0.000506
995.000000 0.000507
996.000000 0.000508
997.000000 0.000509
998.000000 0.000510
999.000000 0.000511
1000.000000 0.000512
1001.000000 0.000513
1002.000000 0.000514
1003.000000 0.000515
1004.000000 0.000516
1005.000000 0.000517
1006.000000 0.000518
1007.000000 0.000519
1008.000000 0.000520
1009.000000 0.000521
1010.000000 0.000522
1011.000000 0.000523
1012.000000 0.000524
1013.000000 0.000525
1014.000000 0.000526
1015.000000 0.000526
1016.000000 0.000527
1017.000000 0.000528
1018.000000 0.000529
1019.000000 0.000530
1020.000000 0.000531
1021.000000 0.000532
1022.000000 0.000533
1023.000000 0.000534
1024.000000 0.000535
1025.000000 0.000536
1026.000000 0.000537
1027.000000 0.000538
1028.000000 0.000539
1029.000000 0.000540
1030.000000 0.000541
1031.000000 0.000542
1032.000000 0.000543
1033.000000 0.000544
1034.000000 0.000545
1035.000000 0.000546
1036.000000 0.000547
1037.000000 0.000548
1038.000000 0.000549
1039.000000 0.000550
1040.000000 0.000551
1041.000000 0.000552
1042.000000 0.000553
1043.000000 0.000554
1044.000000 0.000555
1045.000000 0.000555
1046.000000 0.000556
1047.000000 0.000557
1048.000000 0.000558
1049.000000 0.000559
1050.000000 0.000560
1051.000000 0.000561
1052.000000 0.000562
1053.000000 0.000563
1054.000000 0.000564
1055.000000 0.000565
1056.000000 0.000566
1057.000000 0.000567
1058.000000 0.000568
1059.000000 0.000569
1060.000000 0.000570
1061.000000 0.000571
1062.000000 0.000572
1063.000000 0.000573
1064.000000 0.000574
1065.000000 0.000574
1066.000000 0.000575
1067.000000 0.000576
1068.000000 0.000577
1069.000000 0.000578
1070.000000 0.000579
1071.000000 0.000580
1072.000000 0.000581
1073.000000 0.000582
1074.000000 0.000583
1075.000000 0.000584
1076.000000 0.000585
1077.000000 0.000586
1078.000000 0.000587
1079.000000 0.000588
1080.000000 0.000588
1081.000000 0.000589
1082.000000 0.000590
1083.000000 0.000591
1084.000000 0.000592
1085.000000 0.000593
1086.000000 0.000594
1087.000000 0.000595
1088.000000 0.000596
1089.000000 0.000597
1090.000000 0.000598
1091.000000 0.000599
1092.000000 0.000600
1093.000000 0.000600
1094.000000 0.000601
1095.000000 0.000602
1096.000000 0.000603
1097.000000 0.000604
1098.000000 0.000605
1099.000000 0.000606
1100.000000 0.000607
1101.000000 0.000608
1102.000000 0.000609
1103.000000 0.000610
1104.000000 0.000610
1105.000000 0.000611
1106.000000 0.000612
1107.000000 0.000613
1108.000000 0.000614
1109.000000 0.000615
1110.000000 0.000616
1111.000000 0.000617
1112.000000 0.000618
1113.000000 0.000619
1114.000000 0.000619
1115.000000 0.000620
1116.000000 0.000621
1117.000000 0.000622
1118.000000 0.000623
1119.000000 0.000624
1120.000000 0.000625
1121.000000 0.000626
1122.000000 0.000627
1123.000000 0.000627
1124.000000 0.000628
1125.000000 0.000629
1126.000000 0.000630
1127.000000 0.000631
1128.000000 0.000632
1129.000000 0.000633
1130.000000 0.000634
1131.000000 0.000634
1132.000000 0.000635
1133.000000 0.000636
1134.000000 0.000637
1135.000000 0.000638
1136.000000 0.000639
1137.000000 0.000640
1138.000000 0.000641
1139.000000 0.000641
1140.000000 0.000642
1141.000000 0.000643
1142.000000 0.000644
1143.000000 0.000645
1144.000000 0.000646
1145.000000 0.000647
1146.000000 0.000647
1147.000000 0.000648
1148.000000 0.000649
1149.000000 0.000650
1150.000000 0.000651
1151.000000 0.000652
1152.000000 0.000652
1153.000000 0.000653
1154.000000 0.000654
1155.000000 0.000655
1156.000000 0.000656
1157.000000 0.000657
1158.000000 0.000658
1159.000000 0.000658
1160.000000 0.000659
1161.000000 0.000660
1162.000000 0.000661
1163.000000 0.000662
1164.000000 0.000663
1165.000000 0.000663
1166.000000 0.000664
1167.000000 0.000665
1168.000000 0.000666
1169.000000 0.000667
1170.000000 0.000667
1171.000000 0.000668
1172.000000 0.000669
1173.000000 0.000670
1174.000000 0.000671
1175.000000 0.000672
1176.000000 0.000672
1177.000000 0.000673
1178.000000 0.000674
1179.000000 0.000675
1180.000000 0.000676
1181.000000 0.000676
1182.000000 0.000677
1183.000000 0.000678
1184.000000 0.000679
1185.000000 0.000680
1186.000000 0.000680
1187.000000 0.000681
1188.000000 0.000682
1189.000000 0.000683
1190.000000 0.000683
1191.000000 0.000684
1192.000000 0.000685
1193.000000 0.000686
1194.000000 0.000687
1195.000000 0.000687
1196.000000 0.000688
1197.000000 0.000689
1198.000000 0.000690
1199.000000 0.000690
1200.000000 0.000691
1201.000000 0.000692
1202.000000 0.000693
1203.000000 0.000694
1204.000000 0.000694
1205.000000 0.000695
1206.000000 0.000696
1207.000000 0.000697
1208.000000 0.000697
1209.000000 0.000698
1210.000000 0.000699
1211.000000 0.000700
1212.000000 0.000700
1213.000000 0.000701
1214.000000 0.000702
1215.000000 0.000703
1216.000000 0.000703
1217.000000 0.000704
1218.000000 0.000705
1219.000000 0.000705
1220.000000 0.000706
1221.000000 0.000707
1222.000000 0.000708
1223.000000 0.000708
1224.000000 0.000709
1225.000000 0.000710
1226.000000 0.000711
1227.000000 0.000711
1228.000000 0.000712
1229.000000 0.000713
1230.000000 0.000713
1231.000000 0.000714
1232.000000 0.000715
1233.000000 0.000716
1234.000000 0.000716
1235.000000 0.000717
1236.000000 0.000718
1237.000000 0.000718
1238.000000 0.000719
1239.000000 0.000720
1240.000000 0.000720
1241.000000 0.000721
1242.000000 0.000722
1243.000000 0.000722
1244.000000 0.000723
1245.000000 0.000724
1246.000000 0.000724
1247.000000 0.000725
1248.000000 0.000726
1249.000000 0.000727
1250.000000 0.000727
1251.000000 0.000728
1252.000000 0.000729
1253.000000 0.000729
1254.000000 0.000730
1255.000000 0.000731
1256.000000 0.000731
1257.000000 0.000732
1258.000000 0.000732
1259.000000 0.000733
1260.000000 0.000734
1261.000000 0.000734
1262.000000 0.000735
1263.000000 0.000736
1264.000000 0.000736
1265.000000 0.000737
1266.000000 0.000738
1267.000000 0.000738
1268.000000 0.000739
1269.000000 0.000740
1270.000000 0.000740
1271.000000 0.000741
1272.000000 0.000741
1273.000000 0.000742
1274.000000 0.000743
1275.000000 0.000743
1276.000000 0.000744
1277.000000 0.000744
1278.000000 0.000745
1279.000000 0.000746
1280.000000 0.000746
1281.000000 0.000747
1282.000000 0.000748
1283.000000 0.000748
1284.000000 0.000749
1285.000000 0.000749
1286.000000 0.000750
1287.000000 0.000750
1288.000000 0.000751
1289.000000 0.000752
1290.000000 0.000752
1291.000000 0.000753
1292.000000 0.000753
1293.000000 0.000754
1294.000000 0.000755
1295.000000 0.000755
1296.000000 0.000756
1297.000000 0.000756
1298.000000 0.000757
1299.000000 0.000757
1300.000000 0.000758
1301.000000 0.000758
1302.000000 0.000759
1303.000000 0.000760
1304.000000 0.000760
1305.000000 0.000761
1306.000000 0.000761
1307.000000 0.000762
1308.000000 0.000762
1309.000000 0.000763
1310.000000 0.000763
1311.000000 0.000764
1312.000000 0.000764
1313.000000 0.000765
1314.000000 0.000765
1315.000000 0.000766
1316.000000 0.000767
1317.000000 0.000767
1318.000000 0.000768
1319.000000 0.000768
1320.000000 0.000769
1321.000000 0.000769
1322.000000 0.000770
1323.000000 0.000770
1324.000000 0.000771
1325.000000 0.000771
1326.000000 0.000772
1327.000000 0.000772
1328.000000 0.000773
1329.000000 0.000773
1330.000000 0.000774
1331.000000 0.000774
1332.000000 0.000774
1333.000000 0.000775
1334.000000 0.000775
1335.000000 0.000776
1336.000000 0.000776
1337.000000 0.000777
1338.000000 0.000777
1339.000000 0.000778
1340.000000 0.000778
1341.000000 0.000779
1342.000000 0.000779
1343.000000 0.000780
1344.000000 0.000780
1345.000000 0.000780
1346.000000 0.000781
1347.000000 0.000781
1348.000000 0.000782
1349.000000 0.000782
1350.000000 0.000783
1351.000000 0.000783
1352.000000 0.000784
1353.000000 0.000784
1354.000000 0.000784
1355.000000 0.000785
1356.000000 0.000785
1357.000000 0.000786
1358.000000 0.000786
1359.000000 0.000786
1360.000000 0.000787
1361.000000 0.000787
1362.000000 0.000788
1363.000000 0.000788
1364.000000 0.000788
1365.000000 0.000789
1366.000000 0.000789
1367.000000 0.000790
1368.000000 0.000790
1369.000000 0.000790
1370.000000 0.000791
1371.000000 0.000791
1372.000000 0.000791
1373.000000 0.000792
1374.000000 0.000792
1375.000000 0.000793
1376.000000 0.000793
1377.000000 0.000793
1378.000000 0.000794
1379.000000 0.000794
1380.000000 0.000794
1381.000000 0.000795
1382.000000 0.000795
1383.000000 0.000795
1384.000000 0.000796
1385.000000 0.000796
1386.000000 0.000796
1387.000000 0.000797
1388.000000 0.000797
1389.000000 0.000797
1390.000000 0.000798
1391.000000 0.000798
1392.000000 0.000798
1393.000000 0.000799
1394.000000 0.000799
1395.000000 0.000799
1396.000000 0.000800
1397.000000 0.000800
1398.000000 0.000800
1399.000000 0.000801
1400.000000 0.000801
1401.000000 0.000801
1402.000000 0.000801
1403.000000 0.000802
1404.000000 0.000802
1405.000000 0.000802
1406.000000 0.000803
1407.000000 0.000803
1408.000000 0.000803
1409.000000 0.000803
1410.000000 0.000804
1411.000000 0.000804
1412.000000 0.000804
1413.000000 0.000804
1414.000000 0.000805
1415.000000 0.000805
1416.000000 0.000805
1417.000000 0.000805
1418.000000 0.000806
1419.000000 0.000806
1420.000000 0.000806
1421.000000 0.000806
1422.000000 0.000807
1423.000000 0.000807
1424.000000 0.000807
1425.000000 0.000807
1426.000000 0.000808
1427.000000 0.000808
1428.000000 0.000808
1429.000000 0.000808
1430.000000 0.000808
1431.000000 0.000809
1432.000000 0.000809
1433.000000 0.000809
1434.000000 0.000809
1435.000000 0.000809
1436.000000 0.000810
1437.000000 0.000810
1438.000000 0.000810
1439.000000 0.000810
1440.000000 0.000810
1441.000000 0.000810
1442.000000 0.000811
1443.000000 0.000811
1444.000000 0.000811
1445.000000 0.000811
1446.000000 0.000811
1447.000000 0.000811
1448.000000 0.000812
1449.000000 0.000812
1450.000000 0.000812
1451.000000 0.000812
1452.000000 0.000812
1453.000000 0.000812
1454.000000 0.000813
1455.000000 0.000813
1456.000000 0.000813
1457.000000 0.000813
1458.000000 0.000813
1459.000000 0.000813
1460.000000 0.000813
1461.000000 0.000813
1462.000000 0.000814
1463.000000 0.000814
1464.000000 0.000814
1465.000000 0.000814
1466.000000 0.000814
1467.000000 0.000814
1468.000000 0.000814
1469.000000 0.000814
1470.000000 0.000814
1471.000000 0.000814
1472.000000 0.000815
1473.000000 0.000815
1474.000000 0.000815
1475.000000 0.000815
1476.000000 0.000815
1477.000000 0.000815
1478.000000 0.000815
1479.000000 0.000815
1480.000000 0.000815
1481.000000 0.000815
1482.000000 0.000815
1483.000000 0.000815
1484.000000 0.000815
1485.000000 0.000815
1486.000000 0.000815
1487.000000 0.000815
1488.000000 0.000815
1489.000000 0.000816
1490.000000 0.000816
1491.000000 0.000816
1492.000000 0.000816
1493.000000 0.000816
1494.000000 0.000816
1495.000000 0.000816
1496.000000 0.000816
1497.000000 0.000816
1498.000000 0.000816
1499.000000 0.000816
1500.000000 0.000816
1501.000000 0.000816
1502.000000 0.000816
1503.000000 0.000816
1504.000000 0.000816
1505.000000 0.000816
1506.000000 0.000816
1507.000000 0.000816
1508.000000 0.000816
1509.000000 0.000816
1510.000000 0.000816
1511.000000 0.000816
1512.000000 0.000815
1513.000000 0.000815
1514.000000 0.000815
1515.000000 0.000815
1516.000000 0.000815
1517.000000 0.000815
1518.000000 0.000815
1519.000000 0.000815
1520.000000 0.000815
1521.000000 0.000815
1522.000000 0.000815
1523.000000 0.000815
1524.000000 0.000815
1525.000000 0.000815
1526.000000 0.000815
1527.000000 0.000815
1528.000000 0.000815
1529.000000 0.000814
1530.000000 0.000814
1531.000000 0.000814
1532.000000 0.000814
1533.000000 0.000814
1534.000000 0.000814
1535.000000 0.000814
1536.000000 0.000814
1537.000000 0.000814
1538.000000 0.000814
1539.000000 0.000813
1540.000000 0.000813
1541.000000 0.000813
1542.000000 0.000813
1543.000000 0.000813
1544.000000 0.000813
1545.000000 0.000813
1546.000000 0.000813
1547.000000 0.000812
1548.000000 0.000812
1549.000000 0.000812
1550.000000 0.000812
1551.000000 0.000812
1552.000000 0.000812
1553.000000 0.000812
1554.000000 0.000811
1555.000000 0.000811
1556.000000 0.000811
1557.000000 0.000811
1558.000000 0.000811
1559.000000 0.000811
1560.000000 0.000810
1561.000000 0.000810
1562.000000 0.000810
1563.000000 0.000810
1564.000000 0.000810
1565.000000 0.000809
1566.000000 0.000809
1567.000000 0.000809
1568.000000 0.000809
1569.000000 0.000809
1570.000000 0.000808
1571.000000 0.000808
1572.000000 0.000808
1573.000000 0.000808
1574.000000 0.000808
1575.000000 0.000807
1576.000000 0.000807
1577.000000 0.000807
1578.000000 0.000807
1579.000000 0.000807
1580.000000 0.000806
1581.000000 0.000806
1582.000000 0.000806
1583.000000 0.000806
1584.000000 0.000805
1585.000000 0.000805
1586.000000 0.000805
1587.000000 0.000805
1588.000000 0.000804
1589.000000 0.000804
1590.000000 0.000804
1591.000000 0.000804
1592.000000 0.000803
1593.000000 0.000803
1594.000000 0.000803
1595.000000 0.000802
1596.000000 0.000802
1597.000000 0.000802
1598.000000 0.000802
1599.000000 0.000801
1600.000000 0.000801
1601.000000 0.000801
1602.000000 0.000800
1603.000000 0.000800
1604.000000 0.000800
1605.000000 0.000800
1606.000000 0.000799
1607.000000 0.000799
1608.000000 0.000799
1609.000000 0.000798
1610.000000 0.000798
1611.000000 0.000798
1612.000000 0.000797
1613.000000 0.000797
1614.000000 0.000797
1615.000000 0.000796
1616.000000 0.000796
1617.000000 0.000796
1618.000000 0.000795
1619.000000 0.000795
1620.000000 0.000795
1621.000000 0.000794
1622.000000 0.000794
1623.000000 0.000794
1624.000000 0.000793
1625.000000 0.000793
1626.000000 0.000792
1627.000000 0.000792
1628.000000 0.000792
1629.000000 0.000791
1630.000000 0.000791
1631.000000 0.000791
1632.000000 0.000790
1633.000000 0.000790
1634.000000 0.000789
1635.000000 0.000789
1636.000000 0.000789
1637.000000 0.000788
1638.000000 0.000788
1639.000000 0.000788
1640.000000 0.000787
1641.000000 0.000787
1642.000000 0.000786
1643.000000 0.000786
1644.000000 0.000785
1645.000000 0.000785
1646.000000 0.000785
1647.000000 0.000784
1648.000000 0.000784
1649.000000 0.000783
1650.000000 0.000783
1651.000000 0.000783
1652.000000 0.000782
1653.000000 0.000782
1654.000000 0.000781
1655.000000 0.000781
1656.000000 0.000780
1657.000000 0.000780
1658.000000 0.000779
1659.000000 0.000779
1660.000000 0.000779
1661.000000 0.000778
1662.000000 0.000778
1663.000000 0.000777
1664.000000 0.000777
1665.000000 0.000776
1666.000000 0.000776
1667.000000 0.000775
1668.000000 0.000775
1669.000000 0.000774
1670.000000 0.000774
1671.000000 0.000773
1672.000000 0.000773
1673.000000 0.000772
1674.000000 0.000772
1675.000000 0.000771
1676.000000 0.000771
1677.000000 0.000770
1678.000000 0.000770
1679.000000 0.000769
1680.000000 0.000769
1681.000000 0.000768
1682.000000 0.000768
1683.000000 0.000767
1684.000000 0.000767
1685.000000 0.000766
1686.000000 0.000766
1687.000000 0.000765
1688.000000 0.000765
1689.000000 0.000764
1690.000000 0.000764
1691.000000 0.000763
1692.000000 0.000763
1693.000000 0.000762
1694.000000 0.000762
1695.000000 0.000761
1696.000000 0.000760
1697.000000 0.000760
1698.000000 0.000759
1699.000000 0.000759
1700.000000 0.000758
1701.000000 0.000758
1702.000000 0.000757
1703.000000 0.000757
1704.000000 0.000756
1705.000000 0.000755
1706.000000 0.000755
1707.000000 0.000754
1708.000000 0.000754
1709.000000 0.000753
1710.000000 0.000753
1711.000000 0.000752
1712.000000 0.000751
1713.000000 0.000751
1714.000000 0.000750
1715.000000 0.000750
1716.000000 0.000749
1717.000000 0.000749
1718.000000 0.000748
1719.000000 0.000747
1720.000000 0.000747
1721.000000 0.000746
1722.000000 0.000745
1723.000000 0.000745
1724.000000 0.000744
1725.000000 0.000744
1726.000000 0.000743
1727.000000 0.000742
1728.000000 0.000742
1729.000000 0.000741
1730.000000 0.000741
1731.000000 0.000740
1732.000000 0.000739
1733.000000 0.000739
1734.000000 0.000738
1735.000000 0.000737
1736.000000 0.000737
1737.000000 0.000736
1738.000000 0.000736
1739.000000 0.000735
1740.000000 0.000734
1741.000000 0.000734
1742.000000 0.000733
1743.000000 0.000732
1744.000000 0.000732
1745.000000 0.000731
1746.000000 0.000730
1747.000000 0.000730
1748.000000 0.000729
1749.000000 0.000728
1750.000000 0.000728
1751.000000 0.000727
1752.000000 0.000726
1753.000000 0.000726
1754.000000 0.000725
1755.000000 0.000724
1756.000000 0.000724
1757.000000 0.000723
1758.000000 0.000722
1759.000000 0.000722
1760.000000 0.000721
1761.000000 0.000720
1762.000000 0.000719
1763.000000 0.000719
1764.000000 0.000718
1765.000000 0.000717
1766.000000 0.000717
1767.000000 0.000716
1768.000000 0.000715
1769.000000 0.000715
1770.000000 0.000714
1771.000000 0.000713
1772.000000 0.000712
1773.000000 0.000712
1774.000000 0.000711
1775.000000 0.000710
1776.000000 0.000710
1777.000000 0.000709
1778.000000 0.000708
1779.000000 0.000707
1780.000000 0.000707
1781.000000 0.000706
1782.000000 0.000705
1783.000000 0.000704
1784.000000 0.000704
1785.000000 0.000703
1786.000000 0.000702
1787.000000 0.000702
1788.000000 0.000701
1789.000000 0.000700
1790.000000 0.000699
1791.000000 0.000699
1792.000000 0.000698
1793.000000 0.000697
1794.000000 0.000696
1795.000000 0.000696
1796.000000 0.000695
1797.000000 0.000694
1798.000000 0.000693
1799.000000 0.000692
1800.000000 0.000692
1801.000000 0.000691
1802.000000 0.000690
1803.000000 0.000689
1804.000000 0.000689
1805.000000 0.000688
1806.000000 0.000687
1807.000000 0.000686
1808.000000 0.000686
1809.000000 0.000685
1810.000000 0.000684
1811.000000 0.000683
1812.000000 0.000682
1813.000000 0.000682
1814.000000 0.000681
1815.000000 0.000680
1816.000000 0.000679
1817.000000 0.000678
1818.000000 0.000678
1819.000000 0.000677
1820.000000 0.000676
1821.000000 0.000675
1822.000000 0.000674
1823.000000 0.000674
1824.000000 0.000673
1825.000000 0.000672
1826.000000 0.000671
1827.000000 0.000670
1828.000000 0.000670
1829.000000 0.000669
1830.000000 0.000668
1831.000000 0.000667
1832.000000 0.000666
1833.000000 0.000666
1834.000000 0.000665
1835.000000 0.000664
1836.000000 0.000663
1837.000000 0.000662
1838.000000 0.000661
1839.000000 0.000661
1840.000000 0.000660
1841.000000 0.000659
1842.000000 0.000658
1843.000000 0.000657
1844.000000 0.000656
1845.000000 0.000656
1846.000000 0.000655
1847.000000 0.000654
1848.000000 0.000653
1849.000000 0.000652
1850.000000 0.000651
1851.000000 0.000651
1852.000000 0.000650
1853.000000 0.000649
1854.000000 0.000648
1855.000000 0.000647
1856.000000 0.000646
1857.000000 0.000645
1858.000000 0.000645
1859.000000 0.000644
1860.000000 0.000643
1861.000000 0.000642
1862.000000 0.000641
1863.000000 0.000640
1864.000000 0.000639
1865.000000 0.000639
1866.000000 0.000638
1867.000000 0.000637
1868.000000 0.000636
1869.000000 0.000635
1870.000000 0.000634
1871.000000 0.000633
1872.000000 0.000632
1873.000000 0.000632
1874.000000 0.000631
1875.000000 0.000630
1876.000000 0.000629
1877.000000 0.000628
1878.000000 0.000627
1879.000000 0.000626
1880.000000 0.000625
1881.000000 0.000625
1882.000000 0.000624
1883.000000 0.000623
1884.000000 0.000622
1885.000000 0.000621
1886.000000 0.000620
1887.000000 0.000619
1888.000000 0.000618
1889.000000 0.000617
1890.000000 0.000616
1891.000000 0.000616
1892.000000 0.000615
1893.000000 0.000614
1894.000000 0.000613
1895.000000 0.000612
1896.000000 0.000611
1897.000000 0.000610
1898.000000 0.000609
1899.000000 0.000608
1900.000000 0.000607
1901.000000 0.000607
1902.000000 0.000606
1903.000000 0.000605
1904.000000 0.000604
1905.000000 0.000603
1906.000000 0.000602
1907.000000 0.000601
1908.000000 0.000600
1909.000000 0.000599
1910.000000 0.000598
1911.000000 0.000597
1912.000000 0.000596
1913.000000 0.000596
1914.000000 0.000595
1915.000000 0.000594
1916.000000 0.000593
1917.000000 0.000592
1918.000000 0.000591
1919.000000 0.000590
1920.000000 0.000589
1921.000000 0.000588
1922.000000 0.000587
1923.000000 0.000586
1924.000000 0.000585
1925.000000 0.000584
1926.000000 0.000584
1927.000000 0.000583
1928.000000 0.000582
1929.000000 0.000581
1930.000000 0.000580
1931.000000 0.000579
1932.000000 0.000578
1933.000000 0.000577
1934.000000 0.000576
1935.000000 0.000575
1936.000000 0.000574
1937.000000 0.000573
1938.000000 0.000572
1939.000000 0.000571
1940.000000 0.000570
1941.000000 0.000569
1942.000000 0.000568
1943.000000 0.000568
1944.000000 0.000567
1945.000000 0.000566
1946.000000 0.000565
1947.000000 0.000564
1948.000000 0.000563
1949.000000 0.000562
1950.000000 0.000561
1951.000000 0.000560
1952.000000 0.000559
1953.000000 0.000558
1954.000000 0.000557
1955.000000 0.000556
1956.000000 0.000555
1957.000000 0.000554
1958.000000 0.000553
1959.000000 0.000552
1960.000000 0.000551
1961.000000 0.000550
1962.000000 0.000549
1963.000000 0.000548
1964.000000 0.000547
1965.000000 0.000547
1966.000000 0.000546
1967.000000 0.000545
1968.000000 0.000544
1969.000000 0.000543
1970.000000 0.000542
1971.000000 0.000541
1972.000000 0.000540
1973.000000 0.000539
1974.000000 0.000538
1975.000000 0.000537
1976.000000 0.000536
1977.000000 0.000535
1978.000000 0.000534
1979.000000 0.000533
1980.000000 0.000532
1981.000000 0.000531
1982.000000 0.000530
1983.000000 0.000529
1984.000000 0.000528
1985.000000 0.000527
1986.000000 0.000526
1987.000000 0.000525
1988.000000 0.000524
1989.000000 0.000523
1990.000000 0.000522
1991.000000 0.000521
1992.000000 0.000520
1993.000000 0.000519
1994.000000 0.000518
1995.000000 0.000517
1996.000000 0.000516
1997.000000 0.000515
1998.000000 0.000514
1999.000000 0.000513
2000.000000 0.000512
2001.000000 0.000512
2002.000000 0.000511
2003.000000 0.000510
2004.000000 0.000509
2005.000000 0.000508
2006.000000 0.000507
2007.000000 0.000506
2008.000000 0.000505
2009.000000 0.000504
2010.000000 0.000503
2011.000000 0.000502
2012.000000 0.000501
2013.000000 0.000500
2014.000000 0.000499
2015.000000 0.000498
2016.000000 0.000497
2017.000000 0.000496
2018.000000 0.000495
2019.000000 0.000494
2020.000000 0.000493
2021.000000 0.000492
2022.000000 0.000491
2023.000000 0.000490
2024.000000 0.000489
2025.000000 0.000488
2026.000000 0.000487
2027.000000 0.000486
2028.000000 0.000485
2029.000000 0.000484
2030.000000 0.000483
2031.000000 0.000482
2032.000000 0.000481
2033.000000 0.000480
2034.000000 0.000479
2035.000000 0.000478
2036.000000 0.000477
2037.000000 0.000476
2038.000000 0.000475
2039.000000 0.000474
2040.000000 0.000473
2041.000000 0.000472
2042.000000 0.000471
2043.000000 0.000470
2044.000000 0.000469
2045.000000 0.000468
2046.000000 0.000467
2047.000000 0.000466
2048.000000 0.000465
2049.000000 0.000464
2050.000000 0.000463
2051.000000 0.000462
2052.000000 0.000461
2053.000000 0.000460
2054.000000 0.000459
2055.000000 0.000458
2056.000000 0.000457
2057.000000 0.000456
2058.000000 0.000455
2059.000000 0.000454
2060.000000 0.000453
2061.000000 0.000452
2062.000000 0.000451
2063.000000 0.000450
2064.000000 0.000449
2065.000000 0.000448
2066.000000 0.000447
2067.000000 0.000446
2068.000000 0.000445
2069.000000 0.000444
2070.000000 0.000443
2071.000000 0.000442
2072.000000 0.000441
2073.000000 0.000440
2074.000000 0.000439
2075.000000 0.000438
2076.000000 0.000437
2077.000000 0.000436
2078.000000 0.000435
2079.000000 0.000434
2080.000000 0.000433
2081.000000 0.000432
2082.000000 0.000431
2083.000000 0.000430
2084.000000 0.000429
2085.000000 0.000428
2086.000000 0.000427
2087.000000 0.000426
2088.000000 0.000425
2089.000000 0.000425
2090.000000 0.000424
2091.000000 0.000423
2092.000000 0.000422
2093.000000 0.000421
2094.000000 0.000420
2095.000000 0.000419
2096.000000 0.000418
2097.000000 0.000417
2098.000000 0.000416
2099.000000 0.000415
2100.000000 0.000414
2101.000000 0.000413
2102.000000 0.000412
2103.000000 0.000411
2104.000000 0.000410
2105.000000 0.000409
2106.000000 0.000408
2107.000000 0.000407
2108.000000 0.000406
2109.000000 0.000405
2110.000000 0.000404
2111.000000 0.000403
2112.000000 0.000402
2113.000000 0.000401
2114.000000 0.000400
2115.000000 0.000399
2116.000000 0.000398
2117.000000 0.000397
2118.000000 0.000396
2119.000000 0.000395
2120.000000 0.000394
2121.000000 0.000393
2122.000000 0.000392
2123.000000 0.000391
2124.000000 0.000390
2125.000000 0.000389
2126.000000 0.000388
2127.000000 0.000387
2128.000000 0.000386
2129.000000 0.000385
2130.000000 0.000384
2131.000000 0.000383
2132.000000 0.000382
2133.000000 0.000381
2134.000000 0.000380
2135.000000 0.000379
2136.000000 0.000378
2137.000000 0.000377
2138.000000 0.000376
2139.000000 0.000375
2140.000000 0.000374
2141.000000 0.000373
2142.000000 0.000372
2143.000000 0.000371
2144.000000 0.000370
2145.000000 0.000369
2146.000000 0.000369
2147.000000 0.000368
2148.000000 0.000367
2149.000000 0.000366
2150.000000 0.000365
2151.000000 0.000364
2152.000000 0.000363
2153.000000 0.000362
2154.000000 0.000361
2155.000000 0.000360
2156.000000 0.000359
2157.000000 0.000358
2158.000000 0.000357
2159.000000 0.000356
2160.000000 0.000355
2161.000000 0.000354
2162.000000 0.000353
2163.000000 0.000352
2164.000000 0.000351
2165.000000 0.000350
2166.000000 0.000349
2167.000000 0.000348
2168.000000 0.000347
2169.000000 0.000346
2170.000000 0.000345
2171.000000 0.000344
2172.000000 0.000343
2173.000000 0.000342
2174.000000 0.000341
2175.000000 0.000341
2176.000000 0.000340
2177.000000 0.000339
2178.000000 0.000338
2179.000000 0.000337
2180.000000 0.000336
2181.000000 0.000335
2182.000000 0.000334
2183.000000 0.000333
2184.000000 0.000332
2185.000000 0.000331
2186.000000 0.000330
2187.000000 0.000329
2188.000000 0.000328
2189.000000 0.000327
2190.000000 0.000326
2191.000000 0.000325
2192.000000 0.000324
2193.000000 0.000323
2194.000000 0.000322
2195.000000 0.000321
2196.000000 0.000321
2197.000000 0.000320
2198.000000 0.000319
2199.000000 0.000318
2200.000000 0.000317
2201.000000 0.000316
2202.000000 0.000315
2203.000000 0.000314
2204.000000 0.000313
2205.000000 0.000312
2206.000000 0.000311
2207.000000 0.000310
2208.000000 0.000309
2209.000000 0.000308
2210.000000 0.000307
2211.000000 0.000306
2212.000000 0.000305
2213.000000 0.000305
2214.000000 0.000304
2215.000000 0.000303
2216.000000 0.000302
2217.000000 0.000301
2218.000000 0.000300
2219.000000 0.000299
2220.000000 0.000298
2221.000000 0.000297
2222.000000 0.000296
2223.000000 0.000295
2224.000000 0.000294
2225.000000 0.000293
2226.000000 0.000292
2227.000000 0.000292
2228.000000 0.000291
2229.000000 0.000290
2230.000000 0.000289
2231.000000 0.000288
2232.000000 0.000287
2233.000000 0.000286
2234.000000 0.000285
2235.000000 0.000284
2236.000000 0.000283
2237.000000 0.000282
2238.000000 0.000281
2239.000000 0.000281
2240.000000 0.000280
2241.000000 0.000279
2242.000000 0.000278
2243.000000 0.000277
2244.000000 0.000276
2245.000000 0.000275
2246.000000 0.000274
2247.000000 0.000273
2248.000000 0.000272
2249.000000 0.000271
2250.000000 0.000270
2251.000000 0.000270
2252.000000 0.000269
2253.000000 0.000268
2254.000000 0.000267
2255.000000 0.000266
2256.000000 0.000265
2257.000000 0.000264
2258.000000 0.000263
2259.000000 0.000262
2260.000000 0.000261
2261.000000 0.000261
2262.000000 0.000260
2263.000000 0.000259
2264.000000 0.000258
2265.000000 0.000257
2266.000000 0.000256
2267.000000 0.000255
2268.000000 0.000254
2269.000000 0.000253
2270.000000 0.000253
2271.000000 0.000252
2272.000000 0.000251
2273.000000 0.000250
2274.000000 0.000249
2275.000000 0.000248
2276.000000 0.000247
2277.000000 0.000246
2278.000000 0.000245
2279.000000 0.000245
2280.000000 0.000244
2281.000000 0.000243
2282.000000 0.000242
2283.000000 0.000241
2284.000000 0.000240
2285.000000 0.000239
2286.000000 0.000238
2287.000000 0.000238
2288.000000 0.000237
2289.000000 0.000236
2290.000000 0.000235
2291.000000 0.000234
2292.000000 0.000233
2293.000000 0.000232
2294.000000 0.000231
2295.000000 0.000231
2296.000000 0.000230
2297.000000 0.000229
2298.000000 0.000228
2299.000000 0.000227
2300.000000 0.000226
2301.000000 0.000225
2302.000000 0.000225
2303.000000 0.000224
2304.000000 0.000223
2305.000000 0.000222
2306.000000 0.000221
2307.000000 0.000220
2308.000000 0.000219
2309.000000 0.000219
2310.000000 0.000218
2311.000000 0.000217
2312.000000 0.000216
2313.000000 0.000215
2314.000000 0.000214
2315.000000 0.000213
2316.000000 0.000213
2317.000000 0.000212
2318.000000 0.000211
2319.000000 0.000210
2320.000000 0.000209
2321.000000 0.000208
2322.000000 0.000208
2323.000000 0.000207
2324.000000 0.000206
2325.000000 0.000205
2326.000000 0.000204
2327.000000 0.000203
2328.000000 0.000203
2329.000000 0.000202
2330.000000 0.000201
2331.000000 0.000200
2332.000000 0.000199
2333.000000 0.000198
2334.000000 0.000198
2335.000000 0.000197
2336.000000 0.000196
2337.000000 0.000195
2338.000000 0.000194
2339.000000 0.000193
2340.000000 0.000193
2341.000000 0.000192
2342.000000 0.000191
2343.000000 0.000190
2344.000000 0.000189
2345.000000 0.000189
2346.000000 0.000188
2347.000000 0.000187
2348.000000 0.000186
2349.000000 0.000185
2350.000000 0.000184
2351.000000 0.000184
2352.000000 0.000183
2353.000000 0.000182
2354.000000 0.000181
2355.000000 0.000180
2356.000000 0.000180
2357.000000 0.000179
2358.000000 0.000178
2359.000000 0.000177
2360.000000 0.000176
2361.000000 0.000176
2362.000000 0.000175
2363.000000 0.000174
2364.000000 0.000173
2365.000000 0.000172
2366.000000 0.000172
2367.000000 0.000171
2368.000000 0.000170
2369.000000 0.000169
2370.000000 0.000168
2371.000000 0.000168
2372.000000 0.000167
2373.000000 0.000166
2374.000000 0.000165
2375.000000 0.000165
2376.000000 0.000164
2377.000000 0.000163
2378.000000 0.000162
2379.000000 0.000161
2380.000000 0.000161
2381.000000 0.000160
2382.000000 0.000159
2383.000000 0.000158
2384.000000 0.000158
2385.000000 0.000157
2386.000000 0.000156
2387.000000 0.000155
2388.000000 0.000154
2389.000000 0.000154
2390.000000 0.000153
2391.000000 0.000152
2392.000000 0.000151
2393.000000 0.000151
2394.000000 0.000150
2395.000000 0.000149
2396.000000 0.000148
2397.000000 0.000148
2398.000000 0.000147
2399.000000 0.000146
2400.000000 0.000145
2401.000000 0.000145
2402.000000 0.000144
2403.000000 0.000143
2404.000000 0.000142
2405.000000 0.000142
2406.000000 0.000141
2407.000000 0.000140
2408.000000 0.000139
2409.000000 0.000139
2410.000000 0.000138
2411.000000 0.000137
2412.000000 0.000137
2413.000000 0.000136
2414.000000 0.000135
2415.000000 0.000134
2416.000000 0.000134
2417.000000 0.000133
2418.000000 0.000132
2419.000000 0.000131
2420.000000 0.000131
2421.000000 0.000130
2422.000000 0.000129
2423.000000 0.000129
2424.000000 0.000128
2425.000000 0.000127
2426.000000 0.000126
2427.000000 0.000126
2428.000000 0.000125
2429.000000 0.000124
2430.000000 0.000124
2431.000000 0.000123
2432.000000 0.000122
2433.000000 0.000122
2434.000000 0.000121
2435.000000 0.000120
2436.000000 0.000119
2437.000000 0.000119
2438.000000 0.000118
2439.000000 0.000117
2440.000000 0.000117
2441.000000 0.000116
2442.000000 0.000115
2443.000000 0.000115
2444.000000 0.000114
2445.000000 0.000113
2446.000000 0.000113
2447.000000 0.000112
2448.000000 0.000111
2449.000000 0.000111
2450.000000 0.000110
2451.000000 0.000109
2452.000000 0.000109
2453.000000 0.000108
2454.000000 0.000107
2455.000000 0.000107
2456.000000 0.000106
2457.000000 0.000105
2458.000000 0.000105
2459.000000 0.000104
2460.000000 0.000103
2461.000000 0.000103
2462.000000 0.000102
2463.000000 0.000101
2464.000000 0.000101
2465.000000 0.000100
2466.000000 0.000099
2467.000000 0.000099
2468.000000 0.000098
2469.000000 0.000098
2470.000000 0.000097
2471.000000 0.000096
2472.000000 0.000096
2473.000000 0.000095
2474.000000 0.000094
2475.000000 0.000094
2476.000000 0.000093
2477.000000 0.000093
2478.000000 0.000092
2479.000000 0.000091
2480.000000 0.000091
2481.000000 0.000090
2482.000000 0.000089
2483.000000 0.000089
2484.000000 0.000088
2485.000000 0.000088
2486.000000 0.000087
2487.000000 0.000086
2488.000000 0.000086
2489.000000 0.000085
2490.000000 0.000085
2491.000000 0.000084
2492.000000 0.000084
2493.000000 0.000083
2494.000000 0.000082
2495.000000 0.000082
2496.000000 0.000081
2497.000000 0.000081
2498.000000 0.000080
2499.000000 0.000079
2500.000000 0.000079
2501.000000 0.000078
2502.000000 0.000078
2503.000000 0.000077
2504.000000 0.000077
2505.000000 0.000076
2506.000000 0.000075
2507.000000 0.000075
2508.000000 0.000074
2509.000000 0.000074
2510.000000 0.000073
2511.000000 0.000073
2512.000000 0.000072
2513.000000 0.000072
2514.000000 0.000071
2515.000000 0.000071
2516.000000 0.000070
2517.000000 0.000069
2518.000000 0.000069
2519.000000 0.000068
2520.000000 0.000068
2521.000000 0.000067
2522.000000 0.000067
2523.000000 0.000066
2524.000000 0.000066
2525.000000 0.000065
2526.000000 0.000065
2527.000000 0.000064
2528.000000 0.000064
2529.000000 0.000063
2530.000000 0.000063
2531.000000 0.000062
2532.000000 0.000062
2533.000000 0.000061
2534.000000 0.000061
2535.000000 0.000060
2536.000000 0.000060
2537.000000 0.000059
2538.000000 0.000059
2539.000000 0.000058
2540.000000 0.000058
2541.000000 0.000057
2542.000000 0.000057
2543.000000 0.000056
2544.000000 0.000056
2545.000000 0.000055
2546.000000 0.000055
2547.000000 0.000054
2548.000000 0.000054
2549.000000 0.000053
2550.000000 0.000053
2551.000000 0.000053
2552.000000 0.000052
2553.000000 0.000052
2554.000000 0.000051
2555.000000 0.000051
2556.000000 0.000050
2557.000000 0.000050
2558.000000 0.000049
2559.000000 0.000049
2560.000000 0.000048
2561.000000 0.000048
2562.000000 0.000048
2563.000000 0.000047
2564.000000 0.000047
2565.000000 0.000046
2566.000000 0.000046
2567.000000 0.000045
2568.000000 0.000045
2569.000000 0.000045
2570.000000 0.000044
2571.000000 0.000044
2572.000000 0.000043
2573.000000 0.000043
2574.000000 0.000043
2575.000000 0.000042
2576.000000 0.000042
2577.000000 0.000041
2578.000000 0.000041
2579.000000 0.000041
2580.000000 0.000040
2581.000000 0.000040
2582.000000 0.000039
2583.000000 0.000039
2584.000000 0.000039
2585.000000 0.000038
2586.000000 0.000038
2587.000000 0.000038
2588.000000 0.000037
2589.000000 0.000037
2590.000000 0.000036
2591.000000 0.000036
2592.000000 0.000036
2593.000000 0.000035
2594.000000 0.000035
2595.000000 0.000035
2596.000000 0.000034
2597.000000 0.000034
2598.000000 0.000034
2599.000000 0.000033
2600.000000 0.000033
2601.000000 0.000032
2602.000000 0.000032
2603.000000 0.000032
2604.000000 0.000031
2605.000000 0.000031
2606.000000 0.000031
2607.000000 0.000030
2608.000000 0.000030
2609.000000 0.000030
2610.000000 0.000029
2611.000000 0.000029
2612.000000 0.000029
2613.000000 0.000029
2614.000000 0.000028
2615.000000 0.000028
2616.000000 0.000028
2617.000000 0.000027
2618.000000 0.000027
2619.000000 0.000027
2620.000000 0.000026
2621.000000 0.000026
2622.000000 0.000026
2623.000000 0.000025
2624.000000 0.000025
2625.000000 0.000025
2626.000000 0.000025
2627.000000 0.000024
2628.000000 0.000024
2629.000000 0.000024
2630.000000 0.000023
2631.000000 0.000023
2632.000000 0.000023
2633.000000 0.000023
2634.000000 0.000022
2635.000000 0.000022
2636.000000 0.000022
2637.000000 0.000022
2638.000000 0.000021
2639.000000 0.000021
2640.000000 0.000021
2641.000000 0.000021
2642.000000 0.000020
2643.000000 0.000020
2644.000000 0.000020
2645.000000 0.000020
2646.000000 0.000019
2647.000000 0.000019
2648.000000 0.000019
2649.000000 0.000019
2650.000000 0.000018
2651.000000 0.000018
2652.000000 0.000018
2653.000000 0.000018
2654.000000 0.000017
2655.000000 0.000017
2656.000000 0.000017
2657.000000 0.000017
2658.000000 0.000017
2659.000000 0.000016
2660.000000 0.000016
2661.000000 0.000016
2662.000000 0.000016
2663.000000 0.000015
2664.000000 0.000015
2665.000000 0.000015
2666.000000 0.000015
2667.000000 0.000015
2668.000000 0.000014
2669.000000 0.000014
2670.000000 0.000014
2671.000000 0.000014
2672.000000 0.000014
2673.000000 0.000013
2674.000000 0.000013
2675.000000 0.000013
2676.000000 0.000013
2677.000000 0.000013
2678.000000 0.000013
2679.000000 0.000012
2680.000000 0.000012
2681.000000 0.000012
2682.000000 0.000012
2683.000000 0.000012
2684.000000 0.000011
2685.000000 0.000011
2686.000000 0.000011
2687.000000 0.000011
2688.000000 0.000011
2689.000000 0.000011
2690.000000 0.000010
2691.000000 0.000010
2692.000000 0.000010
2693.000000 0.000010
2694.000000 0.000010
2695.000000 0.000010
2696.000000 0.000010
2697.000000 0.000009
2698.000000 0.000009
2699.000000 0.000009
2700.000000 0.000009
2701.000000 0.000009
2702.000000 0.000009
2703.000000 0.000009
2704.000000 0.000008
2705.000000 0.000008
2706.000000 0.000008
2707.000000 0.000008
2708.000000 0.000008
2709.000000 0.000008
2710.000000 0.000008
2711.000000 0.000008
2712.000000 0.000007
2713.000000 0.000007
2714.000000 0.000007
2715.000000 0.000007
2716.000000 0.000007
2717.000000 0.000007
2718.000000 0.000007
2719.000000 0.000007
2720.000000 0.000006
2721.000000 0.000006
2722.000000 0.000006
2723.000000 0.000006
2724.000000 0.000006
2725.000000 0.000006
2726.000000 0.000006
2727.000000 0.000006
2728.000000 0.000006
2729.000000 0.000005
2730.000000 0.000005
2731.000000 0.000005
2732.000000 0.000005
2733.000000 0.000005
2734.000000 0.000005
2735.000000 0.000005
2736.000000 0.000005
2737.000000 0.000005
2738.000000 0.000005
2739.000000 0.000005
2740.000000 0.000004
2741.000000 0.000004
2742.000000 0.000004
2743.000000 0.000004
2744.000000 0.000004
2745.000000 0.000004
2746.000000 0.000004
2747.000000 0.000004
2748.000000 0.000004
2749.000000 0.000004
2750.000000 0.000004
2751.000000 0.000004
2752.000000 0.000004
2753.000000 0.000003
2754.000000 0.000003
2755.000000 0.000003
2756.000000 0.000003
2757.000000 0.000003
2758.000000 0.000003
2759.000000 0.000003
2760.000000 0.000003
2761.000000 0.000003
2762.000000 0.000003
2763.000000 0.000003
2764.000000 0.000003
2765.000000 0.000003
2766.000000 0.000003
2767.000000 0.000003
2768.000000 0.000002
2769.000000 0.000002
2770.000000 0.000002
2771.000000 0.000002
2772.000000 0.000002
2773.000000 0.000002
2774.000000 0.000002
2775.000000 0.000002
2776.000000 0.000002
2777.000000 0.000002
2778.000000 0.000002
2779.000000 0.000002
2780.000000 0.000002
2781.000000 0.000002
2782.000000 0.000002
2783.000000 0.000002
2784.000000 0.000002
2785.000000 0.000002
2786.000000 0.000002
2787.000000 0.000002
2788.000000 0.000002
2789.000000 0.000002
2790.000000 0.000001
2791.000000 0.000001
2792.000000 0.000001
2793.000000 0.000001
2794.000000 0.000001
2795.000000 0.000001
2796.000000 0.000001
2797.000000 0.000001
2798.000000 0.000001
2799.000000 0.000001
2800.000000 0.000001
2801.000000 0.000001
2802.000000 0.000001
2803.000000 0.000001
2804.000000 0.000001
2805.000000 0.000001
2806.000000 0.000001
2807.000000 0.000001
2808.000000 0.000001
2809.000000 0.000001
2810.000000 0.000001
2811.000000 0.000001
2812.000000 0.000001
2813.000000 0.000001
2814.000000 0.000001
2815.000000 0.000001
2816.000000 0.000001
2817.000000 0.000001
2818.000000 0.000001
2819.000000 0.000001
2820.000000 0.000001
2821.000000 0.000001
2822.000000 0.000001
2823.000000 0.000001
2824.000000 0.000001
2825.000000 0.000001
2826.000000 0.000001
2827.000000 0.000000
2828.000000 0.000000
2829.000000 0.000000
2830.000000 0.000000
2831.000000 0.000000
2832.000000 0.000000
2833.000000 0.000000
2834.000000 0.000000
2835.000000 0.000000
2836.000000 0.000000
2837.000000 0.000000
2838.000000 0.000000
2839.000000 0.000000
2840.000000 0.000000
2841.000000 0.000000
2842.000000 0.000000
2843.000000 0.000000
2844.000000 0.000000
2845.000000 0.000000
2846.000000 0.000000
2847.000000 0.000000
2848.000000 0.000000
2849.000000 0.000000
2850.000000 0.000000
2851.000000 0.000000
2852.000000 0.000000
2853.000000 0.000000
2854.000000 0.000000
2855.000000 0.000000
2856.000000 0.000000
2857.000000 0.000000
2858.000000 0.000000
2859.000000 0.000000
2860.000000 0.000000
2861.000000 0.000000
2862.000000 0.000000
2863.000000 0.000000
2864.000000 0.000000
2865.000000 0.000000
2866.000000 0.000000
2867.000000 0.000000
2868.000000 0.000000
2869.000000 0.000000
2870.000000 0.000000
2871.000000 0.000000
2872.000000 0.000000
2873.000000 0.000000
2874.000000 0.000000
2875.000000 0.000000
2876.000000 0.000000
2877.000000 0.000000
2878.000000 0.000000
2879.000000 0.000000
2880.000000 0.000000
2881.000000 0.000000
2882.000000 0.000000
2883.000000 0.000000
2884.000000 0.000000
2885.000000 0.000000
2886.000000 0.000000
2887.000000 0.000000
2888.000000 0.000000
2889.000000 0.000000
2890.000000 0.000000
2891.000000 0.000000
2892.000000 0.000000
2893.000000 0.000000
2894.000000 0.000000
2895.000000 0.000000
2896.000000 0.000000
2897.000000 0.000000
2898.000000 0.000000
2899.000000 0.000000
2900.000000 0.000000
2901.000000 0.000000
2902.000000 0.000000
2903.000000 0.000000
2904.000000 0.000000
2905.000000 0.000000
2906.000000 0.000000
2907.000000 0.000000
2908.000000 0.000000
2909.000000 0.000000
2910.000000 0.000000
2911.000000 0.000000
2912.000000 0.000000
2913.000000 0.000000
2914.000000 0.000000
2915.000000 0.000000
2916.000000 0.000000
2917.000000 0.000000
2918.000000 0.000000
2919.000000 0.000000
2920.000000 0.000000
2921.000000 0.000000
2922.000000 0.000000
2923.000000 0.000000
2924.000000 0.000000
2925.000000 0.000000
2926.000000 0.000000
2927.000000 0.000000
2928.000000 0.000000
2929.000000 0.000000
2930.000000 0.000000
2931.000000 0.000000
2932.000000 0.000000
2933.000000 0.000000
2934.000000 0.000000
2935.000000 0.000000
2936.000000 0.000000
2937.000000 0.000000
2938.000000 0.000000
2939.000000 0.000000
2940.000000 0.000000
2941.000000 0.000000
2942.000000 0.000000
2943.000000 0.000000
2944.000000 0.000000
2945.000000 0.000000
2946.000000 0.000000
2947.000000 0.000000
2948.000000 0.000000
2949.000000 0.000000
2950.000000 0.000000
2951.000000 0.000000
2952.000000 0.000000
2953.000000 0.000000
2954.000000 0.000000
2955.000000 0.000000
2956.000000 0.000000
2957.000000 0.000000
2958.000000 0.000000
2959.000000 0.000000
2960.000000 0.000000
2961.000000 0.000000
2962.000000 0.000000
2963.000000 0.000000
2964.000000 0.000000
2965.000000 0.000000
2966.000000 0.000000
2967.000000 0.000000
2968.000000 0.000000
2969.000000 0.000000
2970.000000 0.000000
2971.000000 0.000000
2972.000000 0.000000
2973.000000 0.000000
2974.000000 0.000000
2975.000000 0.000000
2976.000000 0.000000
2977.000000 0.000000
2978.000000 0.000000
2979.000000 0.000000
2980.000000 0.000000
2981.000000 0.000000
2982.000000 0.000000
2983.000000 0.000000
2984.000000 0.000000
2985.000000 0.000000
2986.000000 0.000000
2987.000000 0.000000
2988.000000 0.000000
2989.000000 0.000000
2990.000000 0.000000
2991.000000 0.000000
2992.000000 0.000000
2993.000000 0.000000
2994.000000 0.000000
2995.000000 0.000000
2996.000000 0.000000
2997.000000 0.000000
2998.000000 0.000000
2999.000000 0.000000
3000.000000 0.000000
