n lam mean variance std
3000 0.870000 1500.493717 25774.742974 160.545143
bin_midpoint probability
1.000000 0.000000
2.000000 0.000000
3.000000 0.000000
4.000000 0.000000
5.000000 0.000000
6.000000 0.000000
7.000000 0.000000
8.000000 0.000000
9.000000 0.000000
10.000000 0.000000
11.000000 0.000000
12.000000 0.000000
13.000000 0.000000
14.000000 0.000000
15.000000 0.000000
16.000000 0.000000
17.000000 0.000000
18.000000 0.000000
19.000000 0.000000
20.000000 0.000000
21.000000 0.000000
22.000000 0.000000
23.000000 0.000000
24.000000 0.000000
25.000000 0.000000
26.000000 0.000000
27.000000 0.000000
28.000000 0.000000
29.000000 0.000000
30.000000 0.000000
31.000000 0.000000
32.000000 0.000000
33.000000 0.000000
34.000000 0.000000
35.000000 0.000000
36.000000 0.000000
37.000000 0.000000
38.000000 0.000000
39.000000 0.000000
40.000000 0.000000
41.000000 0.000000
42.000000 0.000000
43.000000 0.000000
44.000000 0.000000
45.000000 0.000000
46.000000 0.000000
47.000000 0.000000
48.000000 0.000000
49.000000 0.000000
50.000000 0.000000
51.000000 0.000000
52.000000 0.000000
53.000000 0.000000
54.000000 0.000000
55.000000 0.000000
56.000000 0.000000
57.000000 0.000000
58.000000 0.000000
59.000000 0.000000
60.000000 0.000000
61.000000 0.000000
62.000000 0.000000
63.000000 0.000000
64.000000 0.000000
65.000000 0.000000
66.000000 0.000000
67.000000 0.000000
68.000000 0.000000
69.000000 0.000000
70.000000 0.000000
71.000000 0.000000
72.000000 0.000000
73.000000 0.000000
74.000000 0.000000
75.000000 0.000000
76.000000 0.000000
77.000000 0.000000
78.000000 0.000000
79.000000 0.000000
80.000000 0.000000
81.000000 0.000000
82.000000 0.000000
83.000000 0.000000
84.000000 0.000000
85.000000 0.000000
86.000000 0.000000
87.000000 0.000000
88.000000 0.000000
89.000000 0.000000
90.000000 0.000000
91.000000 0.000000
92.000000 0.000000
93.000000 0.000000
94.000000 0.000000
95.000000 0.000000
96.000000 0.000000
97.000000 0.000000
98.000000 0.000000
99.000000 0.000000
100.000000 0.000000
101.000000 0.000000
102.000000 0.000000
103.000000 0.000000
104.000000 0.000000
105.000000 0.000000
106.000000 0.000000
107.000000 0.000000
108.000000 0.000000
109.000000 0.000000
110.000000 0.000000
111.000000 0.000000
112.000000 0.000000
113.000000 0.000000
114.000000 0.000000
115.000000 0.000000
116.000000 0.000000
117.000000 0.000000
118.000000 0.000000
119.000000 0.000000
120.000000 0.000000
121.000000 0.000000
122.000000 0.000000
123.000000 0.000000
124.000000 0.000000
125.000000 0.000000
126.000000 0.000000
127.000000 0.000000
128.000000 0.000000
129.000000 0.000000
130.000000 0.000000
131.000000 0.000000
132.000000 0.000000
133.000000 0.000000
134.000000 0.000000
135.000000 0.000000
136.000000 0.000000
137.000000 0.000000
138.000000 0.000000
139.000000 0.000000
140.000000 0.000000
141.000000 0.000000
142.000000 0.000000
143.000000 0.000000
144.000000 0.000000
145.000000 0.000000
146.000000 0.000000
147.000000 0.000000
148.000000 0.000000
149.000000 0.000000
150.000000 0.000000
151.000000 0.000000
152.000000 0.000000
153.000000 0.000000
154.000000 0.000000
155.000000 0.000000
156.000000 0.000000
157.000000 0.000000
158.000000 0.000000
159.000000 0.000000
160.000000 0.000000
161.000000 0.000000
162.000000 0.000000
163.000000 0.000000
164.000000 0.000000
165.000000 0.000000
166.000000 0.000000
167.000000 0.000000
168.000000 0.000000
169.000000 0.000000
170.000000 0.000000
171.000000 0.000000
172.000000 0.000000
173.000000 0.000000
174.000000 0.000000
175.000000 0.000000
176.000000 0.000000
177.000000 0.000000
178.000000 0.000000
179.000000 0.000000
180.000000 0.000000
181.000000 0.000000
182.000000 0.000000
183.000000 0.000000
184.000000 0.000000
185.000000 0.000000
186.000000 0.000000
187.000000 0.000000
188.000000 0.000000
189.000000 0.000000
190.000000 0.000000
191.000000 0.000000
192.000000 0.000000
193.000000 0.000000
194.000000 0.000000
195.000000 0.000000
196.000000 0.000000
197.000000 0.000000
198.000000 0.000000
199.000000 0.000000
200.000000 0.000000
201.000000 0.000000
202.000000 0.000000
203.000000 0.000000
204.000000 0.000000
205.000000 0.000000
206.000000 0.000000
207.000000 0.000000
208.000000 0.000000
209.000000 0.000000
210.000000 0.000000
211.000000 0.000000
212.000000 0.000000
213.000000 0.000000
214.000000 0.000000
215.000000 0.000000
216.000000 0.000000
217.000000 0.000000
218.000000 0.000000
219.000000 0.000000
220.000000 0.000000
221.000000 0.000000
222.000000 0.000000
223.000000 0.000000
224.000000 0.000000
225.000000 0.000000
226.000000 0.000000
227.000000 0.000000
228.000000 0.000000
229.000000 0.000000
230.000000 0.000000
231.000000 0.000000
232.000000 0.000000
233.000000 0.000000
234.000000 0.000000
235.000000 0.000000
236.000000 0.000000
237.000000 0.000000
238.000000 0.000000
239.000000 0.000000
240.000000 0.000000
241.000000 0.000000
242.000000 0.000000
243.000000 0.000000
244.000000 0.000000
245.000000 0.000000
246.000000 0.000000
247.000000 0.000000
248.000000 0.000000
249.000000 0.000000
250.000000 0.000000
251.000000 0.000000
252.000000 0.000000
253.000000 0.000000
254.000000 0.000000
255.000000 0.000000
256.000000 0.000000
257.000000 0.000000
258.000000 0.000000
259.000000 0.000000
260.000000 0.000000
261.000000 0.000000
262.000000 0.000000
263.000000 0.000000
264.000000 0.000000
265.000000 0.000000
266.000000 0.000000
267.000000 0.000000
268.000000 0.000000
269.000000 0.000000
270.000000 0.000000
271.000000 0.000000
272.000000 0.000000
273.000000 0.000000
274.000000 0.000000
275.000000 0.000000
276.000000 0.000000
277.000000 0.000000
278.000000 0.000000
279.000000 0.000000
280.000000 0.000000
281.000000 0.000000
282.000000 0.000000
283.000000 0.000000
284.000000 0.000000
285.000000 0.000000
286.000000 0.000000
287.000000 0.000000
288.000000 0.000000
289.000000 0.000000
290.000000 0.000000
291.000000 0.000000
292.000000 0.000000
293.000000 0.000000
294.000000 0.000000
295.000000 0.000000
296.000000 0.000000
297.000000 0.000000
298.000000 0.000000
299.000000 0.000000
300.000000 0.000000
301.000000 0.000000
302.000000 0.000000
303.000000 0.000000
304.000000 0.000000
305.000000 0.000000
306.000000 0.000000
307.000000 0.000000
308.000000 0.000000
309.000000 0.000000
310.000000 0.000000
311.000000 0.000000
312.000000 0.000000
313.000000 0.000000
314.000000 0.000000
315.000000 0.000000
316.000000 0.000000
317.000000 0.000000
318.000000 0.000000
319.000000 0.000000
320.000000 0.000000
321.000000 0.000000
322.000000 0.000000
323.000000 0.000000
324.000000 0.000000
325.000000 0.000000
326.000000 0.000000
327.000000 0.000000
328.000000 0.000000
329.000000 0.000000
330.000000 0.000000
331.000000 0.000000
332.000000 0.000000
333.000000 0.000000
334.000000 0.000000
335.000000 0.000000
336.000000 0.000000
337.000000 0.000000
338.000000 0.000000
339.000000 0.000000
340.000000 0.000000
341.000000 0.000000
342.000000 0.000000
343.000000 0.000000
344.000000 0.000000
345.000000 0.000000
346.000000 0.000000
347.000000 0.000000
348.000000 0.000000
349.000000 0.000000
350.000000 0.000000
351.000000 0.000000
352.000000 0.000000
353.000000 0.000000
354.000000 0.000000
355.000000 0.000000
356.000000 0.000000
357.000000 0.000000
358.000000 0.000000
359.000000 0.000000
360.000000 0.000000
361.000000 0.000000
362.000000 0.000000
363.000000 0.000000
364.000000 0.000000
365.000000 0.000000
366.000000 0.000000
367.000000 0.000000
368.000000 0.000000
369.000000 0.000000
370.000000 0.000000
371.000000 0.000000
372.000000 0.000000
373.000000 0.000000
374.000000 0.000000
375.000000 0.000000
376.000000 0.000000
377.000000 0.000000
378.000000 0.000000
379.000000 0.000000
380.000000 0.000000
381.000000 0.000000
382.000000 0.000000
383.000000 0.000000
384.000000 0.000000
385.000000 0.000000
386.000000 0.000000
387.000000 0.000000
388.000000 0.000000
389.000000 0.000000
390.000000 0.000000
391.000000 0.000000
392.000000 0.000000
393.000000 0.000000
394.000000 0.000000
395.000000 0.000000
396.000000 0.000000
397.000000 0.000000
398.000000 0.000000
399.000000 0.000000
400.000000 0.000000
401.000000 0.000000
402.000000 0.000000
403.000000 0.000000
404.000000 0.000000
405.000000 0.000000
406.000000 0.000000
407.000000 0.000000
408.000000 0.000000
409.000000 0.000000
410.000000 0.000000
411.000000 0.000000
412.000000 0.000000
413.000000 0.000000
414.000000 0.000000
415.000000 0.000000
416.000000 0.000000
417.000000 0.000000
418.000000 0.000000
419.000000 0.000000
420.000000 0.000000
421.000000 0.000000
422.000000 0.000000
423.000000 0.000000
424.000000 0.000000
425.000000 0.000000
426.000000 0.000000
427.000000 0.000000
428.000000 0.000000
429.000000 0.000000
430.000000 0.000000
431.000000 0.000000
432.000000 0.000000
433.000000 0.000000
434.000000 0.000000
435.000000 0.000000
436.000000 0.000000
437.000000 0.000000
438.000000 0.000000
439.000000 0.000000
440.000000 0.000000
441.000000 0.000000
442.000000 0.000000
443.000000 0.000000
444.000000 0.000000
445.000000 0.000000
446.000000 0.000000
447.000000 0.000000
448.000000 0.000000
449.000000 0.000000
450.000000 0.000000
451.000000 0.000000
452.000000 0.000000
453.000000 0.000000
454.000000 0.000000
455.000000 0.000000
456.000000 0.000000
457.000000 0.000000
458.000000 0.000000
459.000000 0.000000
460.000000 0.000000
461.000000 0.000000
462.000000 0.000000
463.000000 0.000000
464.000000 0.000000
465.000000 0.000000
466.000000 0.000000
467.000000 0.000000
468.000000 0.000000
469.000000 0.000000
470.000000 0.000000
471.000000 0.000000
472.000000 0.000000
473.000000 0.000000
474.000000 0.000000
475.000000 0.000000
476.000000 0.000000
477.000000 0.000000
478.000000 0.000000
479.000000 0.000000
480.000000 0.000000
481.000000 0.000000
482.000000 0.000000
483.000000 0.000000
484.000000 0.000000
485.000000 0.000000
486.000000 0.000000
487.000000 0.000000
488.000000 0.000000
489.000000 0.000000
490.000000 0.000000
491.000000 0.000000
492.000000 0.000000
493.000000 0.000000
494.000000 0.000000
495.000000 0.000000
496.000000 0.000000
497.000000 0.000000
498.000000 0.000000
499.000000 0.000000
500.000000 0.000000
501.000000 0.000000
502.000000 0.000000
503.000000 0.000000
504.000000 0.000000
505.000000 0.000000
506.000000 0.000000
507.000000 0.000000
508.000000 0.000000
509.000000 0.000000
510.000000 0.000000
511.000000 0.000000
512.000000 0.000000
513.000000 0.000000
514.000000 0.000000
515.000000 0.000000
516.000000 0.000000
517.000000 0.000000
518.000000 0.000000
519.000000 0.000000
520.000000 0.000000
521.000000 0.000000
522.000000 0.000000
523.000000 0.000000
524.000000 0.000000
525.000000 0.000000
526.000000 0.000000
527.000000 0.000000
528.000000 0.000000
529.000000 0.000000
530.000000 0.000000
531.000000 0.000000
532.000000 0.000000
533.000000 0.000000
534.000000 0.000000
535.000000 0.000000
536.000000 0.000000
537.000000 0.000000
538.000000 0.000000
539.000000 0.000000
540.000000 0.000000
541.000000 0.000000
542.000000 0.000000
543.000000 0.000000
544.000000 0.000000
545.000000 0.000000
546.000000 0.000000
547.000000 0.000000
548.000000 0.000000
549.000000 0.000000
550.000000 0.000000
551.000000 0.000000
552.000000 0.000000
553.000000 0.000000
554.000000 0.000000
555.000000 0.000000
556.000000 0.000000
557.000000 0.000000
558.000000 0.000000
559.000000 0.000000
560.000000 0.000000
561.000000 0.000000
562.000000 0.000000
563.000000 0.000000
564.000000 0.000000
565.000000 0.000000
566.000000 0.000000
567.000000 0.000000
568.000000 0.000000
569.000000 0.000000
570.000000 0.000000
571.000000 0.000000
572.000000 0.000000
573.000000 0.000000
574.000000 0.000000
575.000000 0.000000
576.000000 0.000000
577.000000 0.000000
578.000000 0.000000
579.000000 0.000000
580.000000 0.000000
581.000000 0.000000
582.000000 0.000000
583.000000 0.000000
584.000000 0.000000
585.000000 0.000000
586.000000 0.000000
587.000000 0.000000
588.000000 0.000000
589.000000 0.000000
590.000000 0.000000
591.000000 0.000000
592.000000 0.000000
593.000000 0.000000
594.000000 0.000000
595.000000 0.000000
596.000000 0.000000
597.000000 0.000000
598.000000 0.000000
599.000000 0.000000
600.000000 0.000000
601.000000 0.000000
602.000000 0.000000
603.000000 0.000000
604.000000 0.000000
605.000000 0.000000
606.000000 0.000000
607.000000 0.000000
608.000000 0.000000
609.000000 0.000000
610.000000 0.000000
611.000000 0.000000
612.000000 0.000000
613.000000 0.000000
614.000000 0.000000
615.000000 0.000000
616.000000 0.000000
617.000000 0.000000
618.000000 0.000000
619.000000 0.000000
620.000000 0.000000
621.000000 0.000000
622.000000 0.000000
623.000000 0.000000
624.000000 0.000000
625.000000 0.000000
626.000000 0.000000
627.000000 0.000000
628.000000 0.000000
629.000000 0.000000
630.000000 0.000000
631.000000 0.000000
632.000000 0.000000
633.000000 0.000000
634.000000 0.000000
635.000000 0.000000
636.000000 0.000000
637.000000 0.000000
638.000000 0.000000
639.000000 0.000000
640.000000 0.000000
641.000000 0.000000
642.000000 0.000000
643.000000 0.000000
644.000000 0.000000
645.000000 0.000000
646.000000 0.000000
647.000000 0.000000
648.000000 0.000000
649.000000 0.000000
650.000000 0.000000
651.000000 0.000000
652.000000 0.000000
653.000000 0.000000
654.000000 0.000000
655.000000 0.000000
656.000000 0.000000
657.000000 0.000000
658.000000 0.000000
659.000000 0.000000
660.000000 0.000000
661.000000 0.000000
662.000000 0.000000
663.000000 0.000000
664.000000 0.000000
665.000000 0.000000
666.000000 0.000000
667.000000 0.000000
668.000000 0.000000
669.000000 0.000000
670.000000 0.000000
671.000000 0.000000
672.000000 0.000000
673.000000 0.000000
674.000000 0.000000
675.000000 0.000000
676.000000 0.000000
677.000000 0.000000
678.000000 0.000000
679.000000 0.000000
680.000000 0.000000
681.000000 0.000000
682.000000 0.000000
683.000000 0.000000
684.000000 0.000000
685.000000 0.000000
686.000000 0.000000
687.000000 0.000000
688.000000 0.000000
689.000000 0.000000
690.000000 0.000000
691.000000 0.000000
692.000000 0.000000
693.000000 0.000000
694.000000 0.000000
695.000000 0.000000
696.000000 0.000000
697.000000 0.000000
698.000000 0.000000
699.000000 0.000000
700.000000 0.000000
701.000000 0.000000
702.000000 0.000000
703.000000 0.000000
704.000000 0.000000
705.000000 0.000000
706.000000 0.000000
707.000000 0.000000
708.000000 0.000000
709.000000 0.000000
710.000000 0.000000
711.000000 0.000000
712.000000 0.000000
713.000000 0.000000
714.000000 0.000000
715.000000 0.000000
716.000000 0.000000
717.000000 0.000000
718.000000 0.000000
719.000000 0.000000
720.000000 0.000000
721.000000 0.000000
722.000000 0.000000
723.000000 0.000000
724.000000 0.000000
725.000000 0.000000
726.000000 0.000000
727.000000 0.000000
728.000000 0.000000
729.000000 0.000000
730.000000 0.000000
731.000000 0.000000
732.000000 0.000000
733.000000 0.000000
734.000000 0.000000
735.000000 0.000000
736.000000 0.000000
737.000000 0.000000
738.000000 0.000000
739.000000 0.000000
740.000000 0.000000
741.000000 0.000000
742.000000 0.000000
743.000000 0.000000
744.000000 0.000000
745.000000 0.000000
746.000000 0.000000
747.000000 0.000000
748.000000 0.000000
749.000000 0.000000
750.000000 0.000000
751.000000 0.000000
752.000000 0.000000
753.000000 0.000000
754.000000 0.000000
755.000000 0.000000
756.000000 0.000000
757.000000 0.000000
758.000000 0.000000
759.000000 0.000000
760.000000 0.000000
761.000000 0.000000
762.000000 0.000000
763.000000 0.000000
764.000000 0.000000
765.000000 0.000000
766.000000 0.000000
767.000000 0.000000
768.000000 0.000000
769.000000 0.000000
770.000000 0.000000
771.000000 0.000000
772.000000 0.000000
773.000000 0.000000
774.000000 0.000000
775.000000 0.000000
776.000000 0.000000
777.000000 0.000000
778.000000 0.000000
779.000000 0.000000
780.000000 0.000000
781.000000 0.000000
782.000000 0.000000
783.000000 0.000000
784.000000 0.000000
785.000000 0.000000
786.000000 0.000000
787.000000 0.000000
788.000000 0.000000
789.000000 0.000000
790.000000 0.000000
791.000000 0.000000
792.000000 0.000000
793.000000 0.000000
794.000000 0.000000
795.000000 0.000000
796.000000 0.000000
797.000000 0.000000
798.000000 0.000000
799.000000 0.000000
800.000000 0.000000
801.000000 0.000000
802.000000 0.000000
803.000000 0.000000
804.000000 0.000000
805.000000 0.000000
806.000000 0.000000
807.000000 0.000000
808.000000 0.000000
809.000000 0.000000
810.000000 0.000000
811.000000 0.000000
812.000000 0.000000
813.000000 0.000000
814.000000 0.000000
815.000000 0.000000
816.000000 0.000000
817.000000 0.000000
818.000000 0.000000
819.000000 0.000000
820.000000 0.000000
821.000000 0.000000
822.000000 0.000000
823.000000 0.000000
824.000000 0.000000
825.000000 0.000000
826.000000 0.000000
827.000000 0.000000
828.000000 0.000000
829.000000 0.000000
830.000000 0.000000
831.000000 0.000000
832.000000 0.000000
833.000000 0.000000
834.000000 0.000000
835.000000 0.000000
836.000000 0.000000
837.000000 0.000000
838.000000 0.000000
839.000000 0.000000
840.000000 0.000000
841.000000 0.000000
842.000000 0.000000
843.000000 0.000000
844.000000 0.000000
845.000000 0.000000
846.000000 0.000000
847.000000 0.000000
848.000000 0.000000
849.000000 0.000000
850.000000 0.000000
851.000000 0.000000
852.000000 0.000000
853.000000 0.000000
854.000000 0.000000
855.000000 0.000000
856.000000 0.000000
857.000000 0.000000
858.000000 0.000000
859.000000 0.000000
860.000000 0.000000
861.000000 0.000000
862.000000 0.000000
863.000000 0.000000
864.000000 0.000000
865.000000 0.000000
866.000000 0.000000
867.000000 0.000000
868.000000 0.000000
869.000000 0.000000
870.000000 0.000000
871.000000 0.000001
872.000000 0.000001
873.000000 0.000001
874.000000 0.000001
875.000000 0.000001
876.000000 0.000001
877.000000 0.000001
878.000000 0.000001
879.000000 0.000001
880.000000 0.000001
881.000000 0.000001
882.000000 0.000001
883.000000 0.000001
884.000000 0.000001
885.000000 0.000001
886.000000 0.000001
887.000000 0.000001
888.000000 0.000001
889.000000 0.000001
890.000000 0.000001
891.000000 0.000001
892.000000 0.000001
893.000000 0.000001
894.000000 0.000001
895.000000 0.000001
896.000000 0.000001
897.000000 0.000001
898.000000 0.000001
899.000000 0.000001
900.000000 0.000001
901.000000 0.000001
902.000000 0.000001
903.000000 0.000001
904.000000 0.000001
905.000000 0.000001
906.000000 0.000001
907.000000 0.000002
908.000000 0.000002
909.000000 0.000002
910.000000 0.000002
911.000000 0.000002
912.000000 0.000002
913.000000 0.000002
914.000000 0.000002
915.000000 0.000002
916.000000 0.000002
917.000000 0.000002
918.000000 0.000002
919.000000 0.000002
920.000000 0.000002
921.000000 0.000002
922.000000 0.000002
923.000000 0.000002
924.000000 0.000002
925.000000 0.000002
926.000000 0.000003
927.000000 0.000003
928.000000 0.000003
929.000000 0.000003
930.000000 0.000003
931.000000 0.000003
932.000000 0.000003
933.000000 0.000003
934.000000 0.000003
935.000000 0.000003
936.000000 0.000003
937.000000 0.000003
938.000000 0.000004
939.000000 0.000004
940.000000 0.000004
941.000000 0.000004
942.000000 0.000004
943.000000 0.000004
944.000000 0.000004
945.000000 0.000004
946.000000 0.000004
947.000000 0.000004
948.000000 0.000005
949.000000 0.000005
950.000000 0.000005
951.000000 0.000005
952.000000 0.000005
953.000000 0.000005
954.000000 0.000005
955.000000 0.000005
956.000000 0.000006
957.000000 0.000006
958.000000 0.000006
959.000000 0.000006
960.000000 0.000006
961.000000 0.000006
962.000000 0.000006
963.000000 0.000007
964.000000 0.000007
965.000000 0.000007
966.000000 0.000007
967.000000 0.000007
968.000000 0.000007
969.000000 0.000008
970.000000 0.000008
971.000000 0.000008
972.000000 0.000008
973.000000 0.000008
974.000000 0.000009
975.000000 0.000009
976.000000 0.000009
977.000000 0.000009
978.000000 0.000010
979.000000 0.000010
980.000000 0.000010
981.000000 0.000010
982.000000 0.000010
983.000000 0.000011
984.000000 0.000011
985.000000 0.000011
986.000000 0.000011
987.000000 0.000012
988.000000 0.000012
989.000000 0.000012
990.000000 0.000013
991.000000 0.000013
992.000000 0.000013
993.000000 0.000013
994.000000 0.000014
995.000000 0.000014
996.000000 0.000014
997.000000 0.000015
998.000000 0.000015
999.000000 0.000015
1000.000000 0.000016
1001.000000 0.000016
1002.000000 0.000016
1003.000000 0.000017
1004.000000 0.000017
1005.000000 0.000018
1006.000000 0.000018
1007.000000 0.000018
1008.000000 0.000019
1009.000000 0.000019
1010.000000 0.000020
1011.000000 0.000020
1012.000000 0.000020
1013.000000 0.000021
1014.000000 0.000021
1015.000000 0.000022
1016.000000 0.000022
1017.000000 0.000023
1018.000000 0.000023
1019.000000 0.000024
1020.000000 0.000024
1021.000000 0.000025
1022.000000 0.000025
1023.000000 0.000026
1024.000000 0.000026
1025.000000 0.000027
1026.000000 0.000027
1027.000000 0.000028
1028.000000 0.000029
1029.000000 0.000029
1030.000000 0.000030
1031.000000 0.000030
1032.000000 0.000031
1033.000000 0.000032
1034.000000 0.000032
1035.000000 0.000033
1036.000000 0.000034
1037.000000 0.000034
1038.000000 0.000035
1039.000000 0.000036
1040.000000 0.000036
1041.000000 0.000037
1042.000000 0.000038
1043.000000 0.000039
1044.000000 0.000039
1045.000000 0.000040
1046.000000 0.000041
1047.000000 0.000042
1048.000000 0.000042
1049.000000 0.000043
1050.000000 0.000044
1051.000000 0.000045
1052.000000 0.000046
1053.000000 0.000047
1054.000000 0.000048
1055.000000 0.000049
1056.000000 0.000050
1057.000000 0.000050
1058.000000 0.000051
1059.000000 0.000052
1060.000000 0.000053
1061.000000 0.000054
1062.000000 0.000055
1063.000000 0.000056
1064.000000 0.000058
1065.000000 0.000059
1066.000000 0.000060
1067.000000 0.000061
1068.000000 0.000062
1069.000000 0.000063
1070.000000 0.000064
1071.000000 0.000065
1072.000000 0.000066
1073.000000 0.000068
1074.000000 0.000069
1075.000000 0.000070
1076.000000 0.000071
1077.000000 0.000073
1078.000000 0.000074
1079.000000 0.000075
1080.000000 0.000077
1081.000000 0.000078
1082.000000 0.000079
1083.000000 0.000081
1084.000000 0.000082
1085.000000 0.000084
1086.000000 0.000085
1087.000000 0.000087
1088.000000 0.000088
1089.000000 0.000090
1090.000000 0.000091
1091.000000 0.000093
1092.000000 0.000094
1093.000000 0.000096
1094.000000 0.000098
1095.000000 0.000099
1096.000000 0.000101
1097.000000 0.000103
1098.000000 0.000104
1099.000000 0.000106
1100.000000 0.000108
1101.000000 0.000110
1102.000000 0.000111
1103.000000 0.000113
1104.000000 0.000115
1105.000000 0.000117
1106.000000 0.000119
1107.000000 0.000121
1108.000000 0.000123
1109.000000 0.000125
1110.000000 0.000127
1111.000000 0.000129
1112.000000 0.000131
1113.000000 0.000133
1114.000000 0.000135
1115.000000 0.000137
1116.000000 0.000140
1117.000000 0.000142
1118.000000 0.000144
1119.000000 0.000147
1120.000000 0.000149
1121.000000 0.000151
1122.000000 0.000153
1123.000000 0.000156
1124.000000 0.000158
1125.000000 0.000161
1126.000000 0.000163
1127.000000 0.000166
1128.000000 0.000168
1129.000000 0.000171
1130.000000 0.000173
1131.000000 0.000176
1132.000000 0.000179
1133.000000 0.000181
1134.000000 0.000184
1135.000000 0.000187
1136.000000 0.000190
1137.000000 0.000192
1138.000000 0.000195
1139.000000 0.000198
1140.000000 0.000201
1141.000000 0.000204
1142.000000 0.000207
1143.000000 0.000210
1144.000000 0.000213
1145.000000 0.000216
1146.000000 0.000219
1147.000000 0.000222
1148.000000 0.000225
1149.000000 0.000229
1150.000000 0.000232
1151.000000 0.000235
1152.000000 0.000239
1153.000000 0.000242
1154.000000 0.000245
1155.000000 0.000249
1156.000000 0.000252
1157.000000 0.000256
1158.000000 0.000259
1159.000000 0.000263
1160.000000 0.000266
1161.000000 0.000270
1162.000000 0.000274
1163.000000 0.000278
1164.000000 0.000281
1165.000000 0.000285
1166.000000 0.000289
1167.000000 0.000292
1168.000000 0.000297
1169.000000 0.000300
1170.000000 0.000305
1171.000000 0.000308
1172.000000 0.000312
1173.000000 0.000317
1174.000000 0.000321
1175.000000 0.000325
1176.000000 0.000329
1177.000000 0.000333
1178.000000 0.000338
1179.000000 0.000342
1180.000000 0.000346
1181.000000 0.000351
1182.000000 0.000355
1183.000000 0.000360
1184.000000 0.000364
1185.000000 0.000369
1186.000000 0.000374
1187.000000 0.000378
1188.000000 0.000383
1189.000000 0.000388
1190.000000 0.000393
1191.000000 0.000397
1192.000000 0.000402
1193.000000 0.000407
1194.000000 0.000412
1195.000000 0.000417
1196.000000 0.000422
1197.000000 0.000427
1198.000000 0.000432
1199.000000 0.000437
1200.000000 0.000443
1201.000000 0.000448
1202.000000 0.000453
1203.000000 0.000458
1204.000000 0.000464
1205.000000 0.000469
1206.000000 0.000474
1207.000000 0.000480
1208.000000 0.000485
1209.000000 0.000491
1210.000000 0.000496
1211.000000 0.000502
1212.000000 0.000508
1213.000000 0.000514
1214.000000 0.000519
1215.000000 0.000526
1216.000000 0.000531
1217.000000 0.000537
1218.000000 0.000543
1219.000000 0.000549
1220.000000 0.000555
1221.000000 0.000561
1222.000000 0.000567
1223.000000 0.000573
1224.000000 0.000580
1225.000000 0.000586
1226.000000 0.000592
1227.000000 0.000599
1228.000000 0.000605
1229.000000 0.000611
1230.000000 0.000618
1231.000000 0.000624
1232.000000 0.000631
1233.000000 0.000637
1234.000000 0.000643
1235.000000 0.000650
1236.000000 0.000657
1237.000000 0.000664
1238.000000 0.000671
1239.000000 0.000677
1240.000000 0.000685
1241.000000 0.000691
1242.000000 0.000698
1243.000000 0.000705
1244.000000 0.000713
1245.000000 0.000719
1246.000000 0.000726
1247.000000 0.000733
1248.000000 0.000741
1249.000000 0.000748
1250.000000 0.000755
1251.000000 0.000762
1252.000000 0.000770
1253.000000 0.000777
1254.000000 0.000785
1255.000000 0.000792
1256.000000 0.000799
1257.000000 0.000807
1258.000000 0.000813
1259.000000 0.000822
1260.000000 0.000829
1261.000000 0.000838
1262.000000 0.000845
1263.000000 0.000853
1264.000000 0.000860
1265.000000 0.000869
1266.000000 0.000876
1267.000000 0.000884
1268.000000 0.000892
1269.000000 0.000900
1270.000000 0.000907
1271.000000 0.000915
1272.000000 0.000924
1273.000000 0.000932
1274.000000 0.000940
1275.000000 0.000948
1276.000000 0.000956
1277.000000 0.000965
1278.000000 0.000972
1279.000000 0.000981
1280.000000 0.000989
1281.000000 0.000997
1282.000000 0.001006
1283.000000 0.001013
1284.000000 0.001022
1285.000000 0.001031
1286.000000 0.001040
1287.000000 0.001048
1288.000000 0.001057
1289.000000 0.001065
1290.000000 0.001074
1291.000000 0.001082
1292.000000 0.001091
1293.000000 0.001099
1294.000000 0.001108
1295.000000 0.001116
1296.000000 0.001124
1297.000000 0.001134
1298.000000 0.001143
1299.000000 0.001151
1300.000000 0.001161
1301.000000 0.001169
1302.000000 0.001178
1303.000000 0.001186
1304.000000 0.001195
1305.000000 0.001204
1306.000000 0.001213
1307.000000 0.001223
1308.000000 0.001230
1309.000000 0.001240
1310.000000 0.001249
1311.000000 0.001258
1312.000000 0.001267
1313.000000 0.001276
1314.000000 0.001285
1315.000000 0.001294
1316.000000 0.001303
1317.000000 0.001312
1318.000000 0.001321
1319.000000 0.001331
1320.000000 0.001339
1321.000000 0.001347
1322.000000 0.001357
1323.000000 0.001366
1324.000000 0.001376
1325.000000 0.001385
1326.000000 0.001394
1327.000000 0.001403
1328.000000 0.001412
1329.000000 0.001421
1330.000000 0.001430
1331.000000 0.001440
1332.000000 0.001448
1333.000000 0.001456
1334.000000 0.001467
1335.000000 0.001476
1336.000000 0.001485
1337.000000 0.001495
1338.000000 0.001504
1339.000000 0.001513
1340.000000 0.001522
1341.000000 0.001531
1342.000000 0.001540
1343.000000 0.001549
1344.000000 0.001559
1345.000000 0.001566
1346.000000 0.001576
1347.000000 0.001585
1348.000000 0.001594
1349.000000 0.001603
1350.000000 0.001613
1351.000000 0.001622
1352.000000 0.001631
1353.000000 0.001639
1354.000000 0.001649
1355.000000 0.001658
1356.000000 0.001667
1357.000000 0.001675
1358.000000 0.001683
1359.000000 0.001693
1360.000000 0.001702
1361.000000 0.001711
1362.000000 0.001720
1363.000000 0.001729
1364.000000 0.001738
1365.000000 0.001747
1366.000000 0.001755
1367.000000 0.001764
1368.000000 0.001773
1369.000000 0.001782
1370.000000 0.001789
1371.000000 0.001799
1372.000000 0.001807
1373.000000 0.001816
1374.000000 0.001825
1375.000000 0.001834
1376.000000 0.001842
1377.000000 0.001851
1378.000000 0.001859
1379.000000 0.001867
1380.000000 0.001876
1381.000000 0.001885
1382.000000 0.001892
1383.000000 0.001899
1384.000000 0.001909
1385.000000 0.001917
1386.000000 0.001925
1387.000000 0.001934
1388.000000 0.001942
1389.000000 0.001950
1390.000000 0.001958
1391.000000 0.001965
1392.000000 0.001973
1393.000000 0.001981
1394.000000 0.001990
1395.000000 0.001995
1396.000000 0.002004
1397.000000 0.002012
1398.000000 0.002020
1399.000000 0.002028
1400.000000 0.002035
1401.000000 0.002043
1402.000000 0.002050
1403.000000 0.002058
1404.000000 0.002065
1405.000000 0.002073
1406.000000 0.002081
1407.000000 0.002087
1408.000000 0.002092
1409.000000 0.002101
1410.000000 0.002108
1411.000000 0.002116
1412.000000 0.002123
1413.000000 0.002129
1414.000000 0.002137
1415.000000 0.002143
1416.000000 0.002149
1417.000000 0.002156
1418.000000 0.002164
1419.000000 0.002169
1420.000000 0.002174
1421.000000 0.002182
1422.000000 0.002188
1423.000000 0.002195
1424.000000 0.002202
1425.000000 0.002207
1426.000000 0.002214
1427.000000 0.002220
1428.000000 0.002225
1429.000000 0.002231
1430.000000 0.002237
1431.000000 0.002244
1432.000000 0.002247
1433.000000 0.002254
1434.000000 0.002260
1435.000000 0.002265
1436.000000 0.002271
1437.000000 0.002277
1438.000000 0.002281
1439.000000 0.002287
1440.000000 0.002292
1441.000000 0.002297
1442.000000 0.002302
1443.000000 0.002308
1444.000000 0.002312
1445.000000 0.002315
1446.000000 0.002321
1447.000000 0.002325
1448.000000 0.002330
1449.000000 0.002335
1450.000000 0.002339
1451.000000 0.002344
1452.000000 0.002347
1453.000000 0.002352
1454.000000 0.002356
1455.000000 0.002360
1456.000000 0.002365
1457.000000 0.002366
1458.000000 0.002371
1459.000000 0.002375
1460.000000 0.002378
1461.000000 0.002382
1462.000000 0.002386
1463.000000 0.002389
1464.000000 0.002392
1465.000000 0.002395
1466.000000 0.002398
1467.000000 0.002401
1468.000000 0.002405
1469.000000 0.002407
1470.000000 0.002408
1471.000000 0.002412
1472.000000 0.002414
1473.000000 0.002417
1474.000000 0.002420
1475.000000 0.002422
1476.000000 0.002425
1477.000000 0.002426
1478.000000 0.002428
1479.000000 0.002430
1480.000000 0.002432
1481.000000 0.002435
1482.000000 0.002434
1483.000000 0.002437
1484.000000 0.002439
1485.000000 0.002440
1486.000000 0.002442
1487.000000 0.002443
1488.000000 0.002445
1489.000000 0.002445
1490.000000 0.002446
1491.000000 0.002447
1492.000000 0.002448
1493.000000 0.002450
1494.000000 0.002449
1495.000000 0.002448
1496.000000 0.002450
1497.000000 0.002450
1498.000000 0.002451
1499.000000 0.002452
1500.000000 0.002451
1501.000000 0.002452
1502.000000 0.002451
1503.000000 0.002451
1504.000000 0.002450
1505.000000 0.002451
1506.000000 0.002450
1507.000000 0.002448
1508.000000 0.002448
1509.000000 0.002447
1510.000000 0.002447
1511.000000 0.002447
1512.000000 0.002445
1513.000000 0.002445
1514.000000 0.002443
1515.000000 0.002441
1516.000000 0.002440
1517.000000 0.002439
1518.000000 0.002438
1519.000000 0.002434
1520.000000 0.002434
1521.000000 0.002432
1522.000000 0.002430
1523.000000 0.002428
1524.000000 0.002427
1525.000000 0.002424
1526.000000 0.002423
1527.000000 0.002420
1528.000000 0.002417
1529.000000 0.002415
1530.000000 0.002413
1531.000000 0.002410
1532.000000 0.002405
1533.000000 0.002404
1534.000000 0.002401
1535.000000 0.002398
1536.000000 0.002396
1537.000000 0.002392
1538.000000 0.002389
1539.000000 0.002385
1540.000000 0.002382
1541.000000 0.002378
1542.000000 0.002375
1543.000000 0.002372
1544.000000 0.002366
1545.000000 0.002363
1546.000000 0.002359
1547.000000 0.002355
1548.000000 0.002351
1549.000000 0.002348
1550.000000 0.002343
1551.000000 0.002340
1552.000000 0.002334
1553.000000 0.002330
1554.000000 0.002326
1555.000000 0.002322
1556.000000 0.002317
1557.000000 0.002310
1558.000000 0.002306
1559.000000 0.002301
1560.000000 0.002297
1561.000000 0.002292
1562.000000 0.002286
1563.000000 0.002282
1564.000000 0.002276
1565.000000 0.002271
1566.000000 0.002265
1567.000000 0.002260
1568.000000 0.002255
1569.000000 0.002247
1570.000000 0.002243
1571.000000 0.002237
1572.000000 0.002231
1573.000000 0.002226
1574.000000 0.002219
1575.000000 0.002214
1576.000000 0.002207
1577.000000 0.002201
1578.000000 0.002194
1579.000000 0.002189
1580.000000 0.002183
1581.000000 0.002176
1582.000000 0.002168
1583.000000 0.002163
1584.000000 0.002156
1585.000000 0.002149
1586.000000 0.002143
1587.000000 0.002136
1588.000000 0.002130
1589.000000 0.002122
1590.000000 0.002115
1591.000000 0.002108
1592.000000 0.002102
1593.000000 0.002094
1594.000000 0.002086
1595.000000 0.002079
1596.000000 0.002072
1597.000000 0.002065
1598.000000 0.002059
1599.000000 0.002050
1600.000000 0.002044
1601.000000 0.002035
1602.000000 0.002028
1603.000000 0.002020
1604.000000 0.002013
1605.000000 0.002005
1606.000000 0.001996
1607.000000 0.001989
1608.000000 0.001981
1609.000000 0.001973
1610.000000 0.001965
1611.000000 0.001958
1612.000000 0.001949
1613.000000 0.001942
1614.000000 0.001933
1615.000000 0.001925
1616.000000 0.001917
1617.000000 0.001909
1618.000000 0.001901
1619.000000 0.001891
1620.000000 0.001884
1621.000000 0.001875
1622.000000 0.001867
1623.000000 0.001859
1624.000000 0.001850
1625.000000 0.001842
1626.000000 0.001833
1627.000000 0.001824
1628.000000 0.001816
1629.000000 0.001808
1630.000000 0.001799
1631.000000 0.001790
1632.000000 0.001781
1633.000000 0.001773
1634.000000 0.001764
1635.000000 0.001755
1636.000000 0.001747
1637.000000 0.001737
1638.000000 0.001729
1639.000000 0.001720
1640.000000 0.001711
1641.000000 0.001702
1642.000000 0.001694
1643.000000 0.001685
1644.000000 0.001675
1645.000000 0.001666
1646.000000 0.001657
1647.000000 0.001648
1648.000000 0.001640
1649.000000 0.001630
1650.000000 0.001622
1651.000000 0.001612
1652.000000 0.001603
1653.000000 0.001594
1654.000000 0.001586
1655.000000 0.001577
1656.000000 0.001567
1657.000000 0.001558
1658.000000 0.001549
1659.000000 0.001539
1660.000000 0.001531
1661.000000 0.001521
1662.000000 0.001513
1663.000000 0.001503
1664.000000 0.001494
1665.000000 0.001484
1666.000000 0.001476
1667.000000 0.001467
1668.000000 0.001458
1669.000000 0.001448
1670.000000 0.001439
1671.000000 0.001430
1672.000000 0.001421
1673.000000 0.001413
1674.000000 0.001402
1675.000000 0.001394
1676.000000 0.001384
1677.000000 0.001375
1678.000000 0.001366
1679.000000 0.001358
1680.000000 0.001348
1681.000000 0.001339
1682.000000 0.001330
1683.000000 0.001321
1684.000000 0.001311
1685.000000 0.001304
1686.000000 0.001293
1687.000000 0.001285
1688.000000 0.001275
1689.000000 0.001267
1690.000000 0.001257
1691.000000 0.001249
1692.000000 0.001240
1693.000000 0.001231
1694.000000 0.001222
1695.000000 0.001213
1696.000000 0.001204
1697.000000 0.001195
1698.000000 0.001187
1699.000000 0.001177
1700.000000 0.001169
1701.000000 0.001160
1702.000000 0.001151
1703.000000 0.001142
1704.000000 0.001134
1705.000000 0.001125
1706.000000 0.001116
1707.000000 0.001107
1708.000000 0.001099
1709.000000 0.001090
1710.000000 0.001082
1711.000000 0.001073
1712.000000 0.001065
1713.000000 0.001056
1714.000000 0.001048
1715.000000 0.001039
1716.000000 0.001031
1717.000000 0.001023
1718.000000 0.001014
1719.000000 0.001006
1720.000000 0.000997
1721.000000 0.000989
1722.000000 0.000980
1723.000000 0.000973
1724.000000 0.000964
1725.000000 0.000956
1726.000000 0.000948
1727.000000 0.000940
1728.000000 0.000931
1729.000000 0.000924
1730.000000 0.000916
1731.000000 0.000908
1732.000000 0.000899
1733.000000 0.000892
1734.000000 0.000884
1735.000000 0.000877
1736.000000 0.000868
1737.000000 0.000861
1738.000000 0.000852
1739.000000 0.000845
1740.000000 0.000837
1741.000000 0.000830
1742.000000 0.000822
1743.000000 0.000814
1744.000000 0.000807
1745.000000 0.000799
1746.000000 0.000792
1747.000000 0.000785
1748.000000 0.000777
1749.000000 0.000770
1750.000000 0.000762
1751.000000 0.000755
1752.000000 0.000747
1753.000000 0.000741
1754.000000 0.000734
1755.000000 0.000726
1756.000000 0.000719
1757.000000 0.000712
1758.000000 0.000705
1759.000000 0.000698
1760.000000 0.000692
1761.000000 0.000684
1762.000000 0.000678
1763.000000 0.000670
1764.000000 0.000664
1765.000000 0.000657
1766.000000 0.000651
1767.000000 0.000644
1768.000000 0.000637
1769.000000 0.000631
1770.000000 0.000624
1771.000000 0.000618
1772.000000 0.000611
1773.000000 0.000605
1774.000000 0.000599
1775.000000 0.000592
1776.000000 0.000586
1777.000000 0.000579
1778.000000 0.000573
1779.000000 0.000567
1780.000000 0.000561
1781.000000 0.000555
1782.000000 0.000549
1783.000000 0.000543
1784.000000 0.000537
1785.000000 0.000532
1786.000000 0.000525
1787.000000 0.000520
1788.000000 0.000513
1789.000000 0.000508
1790.000000 0.000502
1791.000000 0.000497
1792.000000 0.000491
1793.000000 0.000485
1794.000000 0.000480
1795.000000 0.000474
1796.000000 0.000469
1797.000000 0.000464
1798.000000 0.000458
1799.000000 0.000453
1800.000000 0.000448
1801.000000 0.000442
1802.000000 0.000437
1803.000000 0.000432
1804.000000 0.000427
1805.000000 0.000422
1806.000000 0.000417
1807.000000 0.000412
1808.000000 0.000407
1809.000000 0.000402
1810.000000 0.000397
1811.000000 0.000392
1812.000000 0.000388
1813.000000 0.000383
1814.000000 0.000378
1815.000000 0.000373
1816.000000 0.000369
1817.000000 0.000364
1818.000000 0.000360
1819.000000 0.000355
1820.000000 0.000351
1821.000000 0.000346
1822.000000 0.000342
1823.000000 0.000338
1824.000000 0.000333
1825.000000 0.000329
1826.000000 0.000325
1827.000000 0.000321
1828.000000 0.000317
1829.000000 0.000313
1830.000000 0.000308
1831.000000 0.000305
1832.000000 0.000300
1833.000000 0.000297
1834.000000 0.000293
1835.000000 0.000289
1836.000000 0.000285
1837.000000 0.000281
1838.000000 0.000277
1839.000000 0.000274
1840.000000 0.000270
1841.000000 0.000266
1842.000000 0.000263
1843.000000 0.000259
1844.000000 0.000256
1845.000000 0.000252
1846.000000 0.000249
1847.000000 0.000245
1848.000000 0.000242
1849.000000 0.000239
1850.000000 0.000235
1851.000000 0.000232
1852.000000 0.000228
1853.000000 0.000225
1854.000000 0.000222
1855.000000 0.000219
1856.000000 0.000216
1857.000000 0.000213
1858.000000 0.000210
1859.000000 0.000207
1860.000000 0.000204
1861.000000 0.000201
1862.000000 0.000198
1863.000000 0.000195
1864.000000 0.000192
1865.000000 0.000189
1866.000000 0.000187
1867.000000 0.000184
1868.000000 0.000181
1869.000000 0.000179
1870.000000 0.000176
1871.000000 0.000173
1872.000000 0.000171
1873.000000 0.000168
1874.000000 0.000166
1875.000000 0.000163
1876.000000 0.000161
1877.000000 0.000158
1878.000000 0.000156
1879.000000 0.000153
1880.000000 0.000151
1881.000000 0.000149
1882.000000 0.000146
1883.000000 0.000144
1884.000000 0.000142
1885.000000 0.000140
1886.000000 0.000138
1887.000000 0.000135
1888.000000 0.000133
1889.000000 0.000131
1890.000000 0.000129
1891.000000 0.000127
1892.000000 0.000125
1893.000000 0.000123
1894.000000 0.000121
1895.000000 0.000119
1896.000000 0.000117
1897.000000 0.000115
1898.000000 0.000113
1899.000000 0.000112
1900.000000 0.000110
1901.000000 0.000108
1902.000000 0.000106
1903.000000 0.000104
1904.000000 0.000103
1905.000000 0.000101
1906.000000 0.000099
1907.000000 0.000098
1908.000000 0.000096
1909.000000 0.000094
1910.000000 0.000093
1911.000000 0.000091
1912.000000 0.000090
1913.000000 0.000088
1914.000000 0.000087
1915.000000 0.000085
1916.000000 0.000084
1917.000000 0.000082
1918.000000 0.000081
1919.000000 0.000079
1920.000000 0.000078
1921.000000 0.000077
1922.000000 0.000075
1923.000000 0.000074
1924.000000 0.000073
1925.000000 0.000071
1926.000000 0.000070
1927.000000 0.000069
1928.000000 0.000068
1929.000000 0.000067
1930.000000 0.000065
1931.000000 0.000064
1932.000000 0.000063
1933.000000 0.000062
1934.000000 0.000061
1935.000000 0.000060
1936.000000 0.000059
1937.000000 0.000057
1938.000000 0.000056
1939.000000 0.000055
1940.000000 0.000054
1941.000000 0.000053
1942.000000 0.000052
1943.000000 0.000051
1944.000000 0.000050
1945.000000 0.000050
1946.000000 0.000049
1947.000000 0.000048
1948.000000 0.000047
1949.000000 0.000046
1950.000000 0.000045
1951.000000 0.000044
1952.000000 0.000043
1953.000000 0.000042
1954.000000 0.000042
1955.000000 0.000041
1956.000000 0.000040
1957.000000 0.000039
1958.000000 0.000039
1959.000000 0.000038
1960.000000 0.000037
1961.000000 0.000036
1962.000000 0.000036
1963.000000 0.000035
1964.000000 0.000034
1965.000000 0.000034
1966.000000 0.000033
1967.000000 0.000032
1968.000000 0.000032
1969.000000 0.000031
1970.000000 0.000030
1971.000000 0.000030
1972.000000 0.000029
1973.000000 0.000029
1974.000000 0.000028
1975.000000 0.000027
1976.000000 0.000027
1977.000000 0.000026
1978.000000 0.000026
1979.000000 0.000025
1980.000000 0.000025
1981.000000 0.000024
1982.000000 0.000024
1983.000000 0.000023
1984.000000 0.000023
1985.000000 0.000022
1986.000000 0.000022
1987.000000 0.000021
1988.000000 0.000021
1989.000000 0.000020
1990.000000 0.000020
1991.000000 0.000020
1992.000000 0.000019
1993.000000 0.000019
1994.000000 0.000018
1995.000000 0.000018
1996.000000 0.000018
1997.000000 0.000017
1998.000000 0.000017
1999.000000 0.000016
2000.000000 0.000016
2001.000000 0.000016
2002.000000 0.000015
2003.000000 0.000015
2004.000000 0.000015
2005.000000 0.000014
2006.000000 0.000014
2007.000000 0.000014
2008.000000 0.000013
2009.000000 0.000013
2010.000000 0.000013
2011.000000 0.000013
2012.000000 0.000012
2013.000000 0.000012
2014.000000 0.000012
2015.000000 0.000011
2016.000000 0.000011
2017.000000 0.000011
2018.000000 0.000011
2019.000000 0.000010
2020.000000 0.000010
2021.000000 0.000010
2022.000000 0.000010
2023.000000 0.000010
2024.000000 0.000009
2025.000000 0.000009
2026.000000 0.000009
2027.000000 0.000009
2028.000000 0.000008
2029.000000 0.000008
2030.000000 0.000008
2031.000000 0.000008
2032.000000 0.000008
2033.000000 0.000007
2034.000000 0.000007
2035.000000 0.000007
2036.000000 0.000007
2037.000000 0.000007
2038.000000 0.000007
2039.000000 0.000006
2040.000000 0.000006
2041.000000 0.000006
2042.000000 0.000006
2043.000000 0.000006
2044.000000 0.000006
2045.000000 0.000006
2046.000000 0.000005
2047.000000 0.000005
2048.000000 0.000005
2049.000000 0.000005
2050.000000 0.000005
2051.000000 0.000005
2052.000000 0.000005
2053.000000 0.000005
2054.000000 0.000004
2055.000000 0.000004
2056.000000 0.000004
2057.000000 0.000004
2058.000000 0.000004
2059.000000 0.000004
2060.000000 0.000004
2061.000000 0.000004
2062.000000 0.000004
2063.000000 0.000004
2064.000000 0.000003
2065.000000 0.000003
2066.000000 0.000003
2067.000000 0.000003
2068.000000 0.000003
2069.000000 0.000003
2070.000000 0.000003
2071.000000 0.000003
2072.000000 0.000003
2073.000000 0.000003
2074.000000 0.000003
2075.000000 0.000003
2076.000000 0.000002
2077.000000 0.000002
2078.000000 0.000002
2079.000000 0.000002
2080.000000 0.000002
2081.000000 0.000002
2082.000000 0.000002
2083.000000 0.000002
2084.000000 0.000002
2085.000000 0.000002
2086.000000 0.000002
2087.000000 0.000002
2088.000000 0.000002
2089.000000 0.000002
2090.000000 0.000002
2091.000000 0.000002
2092.000000 0.000002
2093.000000 0.000002
2094.000000 0.000002
2095.000000 0.000001
2096.000000 0.000001
2097.000000 0.000001
2098.000000 0.000001
2099.000000 0.000001
2100.000000 0.000001
2101.000000 0.000001
2102.000000 0.000001
2103.000000 0.000001
2104.000000 0.000001
2105.000000 0.000001
2106.000000 0.000001
2107.000000 0.000001
2108.000000 0.000001
2109.000000 0.000001
2110.000000 0.000001
2111.000000 0.000001
2112.000000 0.000001
2113.000000 0.000001
2114.000000 0.000001
2115.000000 0.000001
2116.000000 0.000001
2117.000000 0.000001
2118.000000 0.000001
2119.000000 0.000001
2120.000000 0.000001
2121.000000 0.000001
2122.000000 0.000001
2123.000000 0.000001
2124.000000 0.000001
2125.000000 0.000001
2126.000000 0.000001
2127.000000 0.000001
2128.000000 0.000001
2129.000000 0.000001
2130.000000 0.000001
2131.000000 0.000000
2132.000000 0.000000
2133.000000 0.000000
2134.000000 0.000000
2135.000000 0.000000
2136.000000 0.000000
2137.000000 0.000000
2138.000000 0.000000
2139.000000 0.000000
2140.000000 0.000000
2141.000000 0.000000
2142.000000 0.000000
2143.000000 0.000000
2144.000000 0.000000
2145.000000 0.000000
2146.000000 0.000000
2147.000000 0.000000
2148.000000 0.000000
2149.000000 0.000000
2150.000000 0.000000
2151.000000 0.000000
2152.000000 0.000000
2153.000000 0.000000
2154.000000 0.000000
2155.000000 0.000000
2156.000000 0.000000
2157.000000 0.000000
2158.000000 0.000000
2159.000000 0.000000
2160.000000 0.000000
2161.000000 0.000000
2162.000000 0.000000
2163.000000 0.000000
2164.000000 0.000000
2165.000000 0.000000
2166.000000 0.000000
2167.000000 0.000000
2168.000000 0.000000
2169.000000 0.000000
2170.000000 0.000000
2171.000000 0.000000
2172.000000 0.000000
2173.000000 0.000000
2174.000000 0.000000
2175.000000 0.000000
2176.000000 0.000000
2177.000000 0.000000
2178.000000 0.000000
2179.000000 0.000000
2180.000000 0.000000
2181.000000 0.000000
2182.000000 0.000000
2183.000000 0.000000
2184.000000 0.000000
2185.000000 0.000000
2186.000000 0.000000
2187.000000 0.000000
2188.000000 0.000000
2189.000000 0.000000
2190.000000 0.000000
2191.000000 0.000000
2192.000000 0.000000
2193.000000 0.000000
2194.000000 0.000000
2195.000000 0.000000
2196.000000 0.000000
2197.000000 0.000000
2198.000000 0.000000
2199.000000 0.000000
2200.000000 0.000000
2201.000000 0.000000
2202.000000 0.000000
2203.000000 0.000000
2204.000000 0.000000
2205.000000 0.000000
2206.000000 0.000000
2207.000000 0.000000
2208.000000 0.000000
2209.000000 0.000000
2210.000000 0.000000
2211.000000 0.000000
2212.000000 0.000000
2213.000000 0.000000
2214.000000 0.000000
2215.000000 0.000000
2216.000000 0.000000
2217.000000 0.000000
2218.000000 0.000000
2219.000000 0.000000
2220.000000 0.000000
2221.000000 0.000000
2222.000000 0.000000
2223.000000 0.000000
2224.000000 0.000000
2225.000000 0.000000
2226.000000 0.000000
2227.000000 0.000000
2228.000000 0.000000
2229.000000 0.000000
2230.000000 0.000000
2231.000000 0.000000
2232.000000 0.000000
2233.000000 0.000000
2234.000000 0.000000
2235.000000 0.000000
2236.000000 0.000000
2237.000000 0.000000
2238.000000 0.000000
2239.000000 0.000000
2240.000000 0.000000
2241.000000 0.000000
2242.000000 0.000000
2243.000000 0.000000
2244.000000 0.000000
2245.000000 0.000000
2246.000000 0.000000
2247.000000 0.000000
2248.000000 0.000000
2249.000000 0.000000
2250.000000 0.000000
2251.000000 0.000000
2252.000000 0.000000
2253.000000 0.000000
2254.000000 0.000000
2255.000000 0.000000
2256.000000 0.000000
2257.000000 0.000000
2258.000000 0.000000
2259.000000 0.000000
2260.000000 0.000000
2261.000000 0.000000
2262.000000 0.000000
2263.000000 0.000000
2264.000000 0.000000
2265.000000 0.000000
2266.000000 0.000000
2267.000000 0.000000
2268.000000 0.000000
2269.000000 0.000000
2270.000000 0.000000
2271.000000 0.000000
2272.000000 0.000000
2273.000000 0.000000
2274.000000 0.000000
2275.000000 0.000000
2276.000000 0.000000
2277.000000 0.000000
2278.000000 0.000000
2279.000000 0.000000
2280.000000 0.000000
2281.000000 0.000000
2282.000000 0.000000
2283.000000 0.000000
2284.000000 0.000000
2285.000000 0.000000
2286.000000 0.000000
2287.000000 0.000000
2288.000000 0.000000
2289.000000 0.000000
2290.000000 0.000000
2291.000000 0.000000
2292.000000 0.000000
2293.000000 0.000000
2294.000000 0.000000
2295.000000 0.000000
2296.000000 0.000000
2297.000000 0.000000
2298.000000 0.000000
2299.000000 0.000000
2300.000000 0.000000
2301.000000 0.000000
2302.000000 0.000000
2303.000000 0.000000
2304.000000 0.000000
2305.000000 0.000000
2306.000000 0.000000
2307.000000 0.000000
2308.000000 0.000000
2309.000000 0.000000
2310.000000 0.000000
2311.000000 0.000000
2312.000000 0.000000
2313.000000 0.000000
2314.000000 0.000000
2315.000000 0.000000
2316.000000 0.000000
2317.000000 0.000000
2318.000000 0.000000
2319.000000 0.000000
2320.000000 0.000000
2321.000000 0.000000
2322.000000 0.000000
2323.000000 0.000000
2324.000000 0.000000
2325.000000 0.000000
2326.000000 0.000000
2327.000000 0.000000
2328.000000 0.000000
2329.000000 0.000000
2330.000000 0.000000
2331.000000 0.000000
2332.000000 0.000000
2333.000000 0.000000
2334.000000 0.000000
2335.000000 0.000000
2336.000000 0.000000
2337.000000 0.000000
2338.000000 0.000000
2339.000000 0.000000
2340.000000 0.000000
2341.000000 0.000000
2342.000000 0.000000
2343.000000 0.000000
2344.000000 0.000000
2345.000000 0.000000
2346.000000 0.000000
2347.000000 0.000000
2348.000000 0.000000
2349.000000 0.000000
2350.000000 0.000000
2351.000000 0.000000
2352.000000 0.000000
2353.000000 0.000000
2354.000000 0.000000
2355.000000 0.000000
2356.000000 0.000000
2357.000000 0.000000
2358.000000 0.000000
2359.000000 0.000000
2360.000000 0.000000
2361.000000 0.000000
2362.000000 0.000000
2363.000000 0.000000
2364.000000 0.000000
2365.000000 0.000000
2366.000000 0.000000
2367.000000 0.000000
2368.000000 0.000000
2369.000000 0.000000
2370.000000 0.000000
2371.000000 0.000000
2372.000000 0.000000
2373.000000 0.000000
2374.000000 0.000000
2375.000000 0.000000
2376.000000 0.000000
2377.000000 0.000000
2378.000000 0.000000
2379.000000 0.000000
2380.000000 0.000000
2381.000000 0.000000
2382.000000 0.000000
2383.000000 0.000000
2384.000000 0.000000
2385.000000 0.000000
2386.000000 0.000000
2387.000000 0.000000
2388.000000 0.000000
2389.000000 0.000000
2390.000000 0.000000
2391.000000 0.000000
2392.000000 0.000000
2393.000000 0.000000
2394.000000 0.000000
2395.000000 0.000000
2396.000000 0.000000
2397.000000 0.000000
2398.000000 0.000000
2399.000000 0.000000
2400.000000 0.000000
2401.000000 0.000000
2402.000000 0.000000
2403.000000 0.000000
2404.000000 0.000000
2405.000000 0.000000
2406.000000 0.000000
2407.000000 0.000000
2408.000000 0.000000
2409.000000 0.000000
2410.000000 0.000000
2411.000000 0.000000
2412.000000 0.000000
2413.000000 0.000000
2414.000000 0.000000
2415.000000 0.000000
2416.000000 0.000000
2417.000000 0.000000
2418.000000 0.000000
2419.000000 0.000000
2420.000000 0.000000
2421.000000 0.000000
2422.000000 0.000000
2423.000000 0.000000
2424.000000 0.000000
2425.000000 0.000000
2426.000000 0.000000
2427.000000 0.000000
2428.000000 0.000000
2429.000000 0.000000
2430.000000 0.000000
2431.000000 0.000000
2432.000000 0.000000
2433.000000 0.000000
2434.000000 0.000000
2435.000000 0.000000
2436.000000 0.000000
2437.000000 0.000000
2438.000000 0.000000
2439.000000 0.000000
2440.000000 0.000000
2441.000000 0.000000
2442.000000 0.000000
2443.000000 0.000000
2444.000000 0.000000
2445.000000 0.000000
2446.000000 0.000000
2447.000000 0.000000
2448.000000 0.000000
2449.000000 0.000000
2450.000000 0.000000
2451.000000 0.000000
2452.000000 0.000000
2453.000000 0.000000
2454.000000 0.000000
2455.000000 0.000000
2456.000000 0.000000
2457.000000 0.000000
2458.000000 0.000000
2459.000000 0.000000
2460.000000 0.000000
2461.000000 0.000000
2462.000000 0.000000
2463.000000 0.000000
2464.000000 0.000000
2465.000000 0.000000
2466.000000 0.000000
2467.000000 0.000000
2468.000000 0.000000
2469.000000 0.000000
2470.000000 0.000000
2471.000000 0.000000
2472.000000 0.000000
2473.000000 0.000000
2474.000000 0.000000
2475.000000 0.000000
2476.000000 0.000000
2477.000000 0.000000
2478.000000 0.000000
2479.000000 0.000000
2480.000000 0.000000
2481.000000 0.000000
2482.000000 0.000000
2483.000000 0.000000
2484.000000 0.000000
2485.000000 0.000000
2486.000000 0.000000
2487.000000 0.000000
2488.000000 0.000000
2489.000000 0.000000
2490.000000 0.000000
2491.000000 0.000000
2492.000000 0.000000
2493.000000 0.000000
2494.000000 0.000000
2495.000000 0.000000
2496.000000 0.000000
2497.000000 0.000000
2498.000000 0.000000
2499.000000 0.000000
2500.000000 0.000000
2501.000000 0.000000
2502.000000 0.000000
2503.000000 0.000000
2504.000000 0.000000
2505.000000 0.000000
2506.000000 0.000000
2507.000000 0.000000
2508.000000 0.000000
2509.000000 0.000000
2510.000000 0.000000
2511.000000 0.000000
2512.000000 0.000000
2513.000000 0.000000
2514.000000 0.000000
2515.000000 0.000000
2516.000000 0.000000
2517.000000 0.000000
2518.000000 0.000000
2519.000000 0.000000
2520.000000 0.000000
2521.000000 0.000000
2522.000000 0.000000
2523.000000 0.000000
2524.000000 0.000000
2525.000000 0.000000
2526.000000 0.000000
2527.000000 0.000000
2528.000000 0.000000
2529.000000 0.000000
2530.000000 0.000000
2531.000000 0.000000
2532.000000 0.000000
2533.000000 0.000000
2534.000000 0.000000
2535.000000 0.000000
2536.000000 0.000000
2537.000000 0.000000
2538.000000 0.000000
2539.000000 0.000000
2540.000000 0.000000
2541.000000 0.000000
2542.000000 0.000000
2543.000000 0.000000
2544.000000 0.000000
2545.000000 0.000000
2546.000000 0.000000
2547.000000 0.000000
2548.000000 0.000000
2549.000000 0.000000
2550.000000 0.000000
2551.000000 0.000000
2552.000000 0.000000
2553.000000 0.000000
2554.000000 0.000000
2555.000000 0.000000
2556.000000 0.000000
2557.000000 0.000000
2558.000000 0.000000
2559.000000 0.000000
2560.000000 0.000000
2561.000000 0.000000
2562.000000 0.000000
2563.000000 0.000000
2564.000000 0.000000
2565.000000 0.000000
2566.000000 0.000000
2567.000000 0.000000
2568.000000 0.000000
2569.000000 0.000000
2570.000000 0.000000
2571.000000 0.000000
2572.000000 0.000000
2573.000000 0.000000
2574.000000 0.000000
2575.000000 0.000000
2576.000000 0.000000
2577.000000 0.000000
2578.000000 0.000000
2579.000000 0.000000
2580.000000 0.000000
2581.000000 0.000000
2582.000000 0.000000
2583.000000 0.000000
2584.000000 0.000000
2585.000000 0.000000
2586.000000 0.000000
2587.000000 0.000000
2588.000000 0.000000
2589.000000 0.000000
2590.000000 0.000000
2591.000000 0.000000
2592.000000 0.000000
2593.000000 0.000000
2594.000000 0.000000
2595.000000 0.000000
2596.000000 0.000000
2597.000000 0.000000
2598.000000 0.000000
2599.000000 0.000000
2600.000000 0.000000
2601.000000 0.000000
2602.000000 0.000000
2603.000000 0.000000
2604.000000 0.000000
2605.000000 0.000000
2606.000000 0.000000
2607.000000 0.000000
2608.000000 0.000000
2609.000000 0.000000
2610.000000 0.000000
2611.000000 0.000000
2612.000000 0.000000
2613.000000 0.000000
2614.000000 0.000000
2615.000000 0.000000
2616.000000 0.000000
2617.000000 0.000000
2618.000000 0.000000
2619.000000 0.000000
2620.000000 0.000000
2621.000000 0.000000
2622.000000 0.000000
2623.000000 0.000000
2624.000000 0.000000
2625.000000 0.000000
2626.000000 0.000000
2627.000000 0.000000
2628.000000 0.000000
2629.000000 0.000000
2630.000000 0.000000
2631.000000 0.000000
2632.000000 0.000000
2633.000000 0.000000
2634.000000 0.000000
2635.000000 0.000000
2636.000000 0.000000
2637.000000 0.000000
2638.000000 0.000000
2639.000000 0.000000
2640.000000 0.000000
2641.000000 0.000000
2642.000000 0.000000
2643.000000 0.000000
2644.000000 0.000000
2645.000000 0.000000
2646.000000 0.000000
2647.000000 0.000000
2648.000000 0.000000
2649.000000 0.000000
2650.000000 0.000000
2651.000000 0.000000
2652.000000 0.000000
2653.000000 0.000000
2654.000000 0.000000
2655.000000 0.000000
2656.000000 0.000000
2657.000000 0.000000
2658.000000 0.000000
2659.000000 0.000000
2660.000000 0.000000
2661.000000 0.000000
2662.000000 0.000000
2663.000000 0.000000
2664.000000 0.000000
2665.000000 0.000000
2666.000000 0.000000
2667.000000 0.000000
2668.000000 0.000000
2669.000000 0.000000
2670.000000 0.000000
2671.000000 0.000000
2672.000000 0.000000
2673.000000 0.000000
2674.000000 0.000000
2675.000000 0.000000
2676.000000 0.000000
2677.000000 0.000000
2678.000000 0.000000
2679.000000 0.000000
2680.000000 0.000000
2681.000000 0.000000
2682.000000 0.000000
2683.000000 0.000000
2684.000000 0.000000
2685.000000 0.000000
2686.000000 0.000000
2687.000000 0.000000
2688.000000 0.000000
2689.000000 0.000000
2690.000000 0.000000
2691.000000 0.000000
2692.000000 0.000000
2693.000000 0.000000
2694.000000 0.000000
2695.000000 0.000000
2696.000000 0.000000
2697.000000 0.000000
2698.000000 0.000000
2699.000000 0.000000
2700.000000 0.000000
2701.000000 0.000000
2702.000000 0.000000
2703.000000 0.000000
2704.000000 0.000000
2705.000000 0.000000
2706.000000 0.000000
2707.000000 0.000000
2708.000000 0.000000
2709.000000 0.000000
2710.000000 0.000000
2711.000000 0.000000
2712.000000 0.000000
2713.000000 0.000000
2714.000000 0.000000
2715.000000 0.000000
2716.000000 0.000000
2717.000000 0.000000
2718.000000 0.000000
2719.000000 0.000000
2720.000000 0.000000
2721.000000 0.000000
2722.000000 0.000000
2723.000000 0.000000
2724.000000 0.000000
2725.000000 0.000000
2726.000000 0.000000
2727.000000 0.000000
2728.000000 0.000000
2729.000000 0.000000
2730.000000 0.000000
2731.000000 0.000000
2732.000000 0.000000
2733.000000 0.000000
2734.000000 0.000000
2735.000000 0.000000
2736.000000 0.000000
2737.000000 0.000000
2738.000000 0.000000
2739.000000 0.000000
2740.000000 0.000000
2741.000000 0.000000
2742.000000 0.000000
2743.000000 0.000000
2744.000000 0.000000
2745.000000 0.000000
2746.000000 0.000000
2747.000000 0.000000
2748.000000 0.000000
2749.000000 0.000000
2750.000000 0.000000
2751.000000 0.000000
2752.000000 0.000000
2753.000000 0.000000
2754.000000 0.000000
2755.000000 0.000000
2756.000000 0.000000
2757.000000 0.000000
2758.000000 0.000000
2759.000000 0.000000
2760.000000 0.000000
2761.000000 0.000000
2762.000000 0.000000
2763.000000 0.000000
2764.000000 0.000000
2765.000000 0.000000
2766.000000 0.000000
2767.000000 0.000000
2768.000000 0.000000
2769.000000 0.000000
2770.000000 0.000000
2771.000000 0.000000
2772.000000 0.000000
2773.000000 0.000000
2774.000000 0.000000
2775.000000 0.000000
2776.000000 0.000000
2777.000000 0.000000
2778.000000 0.000000
2779.000000 0.000000
2780.000000 0.000000
2781.000000 0.000000
2782.000000 0.000000
2783.000000 0.000000
2784.000000 0.000000
2785.000000 0.000000
2786.000000 0.000000
2787.000000 0.000000
2788.000000 0.000000
2789.000000 0.000000
2790.000000 0.000000
2791.000000 0.000000
2792.000000 0.000000
2793.000000 0.000000
2794.000000 0.000000
2795.000000 0.000000
2796.000000 0.000000
2797.000000 0.000000
2798.000000 0.000000
2799.000000 0.000000
2800.000000 0.000000
2801.000000 0.000000
2802.000000 0.000000
2803.000000 0.000000
2804.000000 0.000000
2805.000000 0.000000
2806.000000 0.000000
2807.000000 0.000000
2808.000000 0.000000
2809.000000 0.000000
2810.000000 0.000000
2811.000000 0.000000
2812.000000 0.000000
2813.000000 0.000000
2814.000000 0.000000
2815.000000 0.000000
2816.000000 0.000000
2817.000000 0.000000
2818.000000 0.000000
2819.000000 0.000000
2820.000000 0.000000
2821.000000 0.000000
2822.000000 0.000000
2823.000000 0.000000
2824.000000 0.000000
2825.000000 0.000000
2826.000000 0.000000
2827.000000 0.000000
2828.000000 0.000000
2829.000000 0.000000
2830.000000 0.000000
2831.000000 0.000000
2832.000000 0.000000
2833.000000 0.000000
2834.000000 0.000000
2835.000000 0.000000
2836.000000 0.000000
2837.000000 0.000000
2838.000000 0.000000
2839.000000 0.000000
2840.000000 0.000000
2841.000000 0.000000
2842.000000 0.000000
2843.000000 0.000000
2844.000000 0.000000
2845.000000 0.000000
2846.000000 0.000000
2847.000000 0.000000
2848.000000 0.000000
2849.000000 0.000000
2850.000000 0.000000
2851.000000 0.000000
2852.000000 0.000000
2853.000000 0.000000
2854.000000 0.000000
2855.000000 0.000000
2856.000000 0.000000
2857.000000 0.000000
2858.000000 0.000000
2859.000000 0.000000
2860.000000 0.000000
2861.000000 0.000000
2862.000000 0.000000
2863.000000 0.000000
2864.000000 0.000000
2865.000000 0.000000
2866.000000 0.000000
2867.000000 0.000000
2868.000000 0.000000
2869.000000 0.000000
2870.000000 0.000000
2871.000000 0.000000
2872.000000 0.000000
2873.000000 0.000000
2874.000000 0.000000
2875.000000 0.000000
2876.000000 0.000000
2877.000000 0.000000
2878.000000 0.000000
2879.000000 0.000000
2880.000000 0.000000
2881.000000 0.000000
2882.000000 0.000000
2883.000000 0.000000
2884.000000 0.000000
2885.000000 0.000000
2886.000000 0.000000
2887.000000 0.000000
2888.000000 0.000000
2889.000000 0.000000
2890.000000 0.000000
2891.000000 0.000000
2892.000000 0.000000
2893.000000 0.000000
2894.000000 0.000000
2895.000000 0.000000
2896.000000 0.000000
2897.000000 0.000000
2898.000000 0.000000
2899.000000 0.000000
2900.000000 0.000000
2901.000000 0.000000
2902.000000 0.000000
2903.000000 0.000000
2904.000000 0.000000
2905.000000 0.000000
2906.000000 0.000000
2907.000000 0.000000
2908.000000 0.000000
2909.000000 0.000000
2910.000000 0.000000
2911.000000 0.000000
2912.000000 0.000000
2913.000000 0.000000
2914.000000 0.000000
2915.000000 0.000000
2916.000000 0.000000
2917.000000 0.000000
2918.000000 0.000000
2919.000000 0.000000
2920.000000 0.000000
2921.000000 0.000000
2922.000000 0.000000
2923.000000 0.000000
2924.000000 0.000000
2925.000000 0.000000
2926.000000 0.000000
2927.000000 0.000000
2928.000000 0.000000
2929.000000 0.000000
2930.000000 0.000000
2931.000000 0.000000
2932.000000 0.000000
2933.000000 0.000000
2934.000000 0.000000
2935.000000 0.000000
2936.000000 0.000000
2937.000000 0.000000
2938.000000 0.000000
2939.000000 0.000000
2940.000000 0.000000
2941.000000 0.000000
2942.000000 0.000000
2943.000000 0.000000
2944.000000 0.000000
2945.000000 0.000000
2946.000000 0.000000
2947.000000 0.000000
2948.000000 0.000000
2949.000000 0.000000
2950.000000 0.000000
2951.000000 0.000000
2952.000000 0.000000
2953.000000 0.000000
2954.000000 0.000000
2955.000000 0.000000
2956.000000 0.000000
2957.000000 0.000000
2958.000000 0.000000
2959.000000 0.000000
2960.000000 0.000000
2961.000000 0.000000
2962.000000 0.000000
2963.000000 0.000000
2964.000000 0.000000
2965.000000 0.000000
2966.000000 0.000000
2967.000000 0.000000
2968.000000 0.000000
2969.000000 0.000000
2970.000000 0.000000
2971.000000 0.000000
2972.000000 0.000000
2973.000000 0.000000
2974.000000 0.000000
2975.000000 0.000000
2976.000000 0.000000
2977.000000 0.000000
2978.000000 0.000000
2979.000000 0.000000
2980.000000 0.000000
2981.000000 0.000000
2982.000000 0.000000
2983.000000 0.000000
2984.000000 0.000000
2985.000000 0.000000
2986.000000 0.000000
2987.000000 0.000000
2988.000000 0.000000
2989.000000 0.000000
2990.000000 0.000000
2991.000000 0.000000
2992.000000 0.000000
2993.000000 0.000000
2994.000000 0.000000
2995.000000 0.000000
2996.000000 0.000000
2997.000000 0.000000
2998.000000 0.000000
2999.000000 0.000000
3000.000000 0.000000
