n lam mean variance std
3000 0.360000 1500.500000 164074.462194 405.061060
bin_midpoint probability
1.000000 0.000000
2.000000 0.000000
3.000000 0.000000
4.000000 0.000000
5.000000 0.000000
6.000000 0.000000
7.000000 0.000000
8.000000 0.000000
9.000000 0.000000
10.000000 0.000000
11.000000 0.000000
12.000000 0.000000
13.000000 0.000000
14.000000 0.000000
15.000000 0.000000
16.000000 0.000000
17.000000 0.000000
18.000000 0.000000
19.000000 0.000000
20.000000 0.000000
21.000000 0.000000
22.000000 0.000000
23.000000 0.000000
24.000000 0.000000
25.000000 0.000000
26.000000 0.000000
27.000000 0.000000
28.000000 0.000000
29.000000 0.000000
30.000000 0.000000
31.000000 0.000000
32.000000 0.000000
33.000000 0.000000
34.000000 0.000000
35.000000 0.000000
36.000000 0.000000
37.000000 0.000000
38.000000 0.000000
39.000000 0.000000
40.000000 0.000000
41.000000 0.000000
42.000000 0.000000
43.000000 0.000000
44.000000 0.000000
45.000000 0.000000
46.000000 0.000000
47.000000 0.000000
48.000000 0.000000
49.000000 0.000000
50.000000 0.000000
51.000000 0.000000
52.000000 0.000000
53.000000 0.000000
54.000000 0.000000
55.000000 0.000000
56.000000 0.000000
57.000000 0.000000
58.000000 0.000000
59.000000 0.000000
60.000000 0.000000
61.000000 0.000000
62.000000 0.000000
63.000000 0.000000
64.000000 0.000000
65.000000 0.000000
66.000000 0.000000
67.000000 0.000000
68.000000 0.000000
69.000000 0.000000
70.000000 0.000000
71.000000 0.000000
72.000000 0.000000
73.000000 0.000000
74.000000 0.000000
75.000000 0.000000
76.000000 0.000000
77.000000 0.000000
78.000000 0.000000
79.000000 0.000000
80.000000 0.000000
81.000000 0.000000
82.000000 0.000000
83.000000 0.000000
84.000000 0.000000
85.000000 0.000000
86.000000 0.000000
87.000000 0.000000
88.000000 0.000000
89.000000 0.000000
90.000000 0.000000
91.000000 0.000000
92.000000 0.000000
93.000000 0.000000
94.000000 0.000000
95.000000 0.000000
96.000000 0.000000
97.000000 0.000000
98.000000 0.000000
99.000000 0.000000
100.000000 0.000000
101.000000 0.000000
102.000000 0.000000
103.000000 0.000000
104.000000 0.000000
105.000000 0.000000
106.000000 0.000000
107.000000 0.000000
108.000000 0.000000
109.000000 0.000000
110.000000 0.000000
111.000000 0.000000
112.000000 0.000000
113.000000 0.000000
114.000000 0.000000
115.000000 0.000000
116.000000 0.000000
117.000000 0.000000
118.000000 0.000000
119.000000 0.000000
120.000000 0.000000
121.000000 0.000000
122.000000 0.000000
123.000000 0.000000
124.000000 0.000000
125.000000 0.000000
126.000000 0.000000
127.000000 0.000000
128.000000 0.000000
129.000000 0.000000
130.000000 0.000000
131.000000 0.000000
132.000000 0.000000
133.000000 0.000000
134.000000 0.000000
135.000000 0.000000
136.000000 0.000000
137.000000 0.000000
138.000000 0.000000
139.000000 0.000000
140.000000 0.000000
141.000000 0.000000
142.000000 0.000000
143.000000 0.000000
144.000000 0.000000
145.000000 0.000000
146.000000 0.000000
147.000000 0.000000
148.000000 0.000000
149.000000 0.000000
150.000000 0.000000
151.000000 0.000000
152.000000 0.000000
153.000000 0.000000
154.000000 0.000000
155.000000 0.000000
156.000000 0.000000
157.000000 0.000000
158.000000 0.000000
159.000000 0.000000
160.000000 0.000000
161.000000 0.000000
162.000000 0.000000
163.000000 0.000000
164.000000 0.000000
165.000000 0.000000
166.000000 0.000000
167.000000 0.000000
168.000000 0.000000
169.000000 0.000000
170.000000 0.000000
171.000000 0.000000
172.000000 0.000000
173.000000 0.000000
174.000000 0.000000
175.000000 0.000000
176.000000 0.000000
177.000000 0.000000
178.000000 0.000000
179.000000 0.000000
180.000000 0.000000
181.000000 0.000000
182.000000 0.000000
183.000000 0.000000
184.000000 0.000000
185.000000 0.000000
186.000000 0.000000
187.000000 0.000000
188.000000 0.000000
189.000000 0.000000
190.000000 0.000000
191.000000 0.000000
192.000000 0.000000
193.000000 0.000000
194.000000 0.000000
195.000000 0.000000
196.000000 0.000000
197.000000 0.000000
198.000000 0.000000
199.000000 0.000000
200.000000 0.000000
201.000000 0.000000
202.000000 0.000000
203.000000 0.000000
204.000000 0.000000
205.000000 0.000000
206.000000 0.000000
207.000000 0.000000
208.000000 0.000000
209.000000 0.000000
210.000000 0.000000
211.000000 0.000000
212.000000 0.000000
213.000000 0.000000
214.000000 0.000000
215.000000 0.000000
216.000000 0.000000
217.000000 0.000000
218.000000 0.000000
219.000000 0.000000
220.000000 0.000000
221.000000 0.000000
222.000000 0.000000
223.000000 0.000000
224.000000 0.000000
225.000000 0.000000
226.000000 0.000000
227.000000 0.000000
228.000000 0.000000
229.000000 0.000000
230.000000 0.000000
231.000000 0.000000
232.000000 0.000000
233.000000 0.000000
234.000000 0.000000
235.000000 0.000000
236.000000 0.000000
237.000000 0.000000
238.000000 0.000000
239.000000 0.000000
240.000000 0.000000
241.000000 0.000000
242.000000 0.000000
243.000000 0.000000
244.000000 0.000000
245.000000 0.000000
246.000000 0.000000
247.000000 0.000000
248.000000 0.000000
249.000000 0.000000
250.000000 0.000000
251.000000 0.000000
252.000000 0.000000
253.000000 0.000000
254.000000 0.000000
255.000000 0.000001
256.000000 0.000001
257.000000 0.000001
258.000000 0.000001
259.000000 0.000001
260.000000 0.000001
261.000000 0.000001
262.000000 0.000001
263.000000 0.000001
264.000000 0.000001
265.000000 0.000001
266.000000 0.000001
267.000000 0.000001
268.000000 0.000001
269.000000 0.000001
270.000000 0.000001
271.000000 0.000001
272.000000 0.000001
273.000000 0.000001
274.000000 0.000001
275.000000 0.000001
276.000000 0.000001
277.000000 0.000001
278.000000 0.000001
279.000000 0.000001
280.000000 0.000001
281.000000 0.000001
282.000000 0.000001
283.000000 0.000001
284.000000 0.000001
285.000000 0.000001
286.000000 0.000001
287.000000 0.000001
288.000000 0.000001
289.000000 0.000001
290.000000 0.000001
291.000000 0.000001
292.000000 0.000001
293.000000 0.000001
294.000000 0.000001
295.000000 0.000001
296.000000 0.000001
297.000000 0.000001
298.000000 0.000002
299.000000 0.000002
300.000000 0.000002
301.000000 0.000002
302.000000 0.000002
303.000000 0.000002
304.000000 0.000002
305.000000 0.000002
306.000000 0.000002
307.000000 0.000002
308.000000 0.000002
309.000000 0.000002
310.000000 0.000002
311.000000 0.000002
312.000000 0.000002
313.000000 0.000002
314.000000 0.000002
315.000000 0.000002
316.000000 0.000002
317.000000 0.000002
318.000000 0.000002
319.000000 0.000002
320.000000 0.000002
321.000000 0.000002
322.000000 0.000003
323.000000 0.000003
324.000000 0.000003
325.000000 0.000003
326.000000 0.000003
327.000000 0.000003
328.000000 0.000003
329.000000 0.000003
330.000000 0.000003
331.000000 0.000003
332.000000 0.000003
333.000000 0.000003
334.000000 0.000003
335.000000 0.000003
336.000000 0.000003
337.000000 0.000003
338.000000 0.000003
339.000000 0.000004
340.000000 0.000004
341.000000 0.000004
342.000000 0.000004
343.000000 0.000004
344.000000 0.000004
345.000000 0.000004
346.000000 0.000004
347.000000 0.000004
348.000000 0.000004
349.000000 0.000004
350.000000 0.000004
351.000000 0.000004
352.000000 0.000004
353.000000 0.000005
354.000000 0.000005
355.000000 0.000005
356.000000 0.000005
357.000000 0.000005
358.000000 0.000005
359.000000 0.000005
360.000000 0.000005
361.000000 0.000005
362.000000 0.000005
363.000000 0.000005
364.000000 0.000006
365.000000 0.000006
366.000000 0.000006
367.000000 0.000006
368.000000 0.000006
369.000000 0.000006
370.000000 0.000006
371.000000 0.000006
372.000000 0.000006
373.000000 0.000006
374.000000 0.000006
375.000000 0.000007
376.000000 0.000007
377.000000 0.000007
378.000000 0.000007
379.000000 0.000007
380.000000 0.000007
381.000000 0.000007
382.000000 0.000007
383.000000 0.000007
384.000000 0.000008
385.000000 0.000008
386.000000 0.000008
387.000000 0.000008
388.000000 0.000008
389.000000 0.000008
390.000000 0.000008
391.000000 0.000008
392.000000 0.000009
393.000000 0.000009
394.000000 0.000009
395.000000 0.000009
396.000000 0.000009
397.000000 0.000009
398.000000 0.000009
399.000000 0.000010
400.000000 0.000010
401.000000 0.000010
402.000000 0.000010
403.000000 0.000010
404.000000 0.000010
405.000000 0.000010
406.000000 0.000011
407.000000 0.000011
408.000000 0.000011
409.000000 0.000011
410.000000 0.000011
411.000000 0.000011
412.000000 0.000012
413.000000 0.000012
414.000000 0.000012
415.000000 0.000012
416.000000 0.000012
417.000000 0.000012
418.000000 0.000013
419.000000 0.000013
420.000000 0.000013
421.000000 0.000013
422.000000 0.000013
423.000000 0.000013
424.000000 0.000014
425.000000 0.000014
426.000000 0.000014
427.000000 0.000014
428.000000 0.000014
429.000000 0.000015
430.000000 0.000015
431.000000 0.000015
432.000000 0.000015
433.000000 0.000015
434.000000 0.000016
435.000000 0.000016
436.000000 0.000016
437.000000 0.000016
438.000000 0.000016
439.000000 0.000017
440.000000 0.000017
441.000000 0.000017
442.000000 0.000017
443.000000 0.000017
444.000000 0.000018
445.000000 0.000018
446.000000 0.000018
447.000000 0.000018
448.000000 0.000019
449.000000 0.000019
450.000000 0.000019
451.000000 0.000019
452.000000 0.000019
453.000000 0.000020
454.000000 0.000020
455.000000 0.000020
456.000000 0.000020
457.000000 0.000021
458.000000 0.000021
459.000000 0.000021
460.000000 0.000021
461.000000 0.000022
462.000000 0.000022
463.000000 0.000022
464.000000 0.000022
465.000000 0.000023
466.000000 0.000023
467.000000 0.000023
468.000000 0.000024
469.000000 0.000024
470.000000 0.000024
471.000000 0.000024
472.000000 0.000025
473.000000 0.000025
474.000000 0.000025
475.000000 0.000025
476.000000 0.000026
477.000000 0.000026
478.000000 0.000026
479.000000 0.000027
480.000000 0.000027
481.000000 0.000027
482.000000 0.000028
483.000000 0.000028
484.000000 0.000028
485.000000 0.000028
486.000000 0.000029
487.000000 0.000029
488.000000 0.000029
489.000000 0.000030
490.000000 0.000030
491.000000 0.000030
492.000000 0.000031
493.000000 0.000031
494.000000 0.000031
495.000000 0.000032
496.000000 0.000032
497.000000 0.000032
498.000000 0.000033
499.000000 0.000033
500.000000 0.000033
501.000000 0.000034
502.000000 0.000034
503.000000 0.000034
504.000000 0.000035
505.000000 0.000035
506.000000 0.000036
507.000000 0.000036
508.000000 0.000036
509.000000 0.000037
510.000000 0.000037
511.000000 0.000037
512.000000 0.000038
513.000000 0.000038
514.000000 0.000039
515.000000 0.000039
516.000000 0.000039
517.000000 0.000040
518.000000 0.000040
519.000000 0.000041
520.000000 0.000041
521.000000 0.000041
522.000000 0.000042
523.000000 0.000042
524.000000 0.000043
525.000000 0.000043
526.000000 0.000043
527.000000 0.000044
528.000000 0.000044
529.000000 0.000045
530.000000 0.000045
531.000000 0.000045
532.000000 0.000046
533.000000 0.000046
534.000000 0.000047
535.000000 0.000047
536.000000 0.000048
537.000000 0.000048
538.000000 0.000049
539.000000 0.000049
540.000000 0.000049
541.000000 0.000050
542.000000 0.000050
543.000000 0.000051
544.000000 0.000051
545.000000 0.000052
546.000000 0.000052
547.000000 0.000053
548.000000 0.000053
549.000000 0.000054
550.000000 0.000054
551.000000 0.000055
552.000000 0.000055
553.000000 0.000056
554.000000 0.000056
555.000000 0.000057
556.000000 0.000057
557.000000 0.000058
558.000000 0.000058
559.000000 0.000059
560.000000 0.000059
561.000000 0.000060
562.000000 0.000060
563.000000 0.000061
564.000000 0.000061
565.000000 0.000062
566.000000 0.000062
567.000000 0.000063
568.000000 0.000063
569.000000 0.000064
570.000000 0.000064
571.000000 0.000065
572.000000 0.000065
573.000000 0.000066
574.000000 0.000067
575.000000 0.000067
576.000000 0.000068
577.000000 0.000068
578.000000 0.000069
579.000000 0.000069
580.000000 0.000070
581.000000 0.000070
582.000000 0.000071
583.000000 0.000072
584.000000 0.000072
585.000000 0.000073
586.000000 0.000073
587.000000 0.000074
588.000000 0.000075
589.000000 0.000075
590.000000 0.000076
591.000000 0.000076
592.000000 0.000077
593.000000 0.000078
594.000000 0.000078
595.000000 0.000079
596.000000 0.000079
597.000000 0.000080
598.000000 0.000081
599.000000 0.000081
600.000000 0.000082
601.000000 0.000082
602.000000 0.000083
603.000000 0.000084
604.000000 0.000084
605.000000 0.000085
606.000000 0.000086
607.000000 0.000086
608.000000 0.000087
609.000000 0.000088
610.000000 0.000088
611.000000 0.000089
612.000000 0.000090
613.000000 0.000090
614.000000 0.000091
615.000000 0.000092
616.000000 0.000092
617.000000 0.000093
618.000000 0.000094
619.000000 0.000094
620.000000 0.000095
621.000000 0.000096
622.000000 0.000096
623.000000 0.000097
624.000000 0.000098
625.000000 0.000098
626.000000 0.000099
627.000000 0.000100
628.000000 0.000101
629.000000 0.000101
630.000000 0.000102
631.000000 0.000103
632.000000 0.000103
633.000000 0.000104
634.000000 0.000105
635.000000 0.000106
636.000000 0.000106
637.000000 0.000107
638.000000 0.000108
639.000000 0.000109
640.000000 0.000109
641.000000 0.000110
642.000000 0.000111
643.000000 0.000112
644.000000 0.000112
645.000000 0.000113
646.000000 0.000114
647.000000 0.000115
648.000000 0.000115
649.000000 0.000116
650.000000 0.000117
651.000000 0.000118
652.000000 0.000118
653.000000 0.000119
654.000000 0.000120
655.000000 0.000121
656.000000 0.000122
657.000000 0.000122
658.000000 0.000123
659.000000 0.000124
660.000000 0.000125
661.000000 0.000126
662.000000 0.000126
663.000000 0.000127
664.000000 0.000128
665.000000 0.000129
666.000000 0.000130
667.000000 0.000130
668.000000 0.000131
669.000000 0.000132
670.000000 0.000133
671.000000 0.000134
672.000000 0.000135
673.000000 0.000135
674.000000 0.000136
675.000000 0.000137
676.000000 0.000138
677.000000 0.000139
678.000000 0.000140
679.000000 0.000140
680.000000 0.000141
681.000000 0.000142
682.000000 0.000143
683.000000 0.000144
684.000000 0.000145
685.000000 0.000146
686.000000 0.000147
687.000000 0.000147
688.000000 0.000148
689.000000 0.000149
690.000000 0.000150
691.000000 0.000151
692.000000 0.000152
693.000000 0.000153
694.000000 0.000154
695.000000 0.000155
696.000000 0.000155
697.000000 0.000156
698.000000 0.000157
699.000000 0.000158
700.000000 0.000159
701.000000 0.000160
702.000000 0.000161
703.000000 0.000162
704.000000 0.000163
705.000000 0.000164
706.000000 0.000165
707.000000 0.000165
708.000000 0.000166
709.000000 0.000167
710.000000 0.000168
711.000000 0.000169
712.000000 0.000170
713.000000 0.000171
714.000000 0.000172
715.000000 0.000173
716.000000 0.000174
717.000000 0.000175
718.000000 0.000176
719.000000 0.000177
720.000000 0.000178
721.000000 0.000179
722.000000 0.000180
723.000000 0.000181
724.000000 0.000182
725.000000 0.000183
726.000000 0.000184
727.000000 0.000185
728.000000 0.000186
729.000000 0.000187
730.000000 0.000188
731.000000 0.000189
732.000000 0.000190
733.000000 0.000190
734.000000 0.000191
735.000000 0.000192
736.000000 0.000193
737.000000 0.000194
738.000000 0.000195
739.000000 0.000196
740.000000 0.000198
741.000000 0.000199
742.000000 0.000200
743.000000 0.000201
744.000000 0.000202
745.000000 0.000203
746.000000 0.000204
747.000000 0.000205
748.000000 0.000206
749.000000 0.000207
750.000000 0.000208
751.000000 0.000209
752.000000 0.000210
753.000000 0.000211
754.000000 0.000212
755.000000 0.000213
756.000000 0.000214
757.000000 0.000215
758.000000 0.000216
759.000000 0.000217
760.000000 0.000218
761.000000 0.000219
762.000000 0.000220
763.000000 0.000221
764.000000 0.000222
765.000000 0.000223
766.000000 0.000225
767.000000 0.000226
768.000000 0.000227
769.000000 0.000228
770.000000 0.000229
771.000000 0.000230
772.000000 0.000231
773.000000 0.000232
774.000000 0.000233
775.000000 0.000234
776.000000 0.000235
777.000000 0.000236
778.000000 0.000237
779.000000 0.000239
780.000000 0.000240
781.000000 0.000241
782.000000 0.000242
783.000000 0.000243
784.000000 0.000244
785.000000 0.000245
786.000000 0.000246
787.000000 0.000247
788.000000 0.000248
789.000000 0.000250
790.000000 0.000251
791.000000 0.000252
792.000000 0.000253
793.000000 0.000254
794.000000 0.000255
795.000000 0.000256
796.000000 0.000257
797.000000 0.000258
798.000000 0.000260
799.000000 0.000261
800.000000 0.000262
801.000000 0.000263
802.000000 0.000264
803.000000 0.000265
804.000000 0.000266
805.000000 0.000268
806.000000 0.000269
807.000000 0.000270
808.000000 0.000271
809.000000 0.000272
810.000000 0.000273
811.000000 0.000274
812.000000 0.000276
813.000000 0.000277
814.000000 0.000278
815.000000 0.000279
816.000000 0.000280
817.000000 0.000281
818.000000 0.000282
819.000000 0.000284
820.000000 0.000285
821.000000 0.000286
822.000000 0.000287
823.000000 0.000288
824.000000 0.000289
825.000000 0.000291
826.000000 0.000292
827.000000 0.000293
828.000000 0.000294
829.000000 0.000295
830.000000 0.000296
831.000000 0.000298
832.000000 0.000299
833.000000 0.000300
834.000000 0.000301
835.000000 0.000302
836.000000 0.000304
837.000000 0.000305
838.000000 0.000306
839.000000 0.000307
840.000000 0.000308
841.000000 0.000309
842.000000 0.000311
843.000000 0.000312
844.000000 0.000313
845.000000 0.000314
846.000000 0.000315
847.000000 0.000317
848.000000 0.000318
849.000000 0.000319
850.000000 0.000320
851.000000 0.000321
852.000000 0.000323
853.000000 0.000324
854.000000 0.000325
855.000000 0.000326
856.000000 0.000327
857.000000 0.000329
858.000000 0.000330
859.000000 0.000331
860.000000 0.000332
861.000000 0.000334
862.000000 0.000335
863.000000 0.000336
864.000000 0.000337
865.000000 0.000338
866.000000 0.000340
867.000000 0.000341
868.000000 0.000342
869.000000 0.000343
870.000000 0.000344
871.000000 0.000346
872.000000 0.000347
873.000000 0.000348
874.000000 0.000349
875.000000 0.000351
876.000000 0.000352
877.000000 0.000353
878.000000 0.000354
879.000000 0.000355
880.000000 0.000357
881.000000 0.000358
882.000000 0.000359
883.000000 0.000360
884.000000 0.000362
885.000000 0.000363
886.000000 0.000364
887.000000 0.000365
888.000000 0.000367
889.000000 0.000368
890.000000 0.000369
891.000000 0.000370
892.000000 0.000372
893.000000 0.000373
894.000000 0.000374
895.000000 0.000375
896.000000 0.000377
897.000000 0.000378
898.000000 0.000379
899.000000 0.000380
900.000000 0.000382
901.000000 0.000383
902.000000 0.000384
903.000000 0.000385
904.000000 0.000387
905.000000 0.000388
906.000000 0.000389
907.000000 0.000390
908.000000 0.000392
909.000000 0.000393
910.000000 0.000394
911.000000 0.000395
912.000000 0.000397
913.000000 0.000398
914.000000 0.000399
915.000000 0.000400
916.000000 0.000402
917.000000 0.000403
918.000000 0.000404
919.000000 0.000405
920.000000 0.000407
921.000000 0.000408
922.000000 0.000409
923.000000 0.000410
924.000000 0.000412
925.000000 0.000413
926.000000 0.000414
927.000000 0.000415
928.000000 0.000417
929.000000 0.000418
930.000000 0.000419
931.000000 0.000420
932.000000 0.000422
933.000000 0.000423
934.000000 0.000424
935.000000 0.000425
936.000000 0.000427
937.000000 0.000428
938.000000 0.000429
939.000000 0.000431
940.000000 0.000432
941.000000 0.000433
942.000000 0.000434
943.000000 0.000436
944.000000 0.000437
945.000000 0.000438
946.000000 0.000439
947.000000 0.000441
948.000000 0.000442
949.000000 0.000443
950.000000 0.000444
951.000000 0.000446
952.000000 0.000447
953.000000 0.000448
954.000000 0.000450
955.000000 0.000451
956.000000 0.000452
957.000000 0.000453
958.000000 0.000455
959.000000 0.000456
960.000000 0.000457
961.000000 0.000458
962.000000 0.000460
963.000000 0.000461
964.000000 0.000462
965.000000 0.000464
966.000000 0.000465
967.000000 0.000466
968.000000 0.000467
969.000000 0.000469
970.000000 0.000470
971.000000 0.000471
972.000000 0.000472
973.000000 0.000474
974.000000 0.000475
975.000000 0.000476
976.000000 0.000478
977.000000 0.000479
978.000000 0.000480
979.000000 0.000481
980.000000 0.000483
981.000000 0.000484
982.000000 0.000485
983.000000 0.000486
984.000000 0.000488
985.000000 0.000489
986.000000 0.000490
987.000000 0.000491
988.000000 0.000493
989.000000 0.000494
990.000000 0.000495
991.000000 0.000497
992.000000 0.000498
993.000000 0.000499
994.000000 0.000500
995.000000 0.000502
996.000000 0.000503
997.000000 0.000504
998.000000 0.000505
999.000000 0.000507
1000.000000 0.000508
1001.000000 0.000509
1002.000000 0.000511
1003.000000 0.000512
1004.000000 0.000513
1005.000000 0.000514
1006.000000 0.000516
1007.000000 0.000517
1008.000000 0.000518
1009.000000 0.000519
1010.000000 0.000521
1011.000000 0.000522
1012.000000 0.000523
1013.000000 0.000524
1014.000000 0.000526
1015.000000 0.000527
1016.000000 0.000528
1017.000000 0.000530
1018.000000 0.000531
1019.000000 0.000532
1020.000000 0.000533
1021.000000 0.000535
1022.000000 0.000536
1023.000000 0.000537
1024.000000 0.000538
1025.000000 0.000540
1026.000000 0.000541
1027.000000 0.000542
1028.000000 0.000543
1029.000000 0.000545
1030.000000 0.000546
1031.000000 0.000547
1032.000000 0.000548
1033.000000 0.000550
1034.000000 0.000551
1035.000000 0.000552
1036.000000 0.000553
1037.000000 0.000555
1038.000000 0.000556
1039.000000 0.000557
1040.000000 0.000558
1041.000000 0.000560
1042.000000 0.000561
1043.000000 0.000562
1044.000000 0.000563
1045.000000 0.000565
1046.000000 0.000566
1047.000000 0.000567
1048.000000 0.000568
1049.000000 0.000570
1050.000000 0.000571
1051.000000 0.000572
1052.000000 0.000573
1053.000000 0.000575
1054.000000 0.000576
1055.000000 0.000577
1056.000000 0.000578
1057.000000 0.000580
1058.000000 0.000581
1059.000000 0.000582
1060.000000 0.000583
1061.000000 0.000585
1062.000000 0.000586
1063.000000 0.000587
1064.000000 0.000588
1065.000000 0.000590
1066.000000 0.000591
1067.000000 0.000592
1068.000000 0.000593
1069.000000 0.000594
1070.000000 0.000596
1071.000000 0.000597
1072.000000 0.000598
1073.000000 0.000599
1074.000000 0.000601
1075.000000 0.000602
1076.000000 0.000603
1077.000000 0.000604
1078.000000 0.000606
1079.000000 0.000607
1080.000000 0.000608
1081.000000 0.000609
1082.000000 0.000610
1083.000000 0.000612
1084.000000 0.000613
1085.000000 0.000614
1086.000000 0.000615
1087.000000 0.000616
1088.000000 0.000618
1089.000000 0.000619
1090.000000 0.000620
1091.000000 0.000621
1092.000000 0.000623
1093.000000 0.000624
1094.000000 0.000625
1095.000000 0.000626
1096.000000 0.000627
1097.000000 0.000629
1098.000000 0.000630
1099.000000 0.000631
1100.000000 0.000632
1101.000000 0.000633
1102.000000 0.000635
1103.000000 0.000636
1104.000000 0.000637
1105.000000 0.000638
1106.000000 0.000639
1107.000000 0.000641
1108.000000 0.000642
1109.000000 0.000643
1110.000000 0.000644
1111.000000 0.000645
1112.000000 0.000646
1113.000000 0.000648
1114.000000 0.000649
1115.000000 0.000650
1116.000000 0.000651
1117.000000 0.000652
1118.000000 0.000654
1119.000000 0.000655
1120.000000 0.000656
1121.000000 0.000657
1122.000000 0.000658
1123.000000 0.000659
1124.000000 0.000661
1125.000000 0.000662
1126.000000 0.000663
1127.000000 0.000664
1128.000000 0.000665
1129.000000 0.000666
1130.000000 0.000667
1131.000000 0.000669
1132.000000 0.000670
1133.000000 0.000671
1134.000000 0.000672
1135.000000 0.000673
1136.000000 0.000674
1137.000000 0.000676
1138.000000 0.000677
1139.000000 0.000678
1140.000000 0.000679
1141.000000 0.000680
1142.000000 0.000681
1143.000000 0.000682
1144.000000 0.000684
1145.000000 0.000685
1146.000000 0.000686
1147.000000 0.000687
1148.000000 0.000688
1149.000000 0.000689
1150.000000 0.000690
1151.000000 0.000691
1152.000000 0.000693
1153.000000 0.000694
1154.000000 0.000695
1155.000000 0.000696
1156.000000 0.000697
1157.000000 0.000698
1158.000000 0.000699
1159.000000 0.000700
1160.000000 0.000701
1161.000000 0.000703
1162.000000 0.000704
1163.000000 0.000705
1164.000000 0.000706
1165.000000 0.000707
1166.000000 0.000708
1167.000000 0.000709
1168.000000 0.000710
1169.000000 0.000711
1170.000000 0.000712
1171.000000 0.000714
1172.000000 0.000715
1173.000000 0.000716
1174.000000 0.000717
1175.000000 0.000718
1176.000000 0.000719
1177.000000 0.000720
1178.000000 0.000721
1179.000000 0.000722
1180.000000 0.000723
1181.000000 0.000724
1182.000000 0.000725
1183.000000 0.000726
1184.000000 0.000727
1185.000000 0.000729
1186.000000 0.000730
1187.000000 0.000731
1188.000000 0.000732
1189.000000 0.000733
1190.000000 0.000734
1191.000000 0.000735
1192.000000 0.000736
1193.000000 0.000737
1194.000000 0.000738
1195.000000 0.000739
1196.000000 0.000740
1197.000000 0.000741
1198.000000 0.000742
1199.000000 0.000743
1200.000000 0.000744
1201.000000 0.000745
1202.000000 0.000746
1203.000000 0.000747
1204.000000 0.000748
1205.000000 0.000749
1206.000000 0.000750
1207.000000 0.000751
1208.000000 0.000752
1209.000000 0.000753
1210.000000 0.000754
1211.000000 0.000755
1212.000000 0.000756
1213.000000 0.000757
1214.000000 0.000758
1215.000000 0.000759
1216.000000 0.000760
1217.000000 0.000761
1218.000000 0.000762
1219.000000 0.000763
1220.000000 0.000764
1221.000000 0.000765
1222.000000 0.000766
1223.000000 0.000767
1224.000000 0.000768
1225.000000 0.000769
1226.000000 0.000770
1227.000000 0.000771
1228.000000 0.000772
1229.000000 0.000773
1230.000000 0.000774
1231.000000 0.000775
1232.000000 0.000776
1233.000000 0.000777
1234.000000 0.000778
1235.000000 0.000779
1236.000000 0.000780
1237.000000 0.000780
1238.000000 0.000781
1239.000000 0.000782
1240.000000 0.000783
1241.000000 0.000784
1242.000000 0.000785
1243.000000 0.000786
1244.000000 0.000787
1245.000000 0.000788
1246.000000 0.000789
1247.000000 0.000790
1248.000000 0.000791
1249.000000 0.000792
1250.000000 0.000792
1251.000000 0.000793
1252.000000 0.000794
1253.000000 0.000795
1254.000000 0.000796
1255.000000 0.000797
1256.000000 0.000798
1257.000000 0.000799
1258.000000 0.000800
1259.000000 0.000800
1260.000000 0.000801
1261.000000 0.000802
1262.000000 0.000803
1263.000000 0.000804
1264.000000 0.000805
1265.000000 0.000806
1266.000000 0.000806
1267.000000 0.000807
1268.000000 0.000808
1269.000000 0.000809
1270.000000 0.000810
1271.000000 0.000811
1272.000000 0.000812
1273.000000 0.000812
1274.000000 0.000813
1275.000000 0.000814
1276.000000 0.000815
1277.000000 0.000816
1278.000000 0.000817
1279.000000 0.000817
1280.000000 0.000818
1281.000000 0.000819
1282.000000 0.000820
1283.000000 0.000821
1284.000000 0.000821
1285.000000 0.000822
1286.000000 0.000823
1287.000000 0.000824
1288.000000 0.000825
1289.000000 0.000825
1290.000000 0.000826
1291.000000 0.000827
1292.000000 0.000828
1293.000000 0.000829
1294.000000 0.000829
1295.000000 0.000830
1296.000000 0.000831
1297.000000 0.000832
1298.000000 0.000832
1299.000000 0.000833
1300.000000 0.000834
1301.000000 0.000835
1302.000000 0.000835
1303.000000 0.000836
1304.000000 0.000837
1305.000000 0.000838
1306.000000 0.000838
1307.000000 0.000839
1308.000000 0.000840
1309.000000 0.000841
1310.000000 0.000841
1311.000000 0.000842
1312.000000 0.000843
1313.000000 0.000843
1314.000000 0.000844
1315.000000 0.000845
1316.000000 0.000845
1317.000000 0.000846
1318.000000 0.000847
1319.000000 0.000848
1320.000000 0.000848
1321.000000 0.000849
1322.000000 0.000850
1323.000000 0.000850
1324.000000 0.000851
1325.000000 0.000852
1326.000000 0.000852
1327.000000 0.000853
1328.000000 0.000854
1329.000000 0.000854
1330.000000 0.000855
1331.000000 0.000856
1332.000000 0.000856
1333.000000 0.000857
1334.000000 0.000858
1335.000000 0.000858
1336.000000 0.000859
1337.000000 0.000859
1338.000000 0.000860
1339.000000 0.000861
1340.000000 0.000861
1341.000000 0.000862
1342.000000 0.000863
1343.000000 0.000863
1344.000000 0.000864
1345.000000 0.000864
1346.000000 0.000865
1347.000000 0.000866
1348.000000 0.000866
1349.000000 0.000867
1350.000000 0.000867
1351.000000 0.000868
1352.000000 0.000869
1353.000000 0.000869
1354.000000 0.000870
1355.000000 0.000870
1356.000000 0.000871
1357.000000 0.000871
1358.000000 0.000872
1359.000000 0.000872
1360.000000 0.000873
1361.000000 0.000874
1362.000000 0.000874
1363.000000 0.000875
1364.000000 0.000875
1365.000000 0.000876
1366.000000 0.000876
1367.000000 0.000877
1368.000000 0.000877
1369.000000 0.000878
1370.000000 0.000878
1371.000000 0.000879
1372.000000 0.000879
1373.000000 0.000880
1374.000000 0.000880
1375.000000 0.000881
1376.000000 0.000881
1377.000000 0.000882
1378.000000 0.000882
1379.000000 0.000883
1380.000000 0.000883
1381.000000 0.000884
1382.000000 0.000884
1383.000000 0.000885
1384.000000 0.000885
1385.000000 0.000886
1386.000000 0.000886
1387.000000 0.000887
1388.000000 0.000887
1389.000000 0.000887
1390.000000 0.000888
1391.000000 0.000888
1392.000000 0.000889
1393.000000 0.000889
1394.000000 0.000890
1395.000000 0.000890
1396.000000 0.000890
1397.000000 0.000891
1398.000000 0.000891
1399.000000 0.000892
1400.000000 0.000892
1401.000000 0.000892
1402.000000 0.000893
1403.000000 0.000893
1404.000000 0.000894
1405.000000 0.000894
1406.000000 0.000894
1407.000000 0.000895
1408.000000 0.000895
1409.000000 0.000895
1410.000000 0.000896
1411.000000 0.000896
1412.000000 0.000897
1413.000000 0.000897
1414.000000 0.000897
1415.000000 0.000898
1416.000000 0.000898
1417.000000 0.000898
1418.000000 0.000899
1419.000000 0.000899
1420.000000 0.000899
1421.000000 0.000900
1422.000000 0.000900
1423.000000 0.000900
1424.000000 0.000901
1425.000000 0.000901
1426.000000 0.000901
1427.000000 0.000901
1428.000000 0.000902
1429.000000 0.000902
1430.000000 0.000902
1431.000000 0.000903
1432.000000 0.000903
1433.000000 0.000903
1434.000000 0.000903
1435.000000 0.000904
1436.000000 0.000904
1437.000000 0.000904
1438.000000 0.000904
1439.000000 0.000905
1440.000000 0.000905
1441.000000 0.000905
1442.000000 0.000905
1443.000000 0.000906
1444.000000 0.000906
1445.000000 0.000906
1446.000000 0.000906
1447.000000 0.000907
1448.000000 0.000907
1449.000000 0.000907
1450.000000 0.000907
1451.000000 0.000907
1452.000000 0.000908
1453.000000 0.000908
1454.000000 0.000908
1455.000000 0.000908
1456.000000 0.000908
1457.000000 0.000909
1458.000000 0.000909
1459.000000 0.000909
1460.000000 0.000909
1461.000000 0.000909
1462.000000 0.000909
1463.000000 0.000909
1464.000000 0.000910
1465.000000 0.000910
1466.000000 0.000910
1467.000000 0.000910
1468.000000 0.000910
1469.000000 0.000910
1470.000000 0.000910
1471.000000 0.000911
1472.000000 0.000911
1473.000000 0.000911
1474.000000 0.000911
1475.000000 0.000911
1476.000000 0.000911
1477.000000 0.000911
1478.000000 0.000911
1479.000000 0.000911
1480.000000 0.000911
1481.000000 0.000912
1482.000000 0.000912
1483.000000 0.000912
1484.000000 0.000912
1485.000000 0.000912
1486.000000 0.000912
1487.000000 0.000912
1488.000000 0.000912
1489.000000 0.000912
1490.000000 0.000912
1491.000000 0.000912
1492.000000 0.000912
1493.000000 0.000912
1494.000000 0.000912
1495.000000 0.000912
1496.000000 0.000912
1497.000000 0.000912
1498.000000 0.000912
1499.000000 0.000912
1500.000000 0.000912
1501.000000 0.000912
1502.000000 0.000912
1503.000000 0.000912
1504.000000 0.000912
1505.000000 0.000912
1506.000000 0.000912
1507.000000 0.000912
1508.000000 0.000912
1509.000000 0.000912
1510.000000 0.000912
1511.000000 0.000912
1512.000000 0.000912
1513.000000 0.000912
1514.000000 0.000912
1515.000000 0.000912
1516.000000 0.000912
1517.000000 0.000912
1518.000000 0.000912
1519.000000 0.000912
1520.000000 0.000912
1521.000000 0.000911
1522.000000 0.000911
1523.000000 0.000911
1524.000000 0.000911
1525.000000 0.000911
1526.000000 0.000911
1527.000000 0.000911
1528.000000 0.000911
1529.000000 0.000911
1530.000000 0.000911
1531.000000 0.000910
1532.000000 0.000910
1533.000000 0.000910
1534.000000 0.000910
1535.000000 0.000910
1536.000000 0.000910
1537.000000 0.000910
1538.000000 0.000909
1539.000000 0.000909
1540.000000 0.000909
1541.000000 0.000909
1542.000000 0.000909
1543.000000 0.000909
1544.000000 0.000909
1545.000000 0.000908
1546.000000 0.000908
1547.000000 0.000908
1548.000000 0.000908
1549.000000 0.000908
1550.000000 0.000907
1551.000000 0.000907
1552.000000 0.000907
1553.000000 0.000907
1554.000000 0.000907
1555.000000 0.000906
1556.000000 0.000906
1557.000000 0.000906
1558.000000 0.000906
1559.000000 0.000905
1560.000000 0.000905
1561.000000 0.000905
1562.000000 0.000905
1563.000000 0.000904
1564.000000 0.000904
1565.000000 0.000904
1566.000000 0.000904
1567.000000 0.000903
1568.000000 0.000903
1569.000000 0.000903
1570.000000 0.000903
1571.000000 0.000902
1572.000000 0.000902
1573.000000 0.000902
1574.000000 0.000901
1575.000000 0.000901
1576.000000 0.000901
1577.000000 0.000901
1578.000000 0.000900
1579.000000 0.000900
1580.000000 0.000900
1581.000000 0.000899
1582.000000 0.000899
1583.000000 0.000899
1584.000000 0.000898
1585.000000 0.000898
1586.000000 0.000898
1587.000000 0.000897
1588.000000 0.000897
1589.000000 0.000897
1590.000000 0.000896
1591.000000 0.000896
1592.000000 0.000895
1593.000000 0.000895
1594.000000 0.000895
1595.000000 0.000894
1596.000000 0.000894
1597.000000 0.000894
1598.000000 0.000893
1599.000000 0.000893
1600.000000 0.000892
1601.000000 0.000892
1602.000000 0.000892
1603.000000 0.000891
1604.000000 0.000891
1605.000000 0.000890
1606.000000 0.000890
1607.000000 0.000890
1608.000000 0.000889
1609.000000 0.000889
1610.000000 0.000888
1611.000000 0.000888
1612.000000 0.000887
1613.000000 0.000887
1614.000000 0.000887
1615.000000 0.000886
1616.000000 0.000886
1617.000000 0.000885
1618.000000 0.000885
1619.000000 0.000884
1620.000000 0.000884
1621.000000 0.000883
1622.000000 0.000883
1623.000000 0.000882
1624.000000 0.000882
1625.000000 0.000881
1626.000000 0.000881
1627.000000 0.000880
1628.000000 0.000880
1629.000000 0.000879
1630.000000 0.000879
1631.000000 0.000878
1632.000000 0.000878
1633.000000 0.000877
1634.000000 0.000877
1635.000000 0.000876
1636.000000 0.000876
1637.000000 0.000875
1638.000000 0.000875
1639.000000 0.000874
1640.000000 0.000874
1641.000000 0.000873
1642.000000 0.000872
1643.000000 0.000872
1644.000000 0.000871
1645.000000 0.000871
1646.000000 0.000870
1647.000000 0.000870
1648.000000 0.000869
1649.000000 0.000869
1650.000000 0.000868
1651.000000 0.000867
1652.000000 0.000867
1653.000000 0.000866
1654.000000 0.000866
1655.000000 0.000865
1656.000000 0.000864
1657.000000 0.000864
1658.000000 0.000863
1659.000000 0.000863
1660.000000 0.000862
1661.000000 0.000861
1662.000000 0.000861
1663.000000 0.000860
1664.000000 0.000859
1665.000000 0.000859
1666.000000 0.000858
1667.000000 0.000858
1668.000000 0.000857
1669.000000 0.000856
1670.000000 0.000856
1671.000000 0.000855
1672.000000 0.000854
1673.000000 0.000854
1674.000000 0.000853
1675.000000 0.000852
1676.000000 0.000852
1677.000000 0.000851
1678.000000 0.000850
1679.000000 0.000850
1680.000000 0.000849
1681.000000 0.000848
1682.000000 0.000848
1683.000000 0.000847
1684.000000 0.000846
1685.000000 0.000845
1686.000000 0.000845
1687.000000 0.000844
1688.000000 0.000843
1689.000000 0.000843
1690.000000 0.000842
1691.000000 0.000841
1692.000000 0.000841
1693.000000 0.000840
1694.000000 0.000839
1695.000000 0.000838
1696.000000 0.000838
1697.000000 0.000837
1698.000000 0.000836
1699.000000 0.000835
1700.000000 0.000835
1701.000000 0.000834
1702.000000 0.000833
1703.000000 0.000832
1704.000000 0.000832
1705.000000 0.000831
1706.000000 0.000830
1707.000000 0.000829
1708.000000 0.000829
1709.000000 0.000828
1710.000000 0.000827
1711.000000 0.000826
1712.000000 0.000825
1713.000000 0.000825
1714.000000 0.000824
1715.000000 0.000823
1716.000000 0.000822
1717.000000 0.000821
1718.000000 0.000821
1719.000000 0.000820
1720.000000 0.000819
1721.000000 0.000818
1722.000000 0.000817
1723.000000 0.000817
1724.000000 0.000816
1725.000000 0.000815
1726.000000 0.000814
1727.000000 0.000813
1728.000000 0.000812
1729.000000 0.000812
1730.000000 0.000811
1731.000000 0.000810
1732.000000 0.000809
1733.000000 0.000808
1734.000000 0.000807
1735.000000 0.000806
1736.000000 0.000806
1737.000000 0.000805
1738.000000 0.000804
1739.000000 0.000803
1740.000000 0.000802
1741.000000 0.000801
1742.000000 0.000800
1743.000000 0.000800
1744.000000 0.000799
1745.000000 0.000798
1746.000000 0.000797
1747.000000 0.000796
1748.000000 0.000795
1749.000000 0.000794
1750.000000 0.000793
1751.000000 0.000792
1752.000000 0.000792
1753.000000 0.000791
1754.000000 0.000790
1755.000000 0.000789
1756.000000 0.000788
1757.000000 0.000787
1758.000000 0.000786
1759.000000 0.000785
1760.000000 0.000784
1761.000000 0.000783
1762.000000 0.000782
1763.000000 0.000781
1764.000000 0.000780
1765.000000 0.000780
1766.000000 0.000779
1767.000000 0.000778
1768.000000 0.000777
1769.000000 0.000776
1770.000000 0.000775
1771.000000 0.000774
1772.000000 0.000773
1773.000000 0.000772
1774.000000 0.000771
1775.000000 0.000770
1776.000000 0.000769
1777.000000 0.000768
1778.000000 0.000767
1779.000000 0.000766
1780.000000 0.000765
1781.000000 0.000764
1782.000000 0.000763
1783.000000 0.000762
1784.000000 0.000761
1785.000000 0.000760
1786.000000 0.000759
1787.000000 0.000758
1788.000000 0.000757
1789.000000 0.000756
1790.000000 0.000755
1791.000000 0.000754
1792.000000 0.000753
1793.000000 0.000752
1794.000000 0.000751
1795.000000 0.000750
1796.000000 0.000749
1797.000000 0.000748
1798.000000 0.000747
1799.000000 0.000746
1800.000000 0.000745
1801.000000 0.000744
1802.000000 0.000743
1803.000000 0.000742
1804.000000 0.000741
1805.000000 0.000740
1806.000000 0.000739
1807.000000 0.000738
1808.000000 0.000737
1809.000000 0.000736
1810.000000 0.000735
1811.000000 0.000734
1812.000000 0.000733
1813.000000 0.000732
1814.000000 0.000731
1815.000000 0.000730
1816.000000 0.000729
1817.000000 0.000727
1818.000000 0.000726
1819.000000 0.000725
1820.000000 0.000724
1821.000000 0.000723
1822.000000 0.000722
1823.000000 0.000721
1824.000000 0.000720
1825.000000 0.000719
1826.000000 0.000718
1827.000000 0.000717
1828.000000 0.000716
1829.000000 0.000715
1830.000000 0.000714
1831.000000 0.000712
1832.000000 0.000711
1833.000000 0.000710
1834.000000 0.000709
1835.000000 0.000708
1836.000000 0.000707
1837.000000 0.000706
1838.000000 0.000705
1839.000000 0.000704
1840.000000 0.000703
1841.000000 0.000701
1842.000000 0.000700
1843.000000 0.000699
1844.000000 0.000698
1845.000000 0.000697
1846.000000 0.000696
1847.000000 0.000695
1848.000000 0.000694
1849.000000 0.000693
1850.000000 0.000691
1851.000000 0.000690
1852.000000 0.000689
1853.000000 0.000688
1854.000000 0.000687
1855.000000 0.000686
1856.000000 0.000685
1857.000000 0.000684
1858.000000 0.000682
1859.000000 0.000681
1860.000000 0.000680
1861.000000 0.000679
1862.000000 0.000678
1863.000000 0.000677
1864.000000 0.000676
1865.000000 0.000674
1866.000000 0.000673
1867.000000 0.000672
1868.000000 0.000671
1869.000000 0.000670
1870.000000 0.000669
1871.000000 0.000667
1872.000000 0.000666
1873.000000 0.000665
1874.000000 0.000664
1875.000000 0.000663
1876.000000 0.000662
1877.000000 0.000661
1878.000000 0.000659
1879.000000 0.000658
1880.000000 0.000657
1881.000000 0.000656
1882.000000 0.000655
1883.000000 0.000654
1884.000000 0.000652
1885.000000 0.000651
1886.000000 0.000650
1887.000000 0.000649
1888.000000 0.000648
1889.000000 0.000646
1890.000000 0.000645
1891.000000 0.000644
1892.000000 0.000643
1893.000000 0.000642
1894.000000 0.000641
1895.000000 0.000639
1896.000000 0.000638
1897.000000 0.000637
1898.000000 0.000636
1899.000000 0.000635
1900.000000 0.000633
1901.000000 0.000632
1902.000000 0.000631
1903.000000 0.000630
1904.000000 0.000629
1905.000000 0.000627
1906.000000 0.000626
1907.000000 0.000625
1908.000000 0.000624
1909.000000 0.000623
1910.000000 0.000621
1911.000000 0.000620
1912.000000 0.000619
1913.000000 0.000618
1914.000000 0.000616
1915.000000 0.000615
1916.000000 0.000614
1917.000000 0.000613
1918.000000 0.000612
1919.000000 0.000610
1920.000000 0.000609
1921.000000 0.000608
1922.000000 0.000607
1923.000000 0.000606
1924.000000 0.000604
1925.000000 0.000603
1926.000000 0.000602
1927.000000 0.000601
1928.000000 0.000599
1929.000000 0.000598
1930.000000 0.000597
1931.000000 0.000596
1932.000000 0.000594
1933.000000 0.000593
1934.000000 0.000592
1935.000000 0.000591
1936.000000 0.000590
1937.000000 0.000588
1938.000000 0.000587
1939.000000 0.000586
1940.000000 0.000585
1941.000000 0.000583
1942.000000 0.000582
1943.000000 0.000581
1944.000000 0.000580
1945.000000 0.000578
1946.000000 0.000577
1947.000000 0.000576
1948.000000 0.000575
1949.000000 0.000573
1950.000000 0.000572
1951.000000 0.000571
1952.000000 0.000570
1953.000000 0.000568
1954.000000 0.000567
1955.000000 0.000566
1956.000000 0.000565
1957.000000 0.000563
1958.000000 0.000562
1959.000000 0.000561
1960.000000 0.000560
1961.000000 0.000558
1962.000000 0.000557
1963.000000 0.000556
1964.000000 0.000555
1965.000000 0.000553
1966.000000 0.000552
1967.000000 0.000551
1968.000000 0.000550
1969.000000 0.000548
1970.000000 0.000547
1971.000000 0.000546
1972.000000 0.000545
1973.000000 0.000543
1974.000000 0.000542
1975.000000 0.000541
1976.000000 0.000540
1977.000000 0.000538
1978.000000 0.000537
1979.000000 0.000536
1980.000000 0.000535
1981.000000 0.000533
1982.000000 0.000532
1983.000000 0.000531
1984.000000 0.000530
1985.000000 0.000528
1986.000000 0.000527
1987.000000 0.000526
1988.000000 0.000524
1989.000000 0.000523
1990.000000 0.000522
1991.000000 0.000521
1992.000000 0.000519
1993.000000 0.000518
1994.000000 0.000517
1995.000000 0.000516
1996.000000 0.000514
1997.000000 0.000513
1998.000000 0.000512
1999.000000 0.000511
2000.000000 0.000509
2001.000000 0.000508
2002.000000 0.000507
2003.000000 0.000505
2004.000000 0.000504
2005.000000 0.000503
2006.000000 0.000502
2007.000000 0.000500
2008.000000 0.000499
2009.000000 0.000498
2010.000000 0.000497
2011.000000 0.000495
2012.000000 0.000494
2013.000000 0.000493
2014.000000 0.000491
2015.000000 0.000490
2016.000000 0.000489
2017.000000 0.000488
2018.000000 0.000486
2019.000000 0.000485
2020.000000 0.000484
2021.000000 0.000483
2022.000000 0.000481
2023.000000 0.000480
2024.000000 0.000479
2025.000000 0.000478
2026.000000 0.000476
2027.000000 0.000475
2028.000000 0.000474
2029.000000 0.000472
2030.000000 0.000471
2031.000000 0.000470
2032.000000 0.000469
2033.000000 0.000467
2034.000000 0.000466
2035.000000 0.000465
2036.000000 0.000464
2037.000000 0.000462
2038.000000 0.000461
2039.000000 0.000460
2040.000000 0.000458
2041.000000 0.000457
2042.000000 0.000456
2043.000000 0.000455
2044.000000 0.000453
2045.000000 0.000452
2046.000000 0.000451
2047.000000 0.000450
2048.000000 0.000448
2049.000000 0.000447
2050.000000 0.000446
2051.000000 0.000444
2052.000000 0.000443
2053.000000 0.000442
2054.000000 0.000441
2055.000000 0.000439
2056.000000 0.000438
2057.000000 0.000437
2058.000000 0.000436
2059.000000 0.000434
2060.000000 0.000433
2061.000000 0.000432
2062.000000 0.000431
2063.000000 0.000429
2064.000000 0.000428
2065.000000 0.000427
2066.000000 0.000425
2067.000000 0.000424
2068.000000 0.000423
2069.000000 0.000422
2070.000000 0.000420
2071.000000 0.000419
2072.000000 0.000418
2073.000000 0.000417
2074.000000 0.000415
2075.000000 0.000414
2076.000000 0.000413
2077.000000 0.000412
2078.000000 0.000410
2079.000000 0.000409
2080.000000 0.000408
2081.000000 0.000407
2082.000000 0.000405
2083.000000 0.000404
2084.000000 0.000403
2085.000000 0.000402
2086.000000 0.000400
2087.000000 0.000399
2088.000000 0.000398
2089.000000 0.000397
2090.000000 0.000395
2091.000000 0.000394
2092.000000 0.000393
2093.000000 0.000392
2094.000000 0.000390
2095.000000 0.000389
2096.000000 0.000388
2097.000000 0.000387
2098.000000 0.000385
2099.000000 0.000384
2100.000000 0.000383
2101.000000 0.000382
2102.000000 0.000380
2103.000000 0.000379
2104.000000 0.000378
2105.000000 0.000377
2106.000000 0.000375
2107.000000 0.000374
2108.000000 0.000373
2109.000000 0.000372
2110.000000 0.000370
2111.000000 0.000369
2112.000000 0.000368
2113.000000 0.000367
2114.000000 0.000365
2115.000000 0.000364
2116.000000 0.000363
2117.000000 0.000362
2118.000000 0.000360
2119.000000 0.000359
2120.000000 0.000358
2121.000000 0.000357
2122.000000 0.000355
2123.000000 0.000354
2124.000000 0.000353
2125.000000 0.000352
2126.000000 0.000351
2127.000000 0.000349
2128.000000 0.000348
2129.000000 0.000347
2130.000000 0.000346
2131.000000 0.000344
2132.000000 0.000343
2133.000000 0.000342
2134.000000 0.000341
2135.000000 0.000340
2136.000000 0.000338
2137.000000 0.000337
2138.000000 0.000336
2139.000000 0.000335
2140.000000 0.000334
2141.000000 0.000332
2142.000000 0.000331
2143.000000 0.000330
2144.000000 0.000329
2145.000000 0.000327
2146.000000 0.000326
2147.000000 0.000325
2148.000000 0.000324
2149.000000 0.000323
2150.000000 0.000321
2151.000000 0.000320
2152.000000 0.000319
2153.000000 0.000318
2154.000000 0.000317
2155.000000 0.000315
2156.000000 0.000314
2157.000000 0.000313
2158.000000 0.000312
2159.000000 0.000311
2160.000000 0.000309
2161.000000 0.000308
2162.000000 0.000307
2163.000000 0.000306
2164.000000 0.000305
2165.000000 0.000304
2166.000000 0.000302
2167.000000 0.000301
2168.000000 0.000300
2169.000000 0.000299
2170.000000 0.000298
2171.000000 0.000296
2172.000000 0.000295
2173.000000 0.000294
2174.000000 0.000293
2175.000000 0.000292
2176.000000 0.000291
2177.000000 0.000289
2178.000000 0.000288
2179.000000 0.000287
2180.000000 0.000286
2181.000000 0.000285
2182.000000 0.000284
2183.000000 0.000282
2184.000000 0.000281
2185.000000 0.000280
2186.000000 0.000279
2187.000000 0.000278
2188.000000 0.000277
2189.000000 0.000276
2190.000000 0.000274
2191.000000 0.000273
2192.000000 0.000272
2193.000000 0.000271
2194.000000 0.000270
2195.000000 0.000269
2196.000000 0.000268
2197.000000 0.000266
2198.000000 0.000265
2199.000000 0.000264
2200.000000 0.000263
2201.000000 0.000262
2202.000000 0.000261
2203.000000 0.000260
2204.000000 0.000258
2205.000000 0.000257
2206.000000 0.000256
2207.000000 0.000255
2208.000000 0.000254
2209.000000 0.000253
2210.000000 0.000252
2211.000000 0.000251
2212.000000 0.000250
2213.000000 0.000248
2214.000000 0.000247
2215.000000 0.000246
2216.000000 0.000245
2217.000000 0.000244
2218.000000 0.000243
2219.000000 0.000242
2220.000000 0.000241
2221.000000 0.000240
2222.000000 0.000239
2223.000000 0.000237
2224.000000 0.000236
2225.000000 0.000235
2226.000000 0.000234
2227.000000 0.000233
2228.000000 0.000232
2229.000000 0.000231
2230.000000 0.000230
2231.000000 0.000229
2232.000000 0.000228
2233.000000 0.000227
2234.000000 0.000226
2235.000000 0.000225
2236.000000 0.000223
2237.000000 0.000222
2238.000000 0.000221
2239.000000 0.000220
2240.000000 0.000219
2241.000000 0.000218
2242.000000 0.000217
2243.000000 0.000216
2244.000000 0.000215
2245.000000 0.000214
2246.000000 0.000213
2247.000000 0.000212
2248.000000 0.000211
2249.000000 0.000210
2250.000000 0.000209
2251.000000 0.000208
2252.000000 0.000207
2253.000000 0.000206
2254.000000 0.000205
2255.000000 0.000204
2256.000000 0.000203
2257.000000 0.000202
2258.000000 0.000201
2259.000000 0.000200
2260.000000 0.000199
2261.000000 0.000198
2262.000000 0.000196
2263.000000 0.000195
2264.000000 0.000194
2265.000000 0.000193
2266.000000 0.000192
2267.000000 0.000191
2268.000000 0.000190
2269.000000 0.000190
2270.000000 0.000189
2271.000000 0.000188
2272.000000 0.000187
2273.000000 0.000186
2274.000000 0.000185
2275.000000 0.000184
2276.000000 0.000183
2277.000000 0.000182
2278.000000 0.000181
2279.000000 0.000180
2280.000000 0.000179
2281.000000 0.000178
2282.000000 0.000177
2283.000000 0.000176
2284.000000 0.000175
2285.000000 0.000174
2286.000000 0.000173
2287.000000 0.000172
2288.000000 0.000171
2289.000000 0.000170
2290.000000 0.000169
2291.000000 0.000168
2292.000000 0.000167
2293.000000 0.000166
2294.000000 0.000165
2295.000000 0.000165
2296.000000 0.000164
2297.000000 0.000163
2298.000000 0.000162
2299.000000 0.000161
2300.000000 0.000160
2301.000000 0.000159
2302.000000 0.000158
2303.000000 0.000157
2304.000000 0.000156
2305.000000 0.000155
2306.000000 0.000155
2307.000000 0.000154
2308.000000 0.000153
2309.000000 0.000152
2310.000000 0.000151
2311.000000 0.000150
2312.000000 0.000149
2313.000000 0.000148
2314.000000 0.000147
2315.000000 0.000147
2316.000000 0.000146
2317.000000 0.000145
2318.000000 0.000144
2319.000000 0.000143
2320.000000 0.000142
2321.000000 0.000141
2322.000000 0.000140
2323.000000 0.000140
2324.000000 0.000139
2325.000000 0.000138
2326.000000 0.000137
2327.000000 0.000136
2328.000000 0.000135
2329.000000 0.000135
2330.000000 0.000134
2331.000000 0.000133
2332.000000 0.000132
2333.000000 0.000131
2334.000000 0.000130
2335.000000 0.000130
2336.000000 0.000129
2337.000000 0.000128
2338.000000 0.000127
2339.000000 0.000126
2340.000000 0.000126
2341.000000 0.000125
2342.000000 0.000124
2343.000000 0.000123
2344.000000 0.000122
2345.000000 0.000122
2346.000000 0.000121
2347.000000 0.000120
2348.000000 0.000119
2349.000000 0.000118
2350.000000 0.000118
2351.000000 0.000117
2352.000000 0.000116
2353.000000 0.000115
2354.000000 0.000115
2355.000000 0.000114
2356.000000 0.000113
2357.000000 0.000112
2358.000000 0.000112
2359.000000 0.000111
2360.000000 0.000110
2361.000000 0.000109
2362.000000 0.000109
2363.000000 0.000108
2364.000000 0.000107
2365.000000 0.000106
2366.000000 0.000106
2367.000000 0.000105
2368.000000 0.000104
2369.000000 0.000103
2370.000000 0.000103
2371.000000 0.000102
2372.000000 0.000101
2373.000000 0.000101
2374.000000 0.000100
2375.000000 0.000099
2376.000000 0.000098
2377.000000 0.000098
2378.000000 0.000097
2379.000000 0.000096
2380.000000 0.000096
2381.000000 0.000095
2382.000000 0.000094
2383.000000 0.000094
2384.000000 0.000093
2385.000000 0.000092
2386.000000 0.000092
2387.000000 0.000091
2388.000000 0.000090
2389.000000 0.000090
2390.000000 0.000089
2391.000000 0.000088
2392.000000 0.000088
2393.000000 0.000087
2394.000000 0.000086
2395.000000 0.000086
2396.000000 0.000085
2397.000000 0.000084
2398.000000 0.000084
2399.000000 0.000083
2400.000000 0.000082
2401.000000 0.000082
2402.000000 0.000081
2403.000000 0.000081
2404.000000 0.000080
2405.000000 0.000079
2406.000000 0.000079
2407.000000 0.000078
2408.000000 0.000078
2409.000000 0.000077
2410.000000 0.000076
2411.000000 0.000076
2412.000000 0.000075
2413.000000 0.000075
2414.000000 0.000074
2415.000000 0.000073
2416.000000 0.000073
2417.000000 0.000072
2418.000000 0.000072
2419.000000 0.000071
2420.000000 0.000070
2421.000000 0.000070
2422.000000 0.000069
2423.000000 0.000069
2424.000000 0.000068
2425.000000 0.000068
2426.000000 0.000067
2427.000000 0.000067
2428.000000 0.000066
2429.000000 0.000065
2430.000000 0.000065
2431.000000 0.000064
2432.000000 0.000064
2433.000000 0.000063
2434.000000 0.000063
2435.000000 0.000062
2436.000000 0.000062
2437.000000 0.000061
2438.000000 0.000061
2439.000000 0.000060
2440.000000 0.000060
2441.000000 0.000059
2442.000000 0.000059
2443.000000 0.000058
2444.000000 0.000058
2445.000000 0.000057
2446.000000 0.000057
2447.000000 0.000056
2448.000000 0.000056
2449.000000 0.000055
2450.000000 0.000055
2451.000000 0.000054
2452.000000 0.000054
2453.000000 0.000053
2454.000000 0.000053
2455.000000 0.000052
2456.000000 0.000052
2457.000000 0.000051
2458.000000 0.000051
2459.000000 0.000050
2460.000000 0.000050
2461.000000 0.000049
2462.000000 0.000049
2463.000000 0.000049
2464.000000 0.000048
2465.000000 0.000048
2466.000000 0.000047
2467.000000 0.000047
2468.000000 0.000046
2469.000000 0.000046
2470.000000 0.000045
2471.000000 0.000045
2472.000000 0.000045
2473.000000 0.000044
2474.000000 0.000044
2475.000000 0.000043
2476.000000 0.000043
2477.000000 0.000043
2478.000000 0.000042
2479.000000 0.000042
2480.000000 0.000041
2481.000000 0.000041
2482.000000 0.000041
2483.000000 0.000040
2484.000000 0.000040
2485.000000 0.000039
2486.000000 0.000039
2487.000000 0.000039
2488.000000 0.000038
2489.000000 0.000038
2490.000000 0.000037
2491.000000 0.000037
2492.000000 0.000037
2493.000000 0.000036
2494.000000 0.000036
2495.000000 0.000036
2496.000000 0.000035
2497.000000 0.000035
2498.000000 0.000034
2499.000000 0.000034
2500.000000 0.000034
2501.000000 0.000033
2502.000000 0.000033
2503.000000 0.000033
2504.000000 0.000032
2505.000000 0.000032
2506.000000 0.000032
2507.000000 0.000031
2508.000000 0.000031
2509.000000 0.000031
2510.000000 0.000030
2511.000000 0.000030
2512.000000 0.000030
2513.000000 0.000029
2514.000000 0.000029
2515.000000 0.000029
2516.000000 0.000028
2517.000000 0.000028
2518.000000 0.000028
2519.000000 0.000028
2520.000000 0.000027
2521.000000 0.000027
2522.000000 0.000027
2523.000000 0.000026
2524.000000 0.000026
2525.000000 0.000026
2526.000000 0.000025
2527.000000 0.000025
2528.000000 0.000025
2529.000000 0.000025
2530.000000 0.000024
2531.000000 0.000024
2532.000000 0.000024
2533.000000 0.000024
2534.000000 0.000023
2535.000000 0.000023
2536.000000 0.000023
2537.000000 0.000022
2538.000000 0.000022
2539.000000 0.000022
2540.000000 0.000022
2541.000000 0.000021
2542.000000 0.000021
2543.000000 0.000021
2544.000000 0.000021
2545.000000 0.000020
2546.000000 0.000020
2547.000000 0.000020
2548.000000 0.000020
2549.000000 0.000019
2550.000000 0.000019
2551.000000 0.000019
2552.000000 0.000019
2553.000000 0.000019
2554.000000 0.000018
2555.000000 0.000018
2556.000000 0.000018
2557.000000 0.000018
2558.000000 0.000017
2559.000000 0.000017
2560.000000 0.000017
2561.000000 0.000017
2562.000000 0.000017
2563.000000 0.000016
2564.000000 0.000016
2565.000000 0.000016
2566.000000 0.000016
2567.000000 0.000016
2568.000000 0.000015
2569.000000 0.000015
2570.000000 0.000015
2571.000000 0.000015
2572.000000 0.000015
2573.000000 0.000014
2574.000000 0.000014
2575.000000 0.000014
2576.000000 0.000014
2577.000000 0.000014
2578.000000 0.000013
2579.000000 0.000013
2580.000000 0.000013
2581.000000 0.000013
2582.000000 0.000013
2583.000000 0.000013
2584.000000 0.000012
2585.000000 0.000012
2586.000000 0.000012
2587.000000 0.000012
2588.000000 0.000012
2589.000000 0.000012
2590.000000 0.000011
2591.000000 0.000011
2592.000000 0.000011
2593.000000 0.000011
2594.000000 0.000011
2595.000000 0.000011
2596.000000 0.000010
2597.000000 0.000010
2598.000000 0.000010
2599.000000 0.000010
2600.000000 0.000010
2601.000000 0.000010
2602.000000 0.000010
2603.000000 0.000009
2604.000000 0.000009
2605.000000 0.000009
2606.000000 0.000009
2607.000000 0.000009
2608.000000 0.000009
2609.000000 0.000009
2610.000000 0.000008
2611.000000 0.000008
2612.000000 0.000008
2613.000000 0.000008
2614.000000 0.000008
2615.000000 0.000008
2616.000000 0.000008
2617.000000 0.000008
2618.000000 0.000007
2619.000000 0.000007
2620.000000 0.000007
2621.000000 0.000007
2622.000000 0.000007
2623.000000 0.000007
2624.000000 0.000007
2625.000000 0.000007
2626.000000 0.000007
2627.000000 0.000006
2628.000000 0.000006
2629.000000 0.000006
2630.000000 0.000006
2631.000000 0.000006
2632.000000 0.000006
2633.000000 0.000006
2634.000000 0.000006
2635.000000 0.000006
2636.000000 0.000006
2637.000000 0.000006
2638.000000 0.000005
2639.000000 0.000005
2640.000000 0.000005
2641.000000 0.000005
2642.000000 0.000005
2643.000000 0.000005
2644.000000 0.000005
2645.000000 0.000005
2646.000000 0.000005
2647.000000 0.000005
2648.000000 0.000005
2649.000000 0.000004
2650.000000 0.000004
2651.000000 0.000004
2652.000000 0.000004
2653.000000 0.000004
2654.000000 0.000004
2655.000000 0.000004
2656.000000 0.000004
2657.000000 0.000004
2658.000000 0.000004
2659.000000 0.000004
2660.000000 0.000004
2661.000000 0.000004
2662.000000 0.000004
2663.000000 0.000003
2664.000000 0.000003
2665.000000 0.000003
2666.000000 0.000003
2667.000000 0.000003
2668.000000 0.000003
2669.000000 0.000003
2670.000000 0.000003
2671.000000 0.000003
2672.000000 0.000003
2673.000000 0.000003
2674.000000 0.000003
2675.000000 0.000003
2676.000000 0.000003
2677.000000 0.000003
2678.000000 0.000003
2679.000000 0.000003
2680.000000 0.000002
2681.000000 0.000002
2682.000000 0.000002
2683.000000 0.000002
2684.000000 0.000002
2685.000000 0.000002
2686.000000 0.000002
2687.000000 0.000002
2688.000000 0.000002
2689.000000 0.000002
2690.000000 0.000002
2691.000000 0.000002
2692.000000 0.000002
2693.000000 0.000002
2694.000000 0.000002
2695.000000 0.000002
2696.000000 0.000002
2697.000000 0.000002
2698.000000 0.000002
2699.000000 0.000002
2700.000000 0.000002
2701.000000 0.000002
2702.000000 0.000002
2703.000000 0.000002
2704.000000 0.000001
2705.000000 0.000001
2706.000000 0.000001
2707.000000 0.000001
2708.000000 0.000001
2709.000000 0.000001
2710.000000 0.000001
2711.000000 0.000001
2712.000000 0.000001
2713.000000 0.000001
2714.000000 0.000001
2715.000000 0.000001
2716.000000 0.000001
2717.000000 0.000001
2718.000000 0.000001
2719.000000 0.000001
2720.000000 0.000001
2721.000000 0.000001
2722.000000 0.000001
2723.000000 0.000001
2724.000000 0.000001
2725.000000 0.000001
2726.000000 0.000001
2727.000000 0.000001
2728.000000 0.000001
2729.000000 0.000001
2730.000000 0.000001
2731.000000 0.000001
2732.000000 0.000001
2733.000000 0.000001
2734.000000 0.000001
2735.000000 0.000001
2736.000000 0.000001
2737.000000 0.000001
2738.000000 0.000001
2739.000000 0.000001
2740.000000 0.000001
2741.000000 0.000001
2742.000000 0.000001
2743.000000 0.000001
2744.000000 0.000001
2745.000000 0.000001
2746.000000 0.000001
2747.000000 0.000000
2748.000000 0.000000
2749.000000 0.000000
2750.000000 0.000000
2751.000000 0.000000
2752.000000 0.000000
2753.000000 0.000000
2754.000000 0.000000
2755.000000 0.000000
2756.000000 0.000000
2757.000000 0.000000
2758.000000 0.000000
2759.000000 0.000000
2760.000000 0.000000
2761.000000 0.000000
2762.000000 0.000000
2763.000000 0.000000
2764.000000 0.000000
2765.000000 0.000000
2766.000000 0.000000
2767.000000 0.000000
2768.000000 0.000000
2769.000000 0.000000
2770.000000 0.000000
2771.000000 0.000000
2772.000000 0.000000
2773.000000 0.000000
2774.000000 0.000000
2775.000000 0.000000
2776.000000 0.000000
2777.000000 0.000000
2778.000000 0.000000
2779.000000 0.000000
2780.000000 0.000000
2781.000000 0.000000
2782.000000 0.000000
2783.000000 0.000000
2784.000000 0.000000
2785.000000 0.000000
2786.000000 0.000000
2787.000000 0.000000
2788.000000 0.000000
2789.000000 0.000000
2790.000000 0.000000
2791.000000 0.000000
2792.000000 0.000000
2793.000000 0.000000
2794.000000 0.000000
2795.000000 0.000000
2796.000000 0.000000
2797.000000 0.000000
2798.000000 0.000000
2799.000000 0.000000
2800.000000 0.000000
2801.000000 0.000000
2802.000000 0.000000
2803.000000 0.000000
2804.000000 0.000000
2805.000000 0.000000
2806.000000 0.000000
2807.000000 0.000000
2808.000000 0.000000
2809.000000 0.000000
2810.000000 0.000000
2811.000000 0.000000
2812.000000 0.000000
2813.000000 0.000000
2814.000000 0.000000
2815.000000 0.000000
2816.000000 0.000000
2817.000000 0.000000
2818.000000 0.000000
2819.000000 0.000000
2820.000000 0.000000
2821.000000 0.000000
2822.000000 0.000000
2823.000000 0.000000
2824.000000 0.000000
2825.000000 0.000000
2826.000000 0.000000
2827.000000 0.000000
2828.000000 0.000000
2829.000000 0.000000
2830.000000 0.000000
2831.000000 0.000000
2832.000000 0.000000
2833.000000 0.000000
2834.000000 0.000000
2835.000000 0.000000
2836.000000 0.000000
2837.000000 0.000000
2838.000000 0.000000
2839.000000 0.000000
2840.000000 0.000000
2841.000000 0.000000
2842.000000 0.000000
2843.000000 0.000000
2844.000000 0.000000
2845.000000 0.000000
2846.000000 0.000000
2847.000000 0.000000
2848.000000 0.000000
2849.000000 0.000000
2850.000000 0.000000
2851.000000 0.000000
2852.000000 0.000000
2853.000000 0.000000
2854.000000 0.000000
2855.000000 0.000000
2856.000000 0.000000
2857.000000 0.000000
2858.000000 0.000000
2859.000000 0.000000
2860.000000 0.000000
2861.000000 0.000000
2862.000000 0.000000
2863.000000 0.000000
2864.000000 0.000000
2865.000000 0.000000
2866.000000 0.000000
2867.000000 0.000000
2868.000000 0.000000
2869.000000 0.000000
2870.000000 0.000000
2871.000000 0.000000
2872.000000 0.000000
2873.000000 0.000000
2874.000000 0.000000
2875.000000 0.000000
2876.000000 0.000000
2877.000000 0.000000
2878.000000 0.000000
2879.000000 0.000000
2880.000000 0.000000
2881.000000 0.000000
2882.000000 0.000000
2883.000000 0.000000
2884.000000 0.000000
2885.000000 0.000000
2886.000000 0.000000
2887.000000 0.000000
2888.000000 0.000000
2889.000000 0.000000
2890.000000 0.000000
2891.000000 0.000000
2892.000000 0.000000
2893.000000 0.000000
2894.000000 0.000000
2895.000000 0.000000
2896.000000 0.000000
2897.000000 0.000000
2898.000000 0.000000
2899.000000 0.000000
2900.000000 0.000000
2901.000000 0.000000
2902.000000 0.000000
2903.000000 0.000000
2904.000000 0.000000
2905.000000 0.000000
2906.000000 0.000000
2907.000000 0.000000
2908.000000 0.000000
2909.000000 0.000000
2910.000000 0.000000
2911.000000 0.000000
2912.000000 0.000000
2913.000000 0.000000
2914.000000 0.000000
2915.000000 0.000000
2916.000000 0.000000
2917.000000 0.000000
2918.000000 0.000000
2919.000000 0.000000
2920.000000 0.000000
2921.000000 0.000000
2922.000000 0.000000
2923.000000 0.000000
2924.000000 0.000000
2925.000000 0.000000
2926.000000 0.000000
2927.000000 0.000000
2928.000000 0.000000
2929.000000 0.000000
2930.000000 0.000000
2931.000000 0.000000
2932.000000 0.000000
2933.000000 0.000000
2934.000000 0.000000
2935.000000 0.000000
2936.000000 0.000000
2937.000000 0.000000
2938.000000 0.000000
2939.000000 0.000000
2940.000000 0.000000
2941.000000 0.000000
2942.000000 0.000000
2943.000000 0.000000
2944.000000 0.000000
2945.000000 0.000000
2946.000000 0.000000
2947.000000 0.000000
2948.000000 0.000000
2949.000000 0.000000
2950.000000 0.000000
2951.000000 0.000000
2952.000000 0.000000
2953.000000 0.000000
2954.000000 0.000000
2955.000000 0.000000
2956.000000 0.000000
2957.000000 0.000000
2958.000000 0.000000
2959.000000 0.000000
2960.000000 0.000000
2961.000000 0.000000
2962.000000 0.000000
2963.000000 0.000000
2964.000000 0.000000
2965.000000 0.000000
2966.000000 0.000000
2967.000000 0.000000
2968.000000 0.000000
2969.000000 0.000000
2970.000000 0.000000
2971.000000 0.000000
2972.000000 0.000000
2973.000000 0.000000
2974.000000 0.000000
2975.000000 0.000000
2976.000000 0.000000
2977.000000 0.000000
2978.000000 0.000000
2979.000000 0.000000
2980.000000 0.000000
2981.000000 0.000000
2982.000000 0.000000
2983.000000 0.000000
2984.000000 0.000000
2985.000000 0.000000
2986.000000 0.000000
2987.000000 0.000000
2988.000000 0.000000
2989.000000 0.000000
2990.000000 0.000000
2991.000000 0.000000
2992.000000 0.000000
2993.000000 0.000000
2994.000000 0.000000
2995.000000 0.000000
2996.000000 0.000000
2997.000000 0.000000
2998.000000 0.000000
2999.000000 0.000000
3000.000000 0.000000
