n lam mean variance std
3000 0.700000 1500.438704 64327.407229 253.628483
bin_midpoint probability
1.000000 0.000000
2.000000 0.000000
3.000000 0.000000
4.000000 0.000000
5.000000 0.000000
6.000000 0.000000
7.000000 0.000000
8.000000 0.000000
9.000000 0.000000
10.000000 0.000000
11.000000 0.000000
12.000000 0.000000
13.000000 0.000000
14.000000 0.000000
15.000000 0.000000
16.000000 0.000000
17.000000 0.000000
18.000000 0.000000
19.000000 0.000000
20.000000 0.000000
21.000000 0.000000
22.000000 0.000000
23.000000 0.000000
24.000000 0.000000
25.000000 0.000000
26.000000 0.000000
27.000000 0.000000
28.000000 0.000000
29.000000 0.000000
30.000000 0.000000
31.000000 0.000000
32.000000 0.000000
33.000000 0.000000
34.000000 0.000000
35.000000 0.000000
36.000000 0.000000
37.000000 0.000000
38.000000 0.000000
39.000000 0.000000
40.000000 0.000000
41.000000 0.000000
42.000000 0.000000
43.000000 0.000000
44.000000 0.000000
45.000000 0.000000
46.000000 0.000000
47.000000 0.000000
48.000000 0.000000
49.000000 0.000000
50.000000 0.000000
51.000000 0.000000
52.000000 0.000000
53.000000 0.000000
54.000000 0.000000
55.000000 0.000000
56.000000 0.000000
57.000000 0.000000
58.000000 0.000000
59.000000 0.000000
60.000000 0.000000
61.000000 0.000000
62.000000 0.000000
63.000000 0.000000
64.000000 0.000000
65.000000 0.000000
66.000000 0.000000
67.000000 0.000000
68.000000 0.000000
69.000000 0.000000
70.000000 0.000000
71.000000 0.000000
72.000000 0.000000
73.000000 0.000000
74.000000 0.000000
75.000000 0.000000
76.000000 0.000000
77.000000 0.000000
78.000000 0.000000
79.000000 0.000000
80.000000 0.000000
81.000000 0.000000
82.000000 0.000000
83.000000 0.000000
84.000000 0.000000
85.000000 0.000000
86.000000 0.000000
87.000000 0.000000
88.000000 0.000000
89.000000 0.000000
90.000000 0.000000
91.000000 0.000000
92.000000 0.000000
93.000000 0.000000
94.000000 0.000000
95.000000 0.000000
96.000000 0.000000
97.000000 0.000000
98.000000 0.000000
99.000000 0.000000
100.000000 0.000000
101.000000 0.000000
102.000000 0.000000
103.000000 0.000000
104.000000 0.000000
105.000000 0.000000
106.000000 0.000000
107.000000 0.000000
108.000000 0.000000
109.000000 0.000000
110.000000 0.000000
111.000000 0.000000
112.000000 0.000000
113.000000 0.000000
114.000000 0.000000
115.000000 0.000000
116.000000 0.000000
117.000000 0.000000
118.000000 0.000000
119.000000 0.000000
120.000000 0.000000
121.000000 0.000000
122.000000 0.000000
123.000000 0.000000
124.000000 0.000000
125.000000 0.000000
126.000000 0.000000
127.000000 0.000000
128.000000 0.000000
129.000000 0.000000
130.000000 0.000000
131.000000 0.000000
132.000000 0.000000
133.000000 0.000000
134.000000 0.000000
135.000000 0.000000
136.000000 0.000000
137.000000 0.000000
138.000000 0.000000
139.000000 0.000000
140.000000 0.000000
141.000000 0.000000
142.000000 0.000000
143.000000 0.000000
144.000000 0.000000
145.000000 0.000000
146.000000 0.000000
147.000000 0.000000
148.000000 0.000000
149.000000 0.000000
150.000000 0.000000
151.000000 0.000000
152.000000 0.000000
153.000000 0.000000
154.000000 0.000000
155.000000 0.000000
156.000000 0.000000
157.000000 0.000000
158.000000 0.000000
159.000000 0.000000
160.000000 0.000000
161.000000 0.000000
162.000000 0.000000
163.000000 0.000000
164.000000 0.000000
165.000000 0.000000
166.000000 0.000000
167.000000 0.000000
168.000000 0.000000
169.000000 0.000000
170.000000 0.000000
171.000000 0.000000
172.000000 0.000000
173.000000 0.000000
174.000000 0.000000
175.000000 0.000000
176.000000 0.000000
177.000000 0.000000
178.000000 0.000000
179.000000 0.000000
180.000000 0.000000
181.000000 0.000000
182.000000 0.000000
183.000000 0.000000
184.000000 0.000000
185.000000 0.000000
186.000000 0.000000
187.000000 0.000000
188.000000 0.000000
189.000000 0.000000
190.000000 0.000000
191.000000 0.000000
192.000000 0.000000
193.000000 0.000000
194.000000 0.000000
195.000000 0.000000
196.000000 0.000000
197.000000 0.000000
198.000000 0.000000
199.000000 0.000000
200.000000 0.000000
201.000000 0.000000
202.000000 0.000000
203.000000 0.000000
204.000000 0.000000
205.000000 0.000000
206.000000 0.000000
207.000000 0.000000
208.000000 0.000000
209.000000 0.000000
210.000000 0.000000
211.000000 0.000000
212.000000 0.000000
213.000000 0.000000
214.000000 0.000000
215.000000 0.000000
216.000000 0.000000
217.000000 0.000000
218.000000 0.000000
219.000000 0.000000
220.000000 0.000000
221.000000 0.000000
222.000000 0.000000
223.000000 0.000000
224.000000 0.000000
225.000000 0.000000
226.000000 0.000000
227.000000 0.000000
228.000000 0.000000
229.000000 0.000000
230.000000 0.000000
231.000000 0.000000
232.000000 0.000000
233.000000 0.000000
234.000000 0.000000
235.000000 0.000000
236.000000 0.000000
237.000000 0.000000
238.000000 0.000000
239.000000 0.000000
240.000000 0.000000
241.000000 0.000000
242.000000 0.000000
243.000000 0.000000
244.000000 0.000000
245.000000 0.000000
246.000000 0.000000
247.000000 0.000000
248.000000 0.000000
249.000000 0.000000
250.000000 0.000000
251.000000 0.000000
252.000000 0.000000
253.000000 0.000000
254.000000 0.000000
255.000000 0.000000
256.000000 0.000000
257.000000 0.000000
258.000000 0.000000
259.000000 0.000000
260.000000 0.000000
261.000000 0.000000
262.000000 0.000000
263.000000 0.000000
264.000000 0.000000
265.000000 0.000000
266.000000 0.000000
267.000000 0.000000
268.000000 0.000000
269.000000 0.000000
270.000000 0.000000
271.000000 0.000000
272.000000 0.000000
273.000000 0.000000
274.000000 0.000000
275.000000 0.000000
276.000000 0.000000
277.000000 0.000000
278.000000 0.000000
279.000000 0.000000
280.000000 0.000000
281.000000 0.000000
282.000000 0.000000
283.000000 0.000000
284.000000 0.000000
285.000000 0.000000
286.000000 0.000000
287.000000 0.000000
288.000000 0.000000
289.000000 0.000000
290.000000 0.000000
291.000000 0.000000
292.000000 0.000000
293.000000 0.000000
294.000000 0.000000
295.000000 0.000000
296.000000 0.000000
297.000000 0.000000
298.000000 0.000000
299.000000 0.000000
300.000000 0.000000
301.000000 0.000000
302.000000 0.000000
303.000000 0.000000
304.000000 0.000000
305.000000 0.000000
306.000000 0.000000
307.000000 0.000000
308.000000 0.000000
309.000000 0.000000
310.000000 0.000000
311.000000 0.000000
312.000000 0.000000
313.000000 0.000000
314.000000 0.000000
315.000000 0.000000
316.000000 0.000000
317.000000 0.000000
318.000000 0.000000
319.000000 0.000000
320.000000 0.000000
321.000000 0.000000
322.000000 0.000000
323.000000 0.000000
324.000000 0.000000
325.000000 0.000000
326.000000 0.000000
327.000000 0.000000
328.000000 0.000000
329.000000 0.000000
330.000000 0.000000
331.000000 0.000000
332.000000 0.000000
333.000000 0.000000
334.000000 0.000000
335.000000 0.000000
336.000000 0.000000
337.000000 0.000000
338.000000 0.000000
339.000000 0.000000
340.000000 0.000000
341.000000 0.000000
342.000000 0.000000
343.000000 0.000000
344.000000 0.000000
345.000000 0.000000
346.000000 0.000000
347.000000 0.000000
348.000000 0.000000
349.000000 0.000000
350.000000 0.000000
351.000000 0.000000
352.000000 0.000000
353.000000 0.000000
354.000000 0.000000
355.000000 0.000000
356.000000 0.000000
357.000000 0.000000
358.000000 0.000000
359.000000 0.000000
360.000000 0.000000
361.000000 0.000000
362.000000 0.000000
363.000000 0.000000
364.000000 0.000000
365.000000 0.000000
366.000000 0.000000
367.000000 0.000000
368.000000 0.000000
369.000000 0.000000
370.000000 0.000000
371.000000 0.000000
372.000000 0.000000
373.000000 0.000000
374.000000 0.000000
375.000000 0.000000
376.000000 0.000000
377.000000 0.000000
378.000000 0.000000
379.000000 0.000000
380.000000 0.000000
381.000000 0.000000
382.000000 0.000000
383.000000 0.000000
384.000000 0.000000
385.000000 0.000000
386.000000 0.000000
387.000000 0.000000
388.000000 0.000000
389.000000 0.000000
390.000000 0.000000
391.000000 0.000000
392.000000 0.000000
393.000000 0.000000
394.000000 0.000000
395.000000 0.000000
396.000000 0.000000
397.000000 0.000000
398.000000 0.000000
399.000000 0.000000
400.000000 0.000000
401.000000 0.000000
402.000000 0.000000
403.000000 0.000000
404.000000 0.000000
405.000000 0.000000
406.000000 0.000000
407.000000 0.000000
408.000000 0.000000
409.000000 0.000000
410.000000 0.000000
411.000000 0.000000
412.000000 0.000000
413.000000 0.000000
414.000000 0.000000
415.000000 0.000000
416.000000 0.000000
417.000000 0.000000
418.000000 0.000000
419.000000 0.000000
420.000000 0.000000
421.000000 0.000000
422.000000 0.000000
423.000000 0.000000
424.000000 0.000000
425.000000 0.000000
426.000000 0.000000
427.000000 0.000000
428.000000 0.000000
429.000000 0.000000
430.000000 0.000000
431.000000 0.000000
432.000000 0.000000
433.000000 0.000000
434.000000 0.000000
435.000000 0.000000
436.000000 0.000000
437.000000 0.000000
438.000000 0.000000
439.000000 0.000000
440.000000 0.000000
441.000000 0.000000
442.000000 0.000000
443.000000 0.000000
444.000000 0.000000
445.000000 0.000000
446.000000 0.000000
447.000000 0.000000
448.000000 0.000000
449.000000 0.000000
450.000000 0.000000
451.000000 0.000000
452.000000 0.000000
453.000000 0.000000
454.000000 0.000000
455.000000 0.000000
456.000000 0.000000
457.000000 0.000000
458.000000 0.000000
459.000000 0.000000
460.000000 0.000000
461.000000 0.000000
462.000000 0.000000
463.000000 0.000000
464.000000 0.000000
465.000000 0.000000
466.000000 0.000000
467.000000 0.000000
468.000000 0.000000
469.000000 0.000000
470.000000 0.000000
471.000000 0.000000
472.000000 0.000000
473.000000 0.000000
474.000000 0.000000
475.000000 0.000000
476.000000 0.000000
477.000000 0.000000
478.000000 0.000000
479.000000 0.000000
480.000000 0.000000
481.000000 0.000000
482.000000 0.000000
483.000000 0.000000
484.000000 0.000000
485.000000 0.000000
486.000000 0.000000
487.000000 0.000000
488.000000 0.000000
489.000000 0.000000
490.000000 0.000000
491.000000 0.000000
492.000000 0.000000
493.000000 0.000000
494.000000 0.000000
495.000000 0.000000
496.000000 0.000000
497.000000 0.000000
498.000000 0.000000
499.000000 0.000000
500.000000 0.000000
501.000000 0.000000
502.000000 0.000000
503.000000 0.000000
504.000000 0.000000
505.000000 0.000000
506.000000 0.000000
507.000000 0.000000
508.000000 0.000000
509.000000 0.000000
510.000000 0.000000
511.000000 0.000000
512.000000 0.000000
513.000000 0.000000
514.000000 0.000000
515.000000 0.000000
516.000000 0.000000
517.000000 0.000000
518.000000 0.000000
519.000000 0.000000
520.000000 0.000000
521.000000 0.000000
522.000000 0.000000
523.000000 0.000000
524.000000 0.000000
525.000000 0.000000
526.000000 0.000000
527.000000 0.000000
528.000000 0.000000
529.000000 0.000000
530.000000 0.000000
531.000000 0.000000
532.000000 0.000000
533.000000 0.000000
534.000000 0.000000
535.000000 0.000000
536.000000 0.000000
537.000000 0.000000
538.000000 0.000000
539.000000 0.000000
540.000000 0.000000
541.000000 0.000000
542.000000 0.000000
543.000000 0.000000
544.000000 0.000000
545.000000 0.000000
546.000000 0.000000
547.000000 0.000000
548.000000 0.000000
549.000000 0.000000
550.000000 0.000000
551.000000 0.000000
552.000000 0.000000
553.000000 0.000000
554.000000 0.000000
555.000000 0.000000
556.000000 0.000000
557.000000 0.000000
558.000000 0.000000
559.000000 0.000000
560.000000 0.000000
561.000000 0.000000
562.000000 0.000000
563.000000 0.000000
564.000000 0.000000
565.000000 0.000000
566.000000 0.000000
567.000000 0.000000
568.000000 0.000000
569.000000 0.000000
570.000000 0.000000
571.000000 0.000000
572.000000 0.000000
573.000000 0.000000
574.000000 0.000000
575.000000 0.000000
576.000000 0.000000
577.000000 0.000000
578.000000 0.000000
579.000000 0.000000
580.000000 0.000000
581.000000 0.000000
582.000000 0.000000
583.000000 0.000000
584.000000 0.000000
585.000000 0.000000
586.000000 0.000000
587.000000 0.000000
588.000000 0.000000
589.000000 0.000000
590.000000 0.000001
591.000000 0.000001
592.000000 0.000001
593.000000 0.000001
594.000000 0.000001
595.000000 0.000001
596.000000 0.000001
597.000000 0.000001
598.000000 0.000001
599.000000 0.000001
600.000000 0.000001
601.000000 0.000001
602.000000 0.000001
603.000000 0.000001
604.000000 0.000001
605.000000 0.000001
606.000000 0.000001
607.000000 0.000001
608.000000 0.000001
609.000000 0.000001
610.000000 0.000001
611.000000 0.000001
612.000000 0.000001
613.000000 0.000001
614.000000 0.000001
615.000000 0.000001
616.000000 0.000001
617.000000 0.000001
618.000000 0.000001
619.000000 0.000001
620.000000 0.000001
621.000000 0.000001
622.000000 0.000001
623.000000 0.000001
624.000000 0.000001
625.000000 0.000001
626.000000 0.000001
627.000000 0.000001
628.000000 0.000001
629.000000 0.000001
630.000000 0.000001
631.000000 0.000001
632.000000 0.000001
633.000000 0.000001
634.000000 0.000001
635.000000 0.000001
636.000000 0.000001
637.000000 0.000002
638.000000 0.000002
639.000000 0.000002
640.000000 0.000002
641.000000 0.000002
642.000000 0.000002
643.000000 0.000002
644.000000 0.000002
645.000000 0.000002
646.000000 0.000002
647.000000 0.000002
648.000000 0.000002
649.000000 0.000002
650.000000 0.000002
651.000000 0.000002
652.000000 0.000002
653.000000 0.000002
654.000000 0.000002
655.000000 0.000002
656.000000 0.000002
657.000000 0.000002
658.000000 0.000002
659.000000 0.000002
660.000000 0.000002
661.000000 0.000003
662.000000 0.000003
663.000000 0.000003
664.000000 0.000003
665.000000 0.000003
666.000000 0.000003
667.000000 0.000003
668.000000 0.000003
669.000000 0.000003
670.000000 0.000003
671.000000 0.000003
672.000000 0.000003
673.000000 0.000003
674.000000 0.000003
675.000000 0.000003
676.000000 0.000003
677.000000 0.000003
678.000000 0.000004
679.000000 0.000004
680.000000 0.000004
681.000000 0.000004
682.000000 0.000004
683.000000 0.000004
684.000000 0.000004
685.000000 0.000004
686.000000 0.000004
687.000000 0.000004
688.000000 0.000004
689.000000 0.000004
690.000000 0.000004
691.000000 0.000005
692.000000 0.000005
693.000000 0.000005
694.000000 0.000005
695.000000 0.000005
696.000000 0.000005
697.000000 0.000005
698.000000 0.000005
699.000000 0.000005
700.000000 0.000005
701.000000 0.000005
702.000000 0.000006
703.000000 0.000006
704.000000 0.000006
705.000000 0.000006
706.000000 0.000006
707.000000 0.000006
708.000000 0.000006
709.000000 0.000006
710.000000 0.000006
711.000000 0.000007
712.000000 0.000007
713.000000 0.000007
714.000000 0.000007
715.000000 0.000007
716.000000 0.000007
717.000000 0.000007
718.000000 0.000007
719.000000 0.000008
720.000000 0.000008
721.000000 0.000008
722.000000 0.000008
723.000000 0.000008
724.000000 0.000008
725.000000 0.000008
726.000000 0.000008
727.000000 0.000009
728.000000 0.000009
729.000000 0.000009
730.000000 0.000009
731.000000 0.000009
732.000000 0.000009
733.000000 0.000010
734.000000 0.000010
735.000000 0.000010
736.000000 0.000010
737.000000 0.000010
738.000000 0.000010
739.000000 0.000011
740.000000 0.000011
741.000000 0.000011
742.000000 0.000011
743.000000 0.000011
744.000000 0.000011
745.000000 0.000012
746.000000 0.000012
747.000000 0.000012
748.000000 0.000012
749.000000 0.000012
750.000000 0.000013
751.000000 0.000013
752.000000 0.000013
753.000000 0.000013
754.000000 0.000013
755.000000 0.000014
756.000000 0.000014
757.000000 0.000014
758.000000 0.000014
759.000000 0.000015
760.000000 0.000015
761.000000 0.000015
762.000000 0.000015
763.000000 0.000015
764.000000 0.000016
765.000000 0.000016
766.000000 0.000016
767.000000 0.000016
768.000000 0.000017
769.000000 0.000017
770.000000 0.000017
771.000000 0.000017
772.000000 0.000018
773.000000 0.000018
774.000000 0.000018
775.000000 0.000019
776.000000 0.000019
777.000000 0.000019
778.000000 0.000019
779.000000 0.000020
780.000000 0.000020
781.000000 0.000020
782.000000 0.000021
783.000000 0.000021
784.000000 0.000021
785.000000 0.000022
786.000000 0.000022
787.000000 0.000022
788.000000 0.000023
789.000000 0.000023
790.000000 0.000023
791.000000 0.000024
792.000000 0.000024
793.000000 0.000024
794.000000 0.000025
795.000000 0.000025
796.000000 0.000025
797.000000 0.000026
798.000000 0.000026
799.000000 0.000026
800.000000 0.000027
801.000000 0.000027
802.000000 0.000027
803.000000 0.000028
804.000000 0.000028
805.000000 0.000029
806.000000 0.000029
807.000000 0.000029
808.000000 0.000030
809.000000 0.000030
810.000000 0.000031
811.000000 0.000031
812.000000 0.000032
813.000000 0.000032
814.000000 0.000032
815.000000 0.000033
816.000000 0.000033
817.000000 0.000034
818.000000 0.000034
819.000000 0.000035
820.000000 0.000035
821.000000 0.000036
822.000000 0.000036
823.000000 0.000037
824.000000 0.000037
825.000000 0.000038
826.000000 0.000038
827.000000 0.000039
828.000000 0.000039
829.000000 0.000040
830.000000 0.000040
831.000000 0.000041
832.000000 0.000041
833.000000 0.000042
834.000000 0.000042
835.000000 0.000043
836.000000 0.000043
837.000000 0.000044
838.000000 0.000044
839.000000 0.000045
840.000000 0.000046
841.000000 0.000046
842.000000 0.000047
843.000000 0.000047
844.000000 0.000048
845.000000 0.000049
846.000000 0.000049
847.000000 0.000050
848.000000 0.000050
849.000000 0.000051
850.000000 0.000052
851.000000 0.000052
852.000000 0.000053
853.000000 0.000054
854.000000 0.000054
855.000000 0.000055
856.000000 0.000056
857.000000 0.000056
858.000000 0.000057
859.000000 0.000058
860.000000 0.000058
861.000000 0.000059
862.000000 0.000060
863.000000 0.000061
864.000000 0.000061
865.000000 0.000062
866.000000 0.000063
867.000000 0.000063
868.000000 0.000064
869.000000 0.000065
870.000000 0.000066
871.000000 0.000066
872.000000 0.000067
873.000000 0.000068
874.000000 0.000069
875.000000 0.000070
876.000000 0.000070
877.000000 0.000071
878.000000 0.000072
879.000000 0.000073
880.000000 0.000074
881.000000 0.000075
882.000000 0.000075
883.000000 0.000076
884.000000 0.000077
885.000000 0.000078
886.000000 0.000079
887.000000 0.000080
888.000000 0.000081
889.000000 0.000082
890.000000 0.000083
891.000000 0.000083
892.000000 0.000084
893.000000 0.000085
894.000000 0.000086
895.000000 0.000087
896.000000 0.000088
897.000000 0.000089
898.000000 0.000090
899.000000 0.000091
900.000000 0.000092
901.000000 0.000093
902.000000 0.000094
903.000000 0.000095
904.000000 0.000096
905.000000 0.000097
906.000000 0.000098
907.000000 0.000099
908.000000 0.000100
909.000000 0.000101
910.000000 0.000102
911.000000 0.000104
912.000000 0.000105
913.000000 0.000106
914.000000 0.000107
915.000000 0.000108
916.000000 0.000109
917.000000 0.000110
918.000000 0.000111
919.000000 0.000112
920.000000 0.000114
921.000000 0.000115
922.000000 0.000116
923.000000 0.000117
924.000000 0.000118
925.000000 0.000120
926.000000 0.000121
927.000000 0.000122
928.000000 0.000123
929.000000 0.000124
930.000000 0.000126
931.000000 0.000127
932.000000 0.000128
933.000000 0.000130
934.000000 0.000131
935.000000 0.000132
936.000000 0.000133
937.000000 0.000135
938.000000 0.000136
939.000000 0.000137
940.000000 0.000139
941.000000 0.000140
942.000000 0.000142
943.000000 0.000143
944.000000 0.000144
945.000000 0.000146
946.000000 0.000147
947.000000 0.000148
948.000000 0.000150
949.000000 0.000151
950.000000 0.000153
951.000000 0.000154
952.000000 0.000156
953.000000 0.000157
954.000000 0.000159
955.000000 0.000160
956.000000 0.000161
957.000000 0.000163
958.000000 0.000165
959.000000 0.000166
960.000000 0.000168
961.000000 0.000169
962.000000 0.000171
963.000000 0.000172
964.000000 0.000174
965.000000 0.000176
966.000000 0.000177
967.000000 0.000179
968.000000 0.000180
969.000000 0.000182
970.000000 0.000184
971.000000 0.000185
972.000000 0.000187
973.000000 0.000188
974.000000 0.000190
975.000000 0.000192
976.000000 0.000193
977.000000 0.000195
978.000000 0.000197
979.000000 0.000199
980.000000 0.000200
981.000000 0.000202
982.000000 0.000204
983.000000 0.000205
984.000000 0.000208
985.000000 0.000209
986.000000 0.000211
987.000000 0.000213
988.000000 0.000215
989.000000 0.000216
990.000000 0.000218
991.000000 0.000220
992.000000 0.000222
993.000000 0.000224
994.000000 0.000226
995.000000 0.000228
996.000000 0.000229
997.000000 0.000231
998.000000 0.000234
999.000000 0.000235
1000.000000 0.000238
1001.000000 0.000239
1002.000000 0.000242
1003.000000 0.000243
1004.000000 0.000245
1005.000000 0.000248
1006.000000 0.000249
1007.000000 0.000251
1008.000000 0.000253
1009.000000 0.000255
1010.000000 0.000257
1011.000000 0.000259
1012.000000 0.000262
1013.000000 0.000263
1014.000000 0.000266
1015.000000 0.000268
1016.000000 0.000270
1017.000000 0.000272
1018.000000 0.000274
1019.000000 0.000276
1020.000000 0.000279
1021.000000 0.000281
1022.000000 0.000283
1023.000000 0.000285
1024.000000 0.000287
1025.000000 0.000289
1026.000000 0.000292
1027.000000 0.000294
1028.000000 0.000296
1029.000000 0.000298
1030.000000 0.000301
1031.000000 0.000303
1032.000000 0.000305
1033.000000 0.000308
1034.000000 0.000310
1035.000000 0.000312
1036.000000 0.000314
1037.000000 0.000317
1038.000000 0.000319
1039.000000 0.000321
1040.000000 0.000324
1041.000000 0.000326
1042.000000 0.000329
1043.000000 0.000331
1044.000000 0.000334
1045.000000 0.000336
1046.000000 0.000338
1047.000000 0.000341
1048.000000 0.000343
1049.000000 0.000346
1050.000000 0.000348
1051.000000 0.000351
1052.000000 0.000353
1053.000000 0.000355
1054.000000 0.000358
1055.000000 0.000360
1056.000000 0.000363
1057.000000 0.000366
1058.000000 0.000368
1059.000000 0.000371
1060.000000 0.000373
1061.000000 0.000376
1062.000000 0.000379
1063.000000 0.000381
1064.000000 0.000384
1065.000000 0.000387
1066.000000 0.000389
1067.000000 0.000391
1068.000000 0.000395
1069.000000 0.000397
1070.000000 0.000400
1071.000000 0.000402
1072.000000 0.000405
1073.000000 0.000408
1074.000000 0.000410
1075.000000 0.000413
1076.000000 0.000416
1077.000000 0.000419
1078.000000 0.000421
1079.000000 0.000424
1080.000000 0.000427
1081.000000 0.000429
1082.000000 0.000433
1083.000000 0.000435
1084.000000 0.000438
1085.000000 0.000441
1086.000000 0.000444
1087.000000 0.000446
1088.000000 0.000449
1089.000000 0.000453
1090.000000 0.000455
1091.000000 0.000458
1092.000000 0.000461
1093.000000 0.000464
1094.000000 0.000466
1095.000000 0.000469
1096.000000 0.000473
1097.000000 0.000475
1098.000000 0.000479
1099.000000 0.000481
1100.000000 0.000485
1101.000000 0.000487
1102.000000 0.000490
1103.000000 0.000494
1104.000000 0.000496
1105.000000 0.000500
1106.000000 0.000502
1107.000000 0.000506
1108.000000 0.000508
1109.000000 0.000511
1110.000000 0.000515
1111.000000 0.000517
1112.000000 0.000521
1113.000000 0.000523
1114.000000 0.000527
1115.000000 0.000529
1116.000000 0.000532
1117.000000 0.000536
1118.000000 0.000539
1119.000000 0.000542
1120.000000 0.000545
1121.000000 0.000548
1122.000000 0.000551
1123.000000 0.000554
1124.000000 0.000558
1125.000000 0.000561
1126.000000 0.000564
1127.000000 0.000567
1128.000000 0.000571
1129.000000 0.000573
1130.000000 0.000576
1131.000000 0.000580
1132.000000 0.000583
1133.000000 0.000587
1134.000000 0.000589
1135.000000 0.000593
1136.000000 0.000596
1137.000000 0.000599
1138.000000 0.000603
1139.000000 0.000605
1140.000000 0.000610
1141.000000 0.000612
1142.000000 0.000616
1143.000000 0.000619
1144.000000 0.000621
1145.000000 0.000626
1146.000000 0.000628
1147.000000 0.000633
1148.000000 0.000635
1149.000000 0.000639
1150.000000 0.000642
1151.000000 0.000645
1152.000000 0.000649
1153.000000 0.000652
1154.000000 0.000656
1155.000000 0.000659
1156.000000 0.000662
1157.000000 0.000665
1158.000000 0.000668
1159.000000 0.000672
1160.000000 0.000675
1161.000000 0.000679
1162.000000 0.000682
1163.000000 0.000686
1164.000000 0.000689
1165.000000 0.000692
1166.000000 0.000696
1167.000000 0.000699
1168.000000 0.000703
1169.000000 0.000706
1170.000000 0.000710
1171.000000 0.000713
1172.000000 0.000716
1173.000000 0.000720
1174.000000 0.000723
1175.000000 0.000727
1176.000000 0.000730
1177.000000 0.000734
1178.000000 0.000737
1179.000000 0.000740
1180.000000 0.000745
1181.000000 0.000747
1182.000000 0.000752
1183.000000 0.000754
1184.000000 0.000758
1185.000000 0.000761
1186.000000 0.000764
1187.000000 0.000769
1188.000000 0.000772
1189.000000 0.000776
1190.000000 0.000778
1191.000000 0.000783
1192.000000 0.000785
1193.000000 0.000788
1194.000000 0.000793
1195.000000 0.000796
1196.000000 0.000800
1197.000000 0.000803
1198.000000 0.000807
1199.000000 0.000810
1200.000000 0.000813
1201.000000 0.000818
1202.000000 0.000820
1203.000000 0.000825
1204.000000 0.000827
1205.000000 0.000832
1206.000000 0.000835
1207.000000 0.000837
1208.000000 0.000842
1209.000000 0.000845
1210.000000 0.000849
1211.000000 0.000852
1212.000000 0.000857
1213.000000 0.000859
1214.000000 0.000862
1215.000000 0.000867
1216.000000 0.000870
1217.000000 0.000874
1218.000000 0.000877
1219.000000 0.000881
1220.000000 0.000884
1221.000000 0.000887
1222.000000 0.000892
1223.000000 0.000895
1224.000000 0.000899
1225.000000 0.000902
1226.000000 0.000906
1227.000000 0.000909
1228.000000 0.000912
1229.000000 0.000916
1230.000000 0.000919
1231.000000 0.000924
1232.000000 0.000926
1233.000000 0.000931
1234.000000 0.000933
1235.000000 0.000936
1236.000000 0.000941
1237.000000 0.000944
1238.000000 0.000948
1239.000000 0.000951
1240.000000 0.000955
1241.000000 0.000958
1242.000000 0.000961
1243.000000 0.000966
1244.000000 0.000968
1245.000000 0.000973
1246.000000 0.000975
1247.000000 0.000979
1248.000000 0.000982
1249.000000 0.000985
1250.000000 0.000990
1251.000000 0.000993
1252.000000 0.000997
1253.000000 0.001000
1254.000000 0.001004
1255.000000 0.001006
1256.000000 0.001010
1257.000000 0.001014
1258.000000 0.001016
1259.000000 0.001022
1260.000000 0.001023
1261.000000 0.001028
1262.000000 0.001030
1263.000000 0.001033
1264.000000 0.001038
1265.000000 0.001041
1266.000000 0.001045
1267.000000 0.001047
1268.000000 0.001053
1269.000000 0.001054
1270.000000 0.001057
1271.000000 0.001063
1272.000000 0.001064
1273.000000 0.001069
1274.000000 0.001071
1275.000000 0.001076
1276.000000 0.001078
1277.000000 0.001081
1278.000000 0.001086
1279.000000 0.001087
1280.000000 0.001093
1281.000000 0.001094
1282.000000 0.001099
1283.000000 0.001102
1284.000000 0.001104
1285.000000 0.001109
1286.000000 0.001111
1287.000000 0.001115
1288.000000 0.001117
1289.000000 0.001123
1290.000000 0.001124
1291.000000 0.001127
1292.000000 0.001132
1293.000000 0.001134
1294.000000 0.001138
1295.000000 0.001141
1296.000000 0.001145
1297.000000 0.001146
1298.000000 0.001150
1299.000000 0.001154
1300.000000 0.001156
1301.000000 0.001162
1302.000000 0.001162
1303.000000 0.001168
1304.000000 0.001169
1305.000000 0.001171
1306.000000 0.001177
1307.000000 0.001179
1308.000000 0.001183
1309.000000 0.001184
1310.000000 0.001190
1311.000000 0.001190
1312.000000 0.001193
1313.000000 0.001200
1314.000000 0.001199
1315.000000 0.001205
1316.000000 0.001207
1317.000000 0.001210
1318.000000 0.001212
1319.000000 0.001216
1320.000000 0.001220
1321.000000 0.001221
1322.000000 0.001227
1323.000000 0.001226
1324.000000 0.001232
1325.000000 0.001234
1326.000000 0.001235
1327.000000 0.001241
1328.000000 0.001242
1329.000000 0.001246
1330.000000 0.001247
1331.000000 0.001253
1332.000000 0.001252
1333.000000 0.001256
1334.000000 0.001262
1335.000000 0.001261
1336.000000 0.001267
1337.000000 0.001268
1338.000000 0.001272
1339.000000 0.001273
1340.000000 0.001277
1341.000000 0.001280
1342.000000 0.001281
1343.000000 0.001287
1344.000000 0.001286
1345.000000 0.001292
1346.000000 0.001293
1347.000000 0.001294
1348.000000 0.001300
1349.000000 0.001301
1350.000000 0.001304
1351.000000 0.001305
1352.000000 0.001311
1353.000000 0.001310
1354.000000 0.001313
1355.000000 0.001319
1356.000000 0.001318
1357.000000 0.001323
1358.000000 0.001324
1359.000000 0.001328
1360.000000 0.001329
1361.000000 0.001332
1362.000000 0.001335
1363.000000 0.001336
1364.000000 0.001342
1365.000000 0.001340
1366.000000 0.001346
1367.000000 0.001347
1368.000000 0.001347
1369.000000 0.001353
1370.000000 0.001354
1371.000000 0.001357
1372.000000 0.001358
1373.000000 0.001363
1374.000000 0.001361
1375.000000 0.001365
1376.000000 0.001370
1377.000000 0.001368
1378.000000 0.001374
1379.000000 0.001375
1380.000000 0.001378
1381.000000 0.001378
1382.000000 0.001381
1383.000000 0.001384
1384.000000 0.001385
1385.000000 0.001390
1386.000000 0.001389
1387.000000 0.001393
1388.000000 0.001394
1389.000000 0.001395
1390.000000 0.001399
1391.000000 0.001400
1392.000000 0.001403
1393.000000 0.001403
1394.000000 0.001408
1395.000000 0.001407
1396.000000 0.001409
1397.000000 0.001414
1398.000000 0.001413
1399.000000 0.001417
1400.000000 0.001418
1401.000000 0.001421
1402.000000 0.001421
1403.000000 0.001424
1404.000000 0.001426
1405.000000 0.001426
1406.000000 0.001431
1407.000000 0.001430
1408.000000 0.001433
1409.000000 0.001435
1410.000000 0.001435
1411.000000 0.001439
1412.000000 0.001440
1413.000000 0.001442
1414.000000 0.001442
1415.000000 0.001447
1416.000000 0.001445
1417.000000 0.001447
1418.000000 0.001451
1419.000000 0.001450
1420.000000 0.001453
1421.000000 0.001454
1422.000000 0.001456
1423.000000 0.001456
1424.000000 0.001459
1425.000000 0.001461
1426.000000 0.001461
1427.000000 0.001465
1428.000000 0.001463
1429.000000 0.001466
1430.000000 0.001468
1431.000000 0.001468
1432.000000 0.001471
1433.000000 0.001472
1434.000000 0.001473
1435.000000 0.001473
1436.000000 0.001477
1437.000000 0.001475
1438.000000 0.001477
1439.000000 0.001481
1440.000000 0.001479
1441.000000 0.001482
1442.000000 0.001483
1443.000000 0.001484
1444.000000 0.001484
1445.000000 0.001486
1446.000000 0.001488
1447.000000 0.001487
1448.000000 0.001491
1449.000000 0.001489
1450.000000 0.001492
1451.000000 0.001492
1452.000000 0.001492
1453.000000 0.001494
1454.000000 0.001495
1455.000000 0.001496
1456.000000 0.001495
1457.000000 0.001499
1458.000000 0.001497
1459.000000 0.001498
1460.000000 0.001502
1461.000000 0.001500
1462.000000 0.001502
1463.000000 0.001503
1464.000000 0.001504
1465.000000 0.001503
1466.000000 0.001505
1467.000000 0.001506
1468.000000 0.001505
1469.000000 0.001508
1470.000000 0.001506
1471.000000 0.001508
1472.000000 0.001508
1473.000000 0.001508
1474.000000 0.001510
1475.000000 0.001510
1476.000000 0.001511
1477.000000 0.001510
1478.000000 0.001513
1479.000000 0.001511
1480.000000 0.001511
1481.000000 0.001514
1482.000000 0.001512
1483.000000 0.001514
1484.000000 0.001514
1485.000000 0.001514
1486.000000 0.001513
1487.000000 0.001515
1488.000000 0.001515
1489.000000 0.001514
1490.000000 0.001517
1491.000000 0.001514
1492.000000 0.001516
1493.000000 0.001516
1494.000000 0.001515
1495.000000 0.001516
1496.000000 0.001516
1497.000000 0.001517
1498.000000 0.001515
1499.000000 0.001518
1500.000000 0.001515
1501.000000 0.001515
1502.000000 0.001518
1503.000000 0.001515
1504.000000 0.001517
1505.000000 0.001516
1506.000000 0.001516
1507.000000 0.001515
1508.000000 0.001516
1509.000000 0.001516
1510.000000 0.001514
1511.000000 0.001517
1512.000000 0.001514
1513.000000 0.001515
1514.000000 0.001515
1515.000000 0.001513
1516.000000 0.001514
1517.000000 0.001514
1518.000000 0.001514
1519.000000 0.001512
1520.000000 0.001514
1521.000000 0.001511
1522.000000 0.001511
1523.000000 0.001513
1524.000000 0.001510
1525.000000 0.001511
1526.000000 0.001510
1527.000000 0.001510
1528.000000 0.001508
1529.000000 0.001508
1530.000000 0.001508
1531.000000 0.001506
1532.000000 0.001508
1533.000000 0.001505
1534.000000 0.001505
1535.000000 0.001505
1536.000000 0.001503
1537.000000 0.001503
1538.000000 0.001503
1539.000000 0.001502
1540.000000 0.001500
1541.000000 0.001502
1542.000000 0.001498
1543.000000 0.001497
1544.000000 0.001499
1545.000000 0.001496
1546.000000 0.001496
1547.000000 0.001495
1548.000000 0.001494
1549.000000 0.001492
1550.000000 0.001492
1551.000000 0.001491
1552.000000 0.001489
1553.000000 0.001491
1554.000000 0.001487
1555.000000 0.001487
1556.000000 0.001486
1557.000000 0.001483
1558.000000 0.001484
1559.000000 0.001483
1560.000000 0.001482
1561.000000 0.001479
1562.000000 0.001480
1563.000000 0.001477
1564.000000 0.001475
1565.000000 0.001477
1566.000000 0.001473
1567.000000 0.001473
1568.000000 0.001472
1569.000000 0.001470
1570.000000 0.001468
1571.000000 0.001467
1572.000000 0.001466
1573.000000 0.001463
1574.000000 0.001465
1575.000000 0.001461
1576.000000 0.001460
1577.000000 0.001459
1578.000000 0.001456
1579.000000 0.001456
1580.000000 0.001454
1581.000000 0.001453
1582.000000 0.001450
1583.000000 0.001451
1584.000000 0.001447
1585.000000 0.001445
1586.000000 0.001446
1587.000000 0.001442
1588.000000 0.001442
1589.000000 0.001440
1590.000000 0.001438
1591.000000 0.001435
1592.000000 0.001435
1593.000000 0.001433
1594.000000 0.001430
1595.000000 0.001431
1596.000000 0.001426
1597.000000 0.001426
1598.000000 0.001424
1599.000000 0.001421
1600.000000 0.001420
1601.000000 0.001418
1602.000000 0.001416
1603.000000 0.001413
1604.000000 0.001414
1605.000000 0.001409
1606.000000 0.001407
1607.000000 0.001408
1608.000000 0.001403
1609.000000 0.001402
1610.000000 0.001401
1611.000000 0.001398
1612.000000 0.001395
1613.000000 0.001394
1614.000000 0.001392
1615.000000 0.001389
1616.000000 0.001389
1617.000000 0.001384
1618.000000 0.001383
1619.000000 0.001381
1620.000000 0.001378
1621.000000 0.001377
1622.000000 0.001375
1623.000000 0.001372
1624.000000 0.001369
1625.000000 0.001369
1626.000000 0.001364
1627.000000 0.001362
1628.000000 0.001362
1629.000000 0.001357
1630.000000 0.001356
1631.000000 0.001354
1632.000000 0.001351
1633.000000 0.001348
1634.000000 0.001347
1635.000000 0.001344
1636.000000 0.001341
1637.000000 0.001341
1638.000000 0.001336
1639.000000 0.001335
1640.000000 0.001332
1641.000000 0.001328
1642.000000 0.001327
1643.000000 0.001324
1644.000000 0.001322
1645.000000 0.001318
1646.000000 0.001318
1647.000000 0.001313
1648.000000 0.001310
1649.000000 0.001310
1650.000000 0.001305
1651.000000 0.001304
1652.000000 0.001300
1653.000000 0.001299
1654.000000 0.001294
1655.000000 0.001293
1656.000000 0.001291
1657.000000 0.001286
1658.000000 0.001286
1659.000000 0.001281
1660.000000 0.001280
1661.000000 0.001276
1662.000000 0.001272
1663.000000 0.001271
1664.000000 0.001268
1665.000000 0.001266
1666.000000 0.001261
1667.000000 0.001261
1668.000000 0.001256
1669.000000 0.001253
1670.000000 0.001252
1671.000000 0.001247
1672.000000 0.001245
1673.000000 0.001242
1674.000000 0.001240
1675.000000 0.001235
1676.000000 0.001233
1677.000000 0.001231
1678.000000 0.001227
1679.000000 0.001226
1680.000000 0.001221
1681.000000 0.001219
1682.000000 0.001215
1683.000000 0.001212
1684.000000 0.001210
1685.000000 0.001206
1686.000000 0.001204
1687.000000 0.001199
1688.000000 0.001199
1689.000000 0.001193
1690.000000 0.001190
1691.000000 0.001189
1692.000000 0.001184
1693.000000 0.001182
1694.000000 0.001178
1695.000000 0.001176
1696.000000 0.001171
1697.000000 0.001169
1698.000000 0.001167
1699.000000 0.001162
1700.000000 0.001161
1701.000000 0.001156
1702.000000 0.001154
1703.000000 0.001150
1704.000000 0.001146
1705.000000 0.001144
1706.000000 0.001140
1707.000000 0.001138
1708.000000 0.001133
1709.000000 0.001132
1710.000000 0.001127
1711.000000 0.001123
1712.000000 0.001122
1713.000000 0.001117
1714.000000 0.001115
1715.000000 0.001111
1716.000000 0.001108
1717.000000 0.001104
1718.000000 0.001101
1719.000000 0.001098
1720.000000 0.001094
1721.000000 0.001092
1722.000000 0.001087
1723.000000 0.001085
1724.000000 0.001081
1725.000000 0.001077
1726.000000 0.001075
1727.000000 0.001071
1728.000000 0.001068
1729.000000 0.001064
1730.000000 0.001062
1731.000000 0.001057
1732.000000 0.001053
1733.000000 0.001052
1734.000000 0.001047
1735.000000 0.001045
1736.000000 0.001041
1737.000000 0.001038
1738.000000 0.001033
1739.000000 0.001030
1740.000000 0.001027
1741.000000 0.001023
1742.000000 0.001021
1743.000000 0.001016
1744.000000 0.001014
1745.000000 0.001010
1746.000000 0.001006
1747.000000 0.001003
1748.000000 0.000999
1749.000000 0.000996
1750.000000 0.000992
1751.000000 0.000990
1752.000000 0.000985
1753.000000 0.000981
1754.000000 0.000980
1755.000000 0.000974
1756.000000 0.000972
1757.000000 0.000968
1758.000000 0.000965
1759.000000 0.000960
1760.000000 0.000957
1761.000000 0.000955
1762.000000 0.000950
1763.000000 0.000948
1764.000000 0.000943
1765.000000 0.000940
1766.000000 0.000936
1767.000000 0.000932
1768.000000 0.000930
1769.000000 0.000926
1770.000000 0.000923
1771.000000 0.000918
1772.000000 0.000916
1773.000000 0.000911
1774.000000 0.000908
1775.000000 0.000906
1776.000000 0.000901
1777.000000 0.000898
1778.000000 0.000894
1779.000000 0.000891
1780.000000 0.000887
1781.000000 0.000884
1782.000000 0.000880
1783.000000 0.000876
1784.000000 0.000874
1785.000000 0.000869
1786.000000 0.000866
1787.000000 0.000862
1788.000000 0.000859
1789.000000 0.000856
1790.000000 0.000852
1791.000000 0.000849
1792.000000 0.000844
1793.000000 0.000842
1794.000000 0.000837
1795.000000 0.000834
1796.000000 0.000832
1797.000000 0.000827
1798.000000 0.000824
1799.000000 0.000820
1800.000000 0.000817
1801.000000 0.000813
1802.000000 0.000810
1803.000000 0.000807
1804.000000 0.000802
1805.000000 0.000800
1806.000000 0.000795
1807.000000 0.000792
1808.000000 0.000789
1809.000000 0.000785
1810.000000 0.000782
1811.000000 0.000778
1812.000000 0.000775
1813.000000 0.000771
1814.000000 0.000769
1815.000000 0.000764
1816.000000 0.000760
1817.000000 0.000758
1818.000000 0.000753
1819.000000 0.000751
1820.000000 0.000747
1821.000000 0.000744
1822.000000 0.000739
1823.000000 0.000737
1824.000000 0.000733
1825.000000 0.000729
1826.000000 0.000727
1827.000000 0.000722
1828.000000 0.000720
1829.000000 0.000716
1830.000000 0.000712
1831.000000 0.000709
1832.000000 0.000705
1833.000000 0.000702
1834.000000 0.000698
1835.000000 0.000696
1836.000000 0.000692
1837.000000 0.000688
1838.000000 0.000686
1839.000000 0.000681
1840.000000 0.000679
1841.000000 0.000675
1842.000000 0.000672
1843.000000 0.000668
1844.000000 0.000665
1845.000000 0.000662
1846.000000 0.000658
1847.000000 0.000655
1848.000000 0.000651
1849.000000 0.000648
1850.000000 0.000645
1851.000000 0.000641
1852.000000 0.000638
1853.000000 0.000635
1854.000000 0.000632
1855.000000 0.000628
1856.000000 0.000626
1857.000000 0.000621
1858.000000 0.000618
1859.000000 0.000616
1860.000000 0.000612
1861.000000 0.000609
1862.000000 0.000605
1863.000000 0.000602
1864.000000 0.000599
1865.000000 0.000596
1866.000000 0.000593
1867.000000 0.000589
1868.000000 0.000586
1869.000000 0.000582
1870.000000 0.000580
1871.000000 0.000576
1872.000000 0.000573
1873.000000 0.000570
1874.000000 0.000567
1875.000000 0.000564
1876.000000 0.000560
1877.000000 0.000558
1878.000000 0.000554
1879.000000 0.000551
1880.000000 0.000548
1881.000000 0.000544
1882.000000 0.000542
1883.000000 0.000539
1884.000000 0.000536
1885.000000 0.000532
1886.000000 0.000529
1887.000000 0.000526
1888.000000 0.000523
1889.000000 0.000520
1890.000000 0.000517
1891.000000 0.000514
1892.000000 0.000511
1893.000000 0.000508
1894.000000 0.000505
1895.000000 0.000502
1896.000000 0.000499
1897.000000 0.000495
1898.000000 0.000493
1899.000000 0.000490
1900.000000 0.000487
1901.000000 0.000484
1902.000000 0.000481
1903.000000 0.000478
1904.000000 0.000475
1905.000000 0.000472
1906.000000 0.000469
1907.000000 0.000466
1908.000000 0.000464
1909.000000 0.000460
1910.000000 0.000458
1911.000000 0.000455
1912.000000 0.000452
1913.000000 0.000449
1914.000000 0.000446
1915.000000 0.000444
1916.000000 0.000440
1917.000000 0.000438
1918.000000 0.000435
1919.000000 0.000432
1920.000000 0.000429
1921.000000 0.000426
1922.000000 0.000424
1923.000000 0.000421
1924.000000 0.000419
1925.000000 0.000415
1926.000000 0.000413
1927.000000 0.000410
1928.000000 0.000407
1929.000000 0.000405
1930.000000 0.000402
1931.000000 0.000400
1932.000000 0.000396
1933.000000 0.000394
1934.000000 0.000391
1935.000000 0.000389
1936.000000 0.000386
1937.000000 0.000383
1938.000000 0.000381
1939.000000 0.000378
1940.000000 0.000376
1941.000000 0.000373
1942.000000 0.000370
1943.000000 0.000368
1944.000000 0.000365
1945.000000 0.000363
1946.000000 0.000360
1947.000000 0.000358
1948.000000 0.000355
1949.000000 0.000353
1950.000000 0.000351
1951.000000 0.000348
1952.000000 0.000345
1953.000000 0.000343
1954.000000 0.000340
1955.000000 0.000338
1956.000000 0.000335
1957.000000 0.000333
1958.000000 0.000331
1959.000000 0.000329
1960.000000 0.000326
1961.000000 0.000324
1962.000000 0.000321
1963.000000 0.000319
1964.000000 0.000317
1965.000000 0.000314
1966.000000 0.000312
1967.000000 0.000309
1968.000000 0.000307
1969.000000 0.000305
1970.000000 0.000302
1971.000000 0.000301
1972.000000 0.000298
1973.000000 0.000296
1974.000000 0.000293
1975.000000 0.000291
1976.000000 0.000289
1977.000000 0.000287
1978.000000 0.000285
1979.000000 0.000282
1980.000000 0.000281
1981.000000 0.000278
1982.000000 0.000276
1983.000000 0.000274
1984.000000 0.000272
1985.000000 0.000270
1986.000000 0.000267
1987.000000 0.000266
1988.000000 0.000263
1989.000000 0.000261
1990.000000 0.000259
1991.000000 0.000257
1992.000000 0.000255
1993.000000 0.000253
1994.000000 0.000251
1995.000000 0.000249
1996.000000 0.000247
1997.000000 0.000245
1998.000000 0.000243
1999.000000 0.000241
2000.000000 0.000239
2001.000000 0.000237
2002.000000 0.000235
2003.000000 0.000233
2004.000000 0.000231
2005.000000 0.000229
2006.000000 0.000228
2007.000000 0.000225
2008.000000 0.000224
2009.000000 0.000222
2010.000000 0.000220
2011.000000 0.000218
2012.000000 0.000216
2013.000000 0.000215
2014.000000 0.000213
2015.000000 0.000211
2016.000000 0.000209
2017.000000 0.000207
2018.000000 0.000206
2019.000000 0.000204
2020.000000 0.000202
2021.000000 0.000200
2022.000000 0.000199
2023.000000 0.000197
2024.000000 0.000195
2025.000000 0.000193
2026.000000 0.000192
2027.000000 0.000190
2028.000000 0.000188
2029.000000 0.000187
2030.000000 0.000185
2031.000000 0.000183
2032.000000 0.000182
2033.000000 0.000180
2034.000000 0.000179
2035.000000 0.000177
2036.000000 0.000175
2037.000000 0.000173
2038.000000 0.000172
2039.000000 0.000171
2040.000000 0.000169
2041.000000 0.000168
2042.000000 0.000166
2043.000000 0.000164
2044.000000 0.000163
2045.000000 0.000161
2046.000000 0.000160
2047.000000 0.000158
2048.000000 0.000157
2049.000000 0.000155
2050.000000 0.000154
2051.000000 0.000152
2052.000000 0.000151
2053.000000 0.000150
2054.000000 0.000148
2055.000000 0.000147
2056.000000 0.000145
2057.000000 0.000144
2058.000000 0.000143
2059.000000 0.000141
2060.000000 0.000140
2061.000000 0.000139
2062.000000 0.000137
2063.000000 0.000136
2064.000000 0.000135
2065.000000 0.000133
2066.000000 0.000132
2067.000000 0.000131
2068.000000 0.000129
2069.000000 0.000128
2070.000000 0.000127
2071.000000 0.000126
2072.000000 0.000124
2073.000000 0.000123
2074.000000 0.000122
2075.000000 0.000121
2076.000000 0.000120
2077.000000 0.000118
2078.000000 0.000117
2079.000000 0.000116
2080.000000 0.000115
2081.000000 0.000114
2082.000000 0.000112
2083.000000 0.000111
2084.000000 0.000110
2085.000000 0.000109
2086.000000 0.000108
2087.000000 0.000107
2088.000000 0.000106
2089.000000 0.000104
2090.000000 0.000103
2091.000000 0.000102
2092.000000 0.000101
2093.000000 0.000100
2094.000000 0.000099
2095.000000 0.000098
2096.000000 0.000097
2097.000000 0.000096
2098.000000 0.000095
2099.000000 0.000094
2100.000000 0.000093
2101.000000 0.000092
2102.000000 0.000091
2103.000000 0.000090
2104.000000 0.000089
2105.000000 0.000088
2106.000000 0.000087
2107.000000 0.000086
2108.000000 0.000085
2109.000000 0.000084
2110.000000 0.000083
2111.000000 0.000083
2112.000000 0.000081
2113.000000 0.000081
2114.000000 0.000080
2115.000000 0.000079
2116.000000 0.000078
2117.000000 0.000077
2118.000000 0.000076
2119.000000 0.000075
2120.000000 0.000075
2121.000000 0.000074
2122.000000 0.000073
2123.000000 0.000072
2124.000000 0.000071
2125.000000 0.000070
2126.000000 0.000070
2127.000000 0.000069
2128.000000 0.000068
2129.000000 0.000067
2130.000000 0.000066
2131.000000 0.000066
2132.000000 0.000065
2133.000000 0.000064
2134.000000 0.000063
2135.000000 0.000063
2136.000000 0.000062
2137.000000 0.000061
2138.000000 0.000060
2139.000000 0.000060
2140.000000 0.000059
2141.000000 0.000058
2142.000000 0.000058
2143.000000 0.000057
2144.000000 0.000056
2145.000000 0.000055
2146.000000 0.000055
2147.000000 0.000054
2148.000000 0.000054
2149.000000 0.000053
2150.000000 0.000052
2151.000000 0.000052
2152.000000 0.000051
2153.000000 0.000050
2154.000000 0.000050
2155.000000 0.000049
2156.000000 0.000048
2157.000000 0.000048
2158.000000 0.000047
2159.000000 0.000047
2160.000000 0.000046
2161.000000 0.000046
2162.000000 0.000045
2163.000000 0.000044
2164.000000 0.000044
2165.000000 0.000043
2166.000000 0.000043
2167.000000 0.000042
2168.000000 0.000042
2169.000000 0.000041
2170.000000 0.000041
2171.000000 0.000040
2172.000000 0.000040
2173.000000 0.000039
2174.000000 0.000039
2175.000000 0.000038
2176.000000 0.000038
2177.000000 0.000037
2178.000000 0.000037
2179.000000 0.000036
2180.000000 0.000036
2181.000000 0.000035
2182.000000 0.000035
2183.000000 0.000034
2184.000000 0.000034
2185.000000 0.000033
2186.000000 0.000033
2187.000000 0.000032
2188.000000 0.000032
2189.000000 0.000032
2190.000000 0.000031
2191.000000 0.000031
2192.000000 0.000030
2193.000000 0.000030
2194.000000 0.000029
2195.000000 0.000029
2196.000000 0.000029
2197.000000 0.000028
2198.000000 0.000028
2199.000000 0.000027
2200.000000 0.000027
2201.000000 0.000027
2202.000000 0.000026
2203.000000 0.000026
2204.000000 0.000026
2205.000000 0.000025
2206.000000 0.000025
2207.000000 0.000025
2208.000000 0.000024
2209.000000 0.000024
2210.000000 0.000023
2211.000000 0.000023
2212.000000 0.000023
2213.000000 0.000022
2214.000000 0.000022
2215.000000 0.000022
2216.000000 0.000022
2217.000000 0.000021
2218.000000 0.000021
2219.000000 0.000021
2220.000000 0.000020
2221.000000 0.000020
2222.000000 0.000020
2223.000000 0.000019
2224.000000 0.000019
2225.000000 0.000019
2226.000000 0.000019
2227.000000 0.000018
2228.000000 0.000018
2229.000000 0.000018
2230.000000 0.000017
2231.000000 0.000017
2232.000000 0.000017
2233.000000 0.000017
2234.000000 0.000016
2235.000000 0.000016
2236.000000 0.000016
2237.000000 0.000016
2238.000000 0.000015
2239.000000 0.000015
2240.000000 0.000015
2241.000000 0.000015
2242.000000 0.000015
2243.000000 0.000014
2244.000000 0.000014
2245.000000 0.000014
2246.000000 0.000014
2247.000000 0.000013
2248.000000 0.000013
2249.000000 0.000013
2250.000000 0.000013
2251.000000 0.000013
2252.000000 0.000012
2253.000000 0.000012
2254.000000 0.000012
2255.000000 0.000012
2256.000000 0.000012
2257.000000 0.000011
2258.000000 0.000011
2259.000000 0.000011
2260.000000 0.000011
2261.000000 0.000011
2262.000000 0.000011
2263.000000 0.000010
2264.000000 0.000010
2265.000000 0.000010
2266.000000 0.000010
2267.000000 0.000010
2268.000000 0.000010
2269.000000 0.000009
2270.000000 0.000009
2271.000000 0.000009
2272.000000 0.000009
2273.000000 0.000009
2274.000000 0.000009
2275.000000 0.000008
2276.000000 0.000008
2277.000000 0.000008
2278.000000 0.000008
2279.000000 0.000008
2280.000000 0.000008
2281.000000 0.000008
2282.000000 0.000007
2283.000000 0.000007
2284.000000 0.000007
2285.000000 0.000007
2286.000000 0.000007
2287.000000 0.000007
2288.000000 0.000007
2289.000000 0.000007
2290.000000 0.000007
2291.000000 0.000006
2292.000000 0.000006
2293.000000 0.000006
2294.000000 0.000006
2295.000000 0.000006
2296.000000 0.000006
2297.000000 0.000006
2298.000000 0.000006
2299.000000 0.000006
2300.000000 0.000005
2301.000000 0.000005
2302.000000 0.000005
2303.000000 0.000005
2304.000000 0.000005
2305.000000 0.000005
2306.000000 0.000005
2307.000000 0.000005
2308.000000 0.000005
2309.000000 0.000005
2310.000000 0.000005
2311.000000 0.000004
2312.000000 0.000004
2313.000000 0.000004
2314.000000 0.000004
2315.000000 0.000004
2316.000000 0.000004
2317.000000 0.000004
2318.000000 0.000004
2319.000000 0.000004
2320.000000 0.000004
2321.000000 0.000004
2322.000000 0.000004
2323.000000 0.000004
2324.000000 0.000003
2325.000000 0.000003
2326.000000 0.000003
2327.000000 0.000003
2328.000000 0.000003
2329.000000 0.000003
2330.000000 0.000003
2331.000000 0.000003
2332.000000 0.000003
2333.000000 0.000003
2334.000000 0.000003
2335.000000 0.000003
2336.000000 0.000003
2337.000000 0.000003
2338.000000 0.000003
2339.000000 0.000003
2340.000000 0.000003
2341.000000 0.000002
2342.000000 0.000002
2343.000000 0.000002
2344.000000 0.000002
2345.000000 0.000002
2346.000000 0.000002
2347.000000 0.000002
2348.000000 0.000002
2349.000000 0.000002
2350.000000 0.000002
2351.000000 0.000002
2352.000000 0.000002
2353.000000 0.000002
2354.000000 0.000002
2355.000000 0.000002
2356.000000 0.000002
2357.000000 0.000002
2358.000000 0.000002
2359.000000 0.000002
2360.000000 0.000002
2361.000000 0.000002
2362.000000 0.000002
2363.000000 0.000002
2364.000000 0.000002
2365.000000 0.000001
2366.000000 0.000001
2367.000000 0.000001
2368.000000 0.000001
2369.000000 0.000001
2370.000000 0.000001
2371.000000 0.000001
2372.000000 0.000001
2373.000000 0.000001
2374.000000 0.000001
2375.000000 0.000001
2376.000000 0.000001
2377.000000 0.000001
2378.000000 0.000001
2379.000000 0.000001
2380.000000 0.000001
2381.000000 0.000001
2382.000000 0.000001
2383.000000 0.000001
2384.000000 0.000001
2385.000000 0.000001
2386.000000 0.000001
2387.000000 0.000001
2388.000000 0.000001
2389.000000 0.000001
2390.000000 0.000001
2391.000000 0.000001
2392.000000 0.000001
2393.000000 0.000001
2394.000000 0.000001
2395.000000 0.000001
2396.000000 0.000001
2397.000000 0.000001
2398.000000 0.000001
2399.000000 0.000001
2400.000000 0.000001
2401.000000 0.000001
2402.000000 0.000001
2403.000000 0.000001
2404.000000 0.000001
2405.000000 0.000001
2406.000000 0.000001
2407.000000 0.000001
2408.000000 0.000001
2409.000000 0.000001
2410.000000 0.000001
2411.000000 0.000001
2412.000000 0.000000
2413.000000 0.000000
2414.000000 0.000000
2415.000000 0.000000
2416.000000 0.000000
2417.000000 0.000000
2418.000000 0.000000
2419.000000 0.000000
2420.000000 0.000000
2421.000000 0.000000
2422.000000 0.000000
2423.000000 0.000000
2424.000000 0.000000
2425.000000 0.000000
2426.000000 0.000000
2427.000000 0.000000
2428.000000 0.000000
2429.000000 0.000000
2430.000000 0.000000
2431.000000 0.000000
2432.000000 0.000000
2433.000000 0.000000
2434.000000 0.000000
2435.000000 0.000000
2436.000000 0.000000
2437.000000 0.000000
2438.000000 0.000000
2439.000000 0.000000
2440.000000 0.000000
2441.000000 0.000000
2442.000000 0.000000
2443.000000 0.000000
2444.000000 0.000000
2445.000000 0.000000
2446.000000 0.000000
2447.000000 0.000000
2448.000000 0.000000
2449.000000 0.000000
2450.000000 0.000000
2451.000000 0.000000
2452.000000 0.000000
2453.000000 0.000000
2454.000000 0.000000
2455.000000 0.000000
2456.000000 0.000000
2457.000000 0.000000
2458.000000 0.000000
2459.000000 0.000000
2460.000000 0.000000
2461.000000 0.000000
2462.000000 0.000000
2463.000000 0.000000
2464.000000 0.000000
2465.000000 0.000000
2466.000000 0.000000
2467.000000 0.000000
2468.000000 0.000000
2469.000000 0.000000
2470.000000 0.000000
2471.000000 0.000000
2472.000000 0.000000
2473.000000 0.000000
2474.000000 0.000000
2475.000000 0.000000
2476.000000 0.000000
2477.000000 0.000000
2478.000000 0.000000
2479.000000 0.000000
2480.000000 0.000000
2481.000000 0.000000
2482.000000 0.000000
2483.000000 0.000000
2484.000000 0.000000
2485.000000 0.000000
2486.000000 0.000000
2487.000000 0.000000
2488.000000 0.000000
2489.000000 0.000000
2490.000000 0.000000
2491.000000 0.000000
2492.000000 0.000000
2493.000000 0.000000
2494.000000 0.000000
2495.000000 0.000000
2496.000000 0.000000
2497.000000 0.000000
2498.000000 0.000000
2499.000000 0.000000
2500.000000 0.000000
2501.000000 0.000000
2502.000000 0.000000
2503.000000 0.000000
2504.000000 0.000000
2505.000000 0.000000
2506.000000 0.000000
2507.000000 0.000000
2508.000000 0.000000
2509.000000 0.000000
2510.000000 0.000000
2511.000000 0.000000
2512.000000 0.000000
2513.000000 0.000000
2514.000000 0.000000
2515.000000 0.000000
2516.000000 0.000000
2517.000000 0.000000
2518.000000 0.000000
2519.000000 0.000000
2520.000000 0.000000
2521.000000 0.000000
2522.000000 0.000000
2523.000000 0.000000
2524.000000 0.000000
2525.000000 0.000000
2526.000000 0.000000
2527.000000 0.000000
2528.000000 0.000000
2529.000000 0.000000
2530.000000 0.000000
2531.000000 0.000000
2532.000000 0.000000
2533.000000 0.000000
2534.000000 0.000000
2535.000000 0.000000
2536.000000 0.000000
2537.000000 0.000000
2538.000000 0.000000
2539.000000 0.000000
2540.000000 0.000000
2541.000000 0.000000
2542.000000 0.000000
2543.000000 0.000000
2544.000000 0.000000
2545.000000 0.000000
2546.000000 0.000000
2547.000000 0.000000
2548.000000 0.000000
2549.000000 0.000000
2550.000000 0.000000
2551.000000 0.000000
2552.000000 0.000000
2553.000000 0.000000
2554.000000 0.000000
2555.000000 0.000000
2556.000000 0.000000
2557.000000 0.000000
2558.000000 0.000000
2559.000000 0.000000
2560.000000 0.000000
2561.000000 0.000000
2562.000000 0.000000
2563.000000 0.000000
2564.000000 0.000000
2565.000000 0.000000
2566.000000 0.000000
2567.000000 0.000000
2568.000000 0.000000
2569.000000 0.000000
2570.000000 0.000000
2571.000000 0.000000
2572.000000 0.000000
2573.000000 0.000000
2574.000000 0.000000
2575.000000 0.000000
2576.000000 0.000000
2577.000000 0.000000
2578.000000 0.000000
2579.000000 0.000000
2580.000000 0.000000
2581.000000 0.000000
2582.000000 0.000000
2583.000000 0.000000
2584.000000 0.000000
2585.000000 0.000000
2586.000000 0.000000
2587.000000 0.000000
2588.000000 0.000000
2589.000000 0.000000
2590.000000 0.000000
2591.000000 0.000000
2592.000000 0.000000
2593.000000 0.000000
2594.000000 0.000000
2595.000000 0.000000
2596.000000 0.000000
2597.000000 0.000000
2598.000000 0.000000
2599.000000 0.000000
2600.000000 0.000000
2601.000000 0.000000
2602.000000 0.000000
2603.000000 0.000000
2604.000000 0.000000
2605.000000 0.000000
2606.000000 0.000000
2607.000000 0.000000
2608.000000 0.000000
2609.000000 0.000000
2610.000000 0.000000
2611.000000 0.000000
2612.000000 0.000000
2613.000000 0.000000
2614.000000 0.000000
2615.000000 0.000000
2616.000000 0.000000
2617.000000 0.000000
2618.000000 0.000000
2619.000000 0.000000
2620.000000 0.000000
2621.000000 0.000000
2622.000000 0.000000
2623.000000 0.000000
2624.000000 0.000000
2625.000000 0.000000
2626.000000 0.000000
2627.000000 0.000000
2628.000000 0.000000
2629.000000 0.000000
2630.000000 0.000000
2631.000000 0.000000
2632.000000 0.000000
2633.000000 0.000000
2634.000000 0.000000
2635.000000 0.000000
2636.000000 0.000000
2637.000000 0.000000
2638.000000 0.000000
2639.000000 0.000000
2640.000000 0.000000
2641.000000 0.000000
2642.000000 0.000000
2643.000000 0.000000
2644.000000 0.000000
2645.000000 0.000000
2646.000000 0.000000
2647.000000 0.000000
2648.000000 0.000000
2649.000000 0.000000
2650.000000 0.000000
2651.000000 0.000000
2652.000000 0.000000
2653.000000 0.000000
2654.000000 0.000000
2655.000000 0.000000
2656.000000 0.000000
2657.000000 0.000000
2658.000000 0.000000
2659.000000 0.000000
2660.000000 0.000000
2661.000000 0.000000
2662.000000 0.000000
2663.000000 0.000000
2664.000000 0.000000
2665.000000 0.000000
2666.000000 0.000000
2667.000000 0.000000
2668.000000 0.000000
2669.000000 0.000000
2670.000000 0.000000
2671.000000 0.000000
2672.000000 0.000000
2673.000000 0.000000
2674.000000 0.000000
2675.000000 0.000000
2676.000000 0.000000
2677.000000 0.000000
2678.000000 0.000000
2679.000000 0.000000
2680.000000 0.000000
2681.000000 0.000000
2682.000000 0.000000
2683.000000 0.000000
2684.000000 0.000000
2685.000000 0.000000
2686.000000 0.000000
2687.000000 0.000000
2688.000000 0.000000
2689.000000 0.000000
2690.000000 0.000000
2691.000000 0.000000
2692.000000 0.000000
2693.000000 0.000000
2694.000000 0.000000
2695.000000 0.000000
2696.000000 0.000000
2697.000000 0.000000
2698.000000 0.000000
2699.000000 0.000000
2700.000000 0.000000
2701.000000 0.000000
2702.000000 0.000000
2703.000000 0.000000
2704.000000 0.000000
2705.000000 0.000000
2706.000000 0.000000
2707.000000 0.000000
2708.000000 0.000000
2709.000000 0.000000
2710.000000 0.000000
2711.000000 0.000000
2712.000000 0.000000
2713.000000 0.000000
2714.000000 0.000000
2715.000000 0.000000
2716.000000 0.000000
2717.000000 0.000000
2718.000000 0.000000
2719.000000 0.000000
2720.000000 0.000000
2721.000000 0.000000
2722.000000 0.000000
2723.000000 0.000000
2724.000000 0.000000
2725.000000 0.000000
2726.000000 0.000000
2727.000000 0.000000
2728.000000 0.000000
2729.000000 0.000000
2730.000000 0.000000
2731.000000 0.000000
2732.000000 0.000000
2733.000000 0.000000
2734.000000 0.000000
2735.000000 0.000000
2736.000000 0.000000
2737.000000 0.000000
2738.000000 0.000000
2739.000000 0.000000
2740.000000 0.000000
2741.000000 0.000000
2742.000000 0.000000
2743.000000 0.000000
2744.000000 0.000000
2745.000000 0.000000
2746.000000 0.000000
2747.000000 0.000000
2748.000000 0.000000
2749.000000 0.000000
2750.000000 0.000000
2751.000000 0.000000
2752.000000 0.000000
2753.000000 0.000000
2754.000000 0.000000
2755.000000 0.000000
2756.000000 0.000000
2757.000000 0.000000
2758.000000 0.000000
2759.000000 0.000000
2760.000000 0.000000
2761.000000 0.000000
2762.000000 0.000000
2763.000000 0.000000
2764.000000 0.000000
2765.000000 0.000000
2766.000000 0.000000
2767.000000 0.000000
2768.000000 0.000000
2769.000000 0.000000
2770.000000 0.000000
2771.000000 0.000000
2772.000000 0.000000
2773.000000 0.000000
2774.000000 0.000000
2775.000000 0.000000
2776.000000 0.000000
2777.000000 0.000000
2778.000000 0.000000
2779.000000 0.000000
2780.000000 0.000000
2781.000000 0.000000
2782.000000 0.000000
2783.000000 0.000000
2784.000000 0.000000
2785.000000 0.000000
2786.000000 0.000000
2787.000000 0.000000
2788.000000 0.000000
2789.000000 0.000000
2790.000000 0.000000
2791.000000 0.000000
2792.000000 0.000000
2793.000000 0.000000
2794.000000 0.000000
2795.000000 0.000000
2796.000000 0.000000
2797.000000 0.000000
2798.000000 0.000000
2799.000000 0.000000
2800.000000 0.000000
2801.000000 0.000000
2802.000000 0.000000
2803.000000 0.000000
2804.000000 0.000000
2805.000000 0.000000
2806.000000 0.000000
2807.000000 0.000000
2808.000000 0.000000
2809.000000 0.000000
2810.000000 0.000000
2811.000000 0.000000
2812.000000 0.000000
2813.000000 0.000000
2814.000000 0.000000
2815.000000 0.000000
2816.000000 0.000000
2817.000000 0.000000
2818.000000 0.000000
2819.000000 0.000000
2820.000000 0.000000
2821.000000 0.000000
2822.000000 0.000000
2823.000000 0.000000
2824.000000 0.000000
2825.000000 0.000000
2826.000000 0.000000
2827.000000 0.000000
2828.000000 0.000000
2829.000000 0.000000
2830.000000 0.000000
2831.000000 0.000000
2832.000000 0.000000
2833.000000 0.000000
2834.000000 0.000000
2835.000000 0.000000
2836.000000 0.000000
2837.000000 0.000000
2838.000000 0.000000
2839.000000 0.000000
2840.000000 0.000000
2841.000000 0.000000
2842.000000 0.000000
2843.000000 0.000000
2844.000000 0.000000
2845.000000 0.000000
2846.000000 0.000000
2847.000000 0.000000
2848.000000 0.000000
2849.000000 0.000000
2850.000000 0.000000
2851.000000 0.000000
2852.000000 0.000000
2853.000000 0.000000
2854.000000 0.000000
2855.000000 0.000000
2856.000000 0.000000
2857.000000 0.000000
2858.000000 0.000000
2859.000000 0.000000
2860.000000 0.000000
2861.000000 0.000000
2862.000000 0.000000
2863.000000 0.000000
2864.000000 0.000000
2865.000000 0.000000
2866.000000 0.000000
2867.000000 0.000000
2868.000000 0.000000
2869.000000 0.000000
2870.000000 0.000000
2871.000000 0.000000
2872.000000 0.000000
2873.000000 0.000000
2874.000000 0.000000
2875.000000 0.000000
2876.000000 0.000000
2877.000000 0.000000
2878.000000 0.000000
2879.000000 0.000000
2880.000000 0.000000
2881.000000 0.000000
2882.000000 0.000000
2883.000000 0.000000
2884.000000 0.000000
2885.000000 0.000000
2886.000000 0.000000
2887.000000 0.000000
2888.000000 0.000000
2889.000000 0.000000
2890.000000 0.000000
2891.000000 0.000000
2892.000000 0.000000
2893.000000 0.000000
2894.000000 0.000000
2895.000000 0.000000
2896.000000 0.000000
2897.000000 0.000000
2898.000000 0.000000
2899.000000 0.000000
2900.000000 0.000000
2901.000000 0.000000
2902.000000 0.000000
2903.000000 0.000000
2904.000000 0.000000
2905.000000 0.000000
2906.000000 0.000000
2907.000000 0.000000
2908.000000 0.000000
2909.000000 0.000000
2910.000000 0.000000
2911.000000 0.000000
2912.000000 0.000000
2913.000000 0.000000
2914.000000 0.000000
2915.000000 0.000000
2916.000000 0.000000
2917.000000 0.000000
2918.000000 0.000000
2919.000000 0.000000
2920.000000 0.000000
2921.000000 0.000000
2922.000000 0.000000
2923.000000 0.000000
2924.000000 0.000000
2925.000000 0.000000
2926.000000 0.000000
2927.000000 0.000000
2928.000000 0.000000
2929.000000 0.000000
2930.000000 0.000000
2931.000000 0.000000
2932.000000 0.000000
2933.000000 0.000000
2934.000000 0.000000
2935.000000 0.000000
2936.000000 0.000000
2937.000000 0.000000
2938.000000 0.000000
2939.000000 0.000000
2940.000000 0.000000
2941.000000 0.000000
2942.000000 0.000000
2943.000000 0.000000
2944.000000 0.000000
2945.000000 0.000000
2946.000000 0.000000
2947.000000 0.000000
2948.000000 0.000000
2949.000000 0.000000
2950.000000 0.000000
2951.000000 0.000000
2952.000000 0.000000
2953.000000 0.000000
2954.000000 0.000000
2955.000000 0.000000
2956.000000 0.000000
2957.000000 0.000000
2958.000000 0.000000
2959.000000 0.000000
2960.000000 0.000000
2961.000000 0.000000
2962.000000 0.000000
2963.000000 0.000000
2964.000000 0.000000
2965.000000 0.000000
2966.000000 0.000000
2967.000000 0.000000
2968.000000 0.000000
2969.000000 0.000000
2970.000000 0.000000
2971.000000 0.000000
2972.000000 0.000000
2973.000000 0.000000
2974.000000 0.000000
2975.000000 0.000000
2976.000000 0.000000
2977.000000 0.000000
2978.000000 0.000000
2979.000000 0.000000
2980.000000 0.000000
2981.000000 0.000000
2982.000000 0.000000
2983.000000 0.000000
2984.000000 0.000000
2985.000000 0.000000
2986.000000 0.000000
2987.000000 0.000000
2988.000000 0.000000
2989.000000 0.000000
2990.000000 0.000000
2991.000000 0.000000
2992.000000 0.000000
2993.000000 0.000000
2994.000000 0.000000
2995.000000 0.000000
2996.000000 0.000000
2997.000000 0.000000
2998.000000 0.000000
2999.000000 0.000000
3000.000000 0.000000
