n lam mean variance std
3000 0.600000 1500.500000 90127.531851 300.212478
bin_midpoint probability
1.000000 0.000000
2.000000 0.000000
3.000000 0.000000
4.000000 0.000000
5.000000 0.000000
6.000000 0.000000
7.000000 0.000000
8.000000 0.000000
9.000000 0.000000
10.000000 0.000000
11.000000 0.000000
12.000000 0.000000
13.000000 0.000000
14.000000 0.000000
15.000000 0.000000
16.000000 0.000000
17.000000 0.000000
18.000000 0.000000
19.000000 0.000000
20.000000 0.000000
21.000000 0.000000
22.000000 0.000000
23.000000 0.000000
24.000000 0.000000
25.000000 0.000000
26.000000 0.000000
27.000000 0.000000
28.000000 0.000000
29.000000 0.000000
30.000000 0.000000
31.000000 0.000000
32.000000 0.000000
33.000000 0.000000
34.000000 0.000000
35.000000 0.000000
36.000000 0.000000
37.000000 0.000000
38.000000 0.000000
39.000000 0.000000
40.000000 0.000000
41.000000 0.000000
42.000000 0.000000
43.000000 0.000000
44.000000 0.000000
45.000000 0.000000
46.000000 0.000000
47.000000 0.000000
48.000000 0.000000
49.000000 0.000000
50.000000 0.000000
51.000000 0.000000
52.000000 0.000000
53.000000 0.000000
54.000000 0.000000
55.000000 0.000000
56.000000 0.000000
57.000000 0.000000
58.000000 0.000000
59.000000 0.000000
60.000000 0.000000
61.000000 0.000000
62.000000 0.000000
63.000000 0.000000
64.000000 0.000000
65.000000 0.000000
66.000000 0.000000
67.000000 0.000000
68.000000 0.000000
69.000000 0.000000
70.000000 0.000000
71.000000 0.000000
72.000000 0.000000
73.000000 0.000000
74.000000 0.000000
75.000000 0.000000
76.000000 0.000000
77.000000 0.000000
78.000000 0.000000
79.000000 0.000000
80.000000 0.000000
81.000000 0.000000
82.000000 0.000000
83.000000 0.000000
84.000000 0.000000
85.000000 0.000000
86.000000 0.000000
87.000000 0.000000
88.000000 0.000000
89.000000 0.000000
90.000000 0.000000
91.000000 0.000000
92.000000 0.000000
93.000000 0.000000
94.000000 0.000000
95.000000 0.000000
96.000000 0.000000
97.000000 0.000000
98.000000 0.000000
99.000000 0.000000
100.000000 0.000000
101.000000 0.000000
102.000000 0.000000
103.000000 0.000000
104.000000 0.000000
105.000000 0.000000
106.000000 0.000000
107.000000 0.000000
108.000000 0.000000
109.000000 0.000000
110.000000 0.000000
111.000000 0.000000
112.000000 0.000000
113.000000 0.000000
114.000000 0.000000
115.000000 0.000000
116.000000 0.000000
117.000000 0.000000
118.000000 0.000000
119.000000 0.000000
120.000000 0.000000
121.000000 0.000000
122.000000 0.000000
123.000000 0.000000
124.000000 0.000000
125.000000 0.000000
126.000000 0.000000
127.000000 0.000000
128.000000 0.000000
129.000000 0.000000
130.000000 0.000000
131.000000 0.000000
132.000000 0.000000
133.000000 0.000000
134.000000 0.000000
135.000000 0.000000
136.000000 0.000000
137.000000 0.000000
138.000000 0.000000
139.000000 0.000000
140.000000 0.000000
141.000000 0.000000
142.000000 0.000000
143.000000 0.000000
144.000000 0.000000
145.000000 0.000000
146.000000 0.000000
147.000000 0.000000
148.000000 0.000000
149.000000 0.000000
150.000000 0.000000
151.000000 0.000000
152.000000 0.000000
153.000000 0.000000
154.000000 0.000000
155.000000 0.000000
156.000000 0.000000
157.000000 0.000000
158.000000 0.000000
159.000000 0.000000
160.000000 0.000000
161.000000 0.000000
162.000000 0.000000
163.000000 0.000000
164.000000 0.000000
165.000000 0.000000
166.000000 0.000000
167.000000 0.000000
168.000000 0.000000
169.000000 0.000000
170.000000 0.000000
171.000000 0.000000
172.000000 0.000000
173.000000 0.000000
174.000000 0.000000
175.000000 0.000000
176.000000 0.000000
177.000000 0.000000
178.000000 0.000000
179.000000 0.000000
180.000000 0.000000
181.000000 0.000000
182.000000 0.000000
183.000000 0.000000
184.000000 0.000000
185.000000 0.000000
186.000000 0.000000
187.000000 0.000000
188.000000 0.000000
189.000000 0.000000
190.000000 0.000000
191.000000 0.000000
192.000000 0.000000
193.000000 0.000000
194.000000 0.000000
195.000000 0.000000
196.000000 0.000000
197.000000 0.000000
198.000000 0.000000
199.000000 0.000000
200.000000 0.000000
201.000000 0.000000
202.000000 0.000000
203.000000 0.000000
204.000000 0.000000
205.000000 0.000000
206.000000 0.000000
207.000000 0.000000
208.000000 0.000000
209.000000 0.000000
210.000000 0.000000
211.000000 0.000000
212.000000 0.000000
213.000000 0.000000
214.000000 0.000000
215.000000 0.000000
216.000000 0.000000
217.000000 0.000000
218.000000 0.000000
219.000000 0.000000
220.000000 0.000000
221.000000 0.000000
222.000000 0.000000
223.000000 0.000000
224.000000 0.000000
225.000000 0.000000
226.000000 0.000000
227.000000 0.000000
228.000000 0.000000
229.000000 0.000000
230.000000 0.000000
231.000000 0.000000
232.000000 0.000000
233.000000 0.000000
234.000000 0.000000
235.000000 0.000000
236.000000 0.000000
237.000000 0.000000
238.000000 0.000000
239.000000 0.000000
240.000000 0.000000
241.000000 0.000000
242.000000 0.000000
243.000000 0.000000
244.000000 0.000000
245.000000 0.000000
246.000000 0.000000
247.000000 0.000000
248.000000 0.000000
249.000000 0.000000
250.000000 0.000000
251.000000 0.000000
252.000000 0.000000
253.000000 0.000000
254.000000 0.000000
255.000000 0.000000
256.000000 0.000000
257.000000 0.000000
258.000000 0.000000
259.000000 0.000000
260.000000 0.000000
261.000000 0.000000
262.000000 0.000000
263.000000 0.000000
264.000000 0.000000
265.000000 0.000000
266.000000 0.000000
267.000000 0.000000
268.000000 0.000000
269.000000 0.000000
270.000000 0.000000
271.000000 0.000000
272.000000 0.000000
273.000000 0.000000
274.000000 0.000000
275.000000 0.000000
276.000000 0.000000
277.000000 0.000000
278.000000 0.000000
279.000000 0.000000
280.000000 0.000000
281.000000 0.000000
282.000000 0.000000
283.000000 0.000000
284.000000 0.000000
285.000000 0.000000
286.000000 0.000000
287.000000 0.000000
288.000000 0.000000
289.000000 0.000000
290.000000 0.000000
291.000000 0.000000
292.000000 0.000000
293.000000 0.000000
294.000000 0.000000
295.000000 0.000000
296.000000 0.000000
297.000000 0.000000
298.000000 0.000000
299.000000 0.000000
300.000000 0.000000
301.000000 0.000000
302.000000 0.000000
303.000000 0.000000
304.000000 0.000000
305.000000 0.000000
306.000000 0.000000
307.000000 0.000000
308.000000 0.000000
309.000000 0.000000
310.000000 0.000000
311.000000 0.000000
312.000000 0.000000
313.000000 0.000000
314.000000 0.000000
315.000000 0.000000
316.000000 0.000000
317.000000 0.000000
318.000000 0.000000
319.000000 0.000000
320.000000 0.000000
321.000000 0.000000
322.000000 0.000000
323.000000 0.000000
324.000000 0.000000
325.000000 0.000000
326.000000 0.000000
327.000000 0.000000
328.000000 0.000000
329.000000 0.000000
330.000000 0.000000
331.000000 0.000000
332.000000 0.000000
333.000000 0.000000
334.000000 0.000000
335.000000 0.000000
336.000000 0.000000
337.000000 0.000000
338.000000 0.000000
339.000000 0.000000
340.000000 0.000000
341.000000 0.000000
342.000000 0.000000
343.000000 0.000000
344.000000 0.000000
345.000000 0.000000
346.000000 0.000000
347.000000 0.000000
348.000000 0.000000
349.000000 0.000000
350.000000 0.000000
351.000000 0.000000
352.000000 0.000000
353.000000 0.000000
354.000000 0.000000
355.000000 0.000000
356.000000 0.000000
357.000000 0.000000
358.000000 0.000000
359.000000 0.000000
360.000000 0.000000
361.000000 0.000000
362.000000 0.000000
363.000000 0.000000
364.000000 0.000000
365.000000 0.000000
366.000000 0.000000
367.000000 0.000000
368.000000 0.000000
369.000000 0.000000
370.000000 0.000000
371.000000 0.000000
372.000000 0.000000
373.000000 0.000000
374.000000 0.000000
375.000000 0.000000
376.000000 0.000000
377.000000 0.000000
378.000000 0.000000
379.000000 0.000000
380.000000 0.000000
381.000000 0.000000
382.000000 0.000000
383.000000 0.000000
384.000000 0.000000
385.000000 0.000000
386.000000 0.000000
387.000000 0.000000
388.000000 0.000000
389.000000 0.000000
390.000000 0.000000
391.000000 0.000000
392.000000 0.000000
393.000000 0.000000
394.000000 0.000000
395.000000 0.000000
396.000000 0.000000
397.000000 0.000000
398.000000 0.000000
399.000000 0.000000
400.000000 0.000000
401.000000 0.000000
402.000000 0.000000
403.000000 0.000000
404.000000 0.000000
405.000000 0.000000
406.000000 0.000000
407.000000 0.000000
408.000000 0.000000
409.000000 0.000000
410.000000 0.000000
411.000000 0.000000
412.000000 0.000000
413.000000 0.000000
414.000000 0.000000
415.000000 0.000000
416.000000 0.000000
417.000000 0.000000
418.000000 0.000000
419.000000 0.000000
420.000000 0.000000
421.000000 0.000000
422.000000 0.000000
423.000000 0.000000
424.000000 0.000000
425.000000 0.000000
426.000000 0.000000
427.000000 0.000000
428.000000 0.000000
429.000000 0.000000
430.000000 0.000000
431.000000 0.000000
432.000000 0.000000
433.000000 0.000000
434.000000 0.000000
435.000000 0.000000
436.000000 0.000000
437.000000 0.000000
438.000000 0.000000
439.000000 0.000000
440.000000 0.000000
441.000000 0.000000
442.000000 0.000000
443.000000 0.000000
444.000000 0.000000
445.000000 0.000000
446.000000 0.000000
447.000000 0.000000
448.000000 0.000000
449.000000 0.000000
450.000000 0.000000
451.000000 0.000000
452.000000 0.000000
453.000000 0.000000
454.000000 0.000000
455.000000 0.000000
456.000000 0.000000
457.000000 0.000000
458.000000 0.000000
459.000000 0.000000
460.000000 0.000000
461.000000 0.000000
462.000000 0.000000
463.000000 0.000000
464.000000 0.000000
465.000000 0.000000
466.000000 0.000000
467.000000 0.000000
468.000000 0.000000
469.000000 0.000000
470.000000 0.000000
471.000000 0.000000
472.000000 0.000001
473.000000 0.000001
474.000000 0.000001
475.000000 0.000001
476.000000 0.000001
477.000000 0.000001
478.000000 0.000001
479.000000 0.000001
480.000000 0.000001
481.000000 0.000001
482.000000 0.000001
483.000000 0.000001
484.000000 0.000001
485.000000 0.000001
486.000000 0.000001
487.000000 0.000001
488.000000 0.000001
489.000000 0.000001
490.000000 0.000001
491.000000 0.000001
492.000000 0.000001
493.000000 0.000001
494.000000 0.000001
495.000000 0.000001
496.000000 0.000001
497.000000 0.000001
498.000000 0.000001
499.000000 0.000001
500.000000 0.000001
501.000000 0.000001
502.000000 0.000001
503.000000 0.000001
504.000000 0.000001
505.000000 0.000001
506.000000 0.000001
507.000000 0.000001
508.000000 0.000001
509.000000 0.000001
510.000000 0.000001
511.000000 0.000001
512.000000 0.000001
513.000000 0.000001
514.000000 0.000001
515.000000 0.000001
516.000000 0.000001
517.000000 0.000001
518.000000 0.000001
519.000000 0.000001
520.000000 0.000001
521.000000 0.000002
522.000000 0.000002
523.000000 0.000002
524.000000 0.000002
525.000000 0.000002
526.000000 0.000002
527.000000 0.000002
528.000000 0.000002
529.000000 0.000002
530.000000 0.000002
531.000000 0.000002
532.000000 0.000002
533.000000 0.000002
534.000000 0.000002
535.000000 0.000002
536.000000 0.000002
537.000000 0.000002
538.000000 0.000002
539.000000 0.000002
540.000000 0.000002
541.000000 0.000002
542.000000 0.000002
543.000000 0.000002
544.000000 0.000002
545.000000 0.000002
546.000000 0.000003
547.000000 0.000003
548.000000 0.000003
549.000000 0.000003
550.000000 0.000003
551.000000 0.000003
552.000000 0.000003
553.000000 0.000003
554.000000 0.000003
555.000000 0.000003
556.000000 0.000003
557.000000 0.000003
558.000000 0.000003
559.000000 0.000003
560.000000 0.000003
561.000000 0.000003
562.000000 0.000003
563.000000 0.000003
564.000000 0.000004
565.000000 0.000004
566.000000 0.000004
567.000000 0.000004
568.000000 0.000004
569.000000 0.000004
570.000000 0.000004
571.000000 0.000004
572.000000 0.000004
573.000000 0.000004
574.000000 0.000004
575.000000 0.000004
576.000000 0.000004
577.000000 0.000004
578.000000 0.000005
579.000000 0.000005
580.000000 0.000005
581.000000 0.000005
582.000000 0.000005
583.000000 0.000005
584.000000 0.000005
585.000000 0.000005
586.000000 0.000005
587.000000 0.000005
588.000000 0.000005
589.000000 0.000006
590.000000 0.000006
591.000000 0.000006
592.000000 0.000006
593.000000 0.000006
594.000000 0.000006
595.000000 0.000006
596.000000 0.000006
597.000000 0.000006
598.000000 0.000006
599.000000 0.000007
600.000000 0.000007
601.000000 0.000007
602.000000 0.000007
603.000000 0.000007
604.000000 0.000007
605.000000 0.000007
606.000000 0.000007
607.000000 0.000007
608.000000 0.000008
609.000000 0.000008
610.000000 0.000008
611.000000 0.000008
612.000000 0.000008
613.000000 0.000008
614.000000 0.000008
615.000000 0.000008
616.000000 0.000009
617.000000 0.000009
618.000000 0.000009
619.000000 0.000009
620.000000 0.000009
621.000000 0.000009
622.000000 0.000009
623.000000 0.000010
624.000000 0.000010
625.000000 0.000010
626.000000 0.000010
627.000000 0.000010
628.000000 0.000010
629.000000 0.000010
630.000000 0.000011
631.000000 0.000011
632.000000 0.000011
633.000000 0.000011
634.000000 0.000011
635.000000 0.000011
636.000000 0.000012
637.000000 0.000012
638.000000 0.000012
639.000000 0.000012
640.000000 0.000012
641.000000 0.000013
642.000000 0.000013
643.000000 0.000013
644.000000 0.000013
645.000000 0.000013
646.000000 0.000014
647.000000 0.000014
648.000000 0.000014
649.000000 0.000014
650.000000 0.000014
651.000000 0.000015
652.000000 0.000015
653.000000 0.000015
654.000000 0.000015
655.000000 0.000015
656.000000 0.000016
657.000000 0.000016
658.000000 0.000016
659.000000 0.000016
660.000000 0.000016
661.000000 0.000017
662.000000 0.000017
663.000000 0.000017
664.000000 0.000017
665.000000 0.000018
666.000000 0.000018
667.000000 0.000018
668.000000 0.000018
669.000000 0.000019
670.000000 0.000019
671.000000 0.000019
672.000000 0.000019
673.000000 0.000020
674.000000 0.000020
675.000000 0.000020
676.000000 0.000020
677.000000 0.000021
678.000000 0.000021
679.000000 0.000021
680.000000 0.000022
681.000000 0.000022
682.000000 0.000022
683.000000 0.000022
684.000000 0.000023
685.000000 0.000023
686.000000 0.000023
687.000000 0.000024
688.000000 0.000024
689.000000 0.000024
690.000000 0.000025
691.000000 0.000025
692.000000 0.000025
693.000000 0.000026
694.000000 0.000026
695.000000 0.000026
696.000000 0.000027
697.000000 0.000027
698.000000 0.000027
699.000000 0.000028
700.000000 0.000028
701.000000 0.000028
702.000000 0.000029
703.000000 0.000029
704.000000 0.000029
705.000000 0.000030
706.000000 0.000030
707.000000 0.000030
708.000000 0.000031
709.000000 0.000031
710.000000 0.000032
711.000000 0.000032
712.000000 0.000032
713.000000 0.000033
714.000000 0.000033
715.000000 0.000034
716.000000 0.000034
717.000000 0.000034
718.000000 0.000035
719.000000 0.000035
720.000000 0.000036
721.000000 0.000036
722.000000 0.000036
723.000000 0.000037
724.000000 0.000037
725.000000 0.000038
726.000000 0.000038
727.000000 0.000039
728.000000 0.000039
729.000000 0.000039
730.000000 0.000040
731.000000 0.000040
732.000000 0.000041
733.000000 0.000041
734.000000 0.000042
735.000000 0.000042
736.000000 0.000043
737.000000 0.000043
738.000000 0.000044
739.000000 0.000044
740.000000 0.000045
741.000000 0.000045
742.000000 0.000046
743.000000 0.000046
744.000000 0.000047
745.000000 0.000047
746.000000 0.000048
747.000000 0.000048
748.000000 0.000049
749.000000 0.000049
750.000000 0.000050
751.000000 0.000051
752.000000 0.000051
753.000000 0.000052
754.000000 0.000052
755.000000 0.000053
756.000000 0.000053
757.000000 0.000054
758.000000 0.000054
759.000000 0.000055
760.000000 0.000056
761.000000 0.000056
762.000000 0.000057
763.000000 0.000057
764.000000 0.000058
765.000000 0.000059
766.000000 0.000059
767.000000 0.000060
768.000000 0.000061
769.000000 0.000061
770.000000 0.000062
771.000000 0.000062
772.000000 0.000063
773.000000 0.000064
774.000000 0.000064
775.000000 0.000065
776.000000 0.000066
777.000000 0.000066
778.000000 0.000067
779.000000 0.000068
780.000000 0.000068
781.000000 0.000069
782.000000 0.000070
783.000000 0.000071
784.000000 0.000071
785.000000 0.000072
786.000000 0.000073
787.000000 0.000073
788.000000 0.000074
789.000000 0.000075
790.000000 0.000076
791.000000 0.000076
792.000000 0.000077
793.000000 0.000078
794.000000 0.000079
795.000000 0.000079
796.000000 0.000080
797.000000 0.000081
798.000000 0.000082
799.000000 0.000082
800.000000 0.000083
801.000000 0.000084
802.000000 0.000085
803.000000 0.000086
804.000000 0.000086
805.000000 0.000087
806.000000 0.000088
807.000000 0.000089
808.000000 0.000090
809.000000 0.000091
810.000000 0.000091
811.000000 0.000092
812.000000 0.000093
813.000000 0.000094
814.000000 0.000095
815.000000 0.000096
816.000000 0.000097
817.000000 0.000098
818.000000 0.000098
819.000000 0.000099
820.000000 0.000100
821.000000 0.000101
822.000000 0.000102
823.000000 0.000103
824.000000 0.000104
825.000000 0.000105
826.000000 0.000106
827.000000 0.000107
828.000000 0.000108
829.000000 0.000109
830.000000 0.000110
831.000000 0.000111
832.000000 0.000112
833.000000 0.000113
834.000000 0.000114
835.000000 0.000115
836.000000 0.000116
837.000000 0.000117
838.000000 0.000118
839.000000 0.000119
840.000000 0.000120
841.000000 0.000121
842.000000 0.000122
843.000000 0.000123
844.000000 0.000124
845.000000 0.000125
846.000000 0.000126
847.000000 0.000127
848.000000 0.000128
849.000000 0.000129
850.000000 0.000130
851.000000 0.000131
852.000000 0.000132
853.000000 0.000133
854.000000 0.000135
855.000000 0.000136
856.000000 0.000137
857.000000 0.000138
858.000000 0.000139
859.000000 0.000140
860.000000 0.000141
861.000000 0.000142
862.000000 0.000144
863.000000 0.000145
864.000000 0.000146
865.000000 0.000147
866.000000 0.000148
867.000000 0.000150
868.000000 0.000151
869.000000 0.000152
870.000000 0.000153
871.000000 0.000154
872.000000 0.000156
873.000000 0.000157
874.000000 0.000158
875.000000 0.000159
876.000000 0.000161
877.000000 0.000162
878.000000 0.000163
879.000000 0.000164
880.000000 0.000166
881.000000 0.000167
882.000000 0.000168
883.000000 0.000169
884.000000 0.000171
885.000000 0.000172
886.000000 0.000173
887.000000 0.000175
888.000000 0.000176
889.000000 0.000177
890.000000 0.000179
891.000000 0.000180
892.000000 0.000181
893.000000 0.000183
894.000000 0.000184
895.000000 0.000185
896.000000 0.000187
897.000000 0.000188
898.000000 0.000190
899.000000 0.000191
900.000000 0.000192
901.000000 0.000194
902.000000 0.000195
903.000000 0.000197
904.000000 0.000198
905.000000 0.000200
906.000000 0.000201
907.000000 0.000202
908.000000 0.000204
909.000000 0.000205
910.000000 0.000207
911.000000 0.000208
912.000000 0.000210
913.000000 0.000211
914.000000 0.000213
915.000000 0.000214
916.000000 0.000216
917.000000 0.000217
918.000000 0.000219
919.000000 0.000220
920.000000 0.000222
921.000000 0.000223
922.000000 0.000225
923.000000 0.000227
924.000000 0.000228
925.000000 0.000230
926.000000 0.000231
927.000000 0.000233
928.000000 0.000234
929.000000 0.000236
930.000000 0.000238
931.000000 0.000239
932.000000 0.000241
933.000000 0.000242
934.000000 0.000244
935.000000 0.000246
936.000000 0.000247
937.000000 0.000249
938.000000 0.000251
939.000000 0.000252
940.000000 0.000254
941.000000 0.000256
942.000000 0.000257
943.000000 0.000259
944.000000 0.000261
945.000000 0.000262
946.000000 0.000264
947.000000 0.000266
948.000000 0.000267
949.000000 0.000269
950.000000 0.000271
951.000000 0.000273
952.000000 0.000274
953.000000 0.000276
954.000000 0.000278
955.000000 0.000280
956.000000 0.000281
957.000000 0.000283
958.000000 0.000285
959.000000 0.000287
960.000000 0.000288
961.000000 0.000290
962.000000 0.000292
963.000000 0.000294
964.000000 0.000296
965.000000 0.000298
966.000000 0.000299
967.000000 0.000301
968.000000 0.000303
969.000000 0.000305
970.000000 0.000307
971.000000 0.000309
972.000000 0.000310
973.000000 0.000312
974.000000 0.000314
975.000000 0.000316
976.000000 0.000318
977.000000 0.000320
978.000000 0.000322
979.000000 0.000324
980.000000 0.000326
981.000000 0.000327
982.000000 0.000329
983.000000 0.000331
984.000000 0.000333
985.000000 0.000335
986.000000 0.000337
987.000000 0.000339
988.000000 0.000341
989.000000 0.000343
990.000000 0.000345
991.000000 0.000347
992.000000 0.000349
993.000000 0.000351
994.000000 0.000353
995.000000 0.000355
996.000000 0.000357
997.000000 0.000359
998.000000 0.000361
999.000000 0.000363
1000.000000 0.000365
1001.000000 0.000367
1002.000000 0.000369
1003.000000 0.000371
1004.000000 0.000373
1005.000000 0.000375
1006.000000 0.000377
1007.000000 0.000379
1008.000000 0.000381
1009.000000 0.000383
1010.000000 0.000385
1011.000000 0.000388
1012.000000 0.000390
1013.000000 0.000392
1014.000000 0.000394
1015.000000 0.000396
1016.000000 0.000398
1017.000000 0.000400
1018.000000 0.000402
1019.000000 0.000404
1020.000000 0.000406
1021.000000 0.000409
1022.000000 0.000411
1023.000000 0.000413
1024.000000 0.000415
1025.000000 0.000417
1026.000000 0.000419
1027.000000 0.000422
1028.000000 0.000424
1029.000000 0.000426
1030.000000 0.000428
1031.000000 0.000430
1032.000000 0.000432
1033.000000 0.000435
1034.000000 0.000437
1035.000000 0.000439
1036.000000 0.000441
1037.000000 0.000443
1038.000000 0.000446
1039.000000 0.000448
1040.000000 0.000450
1041.000000 0.000452
1042.000000 0.000454
1043.000000 0.000457
1044.000000 0.000459
1045.000000 0.000461
1046.000000 0.000463
1047.000000 0.000466
1048.000000 0.000468
1049.000000 0.000470
1050.000000 0.000472
1051.000000 0.000475
1052.000000 0.000477
1053.000000 0.000479
1054.000000 0.000482
1055.000000 0.000484
1056.000000 0.000486
1057.000000 0.000488
1058.000000 0.000491
1059.000000 0.000493
1060.000000 0.000495
1061.000000 0.000498
1062.000000 0.000500
1063.000000 0.000502
1064.000000 0.000505
1065.000000 0.000507
1066.000000 0.000509
1067.000000 0.000512
1068.000000 0.000514
1069.000000 0.000516
1070.000000 0.000519
1071.000000 0.000521
1072.000000 0.000523
1073.000000 0.000526
1074.000000 0.000528
1075.000000 0.000530
1076.000000 0.000533
1077.000000 0.000535
1078.000000 0.000537
1079.000000 0.000540
1080.000000 0.000542
1081.000000 0.000544
1082.000000 0.000547
1083.000000 0.000549
1084.000000 0.000552
1085.000000 0.000554
1086.000000 0.000556
1087.000000 0.000559
1088.000000 0.000561
1089.000000 0.000564
1090.000000 0.000566
1091.000000 0.000568
1092.000000 0.000571
1093.000000 0.000573
1094.000000 0.000576
1095.000000 0.000578
1096.000000 0.000580
1097.000000 0.000583
1098.000000 0.000585
1099.000000 0.000588
1100.000000 0.000590
1101.000000 0.000592
1102.000000 0.000595
1103.000000 0.000597
1104.000000 0.000600
1105.000000 0.000602
1106.000000 0.000605
1107.000000 0.000607
1108.000000 0.000609
1109.000000 0.000612
1110.000000 0.000614
1111.000000 0.000617
1112.000000 0.000619
1113.000000 0.000622
1114.000000 0.000624
1115.000000 0.000627
1116.000000 0.000629
1117.000000 0.000631
1118.000000 0.000634
1119.000000 0.000636
1120.000000 0.000639
1121.000000 0.000641
1122.000000 0.000644
1123.000000 0.000646
1124.000000 0.000649
1125.000000 0.000651
1126.000000 0.000654
1127.000000 0.000656
1128.000000 0.000658
1129.000000 0.000661
1130.000000 0.000663
1131.000000 0.000666
1132.000000 0.000668
1133.000000 0.000671
1134.000000 0.000673
1135.000000 0.000676
1136.000000 0.000678
1137.000000 0.000681
1138.000000 0.000683
1139.000000 0.000686
1140.000000 0.000688
1141.000000 0.000691
1142.000000 0.000693
1143.000000 0.000695
1144.000000 0.000698
1145.000000 0.000700
1146.000000 0.000703
1147.000000 0.000705
1148.000000 0.000708
1149.000000 0.000710
1150.000000 0.000713
1151.000000 0.000715
1152.000000 0.000718
1153.000000 0.000720
1154.000000 0.000723
1155.000000 0.000725
1156.000000 0.000728
1157.000000 0.000730
1158.000000 0.000733
1159.000000 0.000735
1160.000000 0.000737
1161.000000 0.000740
1162.000000 0.000742
1163.000000 0.000745
1164.000000 0.000747
1165.000000 0.000750
1166.000000 0.000752
1167.000000 0.000755
1168.000000 0.000757
1169.000000 0.000760
1170.000000 0.000762
1171.000000 0.000765
1172.000000 0.000767
1173.000000 0.000769
1174.000000 0.000772
1175.000000 0.000774
1176.000000 0.000777
1177.000000 0.000779
1178.000000 0.000782
1179.000000 0.000784
1180.000000 0.000787
1181.000000 0.000789
1182.000000 0.000792
1183.000000 0.000794
1184.000000 0.000796
1185.000000 0.000799
1186.000000 0.000801
1187.000000 0.000804
1188.000000 0.000806
1189.000000 0.000809
1190.000000 0.000811
1191.000000 0.000813
1192.000000 0.000816
1193.000000 0.000818
1194.000000 0.000821
1195.000000 0.000823
1196.000000 0.000826
1197.000000 0.000828
1198.000000 0.000830
1199.000000 0.000833
1200.000000 0.000835
1201.000000 0.000838
1202.000000 0.000840
1203.000000 0.000842
1204.000000 0.000845
1205.000000 0.000847
1206.000000 0.000850
1207.000000 0.000852
1208.000000 0.000854
1209.000000 0.000857
1210.000000 0.000859
1211.000000 0.000861
1212.000000 0.000864
1213.000000 0.000866
1214.000000 0.000869
1215.000000 0.000871
1216.000000 0.000873
1217.000000 0.000876
1218.000000 0.000878
1219.000000 0.000880
1220.000000 0.000883
1221.000000 0.000885
1222.000000 0.000887
1223.000000 0.000890
1224.000000 0.000892
1225.000000 0.000894
1226.000000 0.000897
1227.000000 0.000899
1228.000000 0.000901
1229.000000 0.000904
1230.000000 0.000906
1231.000000 0.000908
1232.000000 0.000911
1233.000000 0.000913
1234.000000 0.000915
1235.000000 0.000917
1236.000000 0.000920
1237.000000 0.000922
1238.000000 0.000924
1239.000000 0.000927
1240.000000 0.000929
1241.000000 0.000931
1242.000000 0.000933
1243.000000 0.000936
1244.000000 0.000938
1245.000000 0.000940
1246.000000 0.000942
1247.000000 0.000945
1248.000000 0.000947
1249.000000 0.000949
1250.000000 0.000951
1251.000000 0.000953
1252.000000 0.000956
1253.000000 0.000958
1254.000000 0.000960
1255.000000 0.000962
1256.000000 0.000964
1257.000000 0.000967
1258.000000 0.000969
1259.000000 0.000971
1260.000000 0.000973
1261.000000 0.000975
1262.000000 0.000977
1263.000000 0.000980
1264.000000 0.000982
1265.000000 0.000984
1266.000000 0.000986
1267.000000 0.000988
1268.000000 0.000990
1269.000000 0.000992
1270.000000 0.000995
1271.000000 0.000997
1272.000000 0.000999
1273.000000 0.001001
1274.000000 0.001003
1275.000000 0.001005
1276.000000 0.001007
1277.000000 0.001009
1278.000000 0.001011
1279.000000 0.001013
1280.000000 0.001015
1281.000000 0.001017
1282.000000 0.001019
1283.000000 0.001021
1284.000000 0.001023
1285.000000 0.001026
1286.000000 0.001028
1287.000000 0.001030
1288.000000 0.001032
1289.000000 0.001034
1290.000000 0.001036
1291.000000 0.001038
1292.000000 0.001040
1293.000000 0.001041
1294.000000 0.001043
1295.000000 0.001045
1296.000000 0.001047
1297.000000 0.001049
1298.000000 0.001051
1299.000000 0.001053
1300.000000 0.001055
1301.000000 0.001057
1302.000000 0.001059
1303.000000 0.001061
1304.000000 0.001063
1305.000000 0.001065
1306.000000 0.001066
1307.000000 0.001068
1308.000000 0.001070
1309.000000 0.001072
1310.000000 0.001074
1311.000000 0.001076
1312.000000 0.001078
1313.000000 0.001079
1314.000000 0.001081
1315.000000 0.001083
1316.000000 0.001085
1317.000000 0.001087
1318.000000 0.001089
1319.000000 0.001090
1320.000000 0.001092
1321.000000 0.001094
1322.000000 0.001096
1323.000000 0.001097
1324.000000 0.001099
1325.000000 0.001101
1326.000000 0.001103
1327.000000 0.001104
1328.000000 0.001106
1329.000000 0.001108
1330.000000 0.001109
1331.000000 0.001111
1332.000000 0.001113
1333.000000 0.001114
1334.000000 0.001116
1335.000000 0.001118
1336.000000 0.001119
1337.000000 0.001121
1338.000000 0.001123
1339.000000 0.001124
1340.000000 0.001126
1341.000000 0.001128
1342.000000 0.001129
1343.000000 0.001131
1344.000000 0.001132
1345.000000 0.001134
1346.000000 0.001136
1347.000000 0.001137
1348.000000 0.001139
1349.000000 0.001140
1350.000000 0.001142
1351.000000 0.001143
1352.000000 0.001145
1353.000000 0.001146
1354.000000 0.001148
1355.000000 0.001149
1356.000000 0.001151
1357.000000 0.001152
1358.000000 0.001154
1359.000000 0.001155
1360.000000 0.001157
1361.000000 0.001158
1362.000000 0.001159
1363.000000 0.001161
1364.000000 0.001162
1365.000000 0.001164
1366.000000 0.001165
1367.000000 0.001166
1368.000000 0.001168
1369.000000 0.001169
1370.000000 0.001171
1371.000000 0.001172
1372.000000 0.001173
1373.000000 0.001175
1374.000000 0.001176
1375.000000 0.001177
1376.000000 0.001178
1377.000000 0.001180
1378.000000 0.001181
1379.000000 0.001182
1380.000000 0.001184
1381.000000 0.001185
1382.000000 0.001186
1383.000000 0.001187
1384.000000 0.001189
1385.000000 0.001190
1386.000000 0.001191
1387.000000 0.001192
1388.000000 0.001193
1389.000000 0.001194
1390.000000 0.001196
1391.000000 0.001197
1392.000000 0.001198
1393.000000 0.001199
1394.000000 0.001200
1395.000000 0.001201
1396.000000 0.001202
1397.000000 0.001204
1398.000000 0.001205
1399.000000 0.001206
1400.000000 0.001207
1401.000000 0.001208
1402.000000 0.001209
1403.000000 0.001210
1404.000000 0.001211
1405.000000 0.001212
1406.000000 0.001213
1407.000000 0.001214
1408.000000 0.001215
1409.000000 0.001216
1410.000000 0.001217
1411.000000 0.001218
1412.000000 0.001219
1413.000000 0.001220
1414.000000 0.001221
1415.000000 0.001222
1416.000000 0.001223
1417.000000 0.001223
1418.000000 0.001224
1419.000000 0.001225
1420.000000 0.001226
1421.000000 0.001227
1422.000000 0.001228
1423.000000 0.001229
1424.000000 0.001229
1425.000000 0.001230
1426.000000 0.001231
1427.000000 0.001232
1428.000000 0.001233
1429.000000 0.001233
1430.000000 0.001234
1431.000000 0.001235
1432.000000 0.001236
1433.000000 0.001236
1434.000000 0.001237
1435.000000 0.001238
1436.000000 0.001238
1437.000000 0.001239
1438.000000 0.001240
1439.000000 0.001241
1440.000000 0.001241
1441.000000 0.001242
1442.000000 0.001242
1443.000000 0.001243
1444.000000 0.001244
1445.000000 0.001244
1446.000000 0.001245
1447.000000 0.001245
1448.000000 0.001246
1449.000000 0.001247
1450.000000 0.001247
1451.000000 0.001248
1452.000000 0.001248
1453.000000 0.001249
1454.000000 0.001249
1455.000000 0.001250
1456.000000 0.001250
1457.000000 0.001251
1458.000000 0.001251
1459.000000 0.001252
1460.000000 0.001252
1461.000000 0.001253
1462.000000 0.001253
1463.000000 0.001253
1464.000000 0.001254
1465.000000 0.001254
1466.000000 0.001255
1467.000000 0.001255
1468.000000 0.001255
1469.000000 0.001256
1470.000000 0.001256
1471.000000 0.001256
1472.000000 0.001257
1473.000000 0.001257
1474.000000 0.001257
1475.000000 0.001258
1476.000000 0.001258
1477.000000 0.001258
1478.000000 0.001258
1479.000000 0.001259
1480.000000 0.001259
1481.000000 0.001259
1482.000000 0.001259
1483.000000 0.001259
1484.000000 0.001260
1485.000000 0.001260
1486.000000 0.001260
1487.000000 0.001260
1488.000000 0.001260
1489.000000 0.001260
1490.000000 0.001260
1491.000000 0.001261
1492.000000 0.001261
1493.000000 0.001261
1494.000000 0.001261
1495.000000 0.001261
1496.000000 0.001261
1497.000000 0.001261
1498.000000 0.001261
1499.000000 0.001261
1500.000000 0.001261
1501.000000 0.001261
1502.000000 0.001261
1503.000000 0.001261
1504.000000 0.001261
1505.000000 0.001261
1506.000000 0.001261
1507.000000 0.001261
1508.000000 0.001261
1509.000000 0.001261
1510.000000 0.001261
1511.000000 0.001260
1512.000000 0.001260
1513.000000 0.001260
1514.000000 0.001260
1515.000000 0.001260
1516.000000 0.001260
1517.000000 0.001260
1518.000000 0.001259
1519.000000 0.001259
1520.000000 0.001259
1521.000000 0.001259
1522.000000 0.001259
1523.000000 0.001258
1524.000000 0.001258
1525.000000 0.001258
1526.000000 0.001258
1527.000000 0.001257
1528.000000 0.001257
1529.000000 0.001257
1530.000000 0.001256
1531.000000 0.001256
1532.000000 0.001256
1533.000000 0.001255
1534.000000 0.001255
1535.000000 0.001255
1536.000000 0.001254
1537.000000 0.001254
1538.000000 0.001253
1539.000000 0.001253
1540.000000 0.001253
1541.000000 0.001252
1542.000000 0.001252
1543.000000 0.001251
1544.000000 0.001251
1545.000000 0.001250
1546.000000 0.001250
1547.000000 0.001249
1548.000000 0.001249
1549.000000 0.001248
1550.000000 0.001248
1551.000000 0.001247
1552.000000 0.001247
1553.000000 0.001246
1554.000000 0.001245
1555.000000 0.001245
1556.000000 0.001244
1557.000000 0.001244
1558.000000 0.001243
1559.000000 0.001242
1560.000000 0.001242
1561.000000 0.001241
1562.000000 0.001241
1563.000000 0.001240
1564.000000 0.001239
1565.000000 0.001238
1566.000000 0.001238
1567.000000 0.001237
1568.000000 0.001236
1569.000000 0.001236
1570.000000 0.001235
1571.000000 0.001234
1572.000000 0.001233
1573.000000 0.001233
1574.000000 0.001232
1575.000000 0.001231
1576.000000 0.001230
1577.000000 0.001229
1578.000000 0.001229
1579.000000 0.001228
1580.000000 0.001227
1581.000000 0.001226
1582.000000 0.001225
1583.000000 0.001224
1584.000000 0.001223
1585.000000 0.001223
1586.000000 0.001222
1587.000000 0.001221
1588.000000 0.001220
1589.000000 0.001219
1590.000000 0.001218
1591.000000 0.001217
1592.000000 0.001216
1593.000000 0.001215
1594.000000 0.001214
1595.000000 0.001213
1596.000000 0.001212
1597.000000 0.001211
1598.000000 0.001210
1599.000000 0.001209
1600.000000 0.001208
1601.000000 0.001207
1602.000000 0.001206
1603.000000 0.001205
1604.000000 0.001204
1605.000000 0.001202
1606.000000 0.001201
1607.000000 0.001200
1608.000000 0.001199
1609.000000 0.001198
1610.000000 0.001197
1611.000000 0.001196
1612.000000 0.001194
1613.000000 0.001193
1614.000000 0.001192
1615.000000 0.001191
1616.000000 0.001190
1617.000000 0.001189
1618.000000 0.001187
1619.000000 0.001186
1620.000000 0.001185
1621.000000 0.001184
1622.000000 0.001182
1623.000000 0.001181
1624.000000 0.001180
1625.000000 0.001178
1626.000000 0.001177
1627.000000 0.001176
1628.000000 0.001175
1629.000000 0.001173
1630.000000 0.001172
1631.000000 0.001171
1632.000000 0.001169
1633.000000 0.001168
1634.000000 0.001166
1635.000000 0.001165
1636.000000 0.001164
1637.000000 0.001162
1638.000000 0.001161
1639.000000 0.001159
1640.000000 0.001158
1641.000000 0.001157
1642.000000 0.001155
1643.000000 0.001154
1644.000000 0.001152
1645.000000 0.001151
1646.000000 0.001149
1647.000000 0.001148
1648.000000 0.001146
1649.000000 0.001145
1650.000000 0.001143
1651.000000 0.001142
1652.000000 0.001140
1653.000000 0.001139
1654.000000 0.001137
1655.000000 0.001136
1656.000000 0.001134
1657.000000 0.001132
1658.000000 0.001131
1659.000000 0.001129
1660.000000 0.001128
1661.000000 0.001126
1662.000000 0.001124
1663.000000 0.001123
1664.000000 0.001121
1665.000000 0.001119
1666.000000 0.001118
1667.000000 0.001116
1668.000000 0.001114
1669.000000 0.001113
1670.000000 0.001111
1671.000000 0.001109
1672.000000 0.001108
1673.000000 0.001106
1674.000000 0.001104
1675.000000 0.001103
1676.000000 0.001101
1677.000000 0.001099
1678.000000 0.001097
1679.000000 0.001096
1680.000000 0.001094
1681.000000 0.001092
1682.000000 0.001090
1683.000000 0.001089
1684.000000 0.001087
1685.000000 0.001085
1686.000000 0.001083
1687.000000 0.001081
1688.000000 0.001079
1689.000000 0.001078
1690.000000 0.001076
1691.000000 0.001074
1692.000000 0.001072
1693.000000 0.001070
1694.000000 0.001068
1695.000000 0.001066
1696.000000 0.001065
1697.000000 0.001063
1698.000000 0.001061
1699.000000 0.001059
1700.000000 0.001057
1701.000000 0.001055
1702.000000 0.001053
1703.000000 0.001051
1704.000000 0.001049
1705.000000 0.001047
1706.000000 0.001045
1707.000000 0.001043
1708.000000 0.001041
1709.000000 0.001040
1710.000000 0.001038
1711.000000 0.001036
1712.000000 0.001034
1713.000000 0.001032
1714.000000 0.001030
1715.000000 0.001028
1716.000000 0.001026
1717.000000 0.001023
1718.000000 0.001021
1719.000000 0.001019
1720.000000 0.001017
1721.000000 0.001015
1722.000000 0.001013
1723.000000 0.001011
1724.000000 0.001009
1725.000000 0.001007
1726.000000 0.001005
1727.000000 0.001003
1728.000000 0.001001
1729.000000 0.000999
1730.000000 0.000997
1731.000000 0.000995
1732.000000 0.000992
1733.000000 0.000990
1734.000000 0.000988
1735.000000 0.000986
1736.000000 0.000984
1737.000000 0.000982
1738.000000 0.000980
1739.000000 0.000977
1740.000000 0.000975
1741.000000 0.000973
1742.000000 0.000971
1743.000000 0.000969
1744.000000 0.000967
1745.000000 0.000964
1746.000000 0.000962
1747.000000 0.000960
1748.000000 0.000958
1749.000000 0.000956
1750.000000 0.000953
1751.000000 0.000951
1752.000000 0.000949
1753.000000 0.000947
1754.000000 0.000945
1755.000000 0.000942
1756.000000 0.000940
1757.000000 0.000938
1758.000000 0.000936
1759.000000 0.000933
1760.000000 0.000931
1761.000000 0.000929
1762.000000 0.000927
1763.000000 0.000924
1764.000000 0.000922
1765.000000 0.000920
1766.000000 0.000917
1767.000000 0.000915
1768.000000 0.000913
1769.000000 0.000911
1770.000000 0.000908
1771.000000 0.000906
1772.000000 0.000904
1773.000000 0.000901
1774.000000 0.000899
1775.000000 0.000897
1776.000000 0.000894
1777.000000 0.000892
1778.000000 0.000890
1779.000000 0.000887
1780.000000 0.000885
1781.000000 0.000883
1782.000000 0.000880
1783.000000 0.000878
1784.000000 0.000876
1785.000000 0.000873
1786.000000 0.000871
1787.000000 0.000869
1788.000000 0.000866
1789.000000 0.000864
1790.000000 0.000861
1791.000000 0.000859
1792.000000 0.000857
1793.000000 0.000854
1794.000000 0.000852
1795.000000 0.000850
1796.000000 0.000847
1797.000000 0.000845
1798.000000 0.000842
1799.000000 0.000840
1800.000000 0.000838
1801.000000 0.000835
1802.000000 0.000833
1803.000000 0.000830
1804.000000 0.000828
1805.000000 0.000826
1806.000000 0.000823
1807.000000 0.000821
1808.000000 0.000818
1809.000000 0.000816
1810.000000 0.000813
1811.000000 0.000811
1812.000000 0.000809
1813.000000 0.000806
1814.000000 0.000804
1815.000000 0.000801
1816.000000 0.000799
1817.000000 0.000796
1818.000000 0.000794
1819.000000 0.000792
1820.000000 0.000789
1821.000000 0.000787
1822.000000 0.000784
1823.000000 0.000782
1824.000000 0.000779
1825.000000 0.000777
1826.000000 0.000774
1827.000000 0.000772
1828.000000 0.000769
1829.000000 0.000767
1830.000000 0.000765
1831.000000 0.000762
1832.000000 0.000760
1833.000000 0.000757
1834.000000 0.000755
1835.000000 0.000752
1836.000000 0.000750
1837.000000 0.000747
1838.000000 0.000745
1839.000000 0.000742
1840.000000 0.000740
1841.000000 0.000737
1842.000000 0.000735
1843.000000 0.000733
1844.000000 0.000730
1845.000000 0.000728
1846.000000 0.000725
1847.000000 0.000723
1848.000000 0.000720
1849.000000 0.000718
1850.000000 0.000715
1851.000000 0.000713
1852.000000 0.000710
1853.000000 0.000708
1854.000000 0.000705
1855.000000 0.000703
1856.000000 0.000700
1857.000000 0.000698
1858.000000 0.000695
1859.000000 0.000693
1860.000000 0.000691
1861.000000 0.000688
1862.000000 0.000686
1863.000000 0.000683
1864.000000 0.000681
1865.000000 0.000678
1866.000000 0.000676
1867.000000 0.000673
1868.000000 0.000671
1869.000000 0.000668
1870.000000 0.000666
1871.000000 0.000663
1872.000000 0.000661
1873.000000 0.000658
1874.000000 0.000656
1875.000000 0.000654
1876.000000 0.000651
1877.000000 0.000649
1878.000000 0.000646
1879.000000 0.000644
1880.000000 0.000641
1881.000000 0.000639
1882.000000 0.000636
1883.000000 0.000634
1884.000000 0.000631
1885.000000 0.000629
1886.000000 0.000627
1887.000000 0.000624
1888.000000 0.000622
1889.000000 0.000619
1890.000000 0.000617
1891.000000 0.000614
1892.000000 0.000612
1893.000000 0.000609
1894.000000 0.000607
1895.000000 0.000605
1896.000000 0.000602
1897.000000 0.000600
1898.000000 0.000597
1899.000000 0.000595
1900.000000 0.000592
1901.000000 0.000590
1902.000000 0.000588
1903.000000 0.000585
1904.000000 0.000583
1905.000000 0.000580
1906.000000 0.000578
1907.000000 0.000576
1908.000000 0.000573
1909.000000 0.000571
1910.000000 0.000568
1911.000000 0.000566
1912.000000 0.000564
1913.000000 0.000561
1914.000000 0.000559
1915.000000 0.000556
1916.000000 0.000554
1917.000000 0.000552
1918.000000 0.000549
1919.000000 0.000547
1920.000000 0.000544
1921.000000 0.000542
1922.000000 0.000540
1923.000000 0.000537
1924.000000 0.000535
1925.000000 0.000533
1926.000000 0.000530
1927.000000 0.000528
1928.000000 0.000526
1929.000000 0.000523
1930.000000 0.000521
1931.000000 0.000519
1932.000000 0.000516
1933.000000 0.000514
1934.000000 0.000512
1935.000000 0.000509
1936.000000 0.000507
1937.000000 0.000505
1938.000000 0.000502
1939.000000 0.000500
1940.000000 0.000498
1941.000000 0.000495
1942.000000 0.000493
1943.000000 0.000491
1944.000000 0.000488
1945.000000 0.000486
1946.000000 0.000484
1947.000000 0.000482
1948.000000 0.000479
1949.000000 0.000477
1950.000000 0.000475
1951.000000 0.000472
1952.000000 0.000470
1953.000000 0.000468
1954.000000 0.000466
1955.000000 0.000463
1956.000000 0.000461
1957.000000 0.000459
1958.000000 0.000457
1959.000000 0.000454
1960.000000 0.000452
1961.000000 0.000450
1962.000000 0.000448
1963.000000 0.000446
1964.000000 0.000443
1965.000000 0.000441
1966.000000 0.000439
1967.000000 0.000437
1968.000000 0.000435
1969.000000 0.000432
1970.000000 0.000430
1971.000000 0.000428
1972.000000 0.000426
1973.000000 0.000424
1974.000000 0.000422
1975.000000 0.000419
1976.000000 0.000417
1977.000000 0.000415
1978.000000 0.000413
1979.000000 0.000411
1980.000000 0.000409
1981.000000 0.000406
1982.000000 0.000404
1983.000000 0.000402
1984.000000 0.000400
1985.000000 0.000398
1986.000000 0.000396
1987.000000 0.000394
1988.000000 0.000392
1989.000000 0.000390
1990.000000 0.000388
1991.000000 0.000385
1992.000000 0.000383
1993.000000 0.000381
1994.000000 0.000379
1995.000000 0.000377
1996.000000 0.000375
1997.000000 0.000373
1998.000000 0.000371
1999.000000 0.000369
2000.000000 0.000367
2001.000000 0.000365
2002.000000 0.000363
2003.000000 0.000361
2004.000000 0.000359
2005.000000 0.000357
2006.000000 0.000355
2007.000000 0.000353
2008.000000 0.000351
2009.000000 0.000349
2010.000000 0.000347
2011.000000 0.000345
2012.000000 0.000343
2013.000000 0.000341
2014.000000 0.000339
2015.000000 0.000337
2016.000000 0.000335
2017.000000 0.000333
2018.000000 0.000331
2019.000000 0.000329
2020.000000 0.000327
2021.000000 0.000326
2022.000000 0.000324
2023.000000 0.000322
2024.000000 0.000320
2025.000000 0.000318
2026.000000 0.000316
2027.000000 0.000314
2028.000000 0.000312
2029.000000 0.000310
2030.000000 0.000309
2031.000000 0.000307
2032.000000 0.000305
2033.000000 0.000303
2034.000000 0.000301
2035.000000 0.000299
2036.000000 0.000298
2037.000000 0.000296
2038.000000 0.000294
2039.000000 0.000292
2040.000000 0.000290
2041.000000 0.000288
2042.000000 0.000287
2043.000000 0.000285
2044.000000 0.000283
2045.000000 0.000281
2046.000000 0.000280
2047.000000 0.000278
2048.000000 0.000276
2049.000000 0.000274
2050.000000 0.000273
2051.000000 0.000271
2052.000000 0.000269
2053.000000 0.000267
2054.000000 0.000266
2055.000000 0.000264
2056.000000 0.000262
2057.000000 0.000261
2058.000000 0.000259
2059.000000 0.000257
2060.000000 0.000256
2061.000000 0.000254
2062.000000 0.000252
2063.000000 0.000251
2064.000000 0.000249
2065.000000 0.000247
2066.000000 0.000246
2067.000000 0.000244
2068.000000 0.000242
2069.000000 0.000241
2070.000000 0.000239
2071.000000 0.000238
2072.000000 0.000236
2073.000000 0.000234
2074.000000 0.000233
2075.000000 0.000231
2076.000000 0.000230
2077.000000 0.000228
2078.000000 0.000227
2079.000000 0.000225
2080.000000 0.000223
2081.000000 0.000222
2082.000000 0.000220
2083.000000 0.000219
2084.000000 0.000217
2085.000000 0.000216
2086.000000 0.000214
2087.000000 0.000213
2088.000000 0.000211
2089.000000 0.000210
2090.000000 0.000208
2091.000000 0.000207
2092.000000 0.000205
2093.000000 0.000204
2094.000000 0.000202
2095.000000 0.000201
2096.000000 0.000200
2097.000000 0.000198
2098.000000 0.000197
2099.000000 0.000195
2100.000000 0.000194
2101.000000 0.000192
2102.000000 0.000191
2103.000000 0.000190
2104.000000 0.000188
2105.000000 0.000187
2106.000000 0.000185
2107.000000 0.000184
2108.000000 0.000183
2109.000000 0.000181
2110.000000 0.000180
2111.000000 0.000179
2112.000000 0.000177
2113.000000 0.000176
2114.000000 0.000175
2115.000000 0.000173
2116.000000 0.000172
2117.000000 0.000171
2118.000000 0.000169
2119.000000 0.000168
2120.000000 0.000167
2121.000000 0.000166
2122.000000 0.000164
2123.000000 0.000163
2124.000000 0.000162
2125.000000 0.000161
2126.000000 0.000159
2127.000000 0.000158
2128.000000 0.000157
2129.000000 0.000156
2130.000000 0.000154
2131.000000 0.000153
2132.000000 0.000152
2133.000000 0.000151
2134.000000 0.000150
2135.000000 0.000148
2136.000000 0.000147
2137.000000 0.000146
2138.000000 0.000145
2139.000000 0.000144
2140.000000 0.000142
2141.000000 0.000141
2142.000000 0.000140
2143.000000 0.000139
2144.000000 0.000138
2145.000000 0.000137
2146.000000 0.000136
2147.000000 0.000135
2148.000000 0.000133
2149.000000 0.000132
2150.000000 0.000131
2151.000000 0.000130
2152.000000 0.000129
2153.000000 0.000128
2154.000000 0.000127
2155.000000 0.000126
2156.000000 0.000125
2157.000000 0.000124
2158.000000 0.000123
2159.000000 0.000122
2160.000000 0.000121
2161.000000 0.000120
2162.000000 0.000119
2163.000000 0.000118
2164.000000 0.000117
2165.000000 0.000116
2166.000000 0.000115
2167.000000 0.000114
2168.000000 0.000113
2169.000000 0.000112
2170.000000 0.000111
2171.000000 0.000110
2172.000000 0.000109
2173.000000 0.000108
2174.000000 0.000107
2175.000000 0.000106
2176.000000 0.000105
2177.000000 0.000104
2178.000000 0.000103
2179.000000 0.000102
2180.000000 0.000101
2181.000000 0.000100
2182.000000 0.000099
2183.000000 0.000098
2184.000000 0.000098
2185.000000 0.000097
2186.000000 0.000096
2187.000000 0.000095
2188.000000 0.000094
2189.000000 0.000093
2190.000000 0.000092
2191.000000 0.000091
2192.000000 0.000091
2193.000000 0.000090
2194.000000 0.000089
2195.000000 0.000088
2196.000000 0.000087
2197.000000 0.000086
2198.000000 0.000086
2199.000000 0.000085
2200.000000 0.000084
2201.000000 0.000083
2202.000000 0.000082
2203.000000 0.000082
2204.000000 0.000081
2205.000000 0.000080
2206.000000 0.000079
2207.000000 0.000079
2208.000000 0.000078
2209.000000 0.000077
2210.000000 0.000076
2211.000000 0.000076
2212.000000 0.000075
2213.000000 0.000074
2214.000000 0.000073
2215.000000 0.000073
2216.000000 0.000072
2217.000000 0.000071
2218.000000 0.000071
2219.000000 0.000070
2220.000000 0.000069
2221.000000 0.000068
2222.000000 0.000068
2223.000000 0.000067
2224.000000 0.000066
2225.000000 0.000066
2226.000000 0.000065
2227.000000 0.000064
2228.000000 0.000064
2229.000000 0.000063
2230.000000 0.000062
2231.000000 0.000062
2232.000000 0.000061
2233.000000 0.000061
2234.000000 0.000060
2235.000000 0.000059
2236.000000 0.000059
2237.000000 0.000058
2238.000000 0.000057
2239.000000 0.000057
2240.000000 0.000056
2241.000000 0.000056
2242.000000 0.000055
2243.000000 0.000054
2244.000000 0.000054
2245.000000 0.000053
2246.000000 0.000053
2247.000000 0.000052
2248.000000 0.000052
2249.000000 0.000051
2250.000000 0.000051
2251.000000 0.000050
2252.000000 0.000049
2253.000000 0.000049
2254.000000 0.000048
2255.000000 0.000048
2256.000000 0.000047
2257.000000 0.000047
2258.000000 0.000046
2259.000000 0.000046
2260.000000 0.000045
2261.000000 0.000045
2262.000000 0.000044
2263.000000 0.000044
2264.000000 0.000043
2265.000000 0.000043
2266.000000 0.000042
2267.000000 0.000042
2268.000000 0.000041
2269.000000 0.000041
2270.000000 0.000040
2271.000000 0.000040
2272.000000 0.000039
2273.000000 0.000039
2274.000000 0.000039
2275.000000 0.000038
2276.000000 0.000038
2277.000000 0.000037
2278.000000 0.000037
2279.000000 0.000036
2280.000000 0.000036
2281.000000 0.000036
2282.000000 0.000035
2283.000000 0.000035
2284.000000 0.000034
2285.000000 0.000034
2286.000000 0.000034
2287.000000 0.000033
2288.000000 0.000033
2289.000000 0.000032
2290.000000 0.000032
2291.000000 0.000032
2292.000000 0.000031
2293.000000 0.000031
2294.000000 0.000030
2295.000000 0.000030
2296.000000 0.000030
2297.000000 0.000029
2298.000000 0.000029
2299.000000 0.000029
2300.000000 0.000028
2301.000000 0.000028
2302.000000 0.000028
2303.000000 0.000027
2304.000000 0.000027
2305.000000 0.000027
2306.000000 0.000026
2307.000000 0.000026
2308.000000 0.000026
2309.000000 0.000025
2310.000000 0.000025
2311.000000 0.000025
2312.000000 0.000024
2313.000000 0.000024
2314.000000 0.000024
2315.000000 0.000023
2316.000000 0.000023
2317.000000 0.000023
2318.000000 0.000022
2319.000000 0.000022
2320.000000 0.000022
2321.000000 0.000022
2322.000000 0.000021
2323.000000 0.000021
2324.000000 0.000021
2325.000000 0.000020
2326.000000 0.000020
2327.000000 0.000020
2328.000000 0.000020
2329.000000 0.000019
2330.000000 0.000019
2331.000000 0.000019
2332.000000 0.000019
2333.000000 0.000018
2334.000000 0.000018
2335.000000 0.000018
2336.000000 0.000018
2337.000000 0.000017
2338.000000 0.000017
2339.000000 0.000017
2340.000000 0.000017
2341.000000 0.000016
2342.000000 0.000016
2343.000000 0.000016
2344.000000 0.000016
2345.000000 0.000016
2346.000000 0.000015
2347.000000 0.000015
2348.000000 0.000015
2349.000000 0.000015
2350.000000 0.000015
2351.000000 0.000014
2352.000000 0.000014
2353.000000 0.000014
2354.000000 0.000014
2355.000000 0.000014
2356.000000 0.000013
2357.000000 0.000013
2358.000000 0.000013
2359.000000 0.000013
2360.000000 0.000013
2361.000000 0.000012
2362.000000 0.000012
2363.000000 0.000012
2364.000000 0.000012
2365.000000 0.000012
2366.000000 0.000011
2367.000000 0.000011
2368.000000 0.000011
2369.000000 0.000011
2370.000000 0.000011
2371.000000 0.000011
2372.000000 0.000010
2373.000000 0.000010
2374.000000 0.000010
2375.000000 0.000010
2376.000000 0.000010
2377.000000 0.000010
2378.000000 0.000010
2379.000000 0.000009
2380.000000 0.000009
2381.000000 0.000009
2382.000000 0.000009
2383.000000 0.000009
2384.000000 0.000009
2385.000000 0.000009
2386.000000 0.000008
2387.000000 0.000008
2388.000000 0.000008
2389.000000 0.000008
2390.000000 0.000008
2391.000000 0.000008
2392.000000 0.000008
2393.000000 0.000008
2394.000000 0.000007
2395.000000 0.000007
2396.000000 0.000007
2397.000000 0.000007
2398.000000 0.000007
2399.000000 0.000007
2400.000000 0.000007
2401.000000 0.000007
2402.000000 0.000007
2403.000000 0.000006
2404.000000 0.000006
2405.000000 0.000006
2406.000000 0.000006
2407.000000 0.000006
2408.000000 0.000006
2409.000000 0.000006
2410.000000 0.000006
2411.000000 0.000006
2412.000000 0.000006
2413.000000 0.000005
2414.000000 0.000005
2415.000000 0.000005
2416.000000 0.000005
2417.000000 0.000005
2418.000000 0.000005
2419.000000 0.000005
2420.000000 0.000005
2421.000000 0.000005
2422.000000 0.000005
2423.000000 0.000005
2424.000000 0.000004
2425.000000 0.000004
2426.000000 0.000004
2427.000000 0.000004
2428.000000 0.000004
2429.000000 0.000004
2430.000000 0.000004
2431.000000 0.000004
2432.000000 0.000004
2433.000000 0.000004
2434.000000 0.000004
2435.000000 0.000004
2436.000000 0.000004
2437.000000 0.000004
2438.000000 0.000003
2439.000000 0.000003
2440.000000 0.000003
2441.000000 0.000003
2442.000000 0.000003
2443.000000 0.000003
2444.000000 0.000003
2445.000000 0.000003
2446.000000 0.000003
2447.000000 0.000003
2448.000000 0.000003
2449.000000 0.000003
2450.000000 0.000003
2451.000000 0.000003
2452.000000 0.000003
2453.000000 0.000003
2454.000000 0.000003
2455.000000 0.000003
2456.000000 0.000002
2457.000000 0.000002
2458.000000 0.000002
2459.000000 0.000002
2460.000000 0.000002
2461.000000 0.000002
2462.000000 0.000002
2463.000000 0.000002
2464.000000 0.000002
2465.000000 0.000002
2466.000000 0.000002
2467.000000 0.000002
2468.000000 0.000002
2469.000000 0.000002
2470.000000 0.000002
2471.000000 0.000002
2472.000000 0.000002
2473.000000 0.000002
2474.000000 0.000002
2475.000000 0.000002
2476.000000 0.000002
2477.000000 0.000002
2478.000000 0.000002
2479.000000 0.000002
2480.000000 0.000002
2481.000000 0.000001
2482.000000 0.000001
2483.000000 0.000001
2484.000000 0.000001
2485.000000 0.000001
2486.000000 0.000001
2487.000000 0.000001
2488.000000 0.000001
2489.000000 0.000001
2490.000000 0.000001
2491.000000 0.000001
2492.000000 0.000001
2493.000000 0.000001
2494.000000 0.000001
2495.000000 0.000001
2496.000000 0.000001
2497.000000 0.000001
2498.000000 0.000001
2499.000000 0.000001
2500.000000 0.000001
2501.000000 0.000001
2502.000000 0.000001
2503.000000 0.000001
2504.000000 0.000001
2505.000000 0.000001
2506.000000 0.000001
2507.000000 0.000001
2508.000000 0.000001
2509.000000 0.000001
2510.000000 0.000001
2511.000000 0.000001
2512.000000 0.000001
2513.000000 0.000001
2514.000000 0.000001
2515.000000 0.000001
2516.000000 0.000001
2517.000000 0.000001
2518.000000 0.000001
2519.000000 0.000001
2520.000000 0.000001
2521.000000 0.000001
2522.000000 0.000001
2523.000000 0.000001
2524.000000 0.000001
2525.000000 0.000001
2526.000000 0.000001
2527.000000 0.000001
2528.000000 0.000001
2529.000000 0.000001
2530.000000 0.000000
2531.000000 0.000000
2532.000000 0.000000
2533.000000 0.000000
2534.000000 0.000000
2535.000000 0.000000
2536.000000 0.000000
2537.000000 0.000000
2538.000000 0.000000
2539.000000 0.000000
2540.000000 0.000000
2541.000000 0.000000
2542.000000 0.000000
2543.000000 0.000000
2544.000000 0.000000
2545.000000 0.000000
2546.000000 0.000000
2547.000000 0.000000
2548.000000 0.000000
2549.000000 0.000000
2550.000000 0.000000
2551.000000 0.000000
2552.000000 0.000000
2553.000000 0.000000
2554.000000 0.000000
2555.000000 0.000000
2556.000000 0.000000
2557.000000 0.000000
2558.000000 0.000000
2559.000000 0.000000
2560.000000 0.000000
2561.000000 0.000000
2562.000000 0.000000
2563.000000 0.000000
2564.000000 0.000000
2565.000000 0.000000
2566.000000 0.000000
2567.000000 0.000000
2568.000000 0.000000
2569.000000 0.000000
2570.000000 0.000000
2571.000000 0.000000
2572.000000 0.000000
2573.000000 0.000000
2574.000000 0.000000
2575.000000 0.000000
2576.000000 0.000000
2577.000000 0.000000
2578.000000 0.000000
2579.000000 0.000000
2580.000000 0.000000
2581.000000 0.000000
2582.000000 0.000000
2583.000000 0.000000
2584.000000 0.000000
2585.000000 0.000000
2586.000000 0.000000
2587.000000 0.000000
2588.000000 0.000000
2589.000000 0.000000
2590.000000 0.000000
2591.000000 0.000000
2592.000000 0.000000
2593.000000 0.000000
2594.000000 0.000000
2595.000000 0.000000
2596.000000 0.000000
2597.000000 0.000000
2598.000000 0.000000
2599.000000 0.000000
2600.000000 0.000000
2601.000000 0.000000
2602.000000 0.000000
2603.000000 0.000000
2604.000000 0.000000
2605.000000 0.000000
2606.000000 0.000000
2607.000000 0.000000
2608.000000 0.000000
2609.000000 0.000000
2610.000000 0.000000
2611.000000 0.000000
2612.000000 0.000000
2613.000000 0.000000
2614.000000 0.000000
2615.000000 0.000000
2616.000000 0.000000
2617.000000 0.000000
2618.000000 0.000000
2619.000000 0.000000
2620.000000 0.000000
2621.000000 0.000000
2622.000000 0.000000
2623.000000 0.000000
2624.000000 0.000000
2625.000000 0.000000
2626.000000 0.000000
2627.000000 0.000000
2628.000000 0.000000
2629.000000 0.000000
2630.000000 0.000000
2631.000000 0.000000
2632.000000 0.000000
2633.000000 0.000000
2634.000000 0.000000
2635.000000 0.000000
2636.000000 0.000000
2637.000000 0.000000
2638.000000 0.000000
2639.000000 0.000000
2640.000000 0.000000
2641.000000 0.000000
2642.000000 0.000000
2643.000000 0.000000
2644.000000 0.000000
2645.000000 0.000000
2646.000000 0.000000
2647.000000 0.000000
2648.000000 0.000000
2649.000000 0.000000
2650.000000 0.000000
2651.000000 0.000000
2652.000000 0.000000
2653.000000 0.000000
2654.000000 0.000000
2655.000000 0.000000
2656.000000 0.000000
2657.000000 0.000000
2658.000000 0.000000
2659.000000 0.000000
2660.000000 0.000000
2661.000000 0.000000
2662.000000 0.000000
2663.000000 0.000000
2664.000000 0.000000
2665.000000 0.000000
2666.000000 0.000000
2667.000000 0.000000
2668.000000 0.000000
2669.000000 0.000000
2670.000000 0.000000
2671.000000 0.000000
2672.000000 0.000000
2673.000000 0.000000
2674.000000 0.000000
2675.000000 0.000000
2676.000000 0.000000
2677.000000 0.000000
2678.000000 0.000000
2679.000000 0.000000
2680.000000 0.000000
2681.000000 0.000000
2682.000000 0.000000
2683.000000 0.000000
2684.000000 0.000000
2685.000000 0.000000
2686.000000 0.000000
2687.000000 0.000000
2688.000000 0.000000
2689.000000 0.000000
2690.000000 0.000000
2691.000000 0.000000
2692.000000 0.000000
2693.000000 0.000000
2694.000000 0.000000
2695.000000 0.000000
2696.000000 0.000000
2697.000000 0.000000
2698.000000 0.000000
2699.000000 0.000000
2700.000000 0.000000
2701.000000 0.000000
2702.000000 0.000000
2703.000000 0.000000
2704.000000 0.000000
2705.000000 0.000000
2706.000000 0.000000
2707.000000 0.000000
2708.000000 0.000000
2709.000000 0.000000
2710.000000 0.000000
2711.000000 0.000000
2712.000000 0.000000
2713.000000 0.000000
2714.000000 0.000000
2715.000000 0.000000
2716.000000 0.000000
2717.000000 0.000000
2718.000000 0.000000
2719.000000 0.000000
2720.000000 0.000000
2721.000000 0.000000
2722.000000 0.000000
2723.000000 0.000000
2724.000000 0.000000
2725.000000 0.000000
2726.000000 0.000000
2727.000000 0.000000
2728.000000 0.000000
2729.000000 0.000000
2730.000000 0.000000
2731.000000 0.000000
2732.000000 0.000000
2733.000000 0.000000
2734.000000 0.000000
2735.000000 0.000000
2736.000000 0.000000
2737.000000 0.000000
2738.000000 0.000000
2739.000000 0.000000
2740.000000 0.000000
2741.000000 0.000000
2742.000000 0.000000
2743.000000 0.000000
2744.000000 0.000000
2745.000000 0.000000
2746.000000 0.000000
2747.000000 0.000000
2748.000000 0.000000
2749.000000 0.000000
2750.000000 0.000000
2751.000000 0.000000
2752.000000 0.000000
2753.000000 0.000000
2754.000000 0.000000
2755.000000 0.000000
2756.000000 0.000000
2757.000000 0.000000
2758.000000 0.000000
2759.000000 0.000000
2760.000000 0.000000
2761.000000 0.000000
2762.000000 0.000000
2763.000000 0.000000
2764.000000 0.000000
2765.000000 0.000000
2766.000000 0.000000
2767.000000 0.000000
2768.000000 0.000000
2769.000000 0.000000
2770.000000 0.000000
2771.000000 0.000000
2772.000000 0.000000
2773.000000 0.000000
2774.000000 0.000000
2775.000000 0.000000
2776.000000 0.000000
2777.000000 0.000000
2778.000000 0.000000
2779.000000 0.000000
2780.000000 0.000000
2781.000000 0.000000
2782.000000 0.000000
2783.000000 0.000000
2784.000000 0.000000
2785.000000 0.000000
2786.000000 0.000000
2787.000000 0.000000
2788.000000 0.000000
2789.000000 0.000000
2790.000000 0.000000
2791.000000 0.000000
2792.000000 0.000000
2793.000000 0.000000
2794.000000 0.000000
2795.000000 0.000000
2796.000000 0.000000
2797.000000 0.000000
2798.000000 0.000000
2799.000000 0.000000
2800.000000 0.000000
2801.000000 0.000000
2802.000000 0.000000
2803.000000 0.000000
2804.000000 0.000000
2805.000000 0.000000
2806.000000 0.000000
2807.000000 0.000000
2808.000000 0.000000
2809.000000 0.000000
2810.000000 0.000000
2811.000000 0.000000
2812.000000 0.000000
2813.000000 0.000000
2814.000000 0.000000
2815.000000 0.000000
2816.000000 0.000000
2817.000000 0.000000
2818.000000 0.000000
2819.000000 0.000000
2820.000000 0.000000
2821.000000 0.000000
2822.000000 0.000000
2823.000000 0.000000
2824.000000 0.000000
2825.000000 0.000000
2826.000000 0.000000
2827.000000 0.000000
2828.000000 0.000000
2829.000000 0.000000
2830.000000 0.000000
2831.000000 0.000000
2832.000000 0.000000
2833.000000 0.000000
2834.000000 0.000000
2835.000000 0.000000
2836.000000 0.000000
2837.000000 0.000000
2838.000000 0.000000
2839.000000 0.000000
2840.000000 0.000000
2841.000000 0.000000
2842.000000 0.000000
2843.000000 0.000000
2844.000000 0.000000
2845.000000 0.000000
2846.000000 0.000000
2847.000000 0.000000
2848.000000 0.000000
2849.000000 0.000000
2850.000000 0.000000
2851.000000 0.000000
2852.000000 0.000000
2853.000000 0.000000
2854.000000 0.000000
2855.000000 0.000000
2856.000000 0.000000
2857.000000 0.000000
2858.000000 0.000000
2859.000000 0.000000
2860.000000 0.000000
2861.000000 0.000000
2862.000000 0.000000
2863.000000 0.000000
2864.000000 0.000000
2865.000000 0.000000
2866.000000 0.000000
2867.000000 0.000000
2868.000000 0.000000
2869.000000 0.000000
2870.000000 0.000000
2871.000000 0.000000
2872.000000 0.000000
2873.000000 0.000000
2874.000000 0.000000
2875.000000 0.000000
2876.000000 0.000000
2877.000000 0.000000
2878.000000 0.000000
2879.000000 0.000000
2880.000000 0.000000
2881.000000 0.000000
2882.000000 0.000000
2883.000000 0.000000
2884.000000 0.000000
2885.000000 0.000000
2886.000000 0.000000
2887.000000 0.000000
2888.000000 0.000000
2889.000000 0.000000
2890.000000 0.000000
2891.000000 0.000000
2892.000000 0.000000
2893.000000 0.000000
2894.000000 0.000000
2895.000000 0.000000
2896.000000 0.000000
2897.000000 0.000000
2898.000000 0.000000
2899.000000 0.000000
2900.000000 0.000000
2901.000000 0.000000
2902.000000 0.000000
2903.000000 0.000000
2904.000000 0.000000
2905.000000 0.000000
2906.000000 0.000000
2907.000000 0.000000
2908.000000 0.000000
2909.000000 0.000000
2910.000000 0.000000
2911.000000 0.000000
2912.000000 0.000000
2913.000000 0.000000
2914.000000 0.000000
2915.000000 0.000000
2916.000000 0.000000
2917.000000 0.000000
2918.000000 0.000000
2919.000000 0.000000
2920.000000 0.000000
2921.000000 0.000000
2922.000000 0.000000
2923.000000 0.000000
2924.000000 0.000000
2925.000000 0.000000
2926.000000 0.000000
2927.000000 0.000000
2928.000000 0.000000
2929.000000 0.000000
2930.000000 0.000000
2931.000000 0.000000
2932.000000 0.000000
2933.000000 0.000000
2934.000000 0.000000
2935.000000 0.000000
2936.000000 0.000000
2937.000000 0.000000
2938.000000 0.000000
2939.000000 0.000000
2940.000000 0.000000
2941.000000 0.000000
2942.000000 0.000000
2943.000000 0.000000
2944.000000 0.000000
2945.000000 0.000000
2946.000000 0.000000
2947.000000 0.000000
2948.000000 0.000000
2949.000000 0.000000
2950.000000 0.000000
2951.000000 0.000000
2952.000000 0.000000
2953.000000 0.000000
2954.000000 0.000000
2955.000000 0.000000
2956.000000 0.000000
2957.000000 0.000000
2958.000000 0.000000
2959.000000 0.000000
2960.000000 0.000000
2961.000000 0.000000
2962.000000 0.000000
2963.000000 0.000000
2964.000000 0.000000
2965.000000 0.000000
2966.000000 0.000000
2967.000000 0.000000
2968.000000 0.000000
2969.000000 0.000000
2970.000000 0.000000
2971.000000 0.000000
2972.000000 0.000000
2973.000000 0.000000
2974.000000 0.000000
2975.000000 0.000000
2976.000000 0.000000
2977.000000 0.000000
2978.000000 0.000000
2979.000000 0.000000
2980.000000 0.000000
2981.000000 0.000000
2982.000000 0.000000
2983.000000 0.000000
2984.000000 0.000000
2985.000000 0.000000
2986.000000 0.000000
2987.000000 0.000000
2988.000000 0.000000
2989.000000 0.000000
2990.000000 0.000000
2991.000000 0.000000
2992.000000 0.000000
2993.000000 0.000000
2994.000000 0.000000
2995.000000 0.000000
2996.000000 0.000000
2997.000000 0.000000
2998.000000 0.000000
2999.000000 0.000000
3000.000000 0.000000
