n lam mean variance std
3000 0.290000 1500.492961 189517.571861 435.336160
bin_midpoint probability
1.000000 0.000000
2.000000 0.000000
3.000000 0.000000
4.000000 0.000000
5.000000 0.000000
6.000000 0.000000
7.000000 0.000000
8.000000 0.000000
9.000000 0.000000
10.000000 0.000000
11.000000 0.000000
12.000000 0.000000
13.000000 0.000000
14.000000 0.000000
15.000000 0.000000
16.000000 0.000000
17.000000 0.000000
18.000000 0.000000
19.000000 0.000000
20.000000 0.000000
21.000000 0.000000
22.000000 0.000000
23.000000 0.000000
24.000000 0.000000
25.000000 0.000000
26.000000 0.000000
27.000000 0.000000
28.000000 0.000000
29.000000 0.000000
30.000000 0.000000
31.000000 0.000000
32.000000 0.000000
33.000000 0.000000
34.000000 0.000000
35.000000 0.000000
36.000000 0.000000
37.000000 0.000000
38.000000 0.000000
39.000000 0.000000
40.000000 0.000000
41.000000 0.000000
42.000000 0.000000
43.000000 0.000000
44.000000 0.000000
45.000000 0.000000
46.000000 0.000000
47.000000 0.000000
48.000000 0.000000
49.000000 0.000000
50.000000 0.000000
51.000000 0.000000
52.000000 0.000000
53.000000 0.000000
54.000000 0.000000
55.000000 0.000000
56.000000 0.000000
57.000000 0.000000
58.000000 0.000000
59.000000 0.000000
60.000000 0.000000
61.000000 0.000000
62.000000 0.000000
63.000000 0.000000
64.000000 0.000000
65.000000 0.000000
66.000000 0.000000
67.000000 0.000000
68.000000 0.000000
69.000000 0.000000
70.000000 0.000000
71.000000 0.000000
72.000000 0.000000
73.000000 0.000000
74.000000 0.000000
75.000000 0.000000
76.000000 0.000000
77.000000 0.000000
78.000000 0.000000
79.000000 0.000000
80.000000 0.000000
81.000000 0.000000
82.000000 0.000000
83.000000 0.000000
84.000000 0.000000
85.000000 0.000000
86.000000 0.000000
87.000000 0.000000
88.000000 0.000000
89.000000 0.000000
90.000000 0.000000
91.000000 0.000000
92.000000 0.000000
93.000000 0.000000
94.000000 0.000000
95.000000 0.000000
96.000000 0.000000
97.000000 0.000000
98.000000 0.000000
99.000000 0.000000
100.000000 0.000000
101.000000 0.000000
102.000000 0.000000
103.000000 0.000000
104.000000 0.000000
105.000000 0.000000
106.000000 0.000000
107.000000 0.000000
108.000000 0.000000
109.000000 0.000000
110.000000 0.000000
111.000000 0.000000
112.000000 0.000000
113.000000 0.000000
114.000000 0.000000
115.000000 0.000000
116.000000 0.000000
117.000000 0.000000
118.000000 0.000000
119.000000 0.000000
120.000000 0.000000
121.000000 0.000000
122.000000 0.000000
123.000000 0.000000
124.000000 0.000000
125.000000 0.000000
126.000000 0.000000
127.000000 0.000000
128.000000 0.000000
129.000000 0.000000
130.000000 0.000000
131.000000 0.000000
132.000000 0.000000
133.000000 0.000000
134.000000 0.000000
135.000000 0.000000
136.000000 0.000000
137.000000 0.000000
138.000000 0.000000
139.000000 0.000000
140.000000 0.000000
141.000000 0.000000
142.000000 0.000000
143.000000 0.000000
144.000000 0.000000
145.000000 0.000000
146.000000 0.000000
147.000000 0.000000
148.000000 0.000000
149.000000 0.000000
150.000000 0.000000
151.000000 0.000000
152.000000 0.000000
153.000000 0.000000
154.000000 0.000000
155.000000 0.000000
156.000000 0.000000
157.000000 0.000000
158.000000 0.000000
159.000000 0.000000
160.000000 0.000000
161.000000 0.000000
162.000000 0.000000
163.000000 0.000000
164.000000 0.000000
165.000000 0.000000
166.000000 0.000000
167.000000 0.000000
168.000000 0.000000
169.000000 0.000000
170.000000 0.000000
171.000000 0.000000
172.000000 0.000000
173.000000 0.000000
174.000000 0.000000
175.000000 0.000000
176.000000 0.000000
177.000000 0.000000
178.000000 0.000000
179.000000 0.000000
180.000000 0.000000
181.000000 0.000000
182.000000 0.000000
183.000000 0.000000
184.000000 0.000000
185.000000 0.000000
186.000000 0.000000
187.000000 0.000000
188.000000 0.000000
189.000000 0.000000
190.000000 0.000000
191.000000 0.000000
192.000000 0.000000
193.000000 0.000000
194.000000 0.000000
195.000000 0.000000
196.000000 0.000000
197.000000 0.000000
198.000000 0.000000
199.000000 0.000000
200.000000 0.000000
201.000000 0.000000
202.000000 0.000000
203.000000 0.000001
204.000000 0.000001
205.000000 0.000001
206.000000 0.000001
207.000000 0.000001
208.000000 0.000001
209.000000 0.000001
210.000000 0.000001
211.000000 0.000001
212.000000 0.000001
213.000000 0.000001
214.000000 0.000001
215.000000 0.000001
216.000000 0.000001
217.000000 0.000001
218.000000 0.000001
219.000000 0.000001
220.000000 0.000001
221.000000 0.000001
222.000000 0.000001
223.000000 0.000001
224.000000 0.000001
225.000000 0.000001
226.000000 0.000001
227.000000 0.000001
228.000000 0.000001
229.000000 0.000001
230.000000 0.000001
231.000000 0.000001
232.000000 0.000001
233.000000 0.000001
234.000000 0.000001
235.000000 0.000001
236.000000 0.000001
237.000000 0.000001
238.000000 0.000001
239.000000 0.000001
240.000000 0.000001
241.000000 0.000001
242.000000 0.000001
243.000000 0.000002
244.000000 0.000002
245.000000 0.000002
246.000000 0.000002
247.000000 0.000002
248.000000 0.000002
249.000000 0.000002
250.000000 0.000002
251.000000 0.000002
252.000000 0.000002
253.000000 0.000002
254.000000 0.000002
255.000000 0.000002
256.000000 0.000002
257.000000 0.000002
258.000000 0.000002
259.000000 0.000002
260.000000 0.000002
261.000000 0.000002
262.000000 0.000002
263.000000 0.000002
264.000000 0.000002
265.000000 0.000003
266.000000 0.000003
267.000000 0.000003
268.000000 0.000003
269.000000 0.000003
270.000000 0.000003
271.000000 0.000003
272.000000 0.000003
273.000000 0.000003
274.000000 0.000003
275.000000 0.000003
276.000000 0.000003
277.000000 0.000003
278.000000 0.000003
279.000000 0.000003
280.000000 0.000003
281.000000 0.000004
282.000000 0.000004
283.000000 0.000004
284.000000 0.000004
285.000000 0.000004
286.000000 0.000004
287.000000 0.000004
288.000000 0.000004
289.000000 0.000004
290.000000 0.000004
291.000000 0.000004
292.000000 0.000004
293.000000 0.000004
294.000000 0.000005
295.000000 0.000005
296.000000 0.000005
297.000000 0.000005
298.000000 0.000005
299.000000 0.000005
300.000000 0.000005
301.000000 0.000005
302.000000 0.000005
303.000000 0.000005
304.000000 0.000005
305.000000 0.000005
306.000000 0.000006
307.000000 0.000006
308.000000 0.000006
309.000000 0.000006
310.000000 0.000006
311.000000 0.000006
312.000000 0.000006
313.000000 0.000006
314.000000 0.000006
315.000000 0.000007
316.000000 0.000007
317.000000 0.000007
318.000000 0.000007
319.000000 0.000007
320.000000 0.000007
321.000000 0.000007
322.000000 0.000007
323.000000 0.000007
324.000000 0.000008
325.000000 0.000008
326.000000 0.000008
327.000000 0.000008
328.000000 0.000008
329.000000 0.000008
330.000000 0.000008
331.000000 0.000008
332.000000 0.000009
333.000000 0.000009
334.000000 0.000009
335.000000 0.000009
336.000000 0.000009
337.000000 0.000009
338.000000 0.000009
339.000000 0.000010
340.000000 0.000010
341.000000 0.000010
342.000000 0.000010
343.000000 0.000010
344.000000 0.000010
345.000000 0.000010
346.000000 0.000011
347.000000 0.000011
348.000000 0.000011
349.000000 0.000011
350.000000 0.000011
351.000000 0.000011
352.000000 0.000012
353.000000 0.000012
354.000000 0.000012
355.000000 0.000012
356.000000 0.000012
357.000000 0.000012
358.000000 0.000013
359.000000 0.000013
360.000000 0.000013
361.000000 0.000013
362.000000 0.000013
363.000000 0.000014
364.000000 0.000014
365.000000 0.000014
366.000000 0.000014
367.000000 0.000014
368.000000 0.000014
369.000000 0.000015
370.000000 0.000015
371.000000 0.000015
372.000000 0.000015
373.000000 0.000015
374.000000 0.000016
375.000000 0.000016
376.000000 0.000016
377.000000 0.000016
378.000000 0.000017
379.000000 0.000017
380.000000 0.000017
381.000000 0.000017
382.000000 0.000017
383.000000 0.000018
384.000000 0.000018
385.000000 0.000018
386.000000 0.000018
387.000000 0.000019
388.000000 0.000019
389.000000 0.000019
390.000000 0.000019
391.000000 0.000019
392.000000 0.000020
393.000000 0.000020
394.000000 0.000020
395.000000 0.000020
396.000000 0.000021
397.000000 0.000021
398.000000 0.000021
399.000000 0.000021
400.000000 0.000022
401.000000 0.000022
402.000000 0.000022
403.000000 0.000023
404.000000 0.000023
405.000000 0.000023
406.000000 0.000023
407.000000 0.000024
408.000000 0.000024
409.000000 0.000024
410.000000 0.000024
411.000000 0.000025
412.000000 0.000025
413.000000 0.000025
414.000000 0.000026
415.000000 0.000026
416.000000 0.000026
417.000000 0.000026
418.000000 0.000027
419.000000 0.000027
420.000000 0.000027
421.000000 0.000028
422.000000 0.000028
423.000000 0.000028
424.000000 0.000029
425.000000 0.000029
426.000000 0.000029
427.000000 0.000030
428.000000 0.000030
429.000000 0.000030
430.000000 0.000031
431.000000 0.000031
432.000000 0.000031
433.000000 0.000031
434.000000 0.000032
435.000000 0.000032
436.000000 0.000033
437.000000 0.000033
438.000000 0.000033
439.000000 0.000034
440.000000 0.000034
441.000000 0.000034
442.000000 0.000035
443.000000 0.000035
444.000000 0.000035
445.000000 0.000036
446.000000 0.000036
447.000000 0.000036
448.000000 0.000037
449.000000 0.000037
450.000000 0.000038
451.000000 0.000038
452.000000 0.000038
453.000000 0.000039
454.000000 0.000039
455.000000 0.000039
456.000000 0.000040
457.000000 0.000040
458.000000 0.000041
459.000000 0.000041
460.000000 0.000041
461.000000 0.000042
462.000000 0.000042
463.000000 0.000043
464.000000 0.000043
465.000000 0.000043
466.000000 0.000044
467.000000 0.000044
468.000000 0.000045
469.000000 0.000045
470.000000 0.000045
471.000000 0.000046
472.000000 0.000046
473.000000 0.000047
474.000000 0.000047
475.000000 0.000048
476.000000 0.000048
477.000000 0.000048
478.000000 0.000049
479.000000 0.000049
480.000000 0.000050
481.000000 0.000050
482.000000 0.000051
483.000000 0.000051
484.000000 0.000052
485.000000 0.000052
486.000000 0.000053
487.000000 0.000053
488.000000 0.000053
489.000000 0.000054
490.000000 0.000054
491.000000 0.000055
492.000000 0.000055
493.000000 0.000056
494.000000 0.000056
495.000000 0.000057
496.000000 0.000057
497.000000 0.000058
498.000000 0.000058
499.000000 0.000059
500.000000 0.000059
501.000000 0.000060
502.000000 0.000060
503.000000 0.000061
504.000000 0.000061
505.000000 0.000062
506.000000 0.000062
507.000000 0.000063
508.000000 0.000063
509.000000 0.000064
510.000000 0.000064
511.000000 0.000065
512.000000 0.000065
513.000000 0.000066
514.000000 0.000067
515.000000 0.000067
516.000000 0.000068
517.000000 0.000068
518.000000 0.000069
519.000000 0.000069
520.000000 0.000070
521.000000 0.000070
522.000000 0.000071
523.000000 0.000071
524.000000 0.000072
525.000000 0.000073
526.000000 0.000073
527.000000 0.000074
528.000000 0.000074
529.000000 0.000075
530.000000 0.000075
531.000000 0.000076
532.000000 0.000076
533.000000 0.000077
534.000000 0.000078
535.000000 0.000078
536.000000 0.000079
537.000000 0.000079
538.000000 0.000080
539.000000 0.000081
540.000000 0.000081
541.000000 0.000082
542.000000 0.000082
543.000000 0.000083
544.000000 0.000084
545.000000 0.000084
546.000000 0.000085
547.000000 0.000085
548.000000 0.000086
549.000000 0.000087
550.000000 0.000087
551.000000 0.000088
552.000000 0.000089
553.000000 0.000089
554.000000 0.000090
555.000000 0.000090
556.000000 0.000091
557.000000 0.000092
558.000000 0.000092
559.000000 0.000093
560.000000 0.000094
561.000000 0.000094
562.000000 0.000095
563.000000 0.000096
564.000000 0.000096
565.000000 0.000097
566.000000 0.000098
567.000000 0.000098
568.000000 0.000099
569.000000 0.000099
570.000000 0.000100
571.000000 0.000101
572.000000 0.000102
573.000000 0.000102
574.000000 0.000103
575.000000 0.000104
576.000000 0.000104
577.000000 0.000105
578.000000 0.000106
579.000000 0.000106
580.000000 0.000107
581.000000 0.000108
582.000000 0.000108
583.000000 0.000109
584.000000 0.000110
585.000000 0.000110
586.000000 0.000111
587.000000 0.000112
588.000000 0.000113
589.000000 0.000113
590.000000 0.000114
591.000000 0.000115
592.000000 0.000115
593.000000 0.000116
594.000000 0.000117
595.000000 0.000118
596.000000 0.000118
597.000000 0.000119
598.000000 0.000120
599.000000 0.000120
600.000000 0.000121
601.000000 0.000122
602.000000 0.000123
603.000000 0.000123
604.000000 0.000124
605.000000 0.000125
606.000000 0.000126
607.000000 0.000126
608.000000 0.000127
609.000000 0.000128
610.000000 0.000129
611.000000 0.000129
612.000000 0.000130
613.000000 0.000131
614.000000 0.000132
615.000000 0.000132
616.000000 0.000133
617.000000 0.000134
618.000000 0.000135
619.000000 0.000136
620.000000 0.000136
621.000000 0.000137
622.000000 0.000138
623.000000 0.000139
624.000000 0.000139
625.000000 0.000140
626.000000 0.000141
627.000000 0.000142
628.000000 0.000143
629.000000 0.000143
630.000000 0.000144
631.000000 0.000145
632.000000 0.000146
633.000000 0.000147
634.000000 0.000147
635.000000 0.000148
636.000000 0.000149
637.000000 0.000150
638.000000 0.000151
639.000000 0.000151
640.000000 0.000152
641.000000 0.000153
642.000000 0.000154
643.000000 0.000155
644.000000 0.000155
645.000000 0.000156
646.000000 0.000157
647.000000 0.000158
648.000000 0.000159
649.000000 0.000160
650.000000 0.000160
651.000000 0.000161
652.000000 0.000162
653.000000 0.000163
654.000000 0.000164
655.000000 0.000165
656.000000 0.000165
657.000000 0.000166
658.000000 0.000167
659.000000 0.000168
660.000000 0.000169
661.000000 0.000170
662.000000 0.000170
663.000000 0.000171
664.000000 0.000172
665.000000 0.000173
666.000000 0.000174
667.000000 0.000175
668.000000 0.000176
669.000000 0.000176
670.000000 0.000177
671.000000 0.000178
672.000000 0.000179
673.000000 0.000180
674.000000 0.000181
675.000000 0.000182
676.000000 0.000183
677.000000 0.000183
678.000000 0.000184
679.000000 0.000185
680.000000 0.000186
681.000000 0.000187
682.000000 0.000188
683.000000 0.000189
684.000000 0.000190
685.000000 0.000190
686.000000 0.000191
687.000000 0.000192
688.000000 0.000193
689.000000 0.000194
690.000000 0.000195
691.000000 0.000196
692.000000 0.000197
693.000000 0.000198
694.000000 0.000199
695.000000 0.000199
696.000000 0.000200
697.000000 0.000201
698.000000 0.000202
699.000000 0.000203
700.000000 0.000204
701.000000 0.000205
702.000000 0.000206
703.000000 0.000207
704.000000 0.000208
705.000000 0.000208
706.000000 0.000209
707.000000 0.000210
708.000000 0.000211
709.000000 0.000212
710.000000 0.000213
711.000000 0.000214
712.000000 0.000215
713.000000 0.000216
714.000000 0.000217
715.000000 0.000218
716.000000 0.000219
717.000000 0.000220
718.000000 0.000220
719.000000 0.000221
720.000000 0.000222
721.000000 0.000223
722.000000 0.000224
723.000000 0.000225
724.000000 0.000226
725.000000 0.000227
726.000000 0.000228
727.000000 0.000229
728.000000 0.000230
729.000000 0.000231
730.000000 0.000232
731.000000 0.000233
732.000000 0.000234
733.000000 0.000235
734.000000 0.000236
735.000000 0.000237
736.000000 0.000237
737.000000 0.000238
738.000000 0.000239
739.000000 0.000240
740.000000 0.000241
741.000000 0.000242
742.000000 0.000243
743.000000 0.000244
744.000000 0.000245
745.000000 0.000246
746.000000 0.000247
747.000000 0.000248
748.000000 0.000249
749.000000 0.000250
750.000000 0.000251
751.000000 0.000252
752.000000 0.000253
753.000000 0.000254
754.000000 0.000255
755.000000 0.000256
756.000000 0.000257
757.000000 0.000258
758.000000 0.000259
759.000000 0.000260
760.000000 0.000261
761.000000 0.000262
762.000000 0.000263
763.000000 0.000264
764.000000 0.000265
765.000000 0.000266
766.000000 0.000267
767.000000 0.000267
768.000000 0.000268
769.000000 0.000269
770.000000 0.000270
771.000000 0.000271
772.000000 0.000272
773.000000 0.000273
774.000000 0.000274
775.000000 0.000275
776.000000 0.000276
777.000000 0.000277
778.000000 0.000278
779.000000 0.000279
780.000000 0.000280
781.000000 0.000281
782.000000 0.000282
783.000000 0.000283
784.000000 0.000284
785.000000 0.000285
786.000000 0.000286
787.000000 0.000287
788.000000 0.000288
789.000000 0.000289
790.000000 0.000290
791.000000 0.000291
792.000000 0.000292
793.000000 0.000293
794.000000 0.000294
795.000000 0.000295
796.000000 0.000296
797.000000 0.000297
798.000000 0.000298
799.000000 0.000299
800.000000 0.000300
801.000000 0.000301
802.000000 0.000303
803.000000 0.000304
804.000000 0.000305
805.000000 0.000306
806.000000 0.000307
807.000000 0.000308
808.000000 0.000309
809.000000 0.000310
810.000000 0.000311
811.000000 0.000312
812.000000 0.000313
813.000000 0.000314
814.000000 0.000315
815.000000 0.000316
816.000000 0.000317
817.000000 0.000318
818.000000 0.000319
819.000000 0.000320
820.000000 0.000321
821.000000 0.000322
822.000000 0.000323
823.000000 0.000324
824.000000 0.000325
825.000000 0.000326
826.000000 0.000327
827.000000 0.000328
828.000000 0.000329
829.000000 0.000330
830.000000 0.000331
831.000000 0.000332
832.000000 0.000333
833.000000 0.000334
834.000000 0.000335
835.000000 0.000336
836.000000 0.000337
837.000000 0.000338
838.000000 0.000340
839.000000 0.000341
840.000000 0.000342
841.000000 0.000343
842.000000 0.000344
843.000000 0.000345
844.000000 0.000346
845.000000 0.000347
846.000000 0.000348
847.000000 0.000349
848.000000 0.000350
849.000000 0.000351
850.000000 0.000352
851.000000 0.000353
852.000000 0.000354
853.000000 0.000355
854.000000 0.000356
855.000000 0.000357
856.000000 0.000358
857.000000 0.000359
858.000000 0.000360
859.000000 0.000362
860.000000 0.000363
861.000000 0.000364
862.000000 0.000365
863.000000 0.000366
864.000000 0.000367
865.000000 0.000368
866.000000 0.000369
867.000000 0.000370
868.000000 0.000371
869.000000 0.000372
870.000000 0.000373
871.000000 0.000374
872.000000 0.000375
873.000000 0.000376
874.000000 0.000377
875.000000 0.000378
876.000000 0.000380
877.000000 0.000381
878.000000 0.000382
879.000000 0.000383
880.000000 0.000384
881.000000 0.000385
882.000000 0.000386
883.000000 0.000387
884.000000 0.000388
885.000000 0.000389
886.000000 0.000390
887.000000 0.000391
888.000000 0.000392
889.000000 0.000393
890.000000 0.000394
891.000000 0.000395
892.000000 0.000397
893.000000 0.000398
894.000000 0.000399
895.000000 0.000400
896.000000 0.000401
897.000000 0.000402
898.000000 0.000403
899.000000 0.000404
900.000000 0.000405
901.000000 0.000406
902.000000 0.000407
903.000000 0.000408
904.000000 0.000409
905.000000 0.000410
906.000000 0.000412
907.000000 0.000413
908.000000 0.000414
909.000000 0.000415
910.000000 0.000416
911.000000 0.000417
912.000000 0.000418
913.000000 0.000419
914.000000 0.000420
915.000000 0.000421
916.000000 0.000422
917.000000 0.000423
918.000000 0.000424
919.000000 0.000426
920.000000 0.000427
921.000000 0.000428
922.000000 0.000429
923.000000 0.000430
924.000000 0.000431
925.000000 0.000432
926.000000 0.000433
927.000000 0.000434
928.000000 0.000435
929.000000 0.000436
930.000000 0.000437
931.000000 0.000438
932.000000 0.000440
933.000000 0.000441
934.000000 0.000442
935.000000 0.000443
936.000000 0.000444
937.000000 0.000445
938.000000 0.000446
939.000000 0.000447
940.000000 0.000448
941.000000 0.000449
942.000000 0.000450
943.000000 0.000451
944.000000 0.000452
945.000000 0.000454
946.000000 0.000455
947.000000 0.000456
948.000000 0.000457
949.000000 0.000458
950.000000 0.000459
951.000000 0.000460
952.000000 0.000461
953.000000 0.000462
954.000000 0.000463
955.000000 0.000464
956.000000 0.000465
957.000000 0.000466
958.000000 0.000468
959.000000 0.000469
960.000000 0.000470
961.000000 0.000471
962.000000 0.000472
963.000000 0.000473
964.000000 0.000474
965.000000 0.000475
966.000000 0.000476
967.000000 0.000477
968.000000 0.000478
969.000000 0.000479
970.000000 0.000481
971.000000 0.000482
972.000000 0.000483
973.000000 0.000484
974.000000 0.000485
975.000000 0.000486
976.000000 0.000487
977.000000 0.000488
978.000000 0.000489
979.000000 0.000490
980.000000 0.000491
981.000000 0.000492
982.000000 0.000493
983.000000 0.000495
984.000000 0.000496
985.000000 0.000497
986.000000 0.000498
987.000000 0.000499
988.000000 0.000500
989.000000 0.000501
990.000000 0.000502
991.000000 0.000503
992.000000 0.000504
993.000000 0.000505
994.000000 0.000506
995.000000 0.000507
996.000000 0.000508
997.000000 0.000510
998.000000 0.000511
999.000000 0.000512
1000.000000 0.000513
1001.000000 0.000514
1002.000000 0.000515
1003.000000 0.000516
1004.000000 0.000517
1005.000000 0.000518
1006.000000 0.000519
1007.000000 0.000520
1008.000000 0.000521
1009.000000 0.000522
1010.000000 0.000523
1011.000000 0.000525
1012.000000 0.000526
1013.000000 0.000527
1014.000000 0.000528
1015.000000 0.000529
1016.000000 0.000530
1017.000000 0.000531
1018.000000 0.000532
1019.000000 0.000533
1020.000000 0.000534
1021.000000 0.000535
1022.000000 0.000536
1023.000000 0.000537
1024.000000 0.000538
1025.000000 0.000539
1026.000000 0.000540
1027.000000 0.000542
1028.000000 0.000543
1029.000000 0.000544
1030.000000 0.000545
1031.000000 0.000546
1032.000000 0.000547
1033.000000 0.000548
1034.000000 0.000549
1035.000000 0.000550
1036.000000 0.000551
1037.000000 0.000552
1038.000000 0.000553
1039.000000 0.000554
1040.000000 0.000555
1041.000000 0.000556
1042.000000 0.000557
1043.000000 0.000558
1044.000000 0.000559
1045.000000 0.000561
1046.000000 0.000562
1047.000000 0.000563
1048.000000 0.000564
1049.000000 0.000565
1050.000000 0.000566
1051.000000 0.000567
1052.000000 0.000568
1053.000000 0.000569
1054.000000 0.000570
1055.000000 0.000571
1056.000000 0.000572
1057.000000 0.000573
1058.000000 0.000574
1059.000000 0.000575
1060.000000 0.000576
1061.000000 0.000577
1062.000000 0.000578
1063.000000 0.000579
1064.000000 0.000580
1065.000000 0.000581
1066.000000 0.000582
1067.000000 0.000583
1068.000000 0.000584
1069.000000 0.000585
1070.000000 0.000586
1071.000000 0.000588
1072.000000 0.000589
1073.000000 0.000590
1074.000000 0.000591
1075.000000 0.000592
1076.000000 0.000593
1077.000000 0.000594
1078.000000 0.000595
1079.000000 0.000596
1080.000000 0.000597
1081.000000 0.000598
1082.000000 0.000599
1083.000000 0.000600
1084.000000 0.000601
1085.000000 0.000602
1086.000000 0.000603
1087.000000 0.000604
1088.000000 0.000605
1089.000000 0.000606
1090.000000 0.000607
1091.000000 0.000608
1092.000000 0.000609
1093.000000 0.000610
1094.000000 0.000611
1095.000000 0.000612
1096.000000 0.000613
1097.000000 0.000614
1098.000000 0.000615
1099.000000 0.000616
1100.000000 0.000617
1101.000000 0.000618
1102.000000 0.000619
1103.000000 0.000620
1104.000000 0.000621
1105.000000 0.000622
1106.000000 0.000623
1107.000000 0.000624
1108.000000 0.000625
1109.000000 0.000626
1110.000000 0.000627
1111.000000 0.000628
1112.000000 0.000629
1113.000000 0.000630
1114.000000 0.000631
1115.000000 0.000632
1116.000000 0.000633
1117.000000 0.000634
1118.000000 0.000635
1119.000000 0.000636
1120.000000 0.000637
1121.000000 0.000638
1122.000000 0.000639
1123.000000 0.000640
1124.000000 0.000641
1125.000000 0.000642
1126.000000 0.000643
1127.000000 0.000643
1128.000000 0.000644
1129.000000 0.000645
1130.000000 0.000646
1131.000000 0.000647
1132.000000 0.000648
1133.000000 0.000649
1134.000000 0.000650
1135.000000 0.000651
1136.000000 0.000652
1137.000000 0.000653
1138.000000 0.000654
1139.000000 0.000655
1140.000000 0.000656
1141.000000 0.000657
1142.000000 0.000658
1143.000000 0.000659
1144.000000 0.000660
1145.000000 0.000661
1146.000000 0.000662
1147.000000 0.000663
1148.000000 0.000663
1149.000000 0.000664
1150.000000 0.000665
1151.000000 0.000666
1152.000000 0.000667
1153.000000 0.000668
1154.000000 0.000669
1155.000000 0.000670
1156.000000 0.000671
1157.000000 0.000672
1158.000000 0.000673
1159.000000 0.000674
1160.000000 0.000675
1161.000000 0.000675
1162.000000 0.000676
1163.000000 0.000677
1164.000000 0.000678
1165.000000 0.000679
1166.000000 0.000680
1167.000000 0.000681
1168.000000 0.000682
1169.000000 0.000683
1170.000000 0.000684
1171.000000 0.000685
1172.000000 0.000685
1173.000000 0.000686
1174.000000 0.000687
1175.000000 0.000688
1176.000000 0.000689
1177.000000 0.000690
1178.000000 0.000691
1179.000000 0.000692
1180.000000 0.000693
1181.000000 0.000693
1182.000000 0.000694
1183.000000 0.000695
1184.000000 0.000696
1185.000000 0.000697
1186.000000 0.000698
1187.000000 0.000699
1188.000000 0.000700
1189.000000 0.000700
1190.000000 0.000701
1191.000000 0.000702
1192.000000 0.000703
1193.000000 0.000704
1194.000000 0.000705
1195.000000 0.000706
1196.000000 0.000706
1197.000000 0.000707
1198.000000 0.000708
1199.000000 0.000709
1200.000000 0.000710
1201.000000 0.000711
1202.000000 0.000712
1203.000000 0.000712
1204.000000 0.000713
1205.000000 0.000714
1206.000000 0.000715
1207.000000 0.000716
1208.000000 0.000717
1209.000000 0.000717
1210.000000 0.000718
1211.000000 0.000719
1212.000000 0.000720
1213.000000 0.000721
1214.000000 0.000722
1215.000000 0.000722
1216.000000 0.000723
1217.000000 0.000724
1218.000000 0.000725
1219.000000 0.000726
1220.000000 0.000726
1221.000000 0.000727
1222.000000 0.000728
1223.000000 0.000729
1224.000000 0.000730
1225.000000 0.000730
1226.000000 0.000731
1227.000000 0.000732
1228.000000 0.000733
1229.000000 0.000734
1230.000000 0.000734
1231.000000 0.000735
1232.000000 0.000736
1233.000000 0.000737
1234.000000 0.000738
1235.000000 0.000738
1236.000000 0.000739
1237.000000 0.000740
1238.000000 0.000741
1239.000000 0.000741
1240.000000 0.000742
1241.000000 0.000743
1242.000000 0.000744
1243.000000 0.000744
1244.000000 0.000745
1245.000000 0.000746
1246.000000 0.000747
1247.000000 0.000747
1248.000000 0.000748
1249.000000 0.000749
1250.000000 0.000750
1251.000000 0.000750
1252.000000 0.000751
1253.000000 0.000752
1254.000000 0.000753
1255.000000 0.000753
1256.000000 0.000754
1257.000000 0.000755
1258.000000 0.000756
1259.000000 0.000756
1260.000000 0.000757
1261.000000 0.000758
1262.000000 0.000758
1263.000000 0.000759
1264.000000 0.000760
1265.000000 0.000761
1266.000000 0.000761
1267.000000 0.000762
1268.000000 0.000763
1269.000000 0.000763
1270.000000 0.000764
1271.000000 0.000765
1272.000000 0.000765
1273.000000 0.000766
1274.000000 0.000767
1275.000000 0.000767
1276.000000 0.000768
1277.000000 0.000769
1278.000000 0.000770
1279.000000 0.000770
1280.000000 0.000771
1281.000000 0.000772
1282.000000 0.000772
1283.000000 0.000773
1284.000000 0.000773
1285.000000 0.000774
1286.000000 0.000775
1287.000000 0.000775
1288.000000 0.000776
1289.000000 0.000777
1290.000000 0.000777
1291.000000 0.000778
1292.000000 0.000779
1293.000000 0.000779
1294.000000 0.000780
1295.000000 0.000781
1296.000000 0.000781
1297.000000 0.000782
1298.000000 0.000782
1299.000000 0.000783
1300.000000 0.000784
1301.000000 0.000784
1302.000000 0.000785
1303.000000 0.000786
1304.000000 0.000786
1305.000000 0.000787
1306.000000 0.000787
1307.000000 0.000788
1308.000000 0.000789
1309.000000 0.000789
1310.000000 0.000790
1311.000000 0.000790
1312.000000 0.000791
1313.000000 0.000792
1314.000000 0.000792
1315.000000 0.000793
1316.000000 0.000793
1317.000000 0.000794
1318.000000 0.000794
1319.000000 0.000795
1320.000000 0.000796
1321.000000 0.000796
1322.000000 0.000797
1323.000000 0.000797
1324.000000 0.000798
1325.000000 0.000798
1326.000000 0.000799
1327.000000 0.000799
1328.000000 0.000800
1329.000000 0.000800
1330.000000 0.000801
1331.000000 0.000802
1332.000000 0.000802
1333.000000 0.000803
1334.000000 0.000803
1335.000000 0.000804
1336.000000 0.000804
1337.000000 0.000805
1338.000000 0.000805
1339.000000 0.000806
1340.000000 0.000806
1341.000000 0.000807
1342.000000 0.000807
1343.000000 0.000808
1344.000000 0.000808
1345.000000 0.000809
1346.000000 0.000809
1347.000000 0.000810
1348.000000 0.000810
1349.000000 0.000811
1350.000000 0.000811
1351.000000 0.000812
1352.000000 0.000812
1353.000000 0.000813
1354.000000 0.000813
1355.000000 0.000814
1356.000000 0.000814
1357.000000 0.000814
1358.000000 0.000815
1359.000000 0.000815
1360.000000 0.000816
1361.000000 0.000816
1362.000000 0.000817
1363.000000 0.000817
1364.000000 0.000818
1365.000000 0.000818
1366.000000 0.000818
1367.000000 0.000819
1368.000000 0.000819
1369.000000 0.000820
1370.000000 0.000820
1371.000000 0.000821
1372.000000 0.000821
1373.000000 0.000821
1374.000000 0.000822
1375.000000 0.000822
1376.000000 0.000823
1377.000000 0.000823
1378.000000 0.000823
1379.000000 0.000824
1380.000000 0.000824
1381.000000 0.000825
1382.000000 0.000825
1383.000000 0.000825
1384.000000 0.000826
1385.000000 0.000826
1386.000000 0.000826
1387.000000 0.000827
1388.000000 0.000827
1389.000000 0.000828
1390.000000 0.000828
1391.000000 0.000828
1392.000000 0.000829
1393.000000 0.000829
1394.000000 0.000829
1395.000000 0.000830
1396.000000 0.000830
1397.000000 0.000830
1398.000000 0.000831
1399.000000 0.000831
1400.000000 0.000831
1401.000000 0.000832
1402.000000 0.000832
1403.000000 0.000832
1404.000000 0.000833
1405.000000 0.000833
1406.000000 0.000833
1407.000000 0.000834
1408.000000 0.000834
1409.000000 0.000834
1410.000000 0.000834
1411.000000 0.000835
1412.000000 0.000835
1413.000000 0.000835
1414.000000 0.000836
1415.000000 0.000836
1416.000000 0.000836
1417.000000 0.000836
1418.000000 0.000837
1419.000000 0.000837
1420.000000 0.000837
1421.000000 0.000837
1422.000000 0.000838
1423.000000 0.000838
1424.000000 0.000838
1425.000000 0.000839
1426.000000 0.000839
1427.000000 0.000839
1428.000000 0.000839
1429.000000 0.000839
1430.000000 0.000840
1431.000000 0.000840
1432.000000 0.000840
1433.000000 0.000840
1434.000000 0.000841
1435.000000 0.000841
1436.000000 0.000841
1437.000000 0.000841
1438.000000 0.000841
1439.000000 0.000842
1440.000000 0.000842
1441.000000 0.000842
1442.000000 0.000842
1443.000000 0.000842
1444.000000 0.000843
1445.000000 0.000843
1446.000000 0.000843
1447.000000 0.000843
1448.000000 0.000843
1449.000000 0.000844
1450.000000 0.000844
1451.000000 0.000844
1452.000000 0.000844
1453.000000 0.000844
1454.000000 0.000844
1455.000000 0.000844
1456.000000 0.000845
1457.000000 0.000845
1458.000000 0.000845
1459.000000 0.000845
1460.000000 0.000845
1461.000000 0.000845
1462.000000 0.000845
1463.000000 0.000846
1464.000000 0.000846
1465.000000 0.000846
1466.000000 0.000846
1467.000000 0.000846
1468.000000 0.000846
1469.000000 0.000846
1470.000000 0.000846
1471.000000 0.000846
1472.000000 0.000847
1473.000000 0.000847
1474.000000 0.000847
1475.000000 0.000847
1476.000000 0.000847
1477.000000 0.000847
1478.000000 0.000847
1479.000000 0.000847
1480.000000 0.000847
1481.000000 0.000847
1482.000000 0.000847
1483.000000 0.000847
1484.000000 0.000847
1485.000000 0.000847
1486.000000 0.000848
1487.000000 0.000848
1488.000000 0.000848
1489.000000 0.000848
1490.000000 0.000848
1491.000000 0.000848
1492.000000 0.000848
1493.000000 0.000848
1494.000000 0.000848
1495.000000 0.000848
1496.000000 0.000848
1497.000000 0.000848
1498.000000 0.000848
1499.000000 0.000848
1500.000000 0.000848
1501.000000 0.000848
1502.000000 0.000848
1503.000000 0.000848
1504.000000 0.000848
1505.000000 0.000848
1506.000000 0.000848
1507.000000 0.000848
1508.000000 0.000848
1509.000000 0.000848
1510.000000 0.000848
1511.000000 0.000848
1512.000000 0.000848
1513.000000 0.000848
1514.000000 0.000848
1515.000000 0.000848
1516.000000 0.000847
1517.000000 0.000847
1518.000000 0.000847
1519.000000 0.000847
1520.000000 0.000847
1521.000000 0.000847
1522.000000 0.000847
1523.000000 0.000847
1524.000000 0.000847
1525.000000 0.000847
1526.000000 0.000847
1527.000000 0.000847
1528.000000 0.000847
1529.000000 0.000847
1530.000000 0.000846
1531.000000 0.000846
1532.000000 0.000846
1533.000000 0.000846
1534.000000 0.000846
1535.000000 0.000846
1536.000000 0.000846
1537.000000 0.000846
1538.000000 0.000846
1539.000000 0.000845
1540.000000 0.000845
1541.000000 0.000845
1542.000000 0.000845
1543.000000 0.000845
1544.000000 0.000845
1545.000000 0.000845
1546.000000 0.000844
1547.000000 0.000844
1548.000000 0.000844
1549.000000 0.000844
1550.000000 0.000844
1551.000000 0.000844
1552.000000 0.000844
1553.000000 0.000843
1554.000000 0.000843
1555.000000 0.000843
1556.000000 0.000843
1557.000000 0.000843
1558.000000 0.000842
1559.000000 0.000842
1560.000000 0.000842
1561.000000 0.000842
1562.000000 0.000842
1563.000000 0.000841
1564.000000 0.000841
1565.000000 0.000841
1566.000000 0.000841
1567.000000 0.000841
1568.000000 0.000840
1569.000000 0.000840
1570.000000 0.000840
1571.000000 0.000840
1572.000000 0.000839
1573.000000 0.000839
1574.000000 0.000839
1575.000000 0.000839
1576.000000 0.000839
1577.000000 0.000838
1578.000000 0.000838
1579.000000 0.000838
1580.000000 0.000837
1581.000000 0.000837
1582.000000 0.000837
1583.000000 0.000837
1584.000000 0.000836
1585.000000 0.000836
1586.000000 0.000836
1587.000000 0.000836
1588.000000 0.000835
1589.000000 0.000835
1590.000000 0.000835
1591.000000 0.000834
1592.000000 0.000834
1593.000000 0.000834
1594.000000 0.000834
1595.000000 0.000833
1596.000000 0.000833
1597.000000 0.000833
1598.000000 0.000832
1599.000000 0.000832
1600.000000 0.000832
1601.000000 0.000831
1602.000000 0.000831
1603.000000 0.000831
1604.000000 0.000830
1605.000000 0.000830
1606.000000 0.000830
1607.000000 0.000829
1608.000000 0.000829
1609.000000 0.000829
1610.000000 0.000828
1611.000000 0.000828
1612.000000 0.000828
1613.000000 0.000827
1614.000000 0.000827
1615.000000 0.000826
1616.000000 0.000826
1617.000000 0.000826
1618.000000 0.000825
1619.000000 0.000825
1620.000000 0.000825
1621.000000 0.000824
1622.000000 0.000824
1623.000000 0.000823
1624.000000 0.000823
1625.000000 0.000823
1626.000000 0.000822
1627.000000 0.000822
1628.000000 0.000821
1629.000000 0.000821
1630.000000 0.000821
1631.000000 0.000820
1632.000000 0.000820
1633.000000 0.000819
1634.000000 0.000819
1635.000000 0.000818
1636.000000 0.000818
1637.000000 0.000818
1638.000000 0.000817
1639.000000 0.000817
1640.000000 0.000816
1641.000000 0.000816
1642.000000 0.000815
1643.000000 0.000815
1644.000000 0.000814
1645.000000 0.000814
1646.000000 0.000814
1647.000000 0.000813
1648.000000 0.000813
1649.000000 0.000812
1650.000000 0.000812
1651.000000 0.000811
1652.000000 0.000811
1653.000000 0.000810
1654.000000 0.000810
1655.000000 0.000809
1656.000000 0.000809
1657.000000 0.000808
1658.000000 0.000808
1659.000000 0.000807
1660.000000 0.000807
1661.000000 0.000806
1662.000000 0.000806
1663.000000 0.000805
1664.000000 0.000805
1665.000000 0.000804
1666.000000 0.000804
1667.000000 0.000803
1668.000000 0.000803
1669.000000 0.000802
1670.000000 0.000802
1671.000000 0.000801
1672.000000 0.000800
1673.000000 0.000800
1674.000000 0.000799
1675.000000 0.000799
1676.000000 0.000798
1677.000000 0.000798
1678.000000 0.000797
1679.000000 0.000797
1680.000000 0.000796
1681.000000 0.000796
1682.000000 0.000795
1683.000000 0.000794
1684.000000 0.000794
1685.000000 0.000793
1686.000000 0.000793
1687.000000 0.000792
1688.000000 0.000792
1689.000000 0.000791
1690.000000 0.000790
1691.000000 0.000790
1692.000000 0.000789
1693.000000 0.000789
1694.000000 0.000788
1695.000000 0.000787
1696.000000 0.000787
1697.000000 0.000786
1698.000000 0.000786
1699.000000 0.000785
1700.000000 0.000784
1701.000000 0.000784
1702.000000 0.000783
1703.000000 0.000782
1704.000000 0.000782
1705.000000 0.000781
1706.000000 0.000781
1707.000000 0.000780
1708.000000 0.000779
1709.000000 0.000779
1710.000000 0.000778
1711.000000 0.000777
1712.000000 0.000777
1713.000000 0.000776
1714.000000 0.000775
1715.000000 0.000775
1716.000000 0.000774
1717.000000 0.000773
1718.000000 0.000773
1719.000000 0.000772
1720.000000 0.000772
1721.000000 0.000771
1722.000000 0.000770
1723.000000 0.000769
1724.000000 0.000769
1725.000000 0.000768
1726.000000 0.000767
1727.000000 0.000767
1728.000000 0.000766
1729.000000 0.000765
1730.000000 0.000765
1731.000000 0.000764
1732.000000 0.000763
1733.000000 0.000763
1734.000000 0.000762
1735.000000 0.000761
1736.000000 0.000761
1737.000000 0.000760
1738.000000 0.000759
1739.000000 0.000758
1740.000000 0.000758
1741.000000 0.000757
1742.000000 0.000756
1743.000000 0.000756
1744.000000 0.000755
1745.000000 0.000754
1746.000000 0.000753
1747.000000 0.000753
1748.000000 0.000752
1749.000000 0.000751
1750.000000 0.000750
1751.000000 0.000750
1752.000000 0.000749
1753.000000 0.000748
1754.000000 0.000747
1755.000000 0.000747
1756.000000 0.000746
1757.000000 0.000745
1758.000000 0.000744
1759.000000 0.000744
1760.000000 0.000743
1761.000000 0.000742
1762.000000 0.000741
1763.000000 0.000741
1764.000000 0.000740
1765.000000 0.000739
1766.000000 0.000738
1767.000000 0.000738
1768.000000 0.000737
1769.000000 0.000736
1770.000000 0.000735
1771.000000 0.000734
1772.000000 0.000734
1773.000000 0.000733
1774.000000 0.000732
1775.000000 0.000731
1776.000000 0.000730
1777.000000 0.000730
1778.000000 0.000729
1779.000000 0.000728
1780.000000 0.000727
1781.000000 0.000726
1782.000000 0.000726
1783.000000 0.000725
1784.000000 0.000724
1785.000000 0.000723
1786.000000 0.000722
1787.000000 0.000722
1788.000000 0.000721
1789.000000 0.000720
1790.000000 0.000719
1791.000000 0.000718
1792.000000 0.000717
1793.000000 0.000717
1794.000000 0.000716
1795.000000 0.000715
1796.000000 0.000714
1797.000000 0.000713
1798.000000 0.000712
1799.000000 0.000712
1800.000000 0.000711
1801.000000 0.000710
1802.000000 0.000709
1803.000000 0.000708
1804.000000 0.000707
1805.000000 0.000706
1806.000000 0.000706
1807.000000 0.000705
1808.000000 0.000704
1809.000000 0.000703
1810.000000 0.000702
1811.000000 0.000701
1812.000000 0.000700
1813.000000 0.000700
1814.000000 0.000699
1815.000000 0.000698
1816.000000 0.000697
1817.000000 0.000696
1818.000000 0.000695
1819.000000 0.000694
1820.000000 0.000693
1821.000000 0.000693
1822.000000 0.000692
1823.000000 0.000691
1824.000000 0.000690
1825.000000 0.000689
1826.000000 0.000688
1827.000000 0.000687
1828.000000 0.000686
1829.000000 0.000685
1830.000000 0.000685
1831.000000 0.000684
1832.000000 0.000683
1833.000000 0.000682
1834.000000 0.000681
1835.000000 0.000680
1836.000000 0.000679
1837.000000 0.000678
1838.000000 0.000677
1839.000000 0.000676
1840.000000 0.000675
1841.000000 0.000675
1842.000000 0.000674
1843.000000 0.000673
1844.000000 0.000672
1845.000000 0.000671
1846.000000 0.000670
1847.000000 0.000669
1848.000000 0.000668
1849.000000 0.000667
1850.000000 0.000666
1851.000000 0.000665
1852.000000 0.000664
1853.000000 0.000663
1854.000000 0.000663
1855.000000 0.000662
1856.000000 0.000661
1857.000000 0.000660
1858.000000 0.000659
1859.000000 0.000658
1860.000000 0.000657
1861.000000 0.000656
1862.000000 0.000655
1863.000000 0.000654
1864.000000 0.000653
1865.000000 0.000652
1866.000000 0.000651
1867.000000 0.000650
1868.000000 0.000649
1869.000000 0.000648
1870.000000 0.000647
1871.000000 0.000646
1872.000000 0.000645
1873.000000 0.000644
1874.000000 0.000643
1875.000000 0.000642
1876.000000 0.000642
1877.000000 0.000641
1878.000000 0.000640
1879.000000 0.000639
1880.000000 0.000638
1881.000000 0.000637
1882.000000 0.000636
1883.000000 0.000635
1884.000000 0.000634
1885.000000 0.000633
1886.000000 0.000632
1887.000000 0.000631
1888.000000 0.000630
1889.000000 0.000629
1890.000000 0.000628
1891.000000 0.000627
1892.000000 0.000626
1893.000000 0.000625
1894.000000 0.000624
1895.000000 0.000623
1896.000000 0.000622
1897.000000 0.000621
1898.000000 0.000620
1899.000000 0.000619
1900.000000 0.000618
1901.000000 0.000617
1902.000000 0.000616
1903.000000 0.000615
1904.000000 0.000614
1905.000000 0.000613
1906.000000 0.000612
1907.000000 0.000611
1908.000000 0.000610
1909.000000 0.000609
1910.000000 0.000608
1911.000000 0.000607
1912.000000 0.000606
1913.000000 0.000605
1914.000000 0.000604
1915.000000 0.000603
1916.000000 0.000602
1917.000000 0.000601
1918.000000 0.000600
1919.000000 0.000599
1920.000000 0.000598
1921.000000 0.000597
1922.000000 0.000596
1923.000000 0.000595
1924.000000 0.000594
1925.000000 0.000593
1926.000000 0.000592
1927.000000 0.000591
1928.000000 0.000590
1929.000000 0.000589
1930.000000 0.000588
1931.000000 0.000586
1932.000000 0.000585
1933.000000 0.000584
1934.000000 0.000583
1935.000000 0.000582
1936.000000 0.000581
1937.000000 0.000580
1938.000000 0.000579
1939.000000 0.000578
1940.000000 0.000577
1941.000000 0.000576
1942.000000 0.000575
1943.000000 0.000574
1944.000000 0.000573
1945.000000 0.000572
1946.000000 0.000571
1947.000000 0.000570
1948.000000 0.000569
1949.000000 0.000568
1950.000000 0.000567
1951.000000 0.000566
1952.000000 0.000565
1953.000000 0.000564
1954.000000 0.000563
1955.000000 0.000562
1956.000000 0.000561
1957.000000 0.000559
1958.000000 0.000558
1959.000000 0.000557
1960.000000 0.000556
1961.000000 0.000555
1962.000000 0.000554
1963.000000 0.000553
1964.000000 0.000552
1965.000000 0.000551
1966.000000 0.000550
1967.000000 0.000549
1968.000000 0.000548
1969.000000 0.000547
1970.000000 0.000546
1971.000000 0.000545
1972.000000 0.000544
1973.000000 0.000543
1974.000000 0.000542
1975.000000 0.000540
1976.000000 0.000539
1977.000000 0.000538
1978.000000 0.000537
1979.000000 0.000536
1980.000000 0.000535
1981.000000 0.000534
1982.000000 0.000533
1983.000000 0.000532
1984.000000 0.000531
1985.000000 0.000530
1986.000000 0.000529
1987.000000 0.000528
1988.000000 0.000527
1989.000000 0.000526
1990.000000 0.000525
1991.000000 0.000523
1992.000000 0.000522
1993.000000 0.000521
1994.000000 0.000520
1995.000000 0.000519
1996.000000 0.000518
1997.000000 0.000517
1998.000000 0.000516
1999.000000 0.000515
2000.000000 0.000514
2001.000000 0.000513
2002.000000 0.000512
2003.000000 0.000511
2004.000000 0.000510
2005.000000 0.000508
2006.000000 0.000507
2007.000000 0.000506
2008.000000 0.000505
2009.000000 0.000504
2010.000000 0.000503
2011.000000 0.000502
2012.000000 0.000501
2013.000000 0.000500
2014.000000 0.000499
2015.000000 0.000498
2016.000000 0.000497
2017.000000 0.000496
2018.000000 0.000495
2019.000000 0.000493
2020.000000 0.000492
2021.000000 0.000491
2022.000000 0.000490
2023.000000 0.000489
2024.000000 0.000488
2025.000000 0.000487
2026.000000 0.000486
2027.000000 0.000485
2028.000000 0.000484
2029.000000 0.000483
2030.000000 0.000482
2031.000000 0.000481
2032.000000 0.000479
2033.000000 0.000478
2034.000000 0.000477
2035.000000 0.000476
2036.000000 0.000475
2037.000000 0.000474
2038.000000 0.000473
2039.000000 0.000472
2040.000000 0.000471
2041.000000 0.000470
2042.000000 0.000469
2043.000000 0.000468
2044.000000 0.000466
2045.000000 0.000465
2046.000000 0.000464
2047.000000 0.000463
2048.000000 0.000462
2049.000000 0.000461
2050.000000 0.000460
2051.000000 0.000459
2052.000000 0.000458
2053.000000 0.000457
2054.000000 0.000456
2055.000000 0.000455
2056.000000 0.000454
2057.000000 0.000452
2058.000000 0.000451
2059.000000 0.000450
2060.000000 0.000449
2061.000000 0.000448
2062.000000 0.000447
2063.000000 0.000446
2064.000000 0.000445
2065.000000 0.000444
2066.000000 0.000443
2067.000000 0.000442
2068.000000 0.000441
2069.000000 0.000440
2070.000000 0.000438
2071.000000 0.000437
2072.000000 0.000436
2073.000000 0.000435
2074.000000 0.000434
2075.000000 0.000433
2076.000000 0.000432
2077.000000 0.000431
2078.000000 0.000430
2079.000000 0.000429
2080.000000 0.000428
2081.000000 0.000427
2082.000000 0.000425
2083.000000 0.000424
2084.000000 0.000423
2085.000000 0.000422
2086.000000 0.000421
2087.000000 0.000420
2088.000000 0.000419
2089.000000 0.000418
2090.000000 0.000417
2091.000000 0.000416
2092.000000 0.000415
2093.000000 0.000414
2094.000000 0.000413
2095.000000 0.000412
2096.000000 0.000410
2097.000000 0.000409
2098.000000 0.000408
2099.000000 0.000407
2100.000000 0.000406
2101.000000 0.000405
2102.000000 0.000404
2103.000000 0.000403
2104.000000 0.000402
2105.000000 0.000401
2106.000000 0.000400
2107.000000 0.000399
2108.000000 0.000398
2109.000000 0.000397
2110.000000 0.000395
2111.000000 0.000394
2112.000000 0.000393
2113.000000 0.000392
2114.000000 0.000391
2115.000000 0.000390
2116.000000 0.000389
2117.000000 0.000388
2118.000000 0.000387
2119.000000 0.000386
2120.000000 0.000385
2121.000000 0.000384
2122.000000 0.000383
2123.000000 0.000382
2124.000000 0.000381
2125.000000 0.000379
2126.000000 0.000378
2127.000000 0.000377
2128.000000 0.000376
2129.000000 0.000375
2130.000000 0.000374
2131.000000 0.000373
2132.000000 0.000372
2133.000000 0.000371
2134.000000 0.000370
2135.000000 0.000369
2136.000000 0.000368
2137.000000 0.000367
2138.000000 0.000366
2139.000000 0.000365
2140.000000 0.000364
2141.000000 0.000363
2142.000000 0.000362
2143.000000 0.000360
2144.000000 0.000359
2145.000000 0.000358
2146.000000 0.000357
2147.000000 0.000356
2148.000000 0.000355
2149.000000 0.000354
2150.000000 0.000353
2151.000000 0.000352
2152.000000 0.000351
2153.000000 0.000350
2154.000000 0.000349
2155.000000 0.000348
2156.000000 0.000347
2157.000000 0.000346
2158.000000 0.000345
2159.000000 0.000344
2160.000000 0.000343
2161.000000 0.000342
2162.000000 0.000341
2163.000000 0.000340
2164.000000 0.000338
2165.000000 0.000337
2166.000000 0.000336
2167.000000 0.000335
2168.000000 0.000334
2169.000000 0.000333
2170.000000 0.000332
2171.000000 0.000331
2172.000000 0.000330
2173.000000 0.000329
2174.000000 0.000328
2175.000000 0.000327
2176.000000 0.000326
2177.000000 0.000325
2178.000000 0.000324
2179.000000 0.000323
2180.000000 0.000322
2181.000000 0.000321
2182.000000 0.000320
2183.000000 0.000319
2184.000000 0.000318
2185.000000 0.000317
2186.000000 0.000316
2187.000000 0.000315
2188.000000 0.000314
2189.000000 0.000313
2190.000000 0.000312
2191.000000 0.000311
2192.000000 0.000310
2193.000000 0.000309
2194.000000 0.000308
2195.000000 0.000307
2196.000000 0.000306
2197.000000 0.000305
2198.000000 0.000304
2199.000000 0.000302
2200.000000 0.000301
2201.000000 0.000300
2202.000000 0.000299
2203.000000 0.000298
2204.000000 0.000297
2205.000000 0.000296
2206.000000 0.000295
2207.000000 0.000294
2208.000000 0.000293
2209.000000 0.000292
2210.000000 0.000291
2211.000000 0.000290
2212.000000 0.000289
2213.000000 0.000288
2214.000000 0.000287
2215.000000 0.000286
2216.000000 0.000285
2217.000000 0.000284
2218.000000 0.000283
2219.000000 0.000282
2220.000000 0.000281
2221.000000 0.000280
2222.000000 0.000279
2223.000000 0.000278
2224.000000 0.000277
2225.000000 0.000276
2226.000000 0.000275
2227.000000 0.000274
2228.000000 0.000273
2229.000000 0.000272
2230.000000 0.000271
2231.000000 0.000270
2232.000000 0.000269
2233.000000 0.000268
2234.000000 0.000267
2235.000000 0.000266
2236.000000 0.000266
2237.000000 0.000265
2238.000000 0.000264
2239.000000 0.000263
2240.000000 0.000262
2241.000000 0.000261
2242.000000 0.000260
2243.000000 0.000259
2244.000000 0.000258
2245.000000 0.000257
2246.000000 0.000256
2247.000000 0.000255
2248.000000 0.000254
2249.000000 0.000253
2250.000000 0.000252
2251.000000 0.000251
2252.000000 0.000250
2253.000000 0.000249
2254.000000 0.000248
2255.000000 0.000247
2256.000000 0.000246
2257.000000 0.000245
2258.000000 0.000244
2259.000000 0.000243
2260.000000 0.000242
2261.000000 0.000241
2262.000000 0.000240
2263.000000 0.000239
2264.000000 0.000238
2265.000000 0.000237
2266.000000 0.000236
2267.000000 0.000236
2268.000000 0.000235
2269.000000 0.000234
2270.000000 0.000233
2271.000000 0.000232
2272.000000 0.000231
2273.000000 0.000230
2274.000000 0.000229
2275.000000 0.000228
2276.000000 0.000227
2277.000000 0.000226
2278.000000 0.000225
2279.000000 0.000224
2280.000000 0.000223
2281.000000 0.000222
2282.000000 0.000221
2283.000000 0.000220
2284.000000 0.000220
2285.000000 0.000219
2286.000000 0.000218
2287.000000 0.000217
2288.000000 0.000216
2289.000000 0.000215
2290.000000 0.000214
2291.000000 0.000213
2292.000000 0.000212
2293.000000 0.000211
2294.000000 0.000210
2295.000000 0.000209
2296.000000 0.000208
2297.000000 0.000208
2298.000000 0.000207
2299.000000 0.000206
2300.000000 0.000205
2301.000000 0.000204
2302.000000 0.000203
2303.000000 0.000202
2304.000000 0.000201
2305.000000 0.000200
2306.000000 0.000199
2307.000000 0.000198
2308.000000 0.000198
2309.000000 0.000197
2310.000000 0.000196
2311.000000 0.000195
2312.000000 0.000194
2313.000000 0.000193
2314.000000 0.000192
2315.000000 0.000191
2316.000000 0.000190
2317.000000 0.000190
2318.000000 0.000189
2319.000000 0.000188
2320.000000 0.000187
2321.000000 0.000186
2322.000000 0.000185
2323.000000 0.000184
2324.000000 0.000183
2325.000000 0.000183
2326.000000 0.000182
2327.000000 0.000181
2328.000000 0.000180
2329.000000 0.000179
2330.000000 0.000178
2331.000000 0.000177
2332.000000 0.000176
2333.000000 0.000176
2334.000000 0.000175
2335.000000 0.000174
2336.000000 0.000173
2337.000000 0.000172
2338.000000 0.000171
2339.000000 0.000170
2340.000000 0.000170
2341.000000 0.000169
2342.000000 0.000168
2343.000000 0.000167
2344.000000 0.000166
2345.000000 0.000165
2346.000000 0.000165
2347.000000 0.000164
2348.000000 0.000163
2349.000000 0.000162
2350.000000 0.000161
2351.000000 0.000160
2352.000000 0.000160
2353.000000 0.000159
2354.000000 0.000158
2355.000000 0.000157
2356.000000 0.000156
2357.000000 0.000155
2358.000000 0.000155
2359.000000 0.000154
2360.000000 0.000153
2361.000000 0.000152
2362.000000 0.000151
2363.000000 0.000151
2364.000000 0.000150
2365.000000 0.000149
2366.000000 0.000148
2367.000000 0.000147
2368.000000 0.000147
2369.000000 0.000146
2370.000000 0.000145
2371.000000 0.000144
2372.000000 0.000143
2373.000000 0.000143
2374.000000 0.000142
2375.000000 0.000141
2376.000000 0.000140
2377.000000 0.000139
2378.000000 0.000139
2379.000000 0.000138
2380.000000 0.000137
2381.000000 0.000136
2382.000000 0.000136
2383.000000 0.000135
2384.000000 0.000134
2385.000000 0.000133
2386.000000 0.000132
2387.000000 0.000132
2388.000000 0.000131
2389.000000 0.000130
2390.000000 0.000129
2391.000000 0.000129
2392.000000 0.000128
2393.000000 0.000127
2394.000000 0.000126
2395.000000 0.000126
2396.000000 0.000125
2397.000000 0.000124
2398.000000 0.000123
2399.000000 0.000123
2400.000000 0.000122
2401.000000 0.000121
2402.000000 0.000120
2403.000000 0.000120
2404.000000 0.000119
2405.000000 0.000118
2406.000000 0.000118
2407.000000 0.000117
2408.000000 0.000116
2409.000000 0.000115
2410.000000 0.000115
2411.000000 0.000114
2412.000000 0.000113
2413.000000 0.000113
2414.000000 0.000112
2415.000000 0.000111
2416.000000 0.000110
2417.000000 0.000110
2418.000000 0.000109
2419.000000 0.000108
2420.000000 0.000108
2421.000000 0.000107
2422.000000 0.000106
2423.000000 0.000106
2424.000000 0.000105
2425.000000 0.000104
2426.000000 0.000104
2427.000000 0.000103
2428.000000 0.000102
2429.000000 0.000102
2430.000000 0.000101
2431.000000 0.000100
2432.000000 0.000099
2433.000000 0.000099
2434.000000 0.000098
2435.000000 0.000098
2436.000000 0.000097
2437.000000 0.000096
2438.000000 0.000096
2439.000000 0.000095
2440.000000 0.000094
2441.000000 0.000094
2442.000000 0.000093
2443.000000 0.000092
2444.000000 0.000092
2445.000000 0.000091
2446.000000 0.000090
2447.000000 0.000090
2448.000000 0.000089
2449.000000 0.000089
2450.000000 0.000088
2451.000000 0.000087
2452.000000 0.000087
2453.000000 0.000086
2454.000000 0.000085
2455.000000 0.000085
2456.000000 0.000084
2457.000000 0.000084
2458.000000 0.000083
2459.000000 0.000082
2460.000000 0.000082
2461.000000 0.000081
2462.000000 0.000081
2463.000000 0.000080
2464.000000 0.000079
2465.000000 0.000079
2466.000000 0.000078
2467.000000 0.000078
2468.000000 0.000077
2469.000000 0.000076
2470.000000 0.000076
2471.000000 0.000075
2472.000000 0.000075
2473.000000 0.000074
2474.000000 0.000074
2475.000000 0.000073
2476.000000 0.000073
2477.000000 0.000072
2478.000000 0.000071
2479.000000 0.000071
2480.000000 0.000070
2481.000000 0.000070
2482.000000 0.000069
2483.000000 0.000069
2484.000000 0.000068
2485.000000 0.000068
2486.000000 0.000067
2487.000000 0.000066
2488.000000 0.000066
2489.000000 0.000065
2490.000000 0.000065
2491.000000 0.000064
2492.000000 0.000064
2493.000000 0.000063
2494.000000 0.000063
2495.000000 0.000062
2496.000000 0.000062
2497.000000 0.000061
2498.000000 0.000061
2499.000000 0.000060
2500.000000 0.000060
2501.000000 0.000059
2502.000000 0.000059
2503.000000 0.000058
2504.000000 0.000058
2505.000000 0.000057
2506.000000 0.000057
2507.000000 0.000056
2508.000000 0.000056
2509.000000 0.000055
2510.000000 0.000055
2511.000000 0.000054
2512.000000 0.000054
2513.000000 0.000053
2514.000000 0.000053
2515.000000 0.000053
2516.000000 0.000052
2517.000000 0.000052
2518.000000 0.000051
2519.000000 0.000051
2520.000000 0.000050
2521.000000 0.000050
2522.000000 0.000049
2523.000000 0.000049
2524.000000 0.000048
2525.000000 0.000048
2526.000000 0.000048
2527.000000 0.000047
2528.000000 0.000047
2529.000000 0.000046
2530.000000 0.000046
2531.000000 0.000045
2532.000000 0.000045
2533.000000 0.000045
2534.000000 0.000044
2535.000000 0.000044
2536.000000 0.000043
2537.000000 0.000043
2538.000000 0.000043
2539.000000 0.000042
2540.000000 0.000042
2541.000000 0.000041
2542.000000 0.000041
2543.000000 0.000041
2544.000000 0.000040
2545.000000 0.000040
2546.000000 0.000039
2547.000000 0.000039
2548.000000 0.000039
2549.000000 0.000038
2550.000000 0.000038
2551.000000 0.000037
2552.000000 0.000037
2553.000000 0.000037
2554.000000 0.000036
2555.000000 0.000036
2556.000000 0.000036
2557.000000 0.000035
2558.000000 0.000035
2559.000000 0.000035
2560.000000 0.000034
2561.000000 0.000034
2562.000000 0.000034
2563.000000 0.000033
2564.000000 0.000033
2565.000000 0.000032
2566.000000 0.000032
2567.000000 0.000032
2568.000000 0.000031
2569.000000 0.000031
2570.000000 0.000031
2571.000000 0.000030
2572.000000 0.000030
2573.000000 0.000030
2574.000000 0.000030
2575.000000 0.000029
2576.000000 0.000029
2577.000000 0.000029
2578.000000 0.000028
2579.000000 0.000028
2580.000000 0.000028
2581.000000 0.000027
2582.000000 0.000027
2583.000000 0.000027
2584.000000 0.000026
2585.000000 0.000026
2586.000000 0.000026
2587.000000 0.000026
2588.000000 0.000025
2589.000000 0.000025
2590.000000 0.000025
2591.000000 0.000024
2592.000000 0.000024
2593.000000 0.000024
2594.000000 0.000024
2595.000000 0.000023
2596.000000 0.000023
2597.000000 0.000023
2598.000000 0.000023
2599.000000 0.000022
2600.000000 0.000022
2601.000000 0.000022
2602.000000 0.000021
2603.000000 0.000021
2604.000000 0.000021
2605.000000 0.000021
2606.000000 0.000020
2607.000000 0.000020
2608.000000 0.000020
2609.000000 0.000020
2610.000000 0.000019
2611.000000 0.000019
2612.000000 0.000019
2613.000000 0.000019
2614.000000 0.000019
2615.000000 0.000018
2616.000000 0.000018
2617.000000 0.000018
2618.000000 0.000018
2619.000000 0.000017
2620.000000 0.000017
2621.000000 0.000017
2622.000000 0.000017
2623.000000 0.000017
2624.000000 0.000016
2625.000000 0.000016
2626.000000 0.000016
2627.000000 0.000016
2628.000000 0.000015
2629.000000 0.000015
2630.000000 0.000015
2631.000000 0.000015
2632.000000 0.000015
2633.000000 0.000014
2634.000000 0.000014
2635.000000 0.000014
2636.000000 0.000014
2637.000000 0.000014
2638.000000 0.000014
2639.000000 0.000013
2640.000000 0.000013
2641.000000 0.000013
2642.000000 0.000013
2643.000000 0.000013
2644.000000 0.000012
2645.000000 0.000012
2646.000000 0.000012
2647.000000 0.000012
2648.000000 0.000012
2649.000000 0.000012
2650.000000 0.000011
2651.000000 0.000011
2652.000000 0.000011
2653.000000 0.000011
2654.000000 0.000011
2655.000000 0.000011
2656.000000 0.000010
2657.000000 0.000010
2658.000000 0.000010
2659.000000 0.000010
2660.000000 0.000010
2661.000000 0.000010
2662.000000 0.000010
2663.000000 0.000009
2664.000000 0.000009
2665.000000 0.000009
2666.000000 0.000009
2667.000000 0.000009
2668.000000 0.000009
2669.000000 0.000009
2670.000000 0.000008
2671.000000 0.000008
2672.000000 0.000008
2673.000000 0.000008
2674.000000 0.000008
2675.000000 0.000008
2676.000000 0.000008
2677.000000 0.000008
2678.000000 0.000007
2679.000000 0.000007
2680.000000 0.000007
2681.000000 0.000007
2682.000000 0.000007
2683.000000 0.000007
2684.000000 0.000007
2685.000000 0.000007
2686.000000 0.000007
2687.000000 0.000006
2688.000000 0.000006
2689.000000 0.000006
2690.000000 0.000006
2691.000000 0.000006
2692.000000 0.000006
2693.000000 0.000006
2694.000000 0.000006
2695.000000 0.000006
2696.000000 0.000005
2697.000000 0.000005
2698.000000 0.000005
2699.000000 0.000005
2700.000000 0.000005
2701.000000 0.000005
2702.000000 0.000005
2703.000000 0.000005
2704.000000 0.000005
2705.000000 0.000005
2706.000000 0.000005
2707.000000 0.000005
2708.000000 0.000004
2709.000000 0.000004
2710.000000 0.000004
2711.000000 0.000004
2712.000000 0.000004
2713.000000 0.000004
2714.000000 0.000004
2715.000000 0.000004
2716.000000 0.000004
2717.000000 0.000004
2718.000000 0.000004
2719.000000 0.000004
2720.000000 0.000004
2721.000000 0.000003
2722.000000 0.000003
2723.000000 0.000003
2724.000000 0.000003
2725.000000 0.000003
2726.000000 0.000003
2727.000000 0.000003
2728.000000 0.000003
2729.000000 0.000003
2730.000000 0.000003
2731.000000 0.000003
2732.000000 0.000003
2733.000000 0.000003
2734.000000 0.000003
2735.000000 0.000003
2736.000000 0.000003
2737.000000 0.000002
2738.000000 0.000002
2739.000000 0.000002
2740.000000 0.000002
2741.000000 0.000002
2742.000000 0.000002
2743.000000 0.000002
2744.000000 0.000002
2745.000000 0.000002
2746.000000 0.000002
2747.000000 0.000002
2748.000000 0.000002
2749.000000 0.000002
2750.000000 0.000002
2751.000000 0.000002
2752.000000 0.000002
2753.000000 0.000002
2754.000000 0.000002
2755.000000 0.000002
2756.000000 0.000002
2757.000000 0.000002
2758.000000 0.000002
2759.000000 0.000001
2760.000000 0.000001
2761.000000 0.000001
2762.000000 0.000001
2763.000000 0.000001
2764.000000 0.000001
2765.000000 0.000001
2766.000000 0.000001
2767.000000 0.000001
2768.000000 0.000001
2769.000000 0.000001
2770.000000 0.000001
2771.000000 0.000001
2772.000000 0.000001
2773.000000 0.000001
2774.000000 0.000001
2775.000000 0.000001
2776.000000 0.000001
2777.000000 0.000001
2778.000000 0.000001
2779.000000 0.000001
2780.000000 0.000001
2781.000000 0.000001
2782.000000 0.000001
2783.000000 0.000001
2784.000000 0.000001
2785.000000 0.000001
2786.000000 0.000001
2787.000000 0.000001
2788.000000 0.000001
2789.000000 0.000001
2790.000000 0.000001
2791.000000 0.000001
2792.000000 0.000001
2793.000000 0.000001
2794.000000 0.000001
2795.000000 0.000001
2796.000000 0.000001
2797.000000 0.000001
2798.000000 0.000001
2799.000000 0.000000
2800.000000 0.000000
2801.000000 0.000000
2802.000000 0.000000
2803.000000 0.000000
2804.000000 0.000000
2805.000000 0.000000
2806.000000 0.000000
2807.000000 0.000000
2808.000000 0.000000
2809.000000 0.000000
2810.000000 0.000000
2811.000000 0.000000
2812.000000 0.000000
2813.000000 0.000000
2814.000000 0.000000
2815.000000 0.000000
2816.000000 0.000000
2817.000000 0.000000
2818.000000 0.000000
2819.000000 0.000000
2820.000000 0.000000
2821.000000 0.000000
2822.000000 0.000000
2823.000000 0.000000
2824.000000 0.000000
2825.000000 0.000000
2826.000000 0.000000
2827.000000 0.000000
2828.000000 0.000000
2829.000000 0.000000
2830.000000 0.000000
2831.000000 0.000000
2832.000000 0.000000
2833.000000 0.000000
2834.000000 0.000000
2835.000000 0.000000
2836.000000 0.000000
2837.000000 0.000000
2838.000000 0.000000
2839.000000 0.000000
2840.000000 0.000000
2841.000000 0.000000
2842.000000 0.000000
2843.000000 0.000000
2844.000000 0.000000
2845.000000 0.000000
2846.000000 0.000000
2847.000000 0.000000
2848.000000 0.000000
2849.000000 0.000000
2850.000000 0.000000
2851.000000 0.000000
2852.000000 0.000000
2853.000000 0.000000
2854.000000 0.000000
2855.000000 0.000000
2856.000000 0.000000
2857.000000 0.000000
2858.000000 0.000000
2859.000000 0.000000
2860.000000 0.000000
2861.000000 0.000000
2862.000000 0.000000
2863.000000 0.000000
2864.000000 0.000000
2865.000000 0.000000
2866.000000 0.000000
2867.000000 0.000000
2868.000000 0.000000
2869.000000 0.000000
2870.000000 0.000000
2871.000000 0.000000
2872.000000 0.000000
2873.000000 0.000000
2874.000000 0.000000
2875.000000 0.000000
2876.000000 0.000000
2877.000000 0.000000
2878.000000 0.000000
2879.000000 0.000000
2880.000000 0.000000
2881.000000 0.000000
2882.000000 0.000000
2883.000000 0.000000
2884.000000 0.000000
2885.000000 0.000000
2886.000000 0.000000
2887.000000 0.000000
2888.000000 0.000000
2889.000000 0.000000
2890.000000 0.000000
2891.000000 0.000000
2892.000000 0.000000
2893.000000 0.000000
2894.000000 0.000000
2895.000000 0.000000
2896.000000 0.000000
2897.000000 0.000000
2898.000000 0.000000
2899.000000 0.000000
2900.000000 0.000000
2901.000000 0.000000
2902.000000 0.000000
2903.000000 0.000000
2904.000000 0.000000
2905.000000 0.000000
2906.000000 0.000000
2907.000000 0.000000
2908.000000 0.000000
2909.000000 0.000000
2910.000000 0.000000
2911.000000 0.000000
2912.000000 0.000000
2913.000000 0.000000
2914.000000 0.000000
2915.000000 0.000000
2916.000000 0.000000
2917.000000 0.000000
2918.000000 0.000000
2919.000000 0.000000
2920.000000 0.000000
2921.000000 0.000000
2922.000000 0.000000
2923.000000 0.000000
2924.000000 0.000000
2925.000000 0.000000
2926.000000 0.000000
2927.000000 0.000000
2928.000000 0.000000
2929.000000 0.000000
2930.000000 0.000000
2931.000000 0.000000
2932.000000 0.000000
2933.000000 0.000000
2934.000000 0.000000
2935.000000 0.000000
2936.000000 0.000000
2937.000000 0.000000
2938.000000 0.000000
2939.000000 0.000000
2940.000000 0.000000
2941.000000 0.000000
2942.000000 0.000000
2943.000000 0.000000
2944.000000 0.000000
2945.000000 0.000000
2946.000000 0.000000
2947.000000 0.000000
2948.000000 0.000000
2949.000000 0.000000
2950.000000 0.000000
2951.000000 0.000000
2952.000000 0.000000
2953.000000 0.000000
2954.000000 0.000000
2955.000000 0.000000
2956.000000 0.000000
2957.000000 0.000000
2958.000000 0.000000
2959.000000 0.000000
2960.000000 0.000000
2961.000000 0.000000
2962.000000 0.000000
2963.000000 0.000000
2964.000000 0.000000
2965.000000 0.000000
2966.000000 0.000000
2967.000000 0.000000
2968.000000 0.000000
2969.000000 0.000000
2970.000000 0.000000
2971.000000 0.000000
2972.000000 0.000000
2973.000000 0.000000
2974.000000 0.000000
2975.000000 0.000000
2976.000000 0.000000
2977.000000 0.000000
2978.000000 0.000000
2979.000000 0.000000
2980.000000 0.000000
2981.000000 0.000000
2982.000000 0.000000
2983.000000 0.000000
2984.000000 0.000000
2985.000000 0.000000
2986.000000 0.000000
2987.000000 0.000000
2988.000000 0.000000
2989.000000 0.000000
2990.000000 0.000000
2991.000000 0.000000
2992.000000 0.000000
2993.000000 0.000000
2994.000000 0.000000
2995.000000 0.000000
2996.000000 0.000000
2997.000000 0.000000
2998.000000 0.000000
2999.000000 0.000000
3000.000000 0.000000
