n lam mean variance std
3000 0.180000 1500.497743 233707.024928 483.432544
bin_midpoint probability
1.000000 0.000000
2.000000 0.000000
3.000000 0.000000
4.000000 0.000000
5.000000 0.000000
6.000000 0.000000
7.000000 0.000000
8.000000 0.000000
9.000000 0.000000
10.000000 0.000000
11.000000 0.000000
12.000000 0.000000
13.000000 0.000000
14.000000 0.000000
15.000000 0.000000
16.000000 0.000000
17.000000 0.000000
18.000000 0.000000
19.000000 0.000000
20.000000 0.000000
21.000000 0.000000
22.000000 0.000000
23.000000 0.000000
24.000000 0.000000
25.000000 0.000000
26.000000 0.000000
27.000000 0.000000
28.000000 0.000000
29.000000 0.000000
30.000000 0.000000
31.000000 0.000000
32.000000 0.000000
33.000000 0.000000
34.000000 0.000000
35.000000 0.000000
36.000000 0.000000
37.000000 0.000000
38.000000 0.000000
39.000000 0.000000
40.000000 0.000000
41.000000 0.000000
42.000000 0.000000
43.000000 0.000000
44.000000 0.000000
45.000000 0.000000
46.000000 0.000000
47.000000 0.000000
48.000000 0.000000
49.000000 0.000000
50.000000 0.000000
51.000000 0.000000
52.000000 0.000000
53.000000 0.000000
54.000000 0.000000
55.000000 0.000000
56.000000 0.000000
57.000000 0.000000
58.000000 0.000000
59.000000 0.000000
60.000000 0.000000
61.000000 0.000000
62.000000 0.000000
63.000000 0.000000
64.000000 0.000000
65.000000 0.000000
66.000000 0.000000
67.000000 0.000000
68.000000 0.000000
69.000000 0.000000
70.000000 0.000000
71.000000 0.000000
72.000000 0.000000
73.000000 0.000000
74.000000 0.000000
75.000000 0.000000
76.000000 0.000000
77.000000 0.000000
78.000000 0.000000
79.000000 0.000000
80.000000 0.000000
81.000000 0.000000
82.000000 0.000000
83.000000 0.000000
84.000000 0.000000
85.000000 0.000000
86.000000 0.000000
87.000000 0.000000
88.000000 0.000000
89.000000 0.000000
90.000000 0.000000
91.000000 0.000000
92.000000 0.000000
93.000000 0.000000
94.000000 0.000000
95.000000 0.000000
96.000000 0.000000
97.000000 0.000000
98.000000 0.000000
99.000000 0.000000
100.000000 0.000000
101.000000 0.000000
102.000000 0.000000
103.000000 0.000000
104.000000 0.000000
105.000000 0.000000
106.000000 0.000000
107.000000 0.000000
108.000000 0.000000
109.000000 0.000000
110.000000 0.000000
111.000000 0.000000
112.000000 0.000000
113.000000 0.000000
114.000000 0.000000
115.000000 0.000000
116.000000 0.000000
117.000000 0.000000
118.000000 0.000000
119.000000 0.000000
120.000000 0.000000
121.000000 0.000000
122.000000 0.000000
123.000000 0.000000
124.000000 0.000000
125.000000 0.000000
126.000000 0.000000
127.000000 0.000000
128.000000 0.000001
129.000000 0.000001
130.000000 0.000001
131.000000 0.000001
132.000000 0.000001
133.000000 0.000001
134.000000 0.000001
135.000000 0.000001
136.000000 0.000001
137.000000 0.000001
138.000000 0.000001
139.000000 0.000001
140.000000 0.000001
141.000000 0.000001
142.000000 0.000001
143.000000 0.000001
144.000000 0.000001
145.000000 0.000001
146.000000 0.000001
147.000000 0.000001
148.000000 0.000001
149.000000 0.000001
150.000000 0.000001
151.000000 0.000001
152.000000 0.000001
153.000000 0.000001
154.000000 0.000001
155.000000 0.000001
156.000000 0.000001
157.000000 0.000001
158.000000 0.000001
159.000000 0.000001
160.000000 0.000001
161.000000 0.000002
162.000000 0.000002
163.000000 0.000002
164.000000 0.000002
165.000000 0.000002
166.000000 0.000002
167.000000 0.000002
168.000000 0.000002
169.000000 0.000002
170.000000 0.000002
171.000000 0.000002
172.000000 0.000002
173.000000 0.000002
174.000000 0.000002
175.000000 0.000002
176.000000 0.000002
177.000000 0.000002
178.000000 0.000002
179.000000 0.000002
180.000000 0.000003
181.000000 0.000003
182.000000 0.000003
183.000000 0.000003
184.000000 0.000003
185.000000 0.000003
186.000000 0.000003
187.000000 0.000003
188.000000 0.000003
189.000000 0.000003
190.000000 0.000003
191.000000 0.000003
192.000000 0.000003
193.000000 0.000003
194.000000 0.000004
195.000000 0.000004
196.000000 0.000004
197.000000 0.000004
198.000000 0.000004
199.000000 0.000004
200.000000 0.000004
201.000000 0.000004
202.000000 0.000004
203.000000 0.000004
204.000000 0.000004
205.000000 0.000005
206.000000 0.000005
207.000000 0.000005
208.000000 0.000005
209.000000 0.000005
210.000000 0.000005
211.000000 0.000005
212.000000 0.000005
213.000000 0.000005
214.000000 0.000005
215.000000 0.000006
216.000000 0.000006
217.000000 0.000006
218.000000 0.000006
219.000000 0.000006
220.000000 0.000006
221.000000 0.000006
222.000000 0.000006
223.000000 0.000007
224.000000 0.000007
225.000000 0.000007
226.000000 0.000007
227.000000 0.000007
228.000000 0.000007
229.000000 0.000007
230.000000 0.000007
231.000000 0.000008
232.000000 0.000008
233.000000 0.000008
234.000000 0.000008
235.000000 0.000008
236.000000 0.000008
237.000000 0.000009
238.000000 0.000009
239.000000 0.000009
240.000000 0.000009
241.000000 0.000009
242.000000 0.000009
243.000000 0.000009
244.000000 0.000010
245.000000 0.000010
246.000000 0.000010
247.000000 0.000010
248.000000 0.000010
249.000000 0.000010
250.000000 0.000011
251.000000 0.000011
252.000000 0.000011
253.000000 0.000011
254.000000 0.000011
255.000000 0.000012
256.000000 0.000012
257.000000 0.000012
258.000000 0.000012
259.000000 0.000012
260.000000 0.000012
261.000000 0.000013
262.000000 0.000013
263.000000 0.000013
264.000000 0.000013
265.000000 0.000013
266.000000 0.000014
267.000000 0.000014
268.000000 0.000014
269.000000 0.000014
270.000000 0.000015
271.000000 0.000015
272.000000 0.000015
273.000000 0.000015
274.000000 0.000015
275.000000 0.000016
276.000000 0.000016
277.000000 0.000016
278.000000 0.000016
279.000000 0.000017
280.000000 0.000017
281.000000 0.000017
282.000000 0.000017
283.000000 0.000018
284.000000 0.000018
285.000000 0.000018
286.000000 0.000018
287.000000 0.000019
288.000000 0.000019
289.000000 0.000019
290.000000 0.000019
291.000000 0.000020
292.000000 0.000020
293.000000 0.000020
294.000000 0.000020
295.000000 0.000021
296.000000 0.000021
297.000000 0.000021
298.000000 0.000022
299.000000 0.000022
300.000000 0.000022
301.000000 0.000022
302.000000 0.000023
303.000000 0.000023
304.000000 0.000023
305.000000 0.000023
306.000000 0.000024
307.000000 0.000024
308.000000 0.000024
309.000000 0.000025
310.000000 0.000025
311.000000 0.000025
312.000000 0.000026
313.000000 0.000026
314.000000 0.000026
315.000000 0.000026
316.000000 0.000027
317.000000 0.000027
318.000000 0.000027
319.000000 0.000028
320.000000 0.000028
321.000000 0.000028
322.000000 0.000029
323.000000 0.000029
324.000000 0.000029
325.000000 0.000030
326.000000 0.000030
327.000000 0.000030
328.000000 0.000031
329.000000 0.000031
330.000000 0.000031
331.000000 0.000032
332.000000 0.000032
333.000000 0.000033
334.000000 0.000033
335.000000 0.000033
336.000000 0.000034
337.000000 0.000034
338.000000 0.000034
339.000000 0.000035
340.000000 0.000035
341.000000 0.000035
342.000000 0.000036
343.000000 0.000036
344.000000 0.000037
345.000000 0.000037
346.000000 0.000037
347.000000 0.000038
348.000000 0.000038
349.000000 0.000038
350.000000 0.000039
351.000000 0.000039
352.000000 0.000040
353.000000 0.000040
354.000000 0.000040
355.000000 0.000041
356.000000 0.000041
357.000000 0.000042
358.000000 0.000042
359.000000 0.000042
360.000000 0.000043
361.000000 0.000043
362.000000 0.000044
363.000000 0.000044
364.000000 0.000044
365.000000 0.000045
366.000000 0.000045
367.000000 0.000046
368.000000 0.000046
369.000000 0.000047
370.000000 0.000047
371.000000 0.000047
372.000000 0.000048
373.000000 0.000048
374.000000 0.000049
375.000000 0.000049
376.000000 0.000050
377.000000 0.000050
378.000000 0.000050
379.000000 0.000051
380.000000 0.000051
381.000000 0.000052
382.000000 0.000052
383.000000 0.000053
384.000000 0.000053
385.000000 0.000054
386.000000 0.000054
387.000000 0.000055
388.000000 0.000055
389.000000 0.000055
390.000000 0.000056
391.000000 0.000056
392.000000 0.000057
393.000000 0.000057
394.000000 0.000058
395.000000 0.000058
396.000000 0.000059
397.000000 0.000059
398.000000 0.000060
399.000000 0.000060
400.000000 0.000061
401.000000 0.000061
402.000000 0.000062
403.000000 0.000062
404.000000 0.000063
405.000000 0.000063
406.000000 0.000064
407.000000 0.000064
408.000000 0.000064
409.000000 0.000065
410.000000 0.000066
411.000000 0.000066
412.000000 0.000066
413.000000 0.000067
414.000000 0.000067
415.000000 0.000068
416.000000 0.000069
417.000000 0.000069
418.000000 0.000070
419.000000 0.000070
420.000000 0.000071
421.000000 0.000071
422.000000 0.000072
423.000000 0.000072
424.000000 0.000073
425.000000 0.000073
426.000000 0.000074
427.000000 0.000074
428.000000 0.000075
429.000000 0.000075
430.000000 0.000075
431.000000 0.000076
432.000000 0.000077
433.000000 0.000077
434.000000 0.000078
435.000000 0.000078
436.000000 0.000079
437.000000 0.000079
438.000000 0.000080
439.000000 0.000080
440.000000 0.000081
441.000000 0.000082
442.000000 0.000082
443.000000 0.000083
444.000000 0.000083
445.000000 0.000084
446.000000 0.000084
447.000000 0.000085
448.000000 0.000085
449.000000 0.000086
450.000000 0.000086
451.000000 0.000087
452.000000 0.000087
453.000000 0.000088
454.000000 0.000089
455.000000 0.000089
456.000000 0.000090
457.000000 0.000090
458.000000 0.000091
459.000000 0.000091
460.000000 0.000092
461.000000 0.000092
462.000000 0.000093
463.000000 0.000094
464.000000 0.000094
465.000000 0.000095
466.000000 0.000095
467.000000 0.000096
468.000000 0.000096
469.000000 0.000097
470.000000 0.000098
471.000000 0.000098
472.000000 0.000099
473.000000 0.000099
474.000000 0.000100
475.000000 0.000100
476.000000 0.000101
477.000000 0.000102
478.000000 0.000102
479.000000 0.000103
480.000000 0.000103
481.000000 0.000104
482.000000 0.000104
483.000000 0.000106
484.000000 0.000105
485.000000 0.000107
486.000000 0.000107
487.000000 0.000107
488.000000 0.000108
489.000000 0.000108
490.000000 0.000110
491.000000 0.000110
492.000000 0.000111
493.000000 0.000111
494.000000 0.000112
495.000000 0.000112
496.000000 0.000113
497.000000 0.000114
498.000000 0.000114
499.000000 0.000115
500.000000 0.000115
501.000000 0.000116
502.000000 0.000116
503.000000 0.000117
504.000000 0.000118
505.000000 0.000118
506.000000 0.000119
507.000000 0.000119
508.000000 0.000120
509.000000 0.000120
510.000000 0.000122
511.000000 0.000122
512.000000 0.000123
513.000000 0.000123
514.000000 0.000124
515.000000 0.000125
516.000000 0.000125
517.000000 0.000126
518.000000 0.000126
519.000000 0.000127
520.000000 0.000127
521.000000 0.000128
522.000000 0.000129
523.000000 0.000129
524.000000 0.000130
525.000000 0.000130
526.000000 0.000132
527.000000 0.000132
528.000000 0.000133
529.000000 0.000133
530.000000 0.000134
531.000000 0.000135
532.000000 0.000135
533.000000 0.000136
534.000000 0.000136
535.000000 0.000137
536.000000 0.000137
537.000000 0.000138
538.000000 0.000139
539.000000 0.000139
540.000000 0.000141
541.000000 0.000140
542.000000 0.000142
543.000000 0.000142
544.000000 0.000143
545.000000 0.000143
546.000000 0.000144
547.000000 0.000145
548.000000 0.000145
549.000000 0.000146
550.000000 0.000146
551.000000 0.000148
552.000000 0.000147
553.000000 0.000149
554.000000 0.000149
555.000000 0.000150
556.000000 0.000151
557.000000 0.000151
558.000000 0.000152
559.000000 0.000152
560.000000 0.000153
561.000000 0.000153
562.000000 0.000154
563.000000 0.000155
564.000000 0.000156
565.000000 0.000157
566.000000 0.000157
567.000000 0.000158
568.000000 0.000158
569.000000 0.000159
570.000000 0.000159
571.000000 0.000160
572.000000 0.000161
573.000000 0.000162
574.000000 0.000163
575.000000 0.000163
576.000000 0.000164
577.000000 0.000164
578.000000 0.000165
579.000000 0.000166
580.000000 0.000166
581.000000 0.000167
582.000000 0.000168
583.000000 0.000169
584.000000 0.000168
585.000000 0.000170
586.000000 0.000170
587.000000 0.000171
588.000000 0.000172
589.000000 0.000172
590.000000 0.000174
591.000000 0.000174
592.000000 0.000175
593.000000 0.000175
594.000000 0.000176
595.000000 0.000176
596.000000 0.000177
597.000000 0.000178
598.000000 0.000179
599.000000 0.000180
600.000000 0.000180
601.000000 0.000181
602.000000 0.000181
603.000000 0.000182
604.000000 0.000182
605.000000 0.000183
606.000000 0.000185
607.000000 0.000185
608.000000 0.000186
609.000000 0.000186
610.000000 0.000187
611.000000 0.000187
612.000000 0.000189
613.000000 0.000189
614.000000 0.000190
615.000000 0.000191
616.000000 0.000191
617.000000 0.000192
618.000000 0.000192
619.000000 0.000194
620.000000 0.000194
621.000000 0.000195
622.000000 0.000195
623.000000 0.000196
624.000000 0.000197
625.000000 0.000198
626.000000 0.000199
627.000000 0.000199
628.000000 0.000200
629.000000 0.000200
630.000000 0.000201
631.000000 0.000202
632.000000 0.000203
633.000000 0.000204
634.000000 0.000204
635.000000 0.000205
636.000000 0.000206
637.000000 0.000206
638.000000 0.000207
639.000000 0.000208
640.000000 0.000208
641.000000 0.000209
642.000000 0.000210
643.000000 0.000211
644.000000 0.000211
645.000000 0.000212
646.000000 0.000213
647.000000 0.000213
648.000000 0.000215
649.000000 0.000215
650.000000 0.000216
651.000000 0.000217
652.000000 0.000217
653.000000 0.000218
654.000000 0.000219
655.000000 0.000220
656.000000 0.000220
657.000000 0.000221
658.000000 0.000222
659.000000 0.000222
660.000000 0.000223
661.000000 0.000224
662.000000 0.000225
663.000000 0.000226
664.000000 0.000226
665.000000 0.000227
666.000000 0.000228
667.000000 0.000228
668.000000 0.000229
669.000000 0.000230
670.000000 0.000231
671.000000 0.000232
672.000000 0.000232
673.000000 0.000233
674.000000 0.000233
675.000000 0.000235
676.000000 0.000235
677.000000 0.000236
678.000000 0.000237
679.000000 0.000238
680.000000 0.000238
681.000000 0.000239
682.000000 0.000240
683.000000 0.000240
684.000000 0.000241
685.000000 0.000242
686.000000 0.000243
687.000000 0.000244
688.000000 0.000244
689.000000 0.000245
690.000000 0.000246
691.000000 0.000247
692.000000 0.000247
693.000000 0.000248
694.000000 0.000249
695.000000 0.000250
696.000000 0.000251
697.000000 0.000251
698.000000 0.000252
699.000000 0.000253
700.000000 0.000254
701.000000 0.000254
702.000000 0.000255
703.000000 0.000256
704.000000 0.000257
705.000000 0.000257
706.000000 0.000258
707.000000 0.000259
708.000000 0.000260
709.000000 0.000260
710.000000 0.000261
711.000000 0.000262
712.000000 0.000263
713.000000 0.000264
714.000000 0.000265
715.000000 0.000265
716.000000 0.000266
717.000000 0.000267
718.000000 0.000267
719.000000 0.000269
720.000000 0.000269
721.000000 0.000270
722.000000 0.000271
723.000000 0.000272
724.000000 0.000272
725.000000 0.000273
726.000000 0.000274
727.000000 0.000275
728.000000 0.000276
729.000000 0.000276
730.000000 0.000277
731.000000 0.000278
732.000000 0.000279
733.000000 0.000280
734.000000 0.000280
735.000000 0.000281
736.000000 0.000282
737.000000 0.000283
738.000000 0.000283
739.000000 0.000284
740.000000 0.000285
741.000000 0.000286
742.000000 0.000287
743.000000 0.000287
744.000000 0.000289
745.000000 0.000289
746.000000 0.000290
747.000000 0.000291
748.000000 0.000291
749.000000 0.000293
750.000000 0.000293
751.000000 0.000294
752.000000 0.000295
753.000000 0.000296
754.000000 0.000296
755.000000 0.000297
756.000000 0.000298
757.000000 0.000298
758.000000 0.000300
759.000000 0.000300
760.000000 0.000302
761.000000 0.000302
762.000000 0.000303
763.000000 0.000303
764.000000 0.000304
765.000000 0.000305
766.000000 0.000306
767.000000 0.000307
768.000000 0.000308
769.000000 0.000309
770.000000 0.000309
771.000000 0.000310
772.000000 0.000311
773.000000 0.000312
774.000000 0.000313
775.000000 0.000313
776.000000 0.000315
777.000000 0.000315
778.000000 0.000316
779.000000 0.000317
780.000000 0.000318
781.000000 0.000318
782.000000 0.000319
783.000000 0.000320
784.000000 0.000320
785.000000 0.000322
786.000000 0.000323
787.000000 0.000324
788.000000 0.000324
789.000000 0.000325
790.000000 0.000326
791.000000 0.000327
792.000000 0.000328
793.000000 0.000328
794.000000 0.000330
795.000000 0.000330
796.000000 0.000331
797.000000 0.000332
798.000000 0.000333
799.000000 0.000333
800.000000 0.000334
801.000000 0.000336
802.000000 0.000335
803.000000 0.000337
804.000000 0.000337
805.000000 0.000339
806.000000 0.000339
807.000000 0.000340
808.000000 0.000341
809.000000 0.000342
810.000000 0.000343
811.000000 0.000343
812.000000 0.000345
813.000000 0.000345
814.000000 0.000346
815.000000 0.000347
816.000000 0.000348
817.000000 0.000349
818.000000 0.000349
819.000000 0.000351
820.000000 0.000350
821.000000 0.000352
822.000000 0.000352
823.000000 0.000354
824.000000 0.000354
825.000000 0.000355
826.000000 0.000356
827.000000 0.000357
828.000000 0.000358
829.000000 0.000358
830.000000 0.000360
831.000000 0.000360
832.000000 0.000362
833.000000 0.000362
834.000000 0.000363
835.000000 0.000364
836.000000 0.000364
837.000000 0.000366
838.000000 0.000366
839.000000 0.000368
840.000000 0.000368
841.000000 0.000369
842.000000 0.000370
843.000000 0.000371
844.000000 0.000372
845.000000 0.000372
846.000000 0.000374
847.000000 0.000373
848.000000 0.000375
849.000000 0.000375
850.000000 0.000377
851.000000 0.000378
852.000000 0.000378
853.000000 0.000379
854.000000 0.000380
855.000000 0.000382
856.000000 0.000381
857.000000 0.000383
858.000000 0.000383
859.000000 0.000384
860.000000 0.000385
861.000000 0.000386
862.000000 0.000387
863.000000 0.000387
864.000000 0.000389
865.000000 0.000389
866.000000 0.000391
867.000000 0.000391
868.000000 0.000392
869.000000 0.000393
870.000000 0.000393
871.000000 0.000395
872.000000 0.000395
873.000000 0.000397
874.000000 0.000396
875.000000 0.000398
876.000000 0.000399
877.000000 0.000400
878.000000 0.000401
879.000000 0.000401
880.000000 0.000403
881.000000 0.000402
882.000000 0.000405
883.000000 0.000405
884.000000 0.000406
885.000000 0.000407
886.000000 0.000407
887.000000 0.000409
888.000000 0.000409
889.000000 0.000411
890.000000 0.000410
891.000000 0.000413
892.000000 0.000412
893.000000 0.000414
894.000000 0.000415
895.000000 0.000415
896.000000 0.000416
897.000000 0.000417
898.000000 0.000418
899.000000 0.000418
900.000000 0.000420
901.000000 0.000420
902.000000 0.000421
903.000000 0.000423
904.000000 0.000423
905.000000 0.000424
906.000000 0.000424
907.000000 0.000426
908.000000 0.000426
909.000000 0.000428
910.000000 0.000428
911.000000 0.000429
912.000000 0.000430
913.000000 0.000430
914.000000 0.000432
915.000000 0.000432
916.000000 0.000434
917.000000 0.000434
918.000000 0.000435
919.000000 0.000436
920.000000 0.000436
921.000000 0.000438
922.000000 0.000438
923.000000 0.000440
924.000000 0.000440
925.000000 0.000442
926.000000 0.000442
927.000000 0.000443
928.000000 0.000444
929.000000 0.000444
930.000000 0.000446
931.000000 0.000445
932.000000 0.000448
933.000000 0.000448
934.000000 0.000449
935.000000 0.000450
936.000000 0.000451
937.000000 0.000452
938.000000 0.000451
939.000000 0.000454
940.000000 0.000453
941.000000 0.000456
942.000000 0.000456
943.000000 0.000457
944.000000 0.000458
945.000000 0.000458
946.000000 0.000460
947.000000 0.000459
948.000000 0.000462
949.000000 0.000461
950.000000 0.000464
951.000000 0.000463
952.000000 0.000464
953.000000 0.000466
954.000000 0.000466
955.000000 0.000468
956.000000 0.000467
957.000000 0.000470
958.000000 0.000469
959.000000 0.000471
960.000000 0.000471
961.000000 0.000472
962.000000 0.000474
963.000000 0.000473
964.000000 0.000476
965.000000 0.000474
966.000000 0.000478
967.000000 0.000476
968.000000 0.000478
969.000000 0.000479
970.000000 0.000480
971.000000 0.000482
972.000000 0.000480
973.000000 0.000485
974.000000 0.000482
975.000000 0.000486
976.000000 0.000484
977.000000 0.000486
978.000000 0.000487
979.000000 0.000487
980.000000 0.000490
981.000000 0.000488
982.000000 0.000492
983.000000 0.000490
984.000000 0.000493
985.000000 0.000492
986.000000 0.000494
987.000000 0.000495
988.000000 0.000495
989.000000 0.000498
990.000000 0.000496
991.000000 0.000500
992.000000 0.000497
993.000000 0.000501
994.000000 0.000500
995.000000 0.000501
996.000000 0.000503
997.000000 0.000502
998.000000 0.000506
999.000000 0.000503
1000.000000 0.000508
1001.000000 0.000505
1002.000000 0.000509
1003.000000 0.000508
1004.000000 0.000509
1005.000000 0.000511
1006.000000 0.000510
1007.000000 0.000514
1008.000000 0.000510
1009.000000 0.000515
1010.000000 0.000512
1011.000000 0.000516
1012.000000 0.000515
1013.000000 0.000516
1014.000000 0.000519
1015.000000 0.000517
1016.000000 0.000521
1017.000000 0.000518
1018.000000 0.000523
1019.000000 0.000520
1020.000000 0.000524
1021.000000 0.000523
1022.000000 0.000524
1023.000000 0.000526
1024.000000 0.000524
1025.000000 0.000529
1026.000000 0.000526
1027.000000 0.000530
1028.000000 0.000527
1029.000000 0.000531
1030.000000 0.000531
1031.000000 0.000531
1032.000000 0.000534
1033.000000 0.000531
1034.000000 0.000537
1035.000000 0.000533
1036.000000 0.000538
1037.000000 0.000536
1038.000000 0.000538
1039.000000 0.000539
1040.000000 0.000538
1041.000000 0.000542
1042.000000 0.000539
1043.000000 0.000544
1044.000000 0.000541
1045.000000 0.000545
1046.000000 0.000543
1047.000000 0.000546
1048.000000 0.000547
1049.000000 0.000545
1050.000000 0.000549
1051.000000 0.000547
1052.000000 0.000551
1053.000000 0.000548
1054.000000 0.000552
1055.000000 0.000551
1056.000000 0.000552
1057.000000 0.000554
1058.000000 0.000553
1059.000000 0.000557
1060.000000 0.000554
1061.000000 0.000558
1062.000000 0.000556
1063.000000 0.000559
1064.000000 0.000559
1065.000000 0.000559
1066.000000 0.000562
1067.000000 0.000560
1068.000000 0.000564
1069.000000 0.000561
1070.000000 0.000565
1071.000000 0.000563
1072.000000 0.000567
1073.000000 0.000566
1074.000000 0.000566
1075.000000 0.000569
1076.000000 0.000568
1077.000000 0.000570
1078.000000 0.000569
1079.000000 0.000572
1080.000000 0.000571
1081.000000 0.000573
1082.000000 0.000574
1083.000000 0.000574
1084.000000 0.000576
1085.000000 0.000575
1086.000000 0.000578
1087.000000 0.000577
1088.000000 0.000579
1089.000000 0.000579
1090.000000 0.000580
1091.000000 0.000581
1092.000000 0.000581
1093.000000 0.000583
1094.000000 0.000582
1095.000000 0.000584
1096.000000 0.000584
1097.000000 0.000586
1098.000000 0.000586
1099.000000 0.000587
1100.000000 0.000588
1101.000000 0.000588
1102.000000 0.000589
1103.000000 0.000590
1104.000000 0.000591
1105.000000 0.000592
1106.000000 0.000593
1107.000000 0.000593
1108.000000 0.000594
1109.000000 0.000595
1110.000000 0.000595
1111.000000 0.000596
1112.000000 0.000597
1113.000000 0.000598
1114.000000 0.000599
1115.000000 0.000599
1116.000000 0.000600
1117.000000 0.000601
1118.000000 0.000601
1119.000000 0.000603
1120.000000 0.000603
1121.000000 0.000604
1122.000000 0.000604
1123.000000 0.000606
1124.000000 0.000606
1125.000000 0.000607
1126.000000 0.000608
1127.000000 0.000608
1128.000000 0.000610
1129.000000 0.000609
1130.000000 0.000612
1131.000000 0.000610
1132.000000 0.000613
1133.000000 0.000613
1134.000000 0.000614
1135.000000 0.000615
1136.000000 0.000614
1137.000000 0.000617
1138.000000 0.000616
1139.000000 0.000619
1140.000000 0.000617
1141.000000 0.000620
1142.000000 0.000619
1143.000000 0.000620
1144.000000 0.000622
1145.000000 0.000621
1146.000000 0.000624
1147.000000 0.000622
1148.000000 0.000626
1149.000000 0.000623
1150.000000 0.000626
1151.000000 0.000626
1152.000000 0.000626
1153.000000 0.000629
1154.000000 0.000627
1155.000000 0.000631
1156.000000 0.000628
1157.000000 0.000632
1158.000000 0.000630
1159.000000 0.000632
1160.000000 0.000633
1161.000000 0.000632
1162.000000 0.000636
1163.000000 0.000633
1164.000000 0.000638
1165.000000 0.000634
1166.000000 0.000639
1167.000000 0.000636
1168.000000 0.000639
1169.000000 0.000640
1170.000000 0.000638
1171.000000 0.000643
1172.000000 0.000639
1173.000000 0.000644
1174.000000 0.000640
1175.000000 0.000645
1176.000000 0.000643
1177.000000 0.000644
1178.000000 0.000646
1179.000000 0.000644
1180.000000 0.000649
1181.000000 0.000645
1182.000000 0.000650
1183.000000 0.000646
1184.000000 0.000651
1185.000000 0.000649
1186.000000 0.000650
1187.000000 0.000653
1188.000000 0.000650
1189.000000 0.000656
1190.000000 0.000651
1191.000000 0.000656
1192.000000 0.000653
1193.000000 0.000657
1194.000000 0.000656
1195.000000 0.000656
1196.000000 0.000659
1197.000000 0.000655
1198.000000 0.000662
1199.000000 0.000657
1200.000000 0.000662
1201.000000 0.000659
1202.000000 0.000662
1203.000000 0.000662
1204.000000 0.000662
1205.000000 0.000665
1206.000000 0.000661
1207.000000 0.000667
1208.000000 0.000663
1209.000000 0.000668
1210.000000 0.000665
1211.000000 0.000668
1212.000000 0.000669
1213.000000 0.000666
1214.000000 0.000671
1215.000000 0.000667
1216.000000 0.000673
1217.000000 0.000669
1218.000000 0.000673
1219.000000 0.000672
1220.000000 0.000673
1221.000000 0.000674
1222.000000 0.000672
1223.000000 0.000677
1224.000000 0.000673
1225.000000 0.000678
1226.000000 0.000675
1227.000000 0.000678
1228.000000 0.000677
1229.000000 0.000679
1230.000000 0.000680
1231.000000 0.000678
1232.000000 0.000682
1233.000000 0.000678
1234.000000 0.000683
1235.000000 0.000681
1236.000000 0.000683
1237.000000 0.000683
1238.000000 0.000684
1239.000000 0.000685
1240.000000 0.000683
1241.000000 0.000687
1242.000000 0.000684
1243.000000 0.000688
1244.000000 0.000687
1245.000000 0.000688
1246.000000 0.000688
1247.000000 0.000689
1248.000000 0.000690
1249.000000 0.000689
1250.000000 0.000692
1251.000000 0.000690
1252.000000 0.000693
1253.000000 0.000692
1254.000000 0.000693
1255.000000 0.000693
1256.000000 0.000694
1257.000000 0.000696
1258.000000 0.000694
1259.000000 0.000696
1260.000000 0.000696
1261.000000 0.000698
1262.000000 0.000697
1263.000000 0.000698
1264.000000 0.000698
1265.000000 0.000699
1266.000000 0.000700
1267.000000 0.000699
1268.000000 0.000701
1269.000000 0.000701
1270.000000 0.000702
1271.000000 0.000702
1272.000000 0.000703
1273.000000 0.000703
1274.000000 0.000704
1275.000000 0.000705
1276.000000 0.000704
1277.000000 0.000706
1278.000000 0.000706
1279.000000 0.000707
1280.000000 0.000707
1281.000000 0.000707
1282.000000 0.000708
1283.000000 0.000709
1284.000000 0.000709
1285.000000 0.000710
1286.000000 0.000710
1287.000000 0.000710
1288.000000 0.000711
1289.000000 0.000711
1290.000000 0.000712
1291.000000 0.000712
1292.000000 0.000713
1293.000000 0.000714
1294.000000 0.000714
1295.000000 0.000714
1296.000000 0.000715
1297.000000 0.000716
1298.000000 0.000716
1299.000000 0.000717
1300.000000 0.000716
1301.000000 0.000718
1302.000000 0.000718
1303.000000 0.000718
1304.000000 0.000719
1305.000000 0.000719
1306.000000 0.000720
1307.000000 0.000720
1308.000000 0.000721
1309.000000 0.000721
1310.000000 0.000722
1311.000000 0.000722
1312.000000 0.000722
1313.000000 0.000723
1314.000000 0.000723
1315.000000 0.000724
1316.000000 0.000724
1317.000000 0.000725
1318.000000 0.000725
1319.000000 0.000725
1320.000000 0.000726
1321.000000 0.000726
1322.000000 0.000727
1323.000000 0.000727
1324.000000 0.000727
1325.000000 0.000728
1326.000000 0.000729
1327.000000 0.000729
1328.000000 0.000729
1329.000000 0.000730
1330.000000 0.000730
1331.000000 0.000730
1332.000000 0.000731
1333.000000 0.000731
1334.000000 0.000732
1335.000000 0.000732
1336.000000 0.000732
1337.000000 0.000733
1338.000000 0.000733
1339.000000 0.000734
1340.000000 0.000734
1341.000000 0.000734
1342.000000 0.000735
1343.000000 0.000736
1344.000000 0.000736
1345.000000 0.000736
1346.000000 0.000736
1347.000000 0.000737
1348.000000 0.000737
1349.000000 0.000737
1350.000000 0.000738
1351.000000 0.000738
1352.000000 0.000739
1353.000000 0.000739
1354.000000 0.000739
1355.000000 0.000740
1356.000000 0.000740
1357.000000 0.000740
1358.000000 0.000741
1359.000000 0.000742
1360.000000 0.000741
1361.000000 0.000742
1362.000000 0.000742
1363.000000 0.000742
1364.000000 0.000743
1365.000000 0.000743
1366.000000 0.000744
1367.000000 0.000743
1368.000000 0.000745
1369.000000 0.000744
1370.000000 0.000745
1371.000000 0.000745
1372.000000 0.000745
1373.000000 0.000746
1374.000000 0.000746
1375.000000 0.000747
1376.000000 0.000746
1377.000000 0.000747
1378.000000 0.000747
1379.000000 0.000748
1380.000000 0.000748
1381.000000 0.000748
1382.000000 0.000749
1383.000000 0.000749
1384.000000 0.000749
1385.000000 0.000749
1386.000000 0.000750
1387.000000 0.000749
1388.000000 0.000750
1389.000000 0.000750
1390.000000 0.000750
1391.000000 0.000752
1392.000000 0.000751
1393.000000 0.000752
1394.000000 0.000751
1395.000000 0.000752
1396.000000 0.000752
1397.000000 0.000753
1398.000000 0.000753
1399.000000 0.000752
1400.000000 0.000754
1401.000000 0.000753
1402.000000 0.000754
1403.000000 0.000753
1404.000000 0.000755
1405.000000 0.000754
1406.000000 0.000754
1407.000000 0.000756
1408.000000 0.000755
1409.000000 0.000756
1410.000000 0.000755
1411.000000 0.000756
1412.000000 0.000755
1413.000000 0.000757
1414.000000 0.000756
1415.000000 0.000757
1416.000000 0.000758
1417.000000 0.000756
1418.000000 0.000758
1419.000000 0.000757
1420.000000 0.000758
1421.000000 0.000757
1422.000000 0.000759
1423.000000 0.000758
1424.000000 0.000758
1425.000000 0.000760
1426.000000 0.000758
1427.000000 0.000760
1428.000000 0.000759
1429.000000 0.000760
1430.000000 0.000759
1431.000000 0.000760
1432.000000 0.000760
1433.000000 0.000760
1434.000000 0.000761
1435.000000 0.000759
1436.000000 0.000762
1437.000000 0.000760
1438.000000 0.000761
1439.000000 0.000761
1440.000000 0.000761
1441.000000 0.000762
1442.000000 0.000761
1443.000000 0.000763
1444.000000 0.000761
1445.000000 0.000763
1446.000000 0.000762
1447.000000 0.000762
1448.000000 0.000762
1449.000000 0.000763
1450.000000 0.000763
1451.000000 0.000762
1452.000000 0.000764
1453.000000 0.000762
1454.000000 0.000764
1455.000000 0.000763
1456.000000 0.000763
1457.000000 0.000764
1458.000000 0.000763
1459.000000 0.000764
1460.000000 0.000763
1461.000000 0.000765
1462.000000 0.000763
1463.000000 0.000765
1464.000000 0.000764
1465.000000 0.000764
1466.000000 0.000765
1467.000000 0.000764
1468.000000 0.000765
1469.000000 0.000764
1470.000000 0.000766
1471.000000 0.000764
1472.000000 0.000765
1473.000000 0.000765
1474.000000 0.000765
1475.000000 0.000765
1476.000000 0.000765
1477.000000 0.000766
1478.000000 0.000765
1479.000000 0.000766
1480.000000 0.000765
1481.000000 0.000766
1482.000000 0.000766
1483.000000 0.000765
1484.000000 0.000766
1485.000000 0.000765
1486.000000 0.000766
1487.000000 0.000765
1488.000000 0.000766
1489.000000 0.000765
1490.000000 0.000766
1491.000000 0.000766
1492.000000 0.000765
1493.000000 0.000766
1494.000000 0.000765
1495.000000 0.000766
1496.000000 0.000766
1497.000000 0.000766
1498.000000 0.000766
1499.000000 0.000766
1500.000000 0.000766
1501.000000 0.000765
1502.000000 0.000766
1503.000000 0.000765
1504.000000 0.000766
1505.000000 0.000766
1506.000000 0.000766
1507.000000 0.000766
1508.000000 0.000765
1509.000000 0.000767
1510.000000 0.000765
1511.000000 0.000766
1512.000000 0.000765
1513.000000 0.000765
1514.000000 0.000766
1515.000000 0.000766
1516.000000 0.000766
1517.000000 0.000765
1518.000000 0.000766
1519.000000 0.000765
1520.000000 0.000766
1521.000000 0.000765
1522.000000 0.000765
1523.000000 0.000766
1524.000000 0.000765
1525.000000 0.000766
1526.000000 0.000765
1527.000000 0.000766
1528.000000 0.000764
1529.000000 0.000765
1530.000000 0.000765
1531.000000 0.000764
1532.000000 0.000765
1533.000000 0.000764
1534.000000 0.000765
1535.000000 0.000764
1536.000000 0.000765
1537.000000 0.000764
1538.000000 0.000764
1539.000000 0.000765
1540.000000 0.000763
1541.000000 0.000765
1542.000000 0.000763
1543.000000 0.000764
1544.000000 0.000763
1545.000000 0.000764
1546.000000 0.000763
1547.000000 0.000763
1548.000000 0.000764
1549.000000 0.000762
1550.000000 0.000764
1551.000000 0.000762
1552.000000 0.000763
1553.000000 0.000762
1554.000000 0.000762
1555.000000 0.000762
1556.000000 0.000762
1557.000000 0.000763
1558.000000 0.000761
1559.000000 0.000763
1560.000000 0.000761
1561.000000 0.000762
1562.000000 0.000760
1563.000000 0.000761
1564.000000 0.000761
1565.000000 0.000760
1566.000000 0.000761
1567.000000 0.000760
1568.000000 0.000761
1569.000000 0.000759
1570.000000 0.000760
1571.000000 0.000759
1572.000000 0.000760
1573.000000 0.000760
1574.000000 0.000758
1575.000000 0.000760
1576.000000 0.000758
1577.000000 0.000760
1578.000000 0.000758
1579.000000 0.000758
1580.000000 0.000758
1581.000000 0.000757
1582.000000 0.000758
1583.000000 0.000757
1584.000000 0.000758
1585.000000 0.000756
1586.000000 0.000758
1587.000000 0.000756
1588.000000 0.000757
1589.000000 0.000756
1590.000000 0.000755
1591.000000 0.000757
1592.000000 0.000754
1593.000000 0.000756
1594.000000 0.000754
1595.000000 0.000755
1596.000000 0.000754
1597.000000 0.000754
1598.000000 0.000754
1599.000000 0.000753
1600.000000 0.000754
1601.000000 0.000752
1602.000000 0.000754
1603.000000 0.000752
1604.000000 0.000753
1605.000000 0.000752
1606.000000 0.000752
1607.000000 0.000752
1608.000000 0.000751
1609.000000 0.000752
1610.000000 0.000750
1611.000000 0.000751
1612.000000 0.000750
1613.000000 0.000751
1614.000000 0.000750
1615.000000 0.000749
1616.000000 0.000750
1617.000000 0.000748
1618.000000 0.000750
1619.000000 0.000747
1620.000000 0.000748
1621.000000 0.000748
1622.000000 0.000747
1623.000000 0.000747
1624.000000 0.000747
1625.000000 0.000747
1626.000000 0.000746
1627.000000 0.000747
1628.000000 0.000745
1629.000000 0.000746
1630.000000 0.000745
1631.000000 0.000745
1632.000000 0.000745
1633.000000 0.000743
1634.000000 0.000744
1635.000000 0.000743
1636.000000 0.000743
1637.000000 0.000742
1638.000000 0.000743
1639.000000 0.000742
1640.000000 0.000742
1641.000000 0.000742
1642.000000 0.000741
1643.000000 0.000741
1644.000000 0.000740
1645.000000 0.000740
1646.000000 0.000740
1647.000000 0.000739
1648.000000 0.000739
1649.000000 0.000738
1650.000000 0.000739
1651.000000 0.000737
1652.000000 0.000737
1653.000000 0.000737
1654.000000 0.000737
1655.000000 0.000737
1656.000000 0.000736
1657.000000 0.000736
1658.000000 0.000735
1659.000000 0.000735
1660.000000 0.000734
1661.000000 0.000734
1662.000000 0.000734
1663.000000 0.000733
1664.000000 0.000733
1665.000000 0.000732
1666.000000 0.000733
1667.000000 0.000731
1668.000000 0.000732
1669.000000 0.000730
1670.000000 0.000730
1671.000000 0.000731
1672.000000 0.000729
1673.000000 0.000730
1674.000000 0.000728
1675.000000 0.000729
1676.000000 0.000728
1677.000000 0.000728
1678.000000 0.000727
1679.000000 0.000727
1680.000000 0.000727
1681.000000 0.000726
1682.000000 0.000726
1683.000000 0.000724
1684.000000 0.000725
1685.000000 0.000724
1686.000000 0.000724
1687.000000 0.000724
1688.000000 0.000722
1689.000000 0.000723
1690.000000 0.000721
1691.000000 0.000722
1692.000000 0.000720
1693.000000 0.000721
1694.000000 0.000720
1695.000000 0.000720
1696.000000 0.000720
1697.000000 0.000718
1698.000000 0.000719
1699.000000 0.000717
1700.000000 0.000718
1701.000000 0.000716
1702.000000 0.000717
1703.000000 0.000716
1704.000000 0.000715
1705.000000 0.000715
1706.000000 0.000714
1707.000000 0.000715
1708.000000 0.000713
1709.000000 0.000714
1710.000000 0.000712
1711.000000 0.000712
1712.000000 0.000712
1713.000000 0.000710
1714.000000 0.000711
1715.000000 0.000709
1716.000000 0.000710
1717.000000 0.000708
1718.000000 0.000709
1719.000000 0.000708
1720.000000 0.000708
1721.000000 0.000707
1722.000000 0.000706
1723.000000 0.000707
1724.000000 0.000705
1725.000000 0.000706
1726.000000 0.000704
1727.000000 0.000704
1728.000000 0.000703
1729.000000 0.000703
1730.000000 0.000703
1731.000000 0.000701
1732.000000 0.000702
1733.000000 0.000700
1734.000000 0.000701
1735.000000 0.000699
1736.000000 0.000699
1737.000000 0.000698
1738.000000 0.000698
1739.000000 0.000698
1740.000000 0.000696
1741.000000 0.000697
1742.000000 0.000695
1743.000000 0.000696
1744.000000 0.000695
1745.000000 0.000694
1746.000000 0.000694
1747.000000 0.000693
1748.000000 0.000693
1749.000000 0.000691
1750.000000 0.000692
1751.000000 0.000690
1752.000000 0.000691
1753.000000 0.000690
1754.000000 0.000689
1755.000000 0.000689
1756.000000 0.000687
1757.000000 0.000688
1758.000000 0.000686
1759.000000 0.000687
1760.000000 0.000685
1761.000000 0.000685
1762.000000 0.000684
1763.000000 0.000684
1764.000000 0.000683
1765.000000 0.000682
1766.000000 0.000683
1767.000000 0.000680
1768.000000 0.000681
1769.000000 0.000680
1770.000000 0.000679
1771.000000 0.000679
1772.000000 0.000678
1773.000000 0.000678
1774.000000 0.000677
1775.000000 0.000677
1776.000000 0.000675
1777.000000 0.000676
1778.000000 0.000675
1779.000000 0.000674
1780.000000 0.000674
1781.000000 0.000672
1782.000000 0.000673
1783.000000 0.000671
1784.000000 0.000671
1785.000000 0.000670
1786.000000 0.000670
1787.000000 0.000669
1788.000000 0.000668
1789.000000 0.000668
1790.000000 0.000666
1791.000000 0.000667
1792.000000 0.000665
1793.000000 0.000666
1794.000000 0.000664
1795.000000 0.000664
1796.000000 0.000664
1797.000000 0.000662
1798.000000 0.000662
1799.000000 0.000661
1800.000000 0.000661
1801.000000 0.000660
1802.000000 0.000660
1803.000000 0.000658
1804.000000 0.000658
1805.000000 0.000658
1806.000000 0.000656
1807.000000 0.000657
1808.000000 0.000655
1809.000000 0.000655
1810.000000 0.000654
1811.000000 0.000653
1812.000000 0.000652
1813.000000 0.000652
1814.000000 0.000652
1815.000000 0.000650
1816.000000 0.000650
1817.000000 0.000649
1818.000000 0.000649
1819.000000 0.000648
1820.000000 0.000647
1821.000000 0.000647
1822.000000 0.000645
1823.000000 0.000646
1824.000000 0.000644
1825.000000 0.000644
1826.000000 0.000643
1827.000000 0.000642
1828.000000 0.000642
1829.000000 0.000641
1830.000000 0.000641
1831.000000 0.000639
1832.000000 0.000640
1833.000000 0.000638
1834.000000 0.000638
1835.000000 0.000637
1836.000000 0.000636
1837.000000 0.000636
1838.000000 0.000635
1839.000000 0.000634
1840.000000 0.000633
1841.000000 0.000633
1842.000000 0.000632
1843.000000 0.000631
1844.000000 0.000631
1845.000000 0.000629
1846.000000 0.000630
1847.000000 0.000628
1848.000000 0.000628
1849.000000 0.000626
1850.000000 0.000627
1851.000000 0.000625
1852.000000 0.000625
1853.000000 0.000624
1854.000000 0.000623
1855.000000 0.000623
1856.000000 0.000622
1857.000000 0.000621
1858.000000 0.000620
1859.000000 0.000620
1860.000000 0.000619
1861.000000 0.000618
1862.000000 0.000618
1863.000000 0.000616
1864.000000 0.000616
1865.000000 0.000615
1866.000000 0.000614
1867.000000 0.000614
1868.000000 0.000613
1869.000000 0.000612
1870.000000 0.000611
1871.000000 0.000611
1872.000000 0.000609
1873.000000 0.000610
1874.000000 0.000608
1875.000000 0.000608
1876.000000 0.000607
1877.000000 0.000606
1878.000000 0.000606
1879.000000 0.000604
1880.000000 0.000604
1881.000000 0.000603
1882.000000 0.000603
1883.000000 0.000602
1884.000000 0.000601
1885.000000 0.000600
1886.000000 0.000599
1887.000000 0.000599
1888.000000 0.000597
1889.000000 0.000597
1890.000000 0.000596
1891.000000 0.000596
1892.000000 0.000595
1893.000000 0.000593
1894.000000 0.000593
1895.000000 0.000592
1896.000000 0.000592
1897.000000 0.000590
1898.000000 0.000590
1899.000000 0.000589
1900.000000 0.000589
1901.000000 0.000588
1902.000000 0.000587
1903.000000 0.000587
1904.000000 0.000585
1905.000000 0.000585
1906.000000 0.000583
1907.000000 0.000583
1908.000000 0.000582
1909.000000 0.000581
1910.000000 0.000581
1911.000000 0.000579
1912.000000 0.000579
1913.000000 0.000578
1914.000000 0.000578
1915.000000 0.000576
1916.000000 0.000576
1917.000000 0.000575
1918.000000 0.000574
1919.000000 0.000574
1920.000000 0.000572
1921.000000 0.000572
1922.000000 0.000571
1923.000000 0.000570
1924.000000 0.000569
1925.000000 0.000569
1926.000000 0.000568
1927.000000 0.000567
1928.000000 0.000567
1929.000000 0.000565
1930.000000 0.000565
1931.000000 0.000564
1932.000000 0.000563
1933.000000 0.000562
1934.000000 0.000561
1935.000000 0.000561
1936.000000 0.000559
1937.000000 0.000560
1938.000000 0.000557
1939.000000 0.000558
1940.000000 0.000556
1941.000000 0.000556
1942.000000 0.000555
1943.000000 0.000554
1944.000000 0.000554
1945.000000 0.000552
1946.000000 0.000552
1947.000000 0.000550
1948.000000 0.000550
1949.000000 0.000550
1950.000000 0.000548
1951.000000 0.000548
1952.000000 0.000547
1953.000000 0.000546
1954.000000 0.000544
1955.000000 0.000545
1956.000000 0.000543
1957.000000 0.000543
1958.000000 0.000542
1959.000000 0.000541
1960.000000 0.000541
1961.000000 0.000539
1962.000000 0.000539
1963.000000 0.000537
1964.000000 0.000537
1965.000000 0.000535
1966.000000 0.000536
1967.000000 0.000535
1968.000000 0.000533
1969.000000 0.000533
1970.000000 0.000531
1971.000000 0.000532
1972.000000 0.000529
1973.000000 0.000530
1974.000000 0.000528
1975.000000 0.000528
1976.000000 0.000527
1977.000000 0.000526
1978.000000 0.000526
1979.000000 0.000523
1980.000000 0.000524
1981.000000 0.000522
1982.000000 0.000522
1983.000000 0.000521
1984.000000 0.000520
1985.000000 0.000520
1986.000000 0.000518
1987.000000 0.000518
1988.000000 0.000516
1989.000000 0.000516
1990.000000 0.000515
1991.000000 0.000515
1992.000000 0.000513
1993.000000 0.000512
1994.000000 0.000512
1995.000000 0.000510
1996.000000 0.000511
1997.000000 0.000508
1998.000000 0.000509
1999.000000 0.000507
2000.000000 0.000507
2001.000000 0.000506
2002.000000 0.000504
2003.000000 0.000505
2004.000000 0.000502
2005.000000 0.000503
2006.000000 0.000501
2007.000000 0.000501
2008.000000 0.000499
2009.000000 0.000499
2010.000000 0.000498
2011.000000 0.000497
2012.000000 0.000497
2013.000000 0.000495
2014.000000 0.000495
2015.000000 0.000493
2016.000000 0.000493
2017.000000 0.000492
2018.000000 0.000491
2019.000000 0.000491
2020.000000 0.000489
2021.000000 0.000489
2022.000000 0.000487
2023.000000 0.000487
2024.000000 0.000486
2025.000000 0.000485
2026.000000 0.000484
2027.000000 0.000483
2028.000000 0.000483
2029.000000 0.000481
2030.000000 0.000482
2031.000000 0.000480
2032.000000 0.000479
2033.000000 0.000478
2034.000000 0.000478
2035.000000 0.000477
2036.000000 0.000475
2037.000000 0.000475
2038.000000 0.000473
2039.000000 0.000474
2040.000000 0.000472
2041.000000 0.000472
2042.000000 0.000471
2043.000000 0.000469
2044.000000 0.000469
2045.000000 0.000468
2046.000000 0.000467
2047.000000 0.000466
2048.000000 0.000466
2049.000000 0.000464
2050.000000 0.000464
2051.000000 0.000463
2052.000000 0.000462
2053.000000 0.000461
2054.000000 0.000460
2055.000000 0.000460
2056.000000 0.000458
2057.000000 0.000458
2058.000000 0.000457
2059.000000 0.000456
2060.000000 0.000455
2061.000000 0.000454
2062.000000 0.000453
2063.000000 0.000452
2064.000000 0.000452
2065.000000 0.000450
2066.000000 0.000450
2067.000000 0.000449
2068.000000 0.000448
2069.000000 0.000447
2070.000000 0.000446
2071.000000 0.000446
2072.000000 0.000445
2073.000000 0.000444
2074.000000 0.000443
2075.000000 0.000442
2076.000000 0.000441
2077.000000 0.000440
2078.000000 0.000440
2079.000000 0.000438
2080.000000 0.000438
2081.000000 0.000437
2082.000000 0.000436
2083.000000 0.000435
2084.000000 0.000434
2085.000000 0.000434
2086.000000 0.000432
2087.000000 0.000432
2088.000000 0.000431
2089.000000 0.000430
2090.000000 0.000429
2091.000000 0.000428
2092.000000 0.000428
2093.000000 0.000426
2094.000000 0.000426
2095.000000 0.000424
2096.000000 0.000424
2097.000000 0.000423
2098.000000 0.000422
2099.000000 0.000422
2100.000000 0.000420
2101.000000 0.000420
2102.000000 0.000419
2103.000000 0.000418
2104.000000 0.000417
2105.000000 0.000416
2106.000000 0.000415
2107.000000 0.000414
2108.000000 0.000414
2109.000000 0.000412
2110.000000 0.000412
2111.000000 0.000411
2112.000000 0.000410
2113.000000 0.000409
2114.000000 0.000408
2115.000000 0.000408
2116.000000 0.000407
2117.000000 0.000406
2118.000000 0.000404
2119.000000 0.000404
2120.000000 0.000403
2121.000000 0.000403
2122.000000 0.000401
2123.000000 0.000400
2124.000000 0.000400
2125.000000 0.000398
2126.000000 0.000398
2127.000000 0.000397
2128.000000 0.000396
2129.000000 0.000395
2130.000000 0.000395
2131.000000 0.000394
2132.000000 0.000393
2133.000000 0.000393
2134.000000 0.000391
2135.000000 0.000391
2136.000000 0.000389
2137.000000 0.000389
2138.000000 0.000388
2139.000000 0.000387
2140.000000 0.000386
2141.000000 0.000385
2142.000000 0.000385
2143.000000 0.000383
2144.000000 0.000383
2145.000000 0.000381
2146.000000 0.000381
2147.000000 0.000380
2148.000000 0.000379
2149.000000 0.000379
2150.000000 0.000377
2151.000000 0.000377
2152.000000 0.000375
2153.000000 0.000375
2154.000000 0.000374
2155.000000 0.000373
2156.000000 0.000373
2157.000000 0.000371
2158.000000 0.000371
2159.000000 0.000369
2160.000000 0.000370
2161.000000 0.000368
2162.000000 0.000367
2163.000000 0.000366
2164.000000 0.000365
2165.000000 0.000365
2166.000000 0.000363
2167.000000 0.000363
2168.000000 0.000361
2169.000000 0.000362
2170.000000 0.000360
2171.000000 0.000360
2172.000000 0.000359
2173.000000 0.000357
2174.000000 0.000358
2175.000000 0.000356
2176.000000 0.000356
2177.000000 0.000354
2178.000000 0.000354
2179.000000 0.000353
2180.000000 0.000352
2181.000000 0.000351
2182.000000 0.000350
2183.000000 0.000350
2184.000000 0.000348
2185.000000 0.000348
2186.000000 0.000347
2187.000000 0.000346
2188.000000 0.000345
2189.000000 0.000344
2190.000000 0.000344
2191.000000 0.000342
2192.000000 0.000342
2193.000000 0.000340
2194.000000 0.000341
2195.000000 0.000339
2196.000000 0.000338
2197.000000 0.000338
2198.000000 0.000336
2199.000000 0.000337
2200.000000 0.000335
2201.000000 0.000335
2202.000000 0.000333
2203.000000 0.000333
2204.000000 0.000332
2205.000000 0.000331
2206.000000 0.000331
2207.000000 0.000329
2208.000000 0.000329
2209.000000 0.000327
2210.000000 0.000327
2211.000000 0.000326
2212.000000 0.000325
2213.000000 0.000324
2214.000000 0.000323
2215.000000 0.000323
2216.000000 0.000321
2217.000000 0.000322
2218.000000 0.000320
2219.000000 0.000320
2220.000000 0.000318
2221.000000 0.000318
2222.000000 0.000317
2223.000000 0.000316
2224.000000 0.000316
2225.000000 0.000314
2226.000000 0.000314
2227.000000 0.000312
2228.000000 0.000312
2229.000000 0.000311
2230.000000 0.000310
2231.000000 0.000310
2232.000000 0.000308
2233.000000 0.000308
2234.000000 0.000306
2235.000000 0.000307
2236.000000 0.000305
2237.000000 0.000304
2238.000000 0.000304
2239.000000 0.000303
2240.000000 0.000302
2241.000000 0.000301
2242.000000 0.000301
2243.000000 0.000299
2244.000000 0.000299
2245.000000 0.000298
2246.000000 0.000297
2247.000000 0.000297
2248.000000 0.000295
2249.000000 0.000295
2250.000000 0.000293
2251.000000 0.000293
2252.000000 0.000292
2253.000000 0.000292
2254.000000 0.000291
2255.000000 0.000290
2256.000000 0.000290
2257.000000 0.000288
2258.000000 0.000288
2259.000000 0.000286
2260.000000 0.000286
2261.000000 0.000285
2262.000000 0.000284
2263.000000 0.000284
2264.000000 0.000282
2265.000000 0.000282
2266.000000 0.000281
2267.000000 0.000281
2268.000000 0.000279
2269.000000 0.000279
2270.000000 0.000278
2271.000000 0.000277
2272.000000 0.000276
2273.000000 0.000275
2274.000000 0.000275
2275.000000 0.000274
2276.000000 0.000273
2277.000000 0.000272
2278.000000 0.000272
2279.000000 0.000271
2280.000000 0.000270
2281.000000 0.000269
2282.000000 0.000268
2283.000000 0.000268
2284.000000 0.000266
2285.000000 0.000266
2286.000000 0.000265
2287.000000 0.000264
2288.000000 0.000264
2289.000000 0.000263
2290.000000 0.000262
2291.000000 0.000261
2292.000000 0.000261
2293.000000 0.000260
2294.000000 0.000259
2295.000000 0.000258
2296.000000 0.000257
2297.000000 0.000257
2298.000000 0.000255
2299.000000 0.000256
2300.000000 0.000254
2301.000000 0.000254
2302.000000 0.000253
2303.000000 0.000252
2304.000000 0.000251
2305.000000 0.000250
2306.000000 0.000250
2307.000000 0.000249
2308.000000 0.000249
2309.000000 0.000247
2310.000000 0.000247
2311.000000 0.000246
2312.000000 0.000245
2313.000000 0.000244
2314.000000 0.000243
2315.000000 0.000243
2316.000000 0.000242
2317.000000 0.000242
2318.000000 0.000240
2319.000000 0.000240
2320.000000 0.000239
2321.000000 0.000238
2322.000000 0.000238
2323.000000 0.000236
2324.000000 0.000236
2325.000000 0.000235
2326.000000 0.000235
2327.000000 0.000234
2328.000000 0.000233
2329.000000 0.000232
2330.000000 0.000231
2331.000000 0.000231
2332.000000 0.000230
2333.000000 0.000230
2334.000000 0.000228
2335.000000 0.000228
2336.000000 0.000227
2337.000000 0.000226
2338.000000 0.000226
2339.000000 0.000224
2340.000000 0.000224
2341.000000 0.000223
2342.000000 0.000223
2343.000000 0.000221
2344.000000 0.000221
2345.000000 0.000220
2346.000000 0.000219
2347.000000 0.000219
2348.000000 0.000218
2349.000000 0.000218
2350.000000 0.000216
2351.000000 0.000216
2352.000000 0.000215
2353.000000 0.000214
2354.000000 0.000214
2355.000000 0.000213
2356.000000 0.000212
2357.000000 0.000211
2358.000000 0.000211
2359.000000 0.000210
2360.000000 0.000210
2361.000000 0.000208
2362.000000 0.000208
2363.000000 0.000207
2364.000000 0.000206
2365.000000 0.000206
2366.000000 0.000205
2367.000000 0.000204
2368.000000 0.000203
2369.000000 0.000203
2370.000000 0.000202
2371.000000 0.000201
2372.000000 0.000201
2373.000000 0.000199
2374.000000 0.000199
2375.000000 0.000198
2376.000000 0.000198
2377.000000 0.000197
2378.000000 0.000196
2379.000000 0.000196
2380.000000 0.000195
2381.000000 0.000194
2382.000000 0.000193
2383.000000 0.000193
2384.000000 0.000192
2385.000000 0.000191
2386.000000 0.000190
2387.000000 0.000190
2388.000000 0.000189
2389.000000 0.000188
2390.000000 0.000188
2391.000000 0.000187
2392.000000 0.000187
2393.000000 0.000186
2394.000000 0.000185
2395.000000 0.000184
2396.000000 0.000183
2397.000000 0.000183
2398.000000 0.000182
2399.000000 0.000182
2400.000000 0.000181
2401.000000 0.000180
2402.000000 0.000179
2403.000000 0.000179
2404.000000 0.000178
2405.000000 0.000177
2406.000000 0.000177
2407.000000 0.000176
2408.000000 0.000175
2409.000000 0.000174
2410.000000 0.000174
2411.000000 0.000173
2412.000000 0.000172
2413.000000 0.000172
2414.000000 0.000171
2415.000000 0.000171
2416.000000 0.000170
2417.000000 0.000169
2418.000000 0.000168
2419.000000 0.000168
2420.000000 0.000167
2421.000000 0.000166
2422.000000 0.000166
2423.000000 0.000165
2424.000000 0.000165
2425.000000 0.000163
2426.000000 0.000163
2427.000000 0.000162
2428.000000 0.000162
2429.000000 0.000161
2430.000000 0.000160
2431.000000 0.000160
2432.000000 0.000159
2433.000000 0.000159
2434.000000 0.000158
2435.000000 0.000157
2436.000000 0.000156
2437.000000 0.000156
2438.000000 0.000155
2439.000000 0.000154
2440.000000 0.000154
2441.000000 0.000153
2442.000000 0.000153
2443.000000 0.000152
2444.000000 0.000151
2445.000000 0.000150
2446.000000 0.000150
2447.000000 0.000149
2448.000000 0.000148
2449.000000 0.000148
2450.000000 0.000147
2451.000000 0.000146
2452.000000 0.000146
2453.000000 0.000145
2454.000000 0.000145
2455.000000 0.000144
2456.000000 0.000144
2457.000000 0.000142
2458.000000 0.000142
2459.000000 0.000141
2460.000000 0.000141
2461.000000 0.000140
2462.000000 0.000139
2463.000000 0.000139
2464.000000 0.000138
2465.000000 0.000138
2466.000000 0.000137
2467.000000 0.000136
2468.000000 0.000136
2469.000000 0.000135
2470.000000 0.000134
2471.000000 0.000134
2472.000000 0.000133
2473.000000 0.000132
2474.000000 0.000132
2475.000000 0.000131
2476.000000 0.000131
2477.000000 0.000130
2478.000000 0.000129
2479.000000 0.000129
2480.000000 0.000128
2481.000000 0.000128
2482.000000 0.000127
2483.000000 0.000126
2484.000000 0.000125
2485.000000 0.000125
2486.000000 0.000124
2487.000000 0.000124
2488.000000 0.000123
2489.000000 0.000122
2490.000000 0.000122
2491.000000 0.000121
2492.000000 0.000121
2493.000000 0.000120
2494.000000 0.000119
2495.000000 0.000119
2496.000000 0.000118
2497.000000 0.000118
2498.000000 0.000117
2499.000000 0.000117
2500.000000 0.000116
2501.000000 0.000115
2502.000000 0.000115
2503.000000 0.000114
2504.000000 0.000114
2505.000000 0.000113
2506.000000 0.000112
2507.000000 0.000112
2508.000000 0.000111
2509.000000 0.000110
2510.000000 0.000110
2511.000000 0.000109
2512.000000 0.000109
2513.000000 0.000108
2514.000000 0.000107
2515.000000 0.000107
2516.000000 0.000106
2517.000000 0.000106
2518.000000 0.000105
2519.000000 0.000105
2520.000000 0.000104
2521.000000 0.000103
2522.000000 0.000103
2523.000000 0.000102
2524.000000 0.000102
2525.000000 0.000101
2526.000000 0.000100
2527.000000 0.000100
2528.000000 0.000099
2529.000000 0.000099
2530.000000 0.000098
2531.000000 0.000098
2532.000000 0.000097
2533.000000 0.000096
2534.000000 0.000096
2535.000000 0.000095
2536.000000 0.000095
2537.000000 0.000094
2538.000000 0.000094
2539.000000 0.000093
2540.000000 0.000093
2541.000000 0.000092
2542.000000 0.000091
2543.000000 0.000091
2544.000000 0.000090
2545.000000 0.000090
2546.000000 0.000089
2547.000000 0.000089
2548.000000 0.000088
2549.000000 0.000088
2550.000000 0.000087
2551.000000 0.000086
2552.000000 0.000086
2553.000000 0.000085
2554.000000 0.000085
2555.000000 0.000084
2556.000000 0.000084
2557.000000 0.000083
2558.000000 0.000083
2559.000000 0.000082
2560.000000 0.000081
2561.000000 0.000081
2562.000000 0.000080
2563.000000 0.000080
2564.000000 0.000079
2565.000000 0.000079
2566.000000 0.000078
2567.000000 0.000078
2568.000000 0.000077
2569.000000 0.000077
2570.000000 0.000076
2571.000000 0.000076
2572.000000 0.000075
2573.000000 0.000075
2574.000000 0.000074
2575.000000 0.000074
2576.000000 0.000073
2577.000000 0.000073
2578.000000 0.000072
2579.000000 0.000072
2580.000000 0.000071
2581.000000 0.000071
2582.000000 0.000070
2583.000000 0.000069
2584.000000 0.000069
2585.000000 0.000068
2586.000000 0.000068
2587.000000 0.000067
2588.000000 0.000067
2589.000000 0.000066
2590.000000 0.000066
2591.000000 0.000066
2592.000000 0.000065
2593.000000 0.000065
2594.000000 0.000064
2595.000000 0.000064
2596.000000 0.000063
2597.000000 0.000063
2598.000000 0.000062
2599.000000 0.000062
2600.000000 0.000061
2601.000000 0.000061
2602.000000 0.000060
2603.000000 0.000060
2604.000000 0.000059
2605.000000 0.000059
2606.000000 0.000058
2607.000000 0.000058
2608.000000 0.000057
2609.000000 0.000057
2610.000000 0.000056
2611.000000 0.000056
2612.000000 0.000055
2613.000000 0.000055
2614.000000 0.000054
2615.000000 0.000054
2616.000000 0.000054
2617.000000 0.000053
2618.000000 0.000053
2619.000000 0.000052
2620.000000 0.000052
2621.000000 0.000051
2622.000000 0.000051
2623.000000 0.000050
2624.000000 0.000050
2625.000000 0.000050
2626.000000 0.000049
2627.000000 0.000049
2628.000000 0.000048
2629.000000 0.000048
2630.000000 0.000047
2631.000000 0.000047
2632.000000 0.000047
2633.000000 0.000046
2634.000000 0.000046
2635.000000 0.000045
2636.000000 0.000045
2637.000000 0.000044
2638.000000 0.000044
2639.000000 0.000044
2640.000000 0.000043
2641.000000 0.000043
2642.000000 0.000042
2643.000000 0.000042
2644.000000 0.000042
2645.000000 0.000041
2646.000000 0.000041
2647.000000 0.000040
2648.000000 0.000040
2649.000000 0.000040
2650.000000 0.000039
2651.000000 0.000039
2652.000000 0.000038
2653.000000 0.000038
2654.000000 0.000038
2655.000000 0.000037
2656.000000 0.000037
2657.000000 0.000037
2658.000000 0.000036
2659.000000 0.000036
2660.000000 0.000035
2661.000000 0.000035
2662.000000 0.000035
2663.000000 0.000034
2664.000000 0.000034
2665.000000 0.000034
2666.000000 0.000033
2667.000000 0.000033
2668.000000 0.000033
2669.000000 0.000032
2670.000000 0.000032
2671.000000 0.000031
2672.000000 0.000031
2673.000000 0.000031
2674.000000 0.000030
2675.000000 0.000030
2676.000000 0.000030
2677.000000 0.000029
2678.000000 0.000029
2679.000000 0.000029
2680.000000 0.000028
2681.000000 0.000028
2682.000000 0.000028
2683.000000 0.000027
2684.000000 0.000027
2685.000000 0.000027
2686.000000 0.000027
2687.000000 0.000026
2688.000000 0.000026
2689.000000 0.000026
2690.000000 0.000025
2691.000000 0.000025
2692.000000 0.000025
2693.000000 0.000024
2694.000000 0.000024
2695.000000 0.000024
2696.000000 0.000023
2697.000000 0.000023
2698.000000 0.000023
2699.000000 0.000023
2700.000000 0.000022
2701.000000 0.000022
2702.000000 0.000022
2703.000000 0.000021
2704.000000 0.000021
2705.000000 0.000021
2706.000000 0.000021
2707.000000 0.000020
2708.000000 0.000020
2709.000000 0.000020
2710.000000 0.000020
2711.000000 0.000019
2712.000000 0.000019
2713.000000 0.000019
2714.000000 0.000019
2715.000000 0.000018
2716.000000 0.000018
2717.000000 0.000018
2718.000000 0.000018
2719.000000 0.000017
2720.000000 0.000017
2721.000000 0.000017
2722.000000 0.000017
2723.000000 0.000016
2724.000000 0.000016
2725.000000 0.000016
2726.000000 0.000016
2727.000000 0.000015
2728.000000 0.000015
2729.000000 0.000015
2730.000000 0.000015
2731.000000 0.000015
2732.000000 0.000014
2733.000000 0.000014
2734.000000 0.000014
2735.000000 0.000014
2736.000000 0.000013
2737.000000 0.000013
2738.000000 0.000013
2739.000000 0.000013
2740.000000 0.000013
2741.000000 0.000012
2742.000000 0.000012
2743.000000 0.000012
2744.000000 0.000012
2745.000000 0.000012
2746.000000 0.000012
2747.000000 0.000011
2748.000000 0.000011
2749.000000 0.000011
2750.000000 0.000011
2751.000000 0.000011
2752.000000 0.000010
2753.000000 0.000010
2754.000000 0.000010
2755.000000 0.000010
2756.000000 0.000010
2757.000000 0.000010
2758.000000 0.000009
2759.000000 0.000009
2760.000000 0.000009
2761.000000 0.000009
2762.000000 0.000009
2763.000000 0.000009
2764.000000 0.000008
2765.000000 0.000008
2766.000000 0.000008
2767.000000 0.000008
2768.000000 0.000008
2769.000000 0.000008
2770.000000 0.000008
2771.000000 0.000007
2772.000000 0.000007
2773.000000 0.000007
2774.000000 0.000007
2775.000000 0.000007
2776.000000 0.000007
2777.000000 0.000007
2778.000000 0.000007
2779.000000 0.000006
2780.000000 0.000006
2781.000000 0.000006
2782.000000 0.000006
2783.000000 0.000006
2784.000000 0.000006
2785.000000 0.000006
2786.000000 0.000006
2787.000000 0.000005
2788.000000 0.000005
2789.000000 0.000005
2790.000000 0.000005
2791.000000 0.000005
2792.000000 0.000005
2793.000000 0.000005
2794.000000 0.000005
2795.000000 0.000005
2796.000000 0.000005
2797.000000 0.000004
2798.000000 0.000004
2799.000000 0.000004
2800.000000 0.000004
2801.000000 0.000004
2802.000000 0.000004
2803.000000 0.000004
2804.000000 0.000004
2805.000000 0.000004
2806.000000 0.000004
2807.000000 0.000004
2808.000000 0.000003
2809.000000 0.000003
2810.000000 0.000003
2811.000000 0.000003
2812.000000 0.000003
2813.000000 0.000003
2814.000000 0.000003
2815.000000 0.000003
2816.000000 0.000003
2817.000000 0.000003
2818.000000 0.000003
2819.000000 0.000003
2820.000000 0.000003
2821.000000 0.000003
2822.000000 0.000002
2823.000000 0.000002
2824.000000 0.000002
2825.000000 0.000002
2826.000000 0.000002
2827.000000 0.000002
2828.000000 0.000002
2829.000000 0.000002
2830.000000 0.000002
2831.000000 0.000002
2832.000000 0.000002
2833.000000 0.000002
2834.000000 0.000002
2835.000000 0.000002
2836.000000 0.000002
2837.000000 0.000002
2838.000000 0.000002
2839.000000 0.000002
2840.000000 0.000002
2841.000000 0.000001
2842.000000 0.000001
2843.000000 0.000001
2844.000000 0.000001
2845.000000 0.000001
2846.000000 0.000001
2847.000000 0.000001
2848.000000 0.000001
2849.000000 0.000001
2850.000000 0.000001
2851.000000 0.000001
2852.000000 0.000001
2853.000000 0.000001
2854.000000 0.000001
2855.000000 0.000001
2856.000000 0.000001
2857.000000 0.000001
2858.000000 0.000001
2859.000000 0.000001
2860.000000 0.000001
2861.000000 0.000001
2862.000000 0.000001
2863.000000 0.000001
2864.000000 0.000001
2865.000000 0.000001
2866.000000 0.000001
2867.000000 0.000001
2868.000000 0.000001
2869.000000 0.000001
2870.000000 0.000001
2871.000000 0.000001
2872.000000 0.000001
2873.000000 0.000001
2874.000000 0.000000
2875.000000 0.000000
2876.000000 0.000000
2877.000000 0.000000
2878.000000 0.000000
2879.000000 0.000000
2880.000000 0.000000
2881.000000 0.000000
2882.000000 0.000000
2883.000000 0.000000
2884.000000 0.000000
2885.000000 0.000000
2886.000000 0.000000
2887.000000 0.000000
2888.000000 0.000000
2889.000000 0.000000
2890.000000 0.000000
2891.000000 0.000000
2892.000000 0.000000
2893.000000 0.000000
2894.000000 0.000000
2895.000000 0.000000
2896.000000 0.000000
2897.000000 0.000000
2898.000000 0.000000
2899.000000 0.000000
2900.000000 0.000000
2901.000000 0.000000
2902.000000 0.000000
2903.000000 0.000000
2904.000000 0.000000
2905.000000 0.000000
2906.000000 0.000000
2907.000000 0.000000
2908.000000 0.000000
2909.000000 0.000000
2910.000000 0.000000
2911.000000 0.000000
2912.000000 0.000000
2913.000000 0.000000
2914.000000 0.000000
2915.000000 0.000000
2916.000000 0.000000
2917.000000 0.000000
2918.000000 0.000000
2919.000000 0.000000
2920.000000 0.000000
2921.000000 0.000000
2922.000000 0.000000
2923.000000 0.000000
2924.000000 0.000000
2925.000000 0.000000
2926.000000 0.000000
2927.000000 0.000000
2928.000000 0.000000
2929.000000 0.000000
2930.000000 0.000000
2931.000000 0.000000
2932.000000 0.000000
2933.000000 0.000000
2934.000000 0.000000
2935.000000 0.000000
2936.000000 0.000000
2937.000000 0.000000
2938.000000 0.000000
2939.000000 0.000000
2940.000000 0.000000
2941.000000 0.000000
2942.000000 0.000000
2943.000000 0.000000
2944.000000 0.000000
2945.000000 0.000000
2946.000000 0.000000
2947.000000 0.000000
2948.000000 0.000000
2949.000000 0.000000
2950.000000 0.000000
2951.000000 0.000000
2952.000000 0.000000
2953.000000 0.000000
2954.000000 0.000000
2955.000000 0.000000
2956.000000 0.000000
2957.000000 0.000000
2958.000000 0.000000
2959.000000 0.000000
2960.000000 0.000000
2961.000000 0.000000
2962.000000 0.000000
2963.000000 0.000000
2964.000000 0.000000
2965.000000 0.000000
2966.000000 0.000000
2967.000000 0.000000
2968.000000 0.000000
2969.000000 0.000000
2970.000000 0.000000
2971.000000 0.000000
2972.000000 0.000000
2973.000000 0.000000
2974.000000 0.000000
2975.000000 0.000000
2976.000000 0.000000
2977.000000 0.000000
2978.000000 0.000000
2979.000000 0.000000
2980.000000 0.000000
2981.000000 0.000000
2982.000000 0.000000
2983.000000 0.000000
2984.000000 0.000000
2985.000000 0.000000
2986.000000 0.000000
2987.000000 0.000000
2988.000000 0.000000
2989.000000 0.000000
2990.000000 0.000000
2991.000000 0.000000
2992.000000 0.000000
2993.000000 0.000000
2994.000000 0.000000
2995.000000 0.000000
2996.000000 0.000000
2997.000000 0.000000
2998.000000 0.000000
2999.000000 0.000000
3000.000000 0.000000
