n lam mean variance std
3000 0.140000 1500.490350 251155.336345 501.154005
bin_midpoint probability
1.000000 0.000000
2.000000 0.000000
3.000000 0.000000
4.000000 0.000000
5.000000 0.000000
6.000000 0.000000
7.000000 0.000000
8.000000 0.000000
9.000000 0.000000
10.000000 0.000000
11.000000 0.000000
12.000000 0.000000
13.000000 0.000000
14.000000 0.000000
15.000000 0.000000
16.000000 0.000000
17.000000 0.000000
18.000000 0.000000
19.000000 0.000000
20.000000 0.000000
21.000000 0.000000
22.000000 0.000000
23.000000 0.000000
24.000000 0.000000
25.000000 0.000000
26.000000 0.000000
27.000000 0.000000
28.000000 0.000000
29.000000 0.000000
30.000000 0.000000
31.000000 0.000000
32.000000 0.000000
33.000000 0.000000
34.000000 0.000000
35.000000 0.000000
36.000000 0.000000
37.000000 0.000000
38.000000 0.000000
39.000000 0.000000
40.000000 0.000000
41.000000 0.000000
42.000000 0.000000
43.000000 0.000000
44.000000 0.000000
45.000000 0.000000
46.000000 0.000000
47.000000 0.000000
48.000000 0.000000
49.000000 0.000000
50.000000 0.000000
51.000000 0.000000
52.000000 0.000000
53.000000 0.000000
54.000000 0.000000
55.000000 0.000000
56.000000 0.000000
57.000000 0.000000
58.000000 0.000000
59.000000 0.000000
60.000000 0.000000
61.000000 0.000000
62.000000 0.000000
63.000000 0.000000
64.000000 0.000000
65.000000 0.000000
66.000000 0.000000
67.000000 0.000000
68.000000 0.000000
69.000000 0.000000
70.000000 0.000000
71.000000 0.000000
72.000000 0.000000
73.000000 0.000000
74.000000 0.000000
75.000000 0.000000
76.000000 0.000000
77.000000 0.000000
78.000000 0.000000
79.000000 0.000000
80.000000 0.000000
81.000000 0.000000
82.000000 0.000000
83.000000 0.000000
84.000000 0.000000
85.000000 0.000000
86.000000 0.000000
87.000000 0.000000
88.000000 0.000000
89.000000 0.000000
90.000000 0.000000
91.000000 0.000000
92.000000 0.000000
93.000000 0.000000
94.000000 0.000000
95.000000 0.000000
96.000000 0.000000
97.000000 0.000000
98.000000 0.000000
99.000000 0.000000
100.000000 0.000000
101.000000 0.000000
102.000000 0.000000
103.000000 0.000001
104.000000 0.000001
105.000000 0.000001
106.000000 0.000001
107.000000 0.000001
108.000000 0.000001
109.000000 0.000001
110.000000 0.000001
111.000000 0.000001
112.000000 0.000001
113.000000 0.000001
114.000000 0.000001
115.000000 0.000001
116.000000 0.000001
117.000000 0.000001
118.000000 0.000001
119.000000 0.000001
120.000000 0.000001
121.000000 0.000001
122.000000 0.000001
123.000000 0.000001
124.000000 0.000001
125.000000 0.000001
126.000000 0.000001
127.000000 0.000001
128.000000 0.000001
129.000000 0.000001
130.000000 0.000001
131.000000 0.000001
132.000000 0.000002
133.000000 0.000002
134.000000 0.000002
135.000000 0.000002
136.000000 0.000002
137.000000 0.000002
138.000000 0.000002
139.000000 0.000002
140.000000 0.000002
141.000000 0.000002
142.000000 0.000002
143.000000 0.000002
144.000000 0.000002
145.000000 0.000002
146.000000 0.000002
147.000000 0.000002
148.000000 0.000002
149.000000 0.000003
150.000000 0.000003
151.000000 0.000003
152.000000 0.000003
153.000000 0.000003
154.000000 0.000003
155.000000 0.000003
156.000000 0.000003
157.000000 0.000003
158.000000 0.000003
159.000000 0.000003
160.000000 0.000003
161.000000 0.000004
162.000000 0.000004
163.000000 0.000004
164.000000 0.000004
165.000000 0.000004
166.000000 0.000004
167.000000 0.000004
168.000000 0.000004
169.000000 0.000004
170.000000 0.000004
171.000000 0.000004
172.000000 0.000005
173.000000 0.000005
174.000000 0.000005
175.000000 0.000005
176.000000 0.000005
177.000000 0.000005
178.000000 0.000005
179.000000 0.000005
180.000000 0.000006
181.000000 0.000006
182.000000 0.000006
183.000000 0.000006
184.000000 0.000006
185.000000 0.000006
186.000000 0.000006
187.000000 0.000006
188.000000 0.000007
189.000000 0.000007
190.000000 0.000007
191.000000 0.000007
192.000000 0.000007
193.000000 0.000007
194.000000 0.000007
195.000000 0.000008
196.000000 0.000008
197.000000 0.000008
198.000000 0.000008
199.000000 0.000008
200.000000 0.000008
201.000000 0.000009
202.000000 0.000009
203.000000 0.000009
204.000000 0.000009
205.000000 0.000009
206.000000 0.000009
207.000000 0.000010
208.000000 0.000010
209.000000 0.000010
210.000000 0.000010
211.000000 0.000010
212.000000 0.000011
213.000000 0.000011
214.000000 0.000011
215.000000 0.000011
216.000000 0.000011
217.000000 0.000012
218.000000 0.000012
219.000000 0.000012
220.000000 0.000012
221.000000 0.000012
222.000000 0.000013
223.000000 0.000013
224.000000 0.000013
225.000000 0.000013
226.000000 0.000013
227.000000 0.000014
228.000000 0.000014
229.000000 0.000014
230.000000 0.000014
231.000000 0.000015
232.000000 0.000015
233.000000 0.000015
234.000000 0.000015
235.000000 0.000015
236.000000 0.000016
237.000000 0.000016
238.000000 0.000016
239.000000 0.000016
240.000000 0.000017
241.000000 0.000017
242.000000 0.000017
243.000000 0.000017
244.000000 0.000018
245.000000 0.000018
246.000000 0.000018
247.000000 0.000019
248.000000 0.000019
249.000000 0.000019
250.000000 0.000019
251.000000 0.000020
252.000000 0.000020
253.000000 0.000020
254.000000 0.000021
255.000000 0.000021
256.000000 0.000021
257.000000 0.000021
258.000000 0.000022
259.000000 0.000022
260.000000 0.000022
261.000000 0.000023
262.000000 0.000023
263.000000 0.000023
264.000000 0.000023
265.000000 0.000024
266.000000 0.000024
267.000000 0.000024
268.000000 0.000025
269.000000 0.000025
270.000000 0.000025
271.000000 0.000026
272.000000 0.000026
273.000000 0.000026
274.000000 0.000027
275.000000 0.000027
276.000000 0.000027
277.000000 0.000027
278.000000 0.000028
279.000000 0.000028
280.000000 0.000029
281.000000 0.000029
282.000000 0.000029
283.000000 0.000030
284.000000 0.000030
285.000000 0.000030
286.000000 0.000031
287.000000 0.000031
288.000000 0.000031
289.000000 0.000032
290.000000 0.000032
291.000000 0.000032
292.000000 0.000033
293.000000 0.000033
294.000000 0.000034
295.000000 0.000034
296.000000 0.000034
297.000000 0.000035
298.000000 0.000035
299.000000 0.000035
300.000000 0.000036
301.000000 0.000036
302.000000 0.000036
303.000000 0.000037
304.000000 0.000037
305.000000 0.000038
306.000000 0.000038
307.000000 0.000038
308.000000 0.000039
309.000000 0.000039
310.000000 0.000040
311.000000 0.000040
312.000000 0.000040
313.000000 0.000041
314.000000 0.000041
315.000000 0.000042
316.000000 0.000042
317.000000 0.000042
318.000000 0.000043
319.000000 0.000043
320.000000 0.000043
321.000000 0.000044
322.000000 0.000044
323.000000 0.000045
324.000000 0.000045
325.000000 0.000045
326.000000 0.000046
327.000000 0.000046
328.000000 0.000047
329.000000 0.000047
330.000000 0.000048
331.000000 0.000048
332.000000 0.000048
333.000000 0.000049
334.000000 0.000049
335.000000 0.000050
336.000000 0.000050
337.000000 0.000051
338.000000 0.000051
339.000000 0.000051
340.000000 0.000052
341.000000 0.000052
342.000000 0.000053
343.000000 0.000053
344.000000 0.000054
345.000000 0.000054
346.000000 0.000055
347.000000 0.000055
348.000000 0.000056
349.000000 0.000056
350.000000 0.000056
351.000000 0.000057
352.000000 0.000057
353.000000 0.000058
354.000000 0.000058
355.000000 0.000059
356.000000 0.000059
357.000000 0.000059
358.000000 0.000060
359.000000 0.000060
360.000000 0.000061
361.000000 0.000061
362.000000 0.000062
363.000000 0.000062
364.000000 0.000063
365.000000 0.000063
366.000000 0.000064
367.000000 0.000064
368.000000 0.000064
369.000000 0.000065
370.000000 0.000065
371.000000 0.000066
372.000000 0.000066
373.000000 0.000067
374.000000 0.000067
375.000000 0.000068
376.000000 0.000069
377.000000 0.000069
378.000000 0.000069
379.000000 0.000070
380.000000 0.000070
381.000000 0.000071
382.000000 0.000071
383.000000 0.000072
384.000000 0.000072
385.000000 0.000073
386.000000 0.000073
387.000000 0.000074
388.000000 0.000074
389.000000 0.000074
390.000000 0.000075
391.000000 0.000075
392.000000 0.000076
393.000000 0.000076
394.000000 0.000077
395.000000 0.000077
396.000000 0.000078
397.000000 0.000078
398.000000 0.000079
399.000000 0.000079
400.000000 0.000080
401.000000 0.000081
402.000000 0.000081
403.000000 0.000081
404.000000 0.000082
405.000000 0.000082
406.000000 0.000083
407.000000 0.000083
408.000000 0.000084
409.000000 0.000084
410.000000 0.000085
411.000000 0.000085
412.000000 0.000086
413.000000 0.000086
414.000000 0.000087
415.000000 0.000087
416.000000 0.000088
417.000000 0.000088
418.000000 0.000089
419.000000 0.000090
420.000000 0.000090
421.000000 0.000091
422.000000 0.000091
423.000000 0.000092
424.000000 0.000092
425.000000 0.000092
426.000000 0.000093
427.000000 0.000093
428.000000 0.000094
429.000000 0.000094
430.000000 0.000095
431.000000 0.000095
432.000000 0.000096
433.000000 0.000097
434.000000 0.000097
435.000000 0.000098
436.000000 0.000098
437.000000 0.000099
438.000000 0.000099
439.000000 0.000100
440.000000 0.000100
441.000000 0.000101
442.000000 0.000101
443.000000 0.000102
444.000000 0.000103
445.000000 0.000103
446.000000 0.000104
447.000000 0.000104
448.000000 0.000105
449.000000 0.000105
450.000000 0.000106
451.000000 0.000106
452.000000 0.000107
453.000000 0.000107
454.000000 0.000108
455.000000 0.000109
456.000000 0.000109
457.000000 0.000109
458.000000 0.000110
459.000000 0.000110
460.000000 0.000111
461.000000 0.000111
462.000000 0.000112
463.000000 0.000113
464.000000 0.000113
465.000000 0.000114
466.000000 0.000114
467.000000 0.000115
468.000000 0.000115
469.000000 0.000116
470.000000 0.000116
471.000000 0.000117
472.000000 0.000118
473.000000 0.000118
474.000000 0.000119
475.000000 0.000119
476.000000 0.000120
477.000000 0.000120
478.000000 0.000121
479.000000 0.000122
480.000000 0.000122
481.000000 0.000123
482.000000 0.000123
483.000000 0.000124
484.000000 0.000124
485.000000 0.000125
486.000000 0.000126
487.000000 0.000126
488.000000 0.000126
489.000000 0.000127
490.000000 0.000128
491.000000 0.000129
492.000000 0.000129
493.000000 0.000129
494.000000 0.000130
495.000000 0.000131
496.000000 0.000131
497.000000 0.000132
498.000000 0.000133
499.000000 0.000133
500.000000 0.000134
501.000000 0.000134
502.000000 0.000135
503.000000 0.000135
504.000000 0.000136
505.000000 0.000137
506.000000 0.000137
507.000000 0.000138
508.000000 0.000138
509.000000 0.000139
510.000000 0.000139
511.000000 0.000140
512.000000 0.000141
513.000000 0.000141
514.000000 0.000142
515.000000 0.000142
516.000000 0.000143
517.000000 0.000144
518.000000 0.000144
519.000000 0.000145
520.000000 0.000145
521.000000 0.000146
522.000000 0.000146
523.000000 0.000147
524.000000 0.000148
525.000000 0.000148
526.000000 0.000149
527.000000 0.000150
528.000000 0.000150
529.000000 0.000150
530.000000 0.000151
531.000000 0.000152
532.000000 0.000152
533.000000 0.000153
534.000000 0.000154
535.000000 0.000154
536.000000 0.000155
537.000000 0.000156
538.000000 0.000156
539.000000 0.000157
540.000000 0.000157
541.000000 0.000158
542.000000 0.000158
543.000000 0.000159
544.000000 0.000160
545.000000 0.000161
546.000000 0.000161
547.000000 0.000161
548.000000 0.000163
549.000000 0.000163
550.000000 0.000163
551.000000 0.000164
552.000000 0.000165
553.000000 0.000165
554.000000 0.000166
555.000000 0.000167
556.000000 0.000167
557.000000 0.000168
558.000000 0.000168
559.000000 0.000169
560.000000 0.000170
561.000000 0.000170
562.000000 0.000171
563.000000 0.000172
564.000000 0.000172
565.000000 0.000173
566.000000 0.000174
567.000000 0.000174
568.000000 0.000175
569.000000 0.000175
570.000000 0.000176
571.000000 0.000177
572.000000 0.000177
573.000000 0.000178
574.000000 0.000178
575.000000 0.000179
576.000000 0.000180
577.000000 0.000181
578.000000 0.000181
579.000000 0.000182
580.000000 0.000183
581.000000 0.000183
582.000000 0.000184
583.000000 0.000184
584.000000 0.000185
585.000000 0.000185
586.000000 0.000186
587.000000 0.000187
588.000000 0.000188
589.000000 0.000188
590.000000 0.000189
591.000000 0.000190
592.000000 0.000190
593.000000 0.000191
594.000000 0.000192
595.000000 0.000192
596.000000 0.000193
597.000000 0.000193
598.000000 0.000194
599.000000 0.000195
600.000000 0.000196
601.000000 0.000196
602.000000 0.000197
603.000000 0.000197
604.000000 0.000198
605.000000 0.000199
606.000000 0.000199
607.000000 0.000200
608.000000 0.000201
609.000000 0.000202
610.000000 0.000202
611.000000 0.000203
612.000000 0.000203
613.000000 0.000204
614.000000 0.000205
615.000000 0.000205
616.000000 0.000206
617.000000 0.000207
618.000000 0.000208
619.000000 0.000208
620.000000 0.000209
621.000000 0.000209
622.000000 0.000210
623.000000 0.000211
624.000000 0.000211
625.000000 0.000212
626.000000 0.000213
627.000000 0.000214
628.000000 0.000214
629.000000 0.000215
630.000000 0.000215
631.000000 0.000216
632.000000 0.000217
633.000000 0.000217
634.000000 0.000219
635.000000 0.000219
636.000000 0.000220
637.000000 0.000220
638.000000 0.000221
639.000000 0.000222
640.000000 0.000222
641.000000 0.000223
642.000000 0.000224
643.000000 0.000225
644.000000 0.000225
645.000000 0.000226
646.000000 0.000227
647.000000 0.000227
648.000000 0.000228
649.000000 0.000229
650.000000 0.000229
651.000000 0.000230
652.000000 0.000231
653.000000 0.000231
654.000000 0.000232
655.000000 0.000233
656.000000 0.000234
657.000000 0.000234
658.000000 0.000235
659.000000 0.000236
660.000000 0.000236
661.000000 0.000237
662.000000 0.000237
663.000000 0.000239
664.000000 0.000239
665.000000 0.000240
666.000000 0.000241
667.000000 0.000241
668.000000 0.000242
669.000000 0.000242
670.000000 0.000244
671.000000 0.000244
672.000000 0.000245
673.000000 0.000245
674.000000 0.000247
675.000000 0.000247
676.000000 0.000247
677.000000 0.000249
678.000000 0.000249
679.000000 0.000250
680.000000 0.000250
681.000000 0.000252
682.000000 0.000252
683.000000 0.000252
684.000000 0.000254
685.000000 0.000254
686.000000 0.000255
687.000000 0.000255
688.000000 0.000257
689.000000 0.000257
690.000000 0.000257
691.000000 0.000259
692.000000 0.000260
693.000000 0.000260
694.000000 0.000260
695.000000 0.000262
696.000000 0.000262
697.000000 0.000263
698.000000 0.000264
699.000000 0.000265
700.000000 0.000265
701.000000 0.000265
702.000000 0.000267
703.000000 0.000267
704.000000 0.000268
705.000000 0.000268
706.000000 0.000270
707.000000 0.000270
708.000000 0.000271
709.000000 0.000272
710.000000 0.000272
711.000000 0.000273
712.000000 0.000274
713.000000 0.000275
714.000000 0.000275
715.000000 0.000276
716.000000 0.000277
717.000000 0.000278
718.000000 0.000278
719.000000 0.000279
720.000000 0.000280
721.000000 0.000281
722.000000 0.000281
723.000000 0.000282
724.000000 0.000283
725.000000 0.000284
726.000000 0.000284
727.000000 0.000285
728.000000 0.000286
729.000000 0.000286
730.000000 0.000287
731.000000 0.000288
732.000000 0.000289
733.000000 0.000289
734.000000 0.000291
735.000000 0.000291
736.000000 0.000292
737.000000 0.000292
738.000000 0.000294
739.000000 0.000294
740.000000 0.000295
741.000000 0.000295
742.000000 0.000297
743.000000 0.000297
744.000000 0.000298
745.000000 0.000299
746.000000 0.000299
747.000000 0.000300
748.000000 0.000301
749.000000 0.000302
750.000000 0.000302
751.000000 0.000303
752.000000 0.000304
753.000000 0.000305
754.000000 0.000306
755.000000 0.000306
756.000000 0.000307
757.000000 0.000307
758.000000 0.000308
759.000000 0.000309
760.000000 0.000310
761.000000 0.000311
762.000000 0.000311
763.000000 0.000313
764.000000 0.000313
765.000000 0.000314
766.000000 0.000314
767.000000 0.000315
768.000000 0.000316
769.000000 0.000317
770.000000 0.000318
771.000000 0.000318
772.000000 0.000320
773.000000 0.000320
774.000000 0.000321
775.000000 0.000322
776.000000 0.000322
777.000000 0.000323
778.000000 0.000324
779.000000 0.000325
780.000000 0.000325
781.000000 0.000326
782.000000 0.000327
783.000000 0.000328
784.000000 0.000329
785.000000 0.000329
786.000000 0.000330
787.000000 0.000331
788.000000 0.000332
789.000000 0.000333
790.000000 0.000333
791.000000 0.000334
792.000000 0.000335
793.000000 0.000336
794.000000 0.000336
795.000000 0.000337
796.000000 0.000338
797.000000 0.000338
798.000000 0.000339
799.000000 0.000340
800.000000 0.000341
801.000000 0.000342
802.000000 0.000342
803.000000 0.000344
804.000000 0.000344
805.000000 0.000345
806.000000 0.000346
807.000000 0.000347
808.000000 0.000347
809.000000 0.000348
810.000000 0.000349
811.000000 0.000350
812.000000 0.000350
813.000000 0.000351
814.000000 0.000352
815.000000 0.000353
816.000000 0.000353
817.000000 0.000355
818.000000 0.000355
819.000000 0.000356
820.000000 0.000357
821.000000 0.000358
822.000000 0.000358
823.000000 0.000359
824.000000 0.000360
825.000000 0.000361
826.000000 0.000362
827.000000 0.000362
828.000000 0.000363
829.000000 0.000364
830.000000 0.000364
831.000000 0.000366
832.000000 0.000366
833.000000 0.000367
834.000000 0.000368
835.000000 0.000369
836.000000 0.000369
837.000000 0.000370
838.000000 0.000371
839.000000 0.000372
840.000000 0.000373
841.000000 0.000373
842.000000 0.000374
843.000000 0.000375
844.000000 0.000376
845.000000 0.000377
846.000000 0.000378
847.000000 0.000378
848.000000 0.000379
849.000000 0.000380
850.000000 0.000381
851.000000 0.000381
852.000000 0.000382
853.000000 0.000383
854.000000 0.000384
855.000000 0.000384
856.000000 0.000386
857.000000 0.000386
858.000000 0.000387
859.000000 0.000388
860.000000 0.000389
861.000000 0.000390
862.000000 0.000390
863.000000 0.000391
864.000000 0.000392
865.000000 0.000393
866.000000 0.000393
867.000000 0.000394
868.000000 0.000395
869.000000 0.000396
870.000000 0.000397
871.000000 0.000397
872.000000 0.000398
873.000000 0.000399
874.000000 0.000400
875.000000 0.000401
876.000000 0.000401
877.000000 0.000402
878.000000 0.000403
879.000000 0.000404
880.000000 0.000405
881.000000 0.000405
882.000000 0.000406
883.000000 0.000407
884.000000 0.000408
885.000000 0.000409
886.000000 0.000410
887.000000 0.000410
888.000000 0.000411
889.000000 0.000412
890.000000 0.000413
891.000000 0.000414
892.000000 0.000414
893.000000 0.000415
894.000000 0.000416
895.000000 0.000417
896.000000 0.000418
897.000000 0.000418
898.000000 0.000419
899.000000 0.000420
900.000000 0.000421
901.000000 0.000422
902.000000 0.000422
903.000000 0.000423
904.000000 0.000424
905.000000 0.000425
906.000000 0.000425
907.000000 0.000427
908.000000 0.000427
909.000000 0.000428
910.000000 0.000429
911.000000 0.000430
912.000000 0.000431
913.000000 0.000431
914.000000 0.000432
915.000000 0.000433
916.000000 0.000433
917.000000 0.000434
918.000000 0.000436
919.000000 0.000436
920.000000 0.000437
921.000000 0.000438
922.000000 0.000439
923.000000 0.000439
924.000000 0.000440
925.000000 0.000441
926.000000 0.000442
927.000000 0.000443
928.000000 0.000443
929.000000 0.000444
930.000000 0.000445
931.000000 0.000446
932.000000 0.000447
933.000000 0.000447
934.000000 0.000448
935.000000 0.000449
936.000000 0.000450
937.000000 0.000451
938.000000 0.000451
939.000000 0.000452
940.000000 0.000453
941.000000 0.000454
942.000000 0.000454
943.000000 0.000456
944.000000 0.000456
945.000000 0.000457
946.000000 0.000458
947.000000 0.000459
948.000000 0.000459
949.000000 0.000460
950.000000 0.000461
951.000000 0.000462
952.000000 0.000463
953.000000 0.000463
954.000000 0.000464
955.000000 0.000465
956.000000 0.000466
957.000000 0.000467
958.000000 0.000468
959.000000 0.000468
960.000000 0.000469
961.000000 0.000470
962.000000 0.000471
963.000000 0.000471
964.000000 0.000472
965.000000 0.000473
966.000000 0.000474
967.000000 0.000474
968.000000 0.000476
969.000000 0.000476
970.000000 0.000477
971.000000 0.000478
972.000000 0.000479
973.000000 0.000480
974.000000 0.000480
975.000000 0.000481
976.000000 0.000482
977.000000 0.000483
978.000000 0.000483
979.000000 0.000484
980.000000 0.000485
981.000000 0.000486
982.000000 0.000487
983.000000 0.000487
984.000000 0.000489
985.000000 0.000488
986.000000 0.000490
987.000000 0.000491
988.000000 0.000491
989.000000 0.000492
990.000000 0.000493
991.000000 0.000494
992.000000 0.000494
993.000000 0.000496
994.000000 0.000496
995.000000 0.000497
996.000000 0.000498
997.000000 0.000498
998.000000 0.000500
999.000000 0.000499
1000.000000 0.000501
1001.000000 0.000502
1002.000000 0.000503
1003.000000 0.000503
1004.000000 0.000504
1005.000000 0.000505
1006.000000 0.000505
1007.000000 0.000506
1008.000000 0.000507
1009.000000 0.000508
1010.000000 0.000509
1011.000000 0.000509
1012.000000 0.000511
1013.000000 0.000511
1014.000000 0.000512
1015.000000 0.000512
1016.000000 0.000514
1017.000000 0.000514
1018.000000 0.000515
1019.000000 0.000516
1020.000000 0.000516
1021.000000 0.000517
1022.000000 0.000518
1023.000000 0.000519
1024.000000 0.000519
1025.000000 0.000520
1026.000000 0.000522
1027.000000 0.000522
1028.000000 0.000523
1029.000000 0.000523
1030.000000 0.000525
1031.000000 0.000525
1032.000000 0.000526
1033.000000 0.000527
1034.000000 0.000527
1035.000000 0.000528
1036.000000 0.000529
1037.000000 0.000530
1038.000000 0.000530
1039.000000 0.000531
1040.000000 0.000532
1041.000000 0.000533
1042.000000 0.000533
1043.000000 0.000534
1044.000000 0.000535
1045.000000 0.000536
1046.000000 0.000536
1047.000000 0.000538
1048.000000 0.000538
1049.000000 0.000539
1050.000000 0.000539
1051.000000 0.000541
1052.000000 0.000541
1053.000000 0.000541
1054.000000 0.000543
1055.000000 0.000543
1056.000000 0.000544
1057.000000 0.000545
1058.000000 0.000546
1059.000000 0.000547
1060.000000 0.000547
1061.000000 0.000548
1062.000000 0.000548
1063.000000 0.000549
1064.000000 0.000550
1065.000000 0.000551
1066.000000 0.000552
1067.000000 0.000552
1068.000000 0.000554
1069.000000 0.000554
1070.000000 0.000555
1071.000000 0.000555
1072.000000 0.000557
1073.000000 0.000557
1074.000000 0.000557
1075.000000 0.000559
1076.000000 0.000559
1077.000000 0.000560
1078.000000 0.000560
1079.000000 0.000562
1080.000000 0.000562
1081.000000 0.000563
1082.000000 0.000564
1083.000000 0.000564
1084.000000 0.000565
1085.000000 0.000565
1086.000000 0.000567
1087.000000 0.000567
1088.000000 0.000568
1089.000000 0.000569
1090.000000 0.000569
1091.000000 0.000571
1092.000000 0.000570
1093.000000 0.000572
1094.000000 0.000572
1095.000000 0.000573
1096.000000 0.000574
1097.000000 0.000574
1098.000000 0.000575
1099.000000 0.000576
1100.000000 0.000577
1101.000000 0.000578
1102.000000 0.000578
1103.000000 0.000579
1104.000000 0.000579
1105.000000 0.000581
1106.000000 0.000581
1107.000000 0.000582
1108.000000 0.000583
1109.000000 0.000583
1110.000000 0.000584
1111.000000 0.000584
1112.000000 0.000586
1113.000000 0.000586
1114.000000 0.000587
1115.000000 0.000588
1116.000000 0.000588
1117.000000 0.000589
1118.000000 0.000589
1119.000000 0.000591
1120.000000 0.000591
1121.000000 0.000592
1122.000000 0.000593
1123.000000 0.000593
1124.000000 0.000594
1125.000000 0.000594
1126.000000 0.000595
1127.000000 0.000596
1128.000000 0.000597
1129.000000 0.000598
1130.000000 0.000598
1131.000000 0.000599
1132.000000 0.000599
1133.000000 0.000601
1134.000000 0.000600
1135.000000 0.000601
1136.000000 0.000602
1137.000000 0.000602
1138.000000 0.000604
1139.000000 0.000603
1140.000000 0.000605
1141.000000 0.000605
1142.000000 0.000606
1143.000000 0.000607
1144.000000 0.000607
1145.000000 0.000608
1146.000000 0.000608
1147.000000 0.000610
1148.000000 0.000610
1149.000000 0.000611
1150.000000 0.000612
1151.000000 0.000612
1152.000000 0.000613
1153.000000 0.000613
1154.000000 0.000615
1155.000000 0.000615
1156.000000 0.000616
1157.000000 0.000616
1158.000000 0.000617
1159.000000 0.000618
1160.000000 0.000617
1161.000000 0.000619
1162.000000 0.000619
1163.000000 0.000621
1164.000000 0.000621
1165.000000 0.000621
1166.000000 0.000622
1167.000000 0.000622
1168.000000 0.000624
1169.000000 0.000624
1170.000000 0.000625
1171.000000 0.000625
1172.000000 0.000626
1173.000000 0.000627
1174.000000 0.000626
1175.000000 0.000628
1176.000000 0.000629
1177.000000 0.000629
1178.000000 0.000630
1179.000000 0.000630
1180.000000 0.000631
1181.000000 0.000631
1182.000000 0.000633
1183.000000 0.000633
1184.000000 0.000634
1185.000000 0.000634
1186.000000 0.000635
1187.000000 0.000635
1188.000000 0.000636
1189.000000 0.000637
1190.000000 0.000637
1191.000000 0.000638
1192.000000 0.000638
1193.000000 0.000639
1194.000000 0.000640
1195.000000 0.000640
1196.000000 0.000641
1197.000000 0.000642
1198.000000 0.000642
1199.000000 0.000642
1200.000000 0.000643
1201.000000 0.000644
1202.000000 0.000644
1203.000000 0.000645
1204.000000 0.000646
1205.000000 0.000646
1206.000000 0.000647
1207.000000 0.000648
1208.000000 0.000648
1209.000000 0.000648
1210.000000 0.000649
1211.000000 0.000650
1212.000000 0.000651
1213.000000 0.000651
1214.000000 0.000652
1215.000000 0.000653
1216.000000 0.000652
1217.000000 0.000654
1218.000000 0.000654
1219.000000 0.000655
1220.000000 0.000655
1221.000000 0.000656
1222.000000 0.000657
1223.000000 0.000656
1224.000000 0.000658
1225.000000 0.000658
1226.000000 0.000659
1227.000000 0.000659
1228.000000 0.000660
1229.000000 0.000661
1230.000000 0.000660
1231.000000 0.000662
1232.000000 0.000662
1233.000000 0.000663
1234.000000 0.000663
1235.000000 0.000663
1236.000000 0.000664
1237.000000 0.000664
1238.000000 0.000666
1239.000000 0.000665
1240.000000 0.000667
1241.000000 0.000667
1242.000000 0.000667
1243.000000 0.000668
1244.000000 0.000668
1245.000000 0.000669
1246.000000 0.000669
1247.000000 0.000671
1248.000000 0.000670
1249.000000 0.000672
1250.000000 0.000672
1251.000000 0.000671
1252.000000 0.000673
1253.000000 0.000673
1254.000000 0.000674
1255.000000 0.000674
1256.000000 0.000675
1257.000000 0.000675
1258.000000 0.000675
1259.000000 0.000677
1260.000000 0.000676
1261.000000 0.000678
1262.000000 0.000677
1263.000000 0.000679
1264.000000 0.000679
1265.000000 0.000679
1266.000000 0.000680
1267.000000 0.000680
1268.000000 0.000681
1269.000000 0.000681
1270.000000 0.000682
1271.000000 0.000682
1272.000000 0.000683
1273.000000 0.000683
1274.000000 0.000684
1275.000000 0.000685
1276.000000 0.000684
1277.000000 0.000686
1278.000000 0.000685
1279.000000 0.000686
1280.000000 0.000687
1281.000000 0.000687
1282.000000 0.000688
1283.000000 0.000688
1284.000000 0.000689
1285.000000 0.000688
1286.000000 0.000689
1287.000000 0.000690
1288.000000 0.000690
1289.000000 0.000691
1290.000000 0.000691
1291.000000 0.000691
1292.000000 0.000692
1293.000000 0.000693
1294.000000 0.000693
1295.000000 0.000694
1296.000000 0.000694
1297.000000 0.000694
1298.000000 0.000695
1299.000000 0.000695
1300.000000 0.000695
1301.000000 0.000696
1302.000000 0.000697
1303.000000 0.000697
1304.000000 0.000697
1305.000000 0.000698
1306.000000 0.000698
1307.000000 0.000698
1308.000000 0.000700
1309.000000 0.000700
1310.000000 0.000700
1311.000000 0.000700
1312.000000 0.000701
1313.000000 0.000701
1314.000000 0.000701
1315.000000 0.000703
1316.000000 0.000702
1317.000000 0.000703
1318.000000 0.000703
1319.000000 0.000704
1320.000000 0.000704
1321.000000 0.000703
1322.000000 0.000705
1323.000000 0.000705
1324.000000 0.000706
1325.000000 0.000705
1326.000000 0.000707
1327.000000 0.000707
1328.000000 0.000706
1329.000000 0.000708
1330.000000 0.000708
1331.000000 0.000708
1332.000000 0.000708
1333.000000 0.000710
1334.000000 0.000709
1335.000000 0.000709
1336.000000 0.000711
1337.000000 0.000710
1338.000000 0.000711
1339.000000 0.000710
1340.000000 0.000712
1341.000000 0.000712
1342.000000 0.000712
1343.000000 0.000713
1344.000000 0.000713
1345.000000 0.000714
1346.000000 0.000713
1347.000000 0.000715
1348.000000 0.000714
1349.000000 0.000714
1350.000000 0.000715
1351.000000 0.000716
1352.000000 0.000716
1353.000000 0.000715
1354.000000 0.000717
1355.000000 0.000717
1356.000000 0.000717
1357.000000 0.000717
1358.000000 0.000718
1359.000000 0.000718
1360.000000 0.000718
1361.000000 0.000719
1362.000000 0.000719
1363.000000 0.000719
1364.000000 0.000719
1365.000000 0.000720
1366.000000 0.000720
1367.000000 0.000720
1368.000000 0.000720
1369.000000 0.000722
1370.000000 0.000721
1371.000000 0.000721
1372.000000 0.000722
1373.000000 0.000722
1374.000000 0.000722
1375.000000 0.000722
1376.000000 0.000724
1377.000000 0.000723
1378.000000 0.000724
1379.000000 0.000724
1380.000000 0.000724
1381.000000 0.000724
1382.000000 0.000724
1383.000000 0.000726
1384.000000 0.000725
1385.000000 0.000725
1386.000000 0.000726
1387.000000 0.000726
1388.000000 0.000726
1389.000000 0.000726
1390.000000 0.000727
1391.000000 0.000727
1392.000000 0.000727
1393.000000 0.000727
1394.000000 0.000728
1395.000000 0.000728
1396.000000 0.000728
1397.000000 0.000729
1398.000000 0.000729
1399.000000 0.000729
1400.000000 0.000729
1401.000000 0.000730
1402.000000 0.000729
1403.000000 0.000730
1404.000000 0.000731
1405.000000 0.000730
1406.000000 0.000731
1407.000000 0.000730
1408.000000 0.000732
1409.000000 0.000731
1410.000000 0.000731
1411.000000 0.000731
1412.000000 0.000732
1413.000000 0.000732
1414.000000 0.000731
1415.000000 0.000733
1416.000000 0.000732
1417.000000 0.000732
1418.000000 0.000732
1419.000000 0.000734
1420.000000 0.000733
1421.000000 0.000733
1422.000000 0.000734
1423.000000 0.000734
1424.000000 0.000734
1425.000000 0.000733
1426.000000 0.000735
1427.000000 0.000734
1428.000000 0.000734
1429.000000 0.000735
1430.000000 0.000735
1431.000000 0.000735
1432.000000 0.000735
1433.000000 0.000736
1434.000000 0.000735
1435.000000 0.000735
1436.000000 0.000736
1437.000000 0.000737
1438.000000 0.000736
1439.000000 0.000736
1440.000000 0.000737
1441.000000 0.000737
1442.000000 0.000737
1443.000000 0.000736
1444.000000 0.000738
1445.000000 0.000737
1446.000000 0.000737
1447.000000 0.000738
1448.000000 0.000737
1449.000000 0.000738
1450.000000 0.000737
1451.000000 0.000739
1452.000000 0.000738
1453.000000 0.000738
1454.000000 0.000738
1455.000000 0.000739
1456.000000 0.000739
1457.000000 0.000738
1458.000000 0.000739
1459.000000 0.000739
1460.000000 0.000739
1461.000000 0.000738
1462.000000 0.000740
1463.000000 0.000739
1464.000000 0.000739
1465.000000 0.000740
1466.000000 0.000739
1467.000000 0.000740
1468.000000 0.000739
1469.000000 0.000740
1470.000000 0.000739
1471.000000 0.000739
1472.000000 0.000740
1473.000000 0.000740
1474.000000 0.000740
1475.000000 0.000739
1476.000000 0.000741
1477.000000 0.000740
1478.000000 0.000740
1479.000000 0.000740
1480.000000 0.000741
1481.000000 0.000740
1482.000000 0.000740
1483.000000 0.000741
1484.000000 0.000740
1485.000000 0.000740
1486.000000 0.000740
1487.000000 0.000741
1488.000000 0.000740
1489.000000 0.000740
1490.000000 0.000741
1491.000000 0.000740
1492.000000 0.000741
1493.000000 0.000740
1494.000000 0.000741
1495.000000 0.000741
1496.000000 0.000740
1497.000000 0.000740
1498.000000 0.000741
1499.000000 0.000741
1500.000000 0.000740
1501.000000 0.000741
1502.000000 0.000741
1503.000000 0.000740
1504.000000 0.000740
1505.000000 0.000741
1506.000000 0.000740
1507.000000 0.000740
1508.000000 0.000741
1509.000000 0.000740
1510.000000 0.000741
1511.000000 0.000740
1512.000000 0.000741
1513.000000 0.000740
1514.000000 0.000740
1515.000000 0.000741
1516.000000 0.000741
1517.000000 0.000741
1518.000000 0.000739
1519.000000 0.000741
1520.000000 0.000740
1521.000000 0.000740
1522.000000 0.000740
1523.000000 0.000741
1524.000000 0.000740
1525.000000 0.000740
1526.000000 0.000741
1527.000000 0.000740
1528.000000 0.000740
1529.000000 0.000739
1530.000000 0.000740
1531.000000 0.000739
1532.000000 0.000739
1533.000000 0.000740
1534.000000 0.000739
1535.000000 0.000740
1536.000000 0.000738
1537.000000 0.000740
1538.000000 0.000739
1539.000000 0.000739
1540.000000 0.000739
1541.000000 0.000739
1542.000000 0.000739
1543.000000 0.000738
1544.000000 0.000739
1545.000000 0.000738
1546.000000 0.000738
1547.000000 0.000738
1548.000000 0.000738
1549.000000 0.000738
1550.000000 0.000737
1551.000000 0.000738
1552.000000 0.000737
1553.000000 0.000738
1554.000000 0.000737
1555.000000 0.000737
1556.000000 0.000737
1557.000000 0.000737
1558.000000 0.000737
1559.000000 0.000737
1560.000000 0.000737
1561.000000 0.000736
1562.000000 0.000737
1563.000000 0.000736
1564.000000 0.000736
1565.000000 0.000736
1566.000000 0.000736
1567.000000 0.000736
1568.000000 0.000736
1569.000000 0.000735
1570.000000 0.000735
1571.000000 0.000735
1572.000000 0.000735
1573.000000 0.000735
1574.000000 0.000734
1575.000000 0.000734
1576.000000 0.000734
1577.000000 0.000734
1578.000000 0.000734
1579.000000 0.000733
1580.000000 0.000734
1581.000000 0.000733
1582.000000 0.000733
1583.000000 0.000732
1584.000000 0.000733
1585.000000 0.000733
1586.000000 0.000732
1587.000000 0.000732
1588.000000 0.000732
1589.000000 0.000732
1590.000000 0.000731
1591.000000 0.000732
1592.000000 0.000731
1593.000000 0.000731
1594.000000 0.000731
1595.000000 0.000730
1596.000000 0.000730
1597.000000 0.000730
1598.000000 0.000730
1599.000000 0.000730
1600.000000 0.000729
1601.000000 0.000729
1602.000000 0.000729
1603.000000 0.000729
1604.000000 0.000728
1605.000000 0.000728
1606.000000 0.000728
1607.000000 0.000728
1608.000000 0.000727
1609.000000 0.000727
1610.000000 0.000727
1611.000000 0.000727
1612.000000 0.000727
1613.000000 0.000726
1614.000000 0.000726
1615.000000 0.000725
1616.000000 0.000726
1617.000000 0.000725
1618.000000 0.000725
1619.000000 0.000725
1620.000000 0.000724
1621.000000 0.000724
1622.000000 0.000723
1623.000000 0.000724
1624.000000 0.000723
1625.000000 0.000723
1626.000000 0.000722
1627.000000 0.000723
1628.000000 0.000722
1629.000000 0.000721
1630.000000 0.000722
1631.000000 0.000721
1632.000000 0.000721
1633.000000 0.000720
1634.000000 0.000721
1635.000000 0.000720
1636.000000 0.000720
1637.000000 0.000720
1638.000000 0.000719
1639.000000 0.000719
1640.000000 0.000718
1641.000000 0.000718
1642.000000 0.000718
1643.000000 0.000718
1644.000000 0.000717
1645.000000 0.000717
1646.000000 0.000717
1647.000000 0.000716
1648.000000 0.000716
1649.000000 0.000716
1650.000000 0.000715
1651.000000 0.000715
1652.000000 0.000715
1653.000000 0.000714
1654.000000 0.000714
1655.000000 0.000714
1656.000000 0.000713
1657.000000 0.000713
1658.000000 0.000712
1659.000000 0.000712
1660.000000 0.000712
1661.000000 0.000712
1662.000000 0.000711
1663.000000 0.000711
1664.000000 0.000711
1665.000000 0.000710
1666.000000 0.000710
1667.000000 0.000709
1668.000000 0.000709
1669.000000 0.000708
1670.000000 0.000709
1671.000000 0.000708
1672.000000 0.000707
1673.000000 0.000707
1674.000000 0.000707
1675.000000 0.000706
1676.000000 0.000705
1677.000000 0.000706
1678.000000 0.000705
1679.000000 0.000705
1680.000000 0.000704
1681.000000 0.000704
1682.000000 0.000704
1683.000000 0.000703
1684.000000 0.000703
1685.000000 0.000702
1686.000000 0.000702
1687.000000 0.000701
1688.000000 0.000702
1689.000000 0.000701
1690.000000 0.000700
1691.000000 0.000700
1692.000000 0.000700
1693.000000 0.000699
1694.000000 0.000698
1695.000000 0.000699
1696.000000 0.000698
1697.000000 0.000697
1698.000000 0.000697
1699.000000 0.000697
1700.000000 0.000696
1701.000000 0.000695
1702.000000 0.000696
1703.000000 0.000695
1704.000000 0.000694
1705.000000 0.000694
1706.000000 0.000693
1707.000000 0.000693
1708.000000 0.000692
1709.000000 0.000692
1710.000000 0.000692
1711.000000 0.000691
1712.000000 0.000690
1713.000000 0.000691
1714.000000 0.000690
1715.000000 0.000689
1716.000000 0.000689
1717.000000 0.000689
1718.000000 0.000688
1719.000000 0.000687
1720.000000 0.000688
1721.000000 0.000686
1722.000000 0.000686
1723.000000 0.000686
1724.000000 0.000685
1725.000000 0.000685
1726.000000 0.000684
1727.000000 0.000684
1728.000000 0.000683
1729.000000 0.000683
1730.000000 0.000682
1731.000000 0.000682
1732.000000 0.000681
1733.000000 0.000680
1734.000000 0.000680
1735.000000 0.000680
1736.000000 0.000679
1737.000000 0.000678
1738.000000 0.000679
1739.000000 0.000678
1740.000000 0.000677
1741.000000 0.000677
1742.000000 0.000676
1743.000000 0.000676
1744.000000 0.000675
1745.000000 0.000675
1746.000000 0.000674
1747.000000 0.000674
1748.000000 0.000673
1749.000000 0.000673
1750.000000 0.000672
1751.000000 0.000671
1752.000000 0.000671
1753.000000 0.000671
1754.000000 0.000670
1755.000000 0.000669
1756.000000 0.000669
1757.000000 0.000669
1758.000000 0.000667
1759.000000 0.000667
1760.000000 0.000667
1761.000000 0.000666
1762.000000 0.000665
1763.000000 0.000666
1764.000000 0.000664
1765.000000 0.000664
1766.000000 0.000664
1767.000000 0.000663
1768.000000 0.000663
1769.000000 0.000661
1770.000000 0.000662
1771.000000 0.000661
1772.000000 0.000660
1773.000000 0.000659
1774.000000 0.000660
1775.000000 0.000659
1776.000000 0.000658
1777.000000 0.000658
1778.000000 0.000657
1779.000000 0.000656
1780.000000 0.000655
1781.000000 0.000656
1782.000000 0.000654
1783.000000 0.000654
1784.000000 0.000653
1785.000000 0.000653
1786.000000 0.000652
1787.000000 0.000651
1788.000000 0.000652
1789.000000 0.000650
1790.000000 0.000650
1791.000000 0.000649
1792.000000 0.000649
1793.000000 0.000648
1794.000000 0.000647
1795.000000 0.000647
1796.000000 0.000646
1797.000000 0.000646
1798.000000 0.000645
1799.000000 0.000645
1800.000000 0.000644
1801.000000 0.000643
1802.000000 0.000643
1803.000000 0.000642
1804.000000 0.000642
1805.000000 0.000640
1806.000000 0.000641
1807.000000 0.000639
1808.000000 0.000639
1809.000000 0.000639
1810.000000 0.000638
1811.000000 0.000637
1812.000000 0.000636
1813.000000 0.000637
1814.000000 0.000635
1815.000000 0.000635
1816.000000 0.000634
1817.000000 0.000634
1818.000000 0.000633
1819.000000 0.000632
1820.000000 0.000632
1821.000000 0.000631
1822.000000 0.000630
1823.000000 0.000629
1824.000000 0.000630
1825.000000 0.000628
1826.000000 0.000628
1827.000000 0.000627
1828.000000 0.000627
1829.000000 0.000626
1830.000000 0.000625
1831.000000 0.000625
1832.000000 0.000624
1833.000000 0.000623
1834.000000 0.000623
1835.000000 0.000622
1836.000000 0.000621
1837.000000 0.000620
1838.000000 0.000621
1839.000000 0.000619
1840.000000 0.000619
1841.000000 0.000618
1842.000000 0.000618
1843.000000 0.000617
1844.000000 0.000616
1845.000000 0.000616
1846.000000 0.000615
1847.000000 0.000614
1848.000000 0.000613
1849.000000 0.000614
1850.000000 0.000612
1851.000000 0.000611
1852.000000 0.000611
1853.000000 0.000610
1854.000000 0.000609
1855.000000 0.000608
1856.000000 0.000609
1857.000000 0.000607
1858.000000 0.000607
1859.000000 0.000606
1860.000000 0.000606
1861.000000 0.000605
1862.000000 0.000604
1863.000000 0.000604
1864.000000 0.000602
1865.000000 0.000602
1866.000000 0.000601
1867.000000 0.000601
1868.000000 0.000600
1869.000000 0.000599
1870.000000 0.000599
1871.000000 0.000598
1872.000000 0.000597
1873.000000 0.000596
1874.000000 0.000597
1875.000000 0.000595
1876.000000 0.000594
1877.000000 0.000594
1878.000000 0.000593
1879.000000 0.000592
1880.000000 0.000591
1881.000000 0.000592
1882.000000 0.000590
1883.000000 0.000589
1884.000000 0.000589
1885.000000 0.000589
1886.000000 0.000587
1887.000000 0.000586
1888.000000 0.000587
1889.000000 0.000585
1890.000000 0.000584
1891.000000 0.000584
1892.000000 0.000584
1893.000000 0.000582
1894.000000 0.000582
1895.000000 0.000582
1896.000000 0.000580
1897.000000 0.000580
1898.000000 0.000579
1899.000000 0.000579
1900.000000 0.000577
1901.000000 0.000577
1902.000000 0.000576
1903.000000 0.000575
1904.000000 0.000574
1905.000000 0.000574
1906.000000 0.000574
1907.000000 0.000572
1908.000000 0.000572
1909.000000 0.000571
1910.000000 0.000571
1911.000000 0.000569
1912.000000 0.000569
1913.000000 0.000568
1914.000000 0.000567
1915.000000 0.000566
1916.000000 0.000565
1917.000000 0.000566
1918.000000 0.000564
1919.000000 0.000564
1920.000000 0.000563
1921.000000 0.000562
1922.000000 0.000561
1923.000000 0.000560
1924.000000 0.000560
1925.000000 0.000559
1926.000000 0.000559
1927.000000 0.000557
1928.000000 0.000557
1929.000000 0.000556
1930.000000 0.000555
1931.000000 0.000555
1932.000000 0.000554
1933.000000 0.000553
1934.000000 0.000552
1935.000000 0.000552
1936.000000 0.000551
1937.000000 0.000550
1938.000000 0.000550
1939.000000 0.000548
1940.000000 0.000548
1941.000000 0.000547
1942.000000 0.000547
1943.000000 0.000545
1944.000000 0.000545
1945.000000 0.000544
1946.000000 0.000543
1947.000000 0.000543
1948.000000 0.000541
1949.000000 0.000542
1950.000000 0.000540
1951.000000 0.000540
1952.000000 0.000539
1953.000000 0.000538
1954.000000 0.000538
1955.000000 0.000536
1956.000000 0.000536
1957.000000 0.000535
1958.000000 0.000534
1959.000000 0.000533
1960.000000 0.000533
1961.000000 0.000532
1962.000000 0.000531
1963.000000 0.000531
1964.000000 0.000529
1965.000000 0.000529
1966.000000 0.000528
1967.000000 0.000528
1968.000000 0.000527
1969.000000 0.000525
1970.000000 0.000525
1971.000000 0.000524
1972.000000 0.000524
1973.000000 0.000522
1974.000000 0.000522
1975.000000 0.000521
1976.000000 0.000520
1977.000000 0.000519
1978.000000 0.000519
1979.000000 0.000518
1980.000000 0.000517
1981.000000 0.000517
1982.000000 0.000516
1983.000000 0.000514
1984.000000 0.000514
1985.000000 0.000514
1986.000000 0.000513
1987.000000 0.000511
1988.000000 0.000511
1989.000000 0.000511
1990.000000 0.000509
1991.000000 0.000508
1992.000000 0.000508
1993.000000 0.000507
1994.000000 0.000506
1995.000000 0.000506
1996.000000 0.000505
1997.000000 0.000504
1998.000000 0.000503
1999.000000 0.000503
2000.000000 0.000502
2001.000000 0.000500
2002.000000 0.000500
2003.000000 0.000500
2004.000000 0.000498
2005.000000 0.000497
2006.000000 0.000497
2007.000000 0.000496
2008.000000 0.000495
2009.000000 0.000494
2010.000000 0.000495
2011.000000 0.000493
2012.000000 0.000492
2013.000000 0.000491
2014.000000 0.000491
2015.000000 0.000489
2016.000000 0.000488
2017.000000 0.000489
2018.000000 0.000487
2019.000000 0.000486
2020.000000 0.000486
2021.000000 0.000486
2022.000000 0.000484
2023.000000 0.000483
2024.000000 0.000484
2025.000000 0.000482
2026.000000 0.000481
2027.000000 0.000480
2028.000000 0.000480
2029.000000 0.000478
2030.000000 0.000477
2031.000000 0.000478
2032.000000 0.000476
2033.000000 0.000475
2034.000000 0.000474
2035.000000 0.000475
2036.000000 0.000473
2037.000000 0.000472
2038.000000 0.000472
2039.000000 0.000471
2040.000000 0.000469
2041.000000 0.000468
2042.000000 0.000469
2043.000000 0.000467
2044.000000 0.000466
2045.000000 0.000466
2046.000000 0.000465
2047.000000 0.000464
2048.000000 0.000463
2049.000000 0.000464
2050.000000 0.000462
2051.000000 0.000461
2052.000000 0.000461
2053.000000 0.000459
2054.000000 0.000458
2055.000000 0.000457
2056.000000 0.000458
2057.000000 0.000456
2058.000000 0.000455
2059.000000 0.000455
2060.000000 0.000454
2061.000000 0.000453
2062.000000 0.000452
2063.000000 0.000452
2064.000000 0.000450
2065.000000 0.000449
2066.000000 0.000449
2067.000000 0.000448
2068.000000 0.000447
2069.000000 0.000446
2070.000000 0.000446
2071.000000 0.000445
2072.000000 0.000444
2073.000000 0.000444
2074.000000 0.000443
2075.000000 0.000442
2076.000000 0.000440
2077.000000 0.000441
2078.000000 0.000439
2079.000000 0.000438
2080.000000 0.000438
2081.000000 0.000437
2082.000000 0.000436
2083.000000 0.000435
2084.000000 0.000435
2085.000000 0.000434
2086.000000 0.000433
2087.000000 0.000432
2088.000000 0.000431
2089.000000 0.000430
2090.000000 0.000429
2091.000000 0.000429
2092.000000 0.000428
2093.000000 0.000427
2094.000000 0.000427
2095.000000 0.000426
2096.000000 0.000425
2097.000000 0.000424
2098.000000 0.000423
2099.000000 0.000422
2100.000000 0.000421
2101.000000 0.000421
2102.000000 0.000420
2103.000000 0.000419
2104.000000 0.000418
2105.000000 0.000418
2106.000000 0.000417
2107.000000 0.000416
2108.000000 0.000415
2109.000000 0.000414
2110.000000 0.000414
2111.000000 0.000413
2112.000000 0.000412
2113.000000 0.000411
2114.000000 0.000410
2115.000000 0.000410
2116.000000 0.000409
2117.000000 0.000408
2118.000000 0.000407
2119.000000 0.000406
2120.000000 0.000405
2121.000000 0.000405
2122.000000 0.000404
2123.000000 0.000403
2124.000000 0.000402
2125.000000 0.000401
2126.000000 0.000401
2127.000000 0.000400
2128.000000 0.000399
2129.000000 0.000398
2130.000000 0.000397
2131.000000 0.000397
2132.000000 0.000396
2133.000000 0.000395
2134.000000 0.000394
2135.000000 0.000393
2136.000000 0.000393
2137.000000 0.000392
2138.000000 0.000391
2139.000000 0.000390
2140.000000 0.000389
2141.000000 0.000389
2142.000000 0.000388
2143.000000 0.000387
2144.000000 0.000386
2145.000000 0.000385
2146.000000 0.000385
2147.000000 0.000384
2148.000000 0.000383
2149.000000 0.000382
2150.000000 0.000381
2151.000000 0.000381
2152.000000 0.000380
2153.000000 0.000379
2154.000000 0.000378
2155.000000 0.000377
2156.000000 0.000377
2157.000000 0.000376
2158.000000 0.000375
2159.000000 0.000374
2160.000000 0.000373
2161.000000 0.000373
2162.000000 0.000372
2163.000000 0.000371
2164.000000 0.000370
2165.000000 0.000369
2166.000000 0.000369
2167.000000 0.000368
2168.000000 0.000367
2169.000000 0.000366
2170.000000 0.000365
2171.000000 0.000365
2172.000000 0.000364
2173.000000 0.000363
2174.000000 0.000362
2175.000000 0.000361
2176.000000 0.000361
2177.000000 0.000360
2178.000000 0.000359
2179.000000 0.000358
2180.000000 0.000358
2181.000000 0.000357
2182.000000 0.000356
2183.000000 0.000355
2184.000000 0.000354
2185.000000 0.000354
2186.000000 0.000353
2187.000000 0.000352
2188.000000 0.000351
2189.000000 0.000350
2190.000000 0.000350
2191.000000 0.000349
2192.000000 0.000348
2193.000000 0.000347
2194.000000 0.000346
2195.000000 0.000346
2196.000000 0.000345
2197.000000 0.000344
2198.000000 0.000343
2199.000000 0.000343
2200.000000 0.000342
2201.000000 0.000341
2202.000000 0.000340
2203.000000 0.000339
2204.000000 0.000339
2205.000000 0.000338
2206.000000 0.000337
2207.000000 0.000336
2208.000000 0.000336
2209.000000 0.000335
2210.000000 0.000334
2211.000000 0.000333
2212.000000 0.000332
2213.000000 0.000332
2214.000000 0.000331
2215.000000 0.000330
2216.000000 0.000329
2217.000000 0.000329
2218.000000 0.000328
2219.000000 0.000327
2220.000000 0.000326
2221.000000 0.000325
2222.000000 0.000325
2223.000000 0.000324
2224.000000 0.000323
2225.000000 0.000322
2226.000000 0.000321
2227.000000 0.000321
2228.000000 0.000320
2229.000000 0.000319
2230.000000 0.000318
2231.000000 0.000318
2232.000000 0.000317
2233.000000 0.000316
2234.000000 0.000316
2235.000000 0.000315
2236.000000 0.000314
2237.000000 0.000313
2238.000000 0.000312
2239.000000 0.000312
2240.000000 0.000311
2241.000000 0.000310
2242.000000 0.000309
2243.000000 0.000308
2244.000000 0.000308
2245.000000 0.000307
2246.000000 0.000306
2247.000000 0.000305
2248.000000 0.000305
2249.000000 0.000304
2250.000000 0.000303
2251.000000 0.000302
2252.000000 0.000302
2253.000000 0.000301
2254.000000 0.000300
2255.000000 0.000299
2256.000000 0.000299
2257.000000 0.000298
2258.000000 0.000297
2259.000000 0.000296
2260.000000 0.000296
2261.000000 0.000295
2262.000000 0.000294
2263.000000 0.000293
2264.000000 0.000293
2265.000000 0.000292
2266.000000 0.000291
2267.000000 0.000290
2268.000000 0.000289
2269.000000 0.000289
2270.000000 0.000288
2271.000000 0.000287
2272.000000 0.000286
2273.000000 0.000286
2274.000000 0.000285
2275.000000 0.000284
2276.000000 0.000284
2277.000000 0.000283
2278.000000 0.000282
2279.000000 0.000281
2280.000000 0.000281
2281.000000 0.000280
2282.000000 0.000279
2283.000000 0.000278
2284.000000 0.000278
2285.000000 0.000277
2286.000000 0.000276
2287.000000 0.000275
2288.000000 0.000275
2289.000000 0.000274
2290.000000 0.000273
2291.000000 0.000272
2292.000000 0.000272
2293.000000 0.000271
2294.000000 0.000270
2295.000000 0.000270
2296.000000 0.000269
2297.000000 0.000268
2298.000000 0.000267
2299.000000 0.000267
2300.000000 0.000266
2301.000000 0.000265
2302.000000 0.000264
2303.000000 0.000263
2304.000000 0.000263
2305.000000 0.000262
2306.000000 0.000262
2307.000000 0.000261
2308.000000 0.000260
2309.000000 0.000259
2310.000000 0.000258
2311.000000 0.000258
2312.000000 0.000257
2313.000000 0.000256
2314.000000 0.000256
2315.000000 0.000255
2316.000000 0.000254
2317.000000 0.000253
2318.000000 0.000253
2319.000000 0.000252
2320.000000 0.000251
2321.000000 0.000250
2322.000000 0.000250
2323.000000 0.000249
2324.000000 0.000248
2325.000000 0.000248
2326.000000 0.000247
2327.000000 0.000246
2328.000000 0.000245
2329.000000 0.000245
2330.000000 0.000244
2331.000000 0.000243
2332.000000 0.000243
2333.000000 0.000242
2334.000000 0.000241
2335.000000 0.000241
2336.000000 0.000240
2337.000000 0.000239
2338.000000 0.000238
2339.000000 0.000238
2340.000000 0.000237
2341.000000 0.000236
2342.000000 0.000236
2343.000000 0.000235
2344.000000 0.000234
2345.000000 0.000234
2346.000000 0.000233
2347.000000 0.000232
2348.000000 0.000231
2349.000000 0.000231
2350.000000 0.000230
2351.000000 0.000229
2352.000000 0.000229
2353.000000 0.000228
2354.000000 0.000227
2355.000000 0.000227
2356.000000 0.000226
2357.000000 0.000225
2358.000000 0.000225
2359.000000 0.000224
2360.000000 0.000223
2361.000000 0.000222
2362.000000 0.000222
2363.000000 0.000221
2364.000000 0.000220
2365.000000 0.000220
2366.000000 0.000219
2367.000000 0.000218
2368.000000 0.000218
2369.000000 0.000217
2370.000000 0.000216
2371.000000 0.000215
2372.000000 0.000215
2373.000000 0.000214
2374.000000 0.000214
2375.000000 0.000213
2376.000000 0.000212
2377.000000 0.000211
2378.000000 0.000211
2379.000000 0.000210
2380.000000 0.000209
2381.000000 0.000209
2382.000000 0.000208
2383.000000 0.000207
2384.000000 0.000207
2385.000000 0.000206
2386.000000 0.000205
2387.000000 0.000205
2388.000000 0.000204
2389.000000 0.000203
2390.000000 0.000203
2391.000000 0.000202
2392.000000 0.000201
2393.000000 0.000201
2394.000000 0.000200
2395.000000 0.000199
2396.000000 0.000199
2397.000000 0.000198
2398.000000 0.000197
2399.000000 0.000197
2400.000000 0.000196
2401.000000 0.000195
2402.000000 0.000195
2403.000000 0.000194
2404.000000 0.000193
2405.000000 0.000193
2406.000000 0.000192
2407.000000 0.000191
2408.000000 0.000191
2409.000000 0.000190
2410.000000 0.000190
2411.000000 0.000189
2412.000000 0.000188
2413.000000 0.000188
2414.000000 0.000187
2415.000000 0.000186
2416.000000 0.000186
2417.000000 0.000185
2418.000000 0.000184
2419.000000 0.000184
2420.000000 0.000183
2421.000000 0.000182
2422.000000 0.000182
2423.000000 0.000181
2424.000000 0.000181
2425.000000 0.000180
2426.000000 0.000179
2427.000000 0.000179
2428.000000 0.000178
2429.000000 0.000177
2430.000000 0.000177
2431.000000 0.000176
2432.000000 0.000175
2433.000000 0.000175
2434.000000 0.000174
2435.000000 0.000174
2436.000000 0.000173
2437.000000 0.000172
2438.000000 0.000172
2439.000000 0.000171
2440.000000 0.000170
2441.000000 0.000170
2442.000000 0.000169
2443.000000 0.000168
2444.000000 0.000168
2445.000000 0.000167
2446.000000 0.000167
2447.000000 0.000166
2448.000000 0.000165
2449.000000 0.000165
2450.000000 0.000164
2451.000000 0.000163
2452.000000 0.000163
2453.000000 0.000162
2454.000000 0.000162
2455.000000 0.000161
2456.000000 0.000160
2457.000000 0.000160
2458.000000 0.000159
2459.000000 0.000159
2460.000000 0.000158
2461.000000 0.000157
2462.000000 0.000157
2463.000000 0.000156
2464.000000 0.000155
2465.000000 0.000155
2466.000000 0.000154
2467.000000 0.000154
2468.000000 0.000153
2469.000000 0.000152
2470.000000 0.000152
2471.000000 0.000151
2472.000000 0.000151
2473.000000 0.000150
2474.000000 0.000149
2475.000000 0.000149
2476.000000 0.000148
2477.000000 0.000148
2478.000000 0.000147
2479.000000 0.000146
2480.000000 0.000146
2481.000000 0.000145
2482.000000 0.000145
2483.000000 0.000144
2484.000000 0.000144
2485.000000 0.000143
2486.000000 0.000142
2487.000000 0.000142
2488.000000 0.000141
2489.000000 0.000141
2490.000000 0.000140
2491.000000 0.000139
2492.000000 0.000139
2493.000000 0.000138
2494.000000 0.000138
2495.000000 0.000137
2496.000000 0.000136
2497.000000 0.000136
2498.000000 0.000135
2499.000000 0.000135
2500.000000 0.000134
2501.000000 0.000134
2502.000000 0.000133
2503.000000 0.000132
2504.000000 0.000132
2505.000000 0.000131
2506.000000 0.000131
2507.000000 0.000130
2508.000000 0.000129
2509.000000 0.000129
2510.000000 0.000128
2511.000000 0.000128
2512.000000 0.000127
2513.000000 0.000127
2514.000000 0.000126
2515.000000 0.000125
2516.000000 0.000125
2517.000000 0.000124
2518.000000 0.000124
2519.000000 0.000123
2520.000000 0.000123
2521.000000 0.000122
2522.000000 0.000122
2523.000000 0.000121
2524.000000 0.000120
2525.000000 0.000120
2526.000000 0.000119
2527.000000 0.000119
2528.000000 0.000118
2529.000000 0.000118
2530.000000 0.000117
2531.000000 0.000117
2532.000000 0.000116
2533.000000 0.000115
2534.000000 0.000115
2535.000000 0.000114
2536.000000 0.000114
2537.000000 0.000113
2538.000000 0.000113
2539.000000 0.000112
2540.000000 0.000112
2541.000000 0.000111
2542.000000 0.000111
2543.000000 0.000110
2544.000000 0.000110
2545.000000 0.000109
2546.000000 0.000108
2547.000000 0.000108
2548.000000 0.000107
2549.000000 0.000107
2550.000000 0.000106
2551.000000 0.000106
2552.000000 0.000105
2553.000000 0.000105
2554.000000 0.000104
2555.000000 0.000104
2556.000000 0.000103
2557.000000 0.000102
2558.000000 0.000102
2559.000000 0.000101
2560.000000 0.000101
2561.000000 0.000100
2562.000000 0.000100
2563.000000 0.000099
2564.000000 0.000099
2565.000000 0.000098
2566.000000 0.000098
2567.000000 0.000097
2568.000000 0.000097
2569.000000 0.000096
2570.000000 0.000096
2571.000000 0.000095
2572.000000 0.000095
2573.000000 0.000094
2574.000000 0.000094
2575.000000 0.000093
2576.000000 0.000092
2577.000000 0.000092
2578.000000 0.000092
2579.000000 0.000091
2580.000000 0.000090
2581.000000 0.000090
2582.000000 0.000089
2583.000000 0.000089
2584.000000 0.000088
2585.000000 0.000088
2586.000000 0.000087
2587.000000 0.000087
2588.000000 0.000086
2589.000000 0.000086
2590.000000 0.000085
2591.000000 0.000085
2592.000000 0.000084
2593.000000 0.000084
2594.000000 0.000083
2595.000000 0.000083
2596.000000 0.000082
2597.000000 0.000082
2598.000000 0.000081
2599.000000 0.000081
2600.000000 0.000080
2601.000000 0.000080
2602.000000 0.000079
2603.000000 0.000079
2604.000000 0.000078
2605.000000 0.000078
2606.000000 0.000077
2607.000000 0.000077
2608.000000 0.000076
2609.000000 0.000076
2610.000000 0.000075
2611.000000 0.000075
2612.000000 0.000075
2613.000000 0.000074
2614.000000 0.000074
2615.000000 0.000073
2616.000000 0.000073
2617.000000 0.000072
2618.000000 0.000072
2619.000000 0.000071
2620.000000 0.000071
2621.000000 0.000070
2622.000000 0.000070
2623.000000 0.000069
2624.000000 0.000069
2625.000000 0.000068
2626.000000 0.000068
2627.000000 0.000067
2628.000000 0.000067
2629.000000 0.000066
2630.000000 0.000066
2631.000000 0.000065
2632.000000 0.000065
2633.000000 0.000065
2634.000000 0.000064
2635.000000 0.000064
2636.000000 0.000063
2637.000000 0.000063
2638.000000 0.000062
2639.000000 0.000062
2640.000000 0.000061
2641.000000 0.000061
2642.000000 0.000060
2643.000000 0.000060
2644.000000 0.000059
2645.000000 0.000059
2646.000000 0.000059
2647.000000 0.000058
2648.000000 0.000058
2649.000000 0.000057
2650.000000 0.000057
2651.000000 0.000056
2652.000000 0.000056
2653.000000 0.000055
2654.000000 0.000055
2655.000000 0.000055
2656.000000 0.000054
2657.000000 0.000054
2658.000000 0.000053
2659.000000 0.000053
2660.000000 0.000052
2661.000000 0.000052
2662.000000 0.000051
2663.000000 0.000051
2664.000000 0.000051
2665.000000 0.000050
2666.000000 0.000050
2667.000000 0.000049
2668.000000 0.000049
2669.000000 0.000048
2670.000000 0.000048
2671.000000 0.000048
2672.000000 0.000047
2673.000000 0.000047
2674.000000 0.000046
2675.000000 0.000046
2676.000000 0.000046
2677.000000 0.000045
2678.000000 0.000045
2679.000000 0.000044
2680.000000 0.000044
2681.000000 0.000044
2682.000000 0.000043
2683.000000 0.000043
2684.000000 0.000042
2685.000000 0.000042
2686.000000 0.000041
2687.000000 0.000041
2688.000000 0.000041
2689.000000 0.000040
2690.000000 0.000040
2691.000000 0.000040
2692.000000 0.000039
2693.000000 0.000039
2694.000000 0.000038
2695.000000 0.000038
2696.000000 0.000038
2697.000000 0.000037
2698.000000 0.000037
2699.000000 0.000036
2700.000000 0.000036
2701.000000 0.000036
2702.000000 0.000035
2703.000000 0.000035
2704.000000 0.000035
2705.000000 0.000034
2706.000000 0.000034
2707.000000 0.000033
2708.000000 0.000033
2709.000000 0.000033
2710.000000 0.000032
2711.000000 0.000032
2712.000000 0.000032
2713.000000 0.000031
2714.000000 0.000031
2715.000000 0.000031
2716.000000 0.000030
2717.000000 0.000030
2718.000000 0.000030
2719.000000 0.000029
2720.000000 0.000029
2721.000000 0.000029
2722.000000 0.000028
2723.000000 0.000028
2724.000000 0.000028
2725.000000 0.000027
2726.000000 0.000027
2727.000000 0.000027
2728.000000 0.000026
2729.000000 0.000026
2730.000000 0.000026
2731.000000 0.000025
2732.000000 0.000025
2733.000000 0.000025
2734.000000 0.000024
2735.000000 0.000024
2736.000000 0.000024
2737.000000 0.000023
2738.000000 0.000023
2739.000000 0.000023
2740.000000 0.000022
2741.000000 0.000022
2742.000000 0.000022
2743.000000 0.000022
2744.000000 0.000021
2745.000000 0.000021
2746.000000 0.000021
2747.000000 0.000020
2748.000000 0.000020
2749.000000 0.000020
2750.000000 0.000020
2751.000000 0.000019
2752.000000 0.000019
2753.000000 0.000019
2754.000000 0.000019
2755.000000 0.000018
2756.000000 0.000018
2757.000000 0.000018
2758.000000 0.000017
2759.000000 0.000017
2760.000000 0.000017
2761.000000 0.000017
2762.000000 0.000016
2763.000000 0.000016
2764.000000 0.000016
2765.000000 0.000016
2766.000000 0.000015
2767.000000 0.000015
2768.000000 0.000015
2769.000000 0.000015
2770.000000 0.000015
2771.000000 0.000014
2772.000000 0.000014
2773.000000 0.000014
2774.000000 0.000014
2775.000000 0.000013
2776.000000 0.000013
2777.000000 0.000013
2778.000000 0.000013
2779.000000 0.000013
2780.000000 0.000012
2781.000000 0.000012
2782.000000 0.000012
2783.000000 0.000012
2784.000000 0.000012
2785.000000 0.000011
2786.000000 0.000011
2787.000000 0.000011
2788.000000 0.000011
2789.000000 0.000011
2790.000000 0.000010
2791.000000 0.000010
2792.000000 0.000010
2793.000000 0.000010
2794.000000 0.000010
2795.000000 0.000009
2796.000000 0.000009
2797.000000 0.000009
2798.000000 0.000009
2799.000000 0.000009
2800.000000 0.000009
2801.000000 0.000008
2802.000000 0.000008
2803.000000 0.000008
2804.000000 0.000008
2805.000000 0.000008
2806.000000 0.000008
2807.000000 0.000007
2808.000000 0.000007
2809.000000 0.000007
2810.000000 0.000007
2811.000000 0.000007
2812.000000 0.000007
2813.000000 0.000007
2814.000000 0.000006
2815.000000 0.000006
2816.000000 0.000006
2817.000000 0.000006
2818.000000 0.000006
2819.000000 0.000006
2820.000000 0.000006
2821.000000 0.000006
2822.000000 0.000005
2823.000000 0.000005
2824.000000 0.000005
2825.000000 0.000005
2826.000000 0.000005
2827.000000 0.000005
2828.000000 0.000005
2829.000000 0.000005
2830.000000 0.000004
2831.000000 0.000004
2832.000000 0.000004
2833.000000 0.000004
2834.000000 0.000004
2835.000000 0.000004
2836.000000 0.000004
2837.000000 0.000004
2838.000000 0.000004
2839.000000 0.000004
2840.000000 0.000004
2841.000000 0.000003
2842.000000 0.000003
2843.000000 0.000003
2844.000000 0.000003
2845.000000 0.000003
2846.000000 0.000003
2847.000000 0.000003
2848.000000 0.000003
2849.000000 0.000003
2850.000000 0.000003
2851.000000 0.000003
2852.000000 0.000003
2853.000000 0.000002
2854.000000 0.000002
2855.000000 0.000002
2856.000000 0.000002
2857.000000 0.000002
2858.000000 0.000002
2859.000000 0.000002
2860.000000 0.000002
2861.000000 0.000002
2862.000000 0.000002
2863.000000 0.000002
2864.000000 0.000002
2865.000000 0.000002
2866.000000 0.000002
2867.000000 0.000002
2868.000000 0.000002
2869.000000 0.000002
2870.000000 0.000001
2871.000000 0.000001
2872.000000 0.000001
2873.000000 0.000001
2874.000000 0.000001
2875.000000 0.000001
2876.000000 0.000001
2877.000000 0.000001
2878.000000 0.000001
2879.000000 0.000001
2880.000000 0.000001
2881.000000 0.000001
2882.000000 0.000001
2883.000000 0.000001
2884.000000 0.000001
2885.000000 0.000001
2886.000000 0.000001
2887.000000 0.000001
2888.000000 0.000001
2889.000000 0.000001
2890.000000 0.000001
2891.000000 0.000001
2892.000000 0.000001
2893.000000 0.000001
2894.000000 0.000001
2895.000000 0.000001
2896.000000 0.000001
2897.000000 0.000001
2898.000000 0.000001
2899.000000 0.000000
2900.000000 0.000000
2901.000000 0.000000
2902.000000 0.000000
2903.000000 0.000000
2904.000000 0.000000
2905.000000 0.000000
2906.000000 0.000000
2907.000000 0.000000
2908.000000 0.000000
2909.000000 0.000000
2910.000000 0.000000
2911.000000 0.000000
2912.000000 0.000000
2913.000000 0.000000
2914.000000 0.000000
2915.000000 0.000000
2916.000000 0.000000
2917.000000 0.000000
2918.000000 0.000000
2919.000000 0.000000
2920.000000 0.000000
2921.000000 0.000000
2922.000000 0.000000
2923.000000 0.000000
2924.000000 0.000000
2925.000000 0.000000
2926.000000 0.000000
2927.000000 0.000000
2928.000000 0.000000
2929.000000 0.000000
2930.000000 0.000000
2931.000000 0.000000
2932.000000 0.000000
2933.000000 0.000000
2934.000000 0.000000
2935.000000 0.000000
2936.000000 0.000000
2937.000000 0.000000
2938.000000 0.000000
2939.000000 0.000000
2940.000000 0.000000
2941.000000 0.000000
2942.000000 0.000000
2943.000000 0.000000
2944.000000 0.000000
2945.000000 0.000000
2946.000000 0.000000
2947.000000 0.000000
2948.000000 0.000000
2949.000000 0.000000
2950.000000 0.000000
2951.000000 0.000000
2952.000000 0.000000
2953.000000 0.000000
2954.000000 0.000000
2955.000000 0.000000
2956.000000 0.000000
2957.000000 0.000000
2958.000000 0.000000
2959.000000 0.000000
2960.000000 0.000000
2961.000000 0.000000
2962.000000 0.000000
2963.000000 0.000000
2964.000000 0.000000
2965.000000 0.000000
2966.000000 0.000000
2967.000000 0.000000
2968.000000 0.000000
2969.000000 0.000000
2970.000000 0.000000
2971.000000 0.000000
2972.000000 0.000000
2973.000000 0.000000
2974.000000 0.000000
2975.000000 0.000000
2976.000000 0.000000
2977.000000 0.000000
2978.000000 0.000000
2979.000000 0.000000
2980.000000 0.000000
2981.000000 0.000000
2982.000000 0.000000
2983.000000 0.000000
2984.000000 0.000000
2985.000000 0.000000
2986.000000 0.000000
2987.000000 0.000000
2988.000000 0.000000
2989.000000 0.000000
2990.000000 0.000000
2991.000000 0.000000
2992.000000 0.000000
2993.000000 0.000000
2994.000000 0.000000
2995.000000 0.000000
2996.000000 0.000000
2997.000000 0.000000
2998.000000 0.000000
2999.000000 0.000000
3000.000000 0.000000
