n lam mean variance std
3000 0.540000 1500.486089 106894.638547 326.947455
bin_midpoint probability
1.000000 0.000000
2.000000 0.000000
3.000000 0.000000
4.000000 0.000000
5.000000 0.000000
6.000000 0.000000
7.000000 0.000000
8.000000 0.000000
9.000000 0.000000
10.000000 0.000000
11.000000 0.000000
12.000000 0.000000
13.000000 0.000000
14.000000 0.000000
15.000000 0.000000
16.000000 0.000000
17.000000 0.000000
18.000000 0.000000
19.000000 0.000000
20.000000 0.000000
21.000000 0.000000
22.000000 0.000000
23.000000 0.000000
24.000000 0.000000
25.000000 0.000000
26.000000 0.000000
27.000000 0.000000
28.000000 0.000000
29.000000 0.000000
30.000000 0.000000
31.000000 0.000000
32.000000 0.000000
33.000000 0.000000
34.000000 0.000000
35.000000 0.000000
36.000000 0.000000
37.000000 0.000000
38.000000 0.000000
39.000000 0.000000
40.000000 0.000000
41.000000 0.000000
42.000000 0.000000
43.000000 0.000000
44.000000 0.000000
45.000000 0.000000
46.000000 0.000000
47.000000 0.000000
48.000000 0.000000
49.000000 0.000000
50.000000 0.000000
51.000000 0.000000
52.000000 0.000000
53.000000 0.000000
54.000000 0.000000
55.000000 0.000000
56.000000 0.000000
57.000000 0.000000
58.000000 0.000000
59.000000 0.000000
60.000000 0.000000
61.000000 0.000000
62.000000 0.000000
63.000000 0.000000
64.000000 0.000000
65.000000 0.000000
66.000000 0.000000
67.000000 0.000000
68.000000 0.000000
69.000000 0.000000
70.000000 0.000000
71.000000 0.000000
72.000000 0.000000
73.000000 0.000000
74.000000 0.000000
75.000000 0.000000
76.000000 0.000000
77.000000 0.000000
78.000000 0.000000
79.000000 0.000000
80.000000 0.000000
81.000000 0.000000
82.000000 0.000000
83.000000 0.000000
84.000000 0.000000
85.000000 0.000000
86.000000 0.000000
87.000000 0.000000
88.000000 0.000000
89.000000 0.000000
90.000000 0.000000
91.000000 0.000000
92.000000 0.000000
93.000000 0.000000
94.000000 0.000000
95.000000 0.000000
96.000000 0.000000
97.000000 0.000000
98.000000 0.000000
99.000000 0.000000
100.000000 0.000000
101.000000 0.000000
102.000000 0.000000
103.000000 0.000000
104.000000 0.000000
105.000000 0.000000
106.000000 0.000000
107.000000 0.000000
108.000000 0.000000
109.000000 0.000000
110.000000 0.000000
111.000000 0.000000
112.000000 0.000000
113.000000 0.000000
114.000000 0.000000
115.000000 0.000000
116.000000 0.000000
117.000000 0.000000
118.000000 0.000000
119.000000 0.000000
120.000000 0.000000
121.000000 0.000000
122.000000 0.000000
123.000000 0.000000
124.000000 0.000000
125.000000 0.000000
126.000000 0.000000
127.000000 0.000000
128.000000 0.000000
129.000000 0.000000
130.000000 0.000000
131.000000 0.000000
132.000000 0.000000
133.000000 0.000000
134.000000 0.000000
135.000000 0.000000
136.000000 0.000000
137.000000 0.000000
138.000000 0.000000
139.000000 0.000000
140.000000 0.000000
141.000000 0.000000
142.000000 0.000000
143.000000 0.000000
144.000000 0.000000
145.000000 0.000000
146.000000 0.000000
147.000000 0.000000
148.000000 0.000000
149.000000 0.000000
150.000000 0.000000
151.000000 0.000000
152.000000 0.000000
153.000000 0.000000
154.000000 0.000000
155.000000 0.000000
156.000000 0.000000
157.000000 0.000000
158.000000 0.000000
159.000000 0.000000
160.000000 0.000000
161.000000 0.000000
162.000000 0.000000
163.000000 0.000000
164.000000 0.000000
165.000000 0.000000
166.000000 0.000000
167.000000 0.000000
168.000000 0.000000
169.000000 0.000000
170.000000 0.000000
171.000000 0.000000
172.000000 0.000000
173.000000 0.000000
174.000000 0.000000
175.000000 0.000000
176.000000 0.000000
177.000000 0.000000
178.000000 0.000000
179.000000 0.000000
180.000000 0.000000
181.000000 0.000000
182.000000 0.000000
183.000000 0.000000
184.000000 0.000000
185.000000 0.000000
186.000000 0.000000
187.000000 0.000000
188.000000 0.000000
189.000000 0.000000
190.000000 0.000000
191.000000 0.000000
192.000000 0.000000
193.000000 0.000000
194.000000 0.000000
195.000000 0.000000
196.000000 0.000000
197.000000 0.000000
198.000000 0.000000
199.000000 0.000000
200.000000 0.000000
201.000000 0.000000
202.000000 0.000000
203.000000 0.000000
204.000000 0.000000
205.000000 0.000000
206.000000 0.000000
207.000000 0.000000
208.000000 0.000000
209.000000 0.000000
210.000000 0.000000
211.000000 0.000000
212.000000 0.000000
213.000000 0.000000
214.000000 0.000000
215.000000 0.000000
216.000000 0.000000
217.000000 0.000000
218.000000 0.000000
219.000000 0.000000
220.000000 0.000000
221.000000 0.000000
222.000000 0.000000
223.000000 0.000000
224.000000 0.000000
225.000000 0.000000
226.000000 0.000000
227.000000 0.000000
228.000000 0.000000
229.000000 0.000000
230.000000 0.000000
231.000000 0.000000
232.000000 0.000000
233.000000 0.000000
234.000000 0.000000
235.000000 0.000000
236.000000 0.000000
237.000000 0.000000
238.000000 0.000000
239.000000 0.000000
240.000000 0.000000
241.000000 0.000000
242.000000 0.000000
243.000000 0.000000
244.000000 0.000000
245.000000 0.000000
246.000000 0.000000
247.000000 0.000000
248.000000 0.000000
249.000000 0.000000
250.000000 0.000000
251.000000 0.000000
252.000000 0.000000
253.000000 0.000000
254.000000 0.000000
255.000000 0.000000
256.000000 0.000000
257.000000 0.000000
258.000000 0.000000
259.000000 0.000000
260.000000 0.000000
261.000000 0.000000
262.000000 0.000000
263.000000 0.000000
264.000000 0.000000
265.000000 0.000000
266.000000 0.000000
267.000000 0.000000
268.000000 0.000000
269.000000 0.000000
270.000000 0.000000
271.000000 0.000000
272.000000 0.000000
273.000000 0.000000
274.000000 0.000000
275.000000 0.000000
276.000000 0.000000
277.000000 0.000000
278.000000 0.000000
279.000000 0.000000
280.000000 0.000000
281.000000 0.000000
282.000000 0.000000
283.000000 0.000000
284.000000 0.000000
285.000000 0.000000
286.000000 0.000000
287.000000 0.000000
288.000000 0.000000
289.000000 0.000000
290.000000 0.000000
291.000000 0.000000
292.000000 0.000000
293.000000 0.000000
294.000000 0.000000
295.000000 0.000000
296.000000 0.000000
297.000000 0.000000
298.000000 0.000000
299.000000 0.000000
300.000000 0.000000
301.000000 0.000000
302.000000 0.000000
303.000000 0.000000
304.000000 0.000000
305.000000 0.000000
306.000000 0.000000
307.000000 0.000000
308.000000 0.000000
309.000000 0.000000
310.000000 0.000000
311.000000 0.000000
312.000000 0.000000
313.000000 0.000000
314.000000 0.000000
315.000000 0.000000
316.000000 0.000000
317.000000 0.000000
318.000000 0.000000
319.000000 0.000000
320.000000 0.000000
321.000000 0.000000
322.000000 0.000000
323.000000 0.000000
324.000000 0.000000
325.000000 0.000000
326.000000 0.000000
327.000000 0.000000
328.000000 0.000000
329.000000 0.000000
330.000000 0.000000
331.000000 0.000000
332.000000 0.000000
333.000000 0.000000
334.000000 0.000000
335.000000 0.000000
336.000000 0.000000
337.000000 0.000000
338.000000 0.000000
339.000000 0.000000
340.000000 0.000000
341.000000 0.000000
342.000000 0.000000
343.000000 0.000000
344.000000 0.000000
345.000000 0.000000
346.000000 0.000000
347.000000 0.000000
348.000000 0.000000
349.000000 0.000000
350.000000 0.000000
351.000000 0.000000
352.000000 0.000000
353.000000 0.000000
354.000000 0.000000
355.000000 0.000000
356.000000 0.000000
357.000000 0.000000
358.000000 0.000000
359.000000 0.000000
360.000000 0.000000
361.000000 0.000000
362.000000 0.000000
363.000000 0.000000
364.000000 0.000000
365.000000 0.000000
366.000000 0.000000
367.000000 0.000000
368.000000 0.000000
369.000000 0.000000
370.000000 0.000000
371.000000 0.000000
372.000000 0.000000
373.000000 0.000000
374.000000 0.000000
375.000000 0.000000
376.000000 0.000000
377.000000 0.000000
378.000000 0.000000
379.000000 0.000000
380.000000 0.000000
381.000000 0.000000
382.000000 0.000000
383.000000 0.000000
384.000000 0.000000
385.000000 0.000000
386.000000 0.000000
387.000000 0.000000
388.000000 0.000000
389.000000 0.000000
390.000000 0.000000
391.000000 0.000000
392.000000 0.000000
393.000000 0.000000
394.000000 0.000000
395.000000 0.000000
396.000000 0.000000
397.000000 0.000000
398.000000 0.000000
399.000000 0.000000
400.000000 0.000000
401.000000 0.000000
402.000000 0.000000
403.000000 0.000000
404.000000 0.000000
405.000000 0.000000
406.000000 0.000000
407.000000 0.000000
408.000000 0.000000
409.000000 0.000000
410.000000 0.000000
411.000000 0.000001
412.000000 0.000001
413.000000 0.000001
414.000000 0.000001
415.000000 0.000001
416.000000 0.000001
417.000000 0.000001
418.000000 0.000001
419.000000 0.000001
420.000000 0.000001
421.000000 0.000001
422.000000 0.000001
423.000000 0.000001
424.000000 0.000001
425.000000 0.000001
426.000000 0.000001
427.000000 0.000001
428.000000 0.000001
429.000000 0.000001
430.000000 0.000001
431.000000 0.000001
432.000000 0.000001
433.000000 0.000001
434.000000 0.000001
435.000000 0.000001
436.000000 0.000001
437.000000 0.000001
438.000000 0.000001
439.000000 0.000001
440.000000 0.000001
441.000000 0.000001
442.000000 0.000001
443.000000 0.000001
444.000000 0.000001
445.000000 0.000001
446.000000 0.000001
447.000000 0.000001
448.000000 0.000001
449.000000 0.000001
450.000000 0.000001
451.000000 0.000001
452.000000 0.000001
453.000000 0.000001
454.000000 0.000001
455.000000 0.000001
456.000000 0.000001
457.000000 0.000001
458.000000 0.000001
459.000000 0.000002
460.000000 0.000002
461.000000 0.000002
462.000000 0.000002
463.000000 0.000002
464.000000 0.000002
465.000000 0.000002
466.000000 0.000002
467.000000 0.000002
468.000000 0.000002
469.000000 0.000002
470.000000 0.000002
471.000000 0.000002
472.000000 0.000002
473.000000 0.000002
474.000000 0.000002
475.000000 0.000002
476.000000 0.000002
477.000000 0.000002
478.000000 0.000002
479.000000 0.000002
480.000000 0.000002
481.000000 0.000002
482.000000 0.000002
483.000000 0.000002
484.000000 0.000003
485.000000 0.000003
486.000000 0.000003
487.000000 0.000003
488.000000 0.000003
489.000000 0.000003
490.000000 0.000003
491.000000 0.000003
492.000000 0.000003
493.000000 0.000003
494.000000 0.000003
495.000000 0.000003
496.000000 0.000003
497.000000 0.000003
498.000000 0.000003
499.000000 0.000003
500.000000 0.000003
501.000000 0.000003
502.000000 0.000004
503.000000 0.000004
504.000000 0.000004
505.000000 0.000004
506.000000 0.000004
507.000000 0.000004
508.000000 0.000004
509.000000 0.000004
510.000000 0.000004
511.000000 0.000004
512.000000 0.000004
513.000000 0.000004
514.000000 0.000004
515.000000 0.000004
516.000000 0.000004
517.000000 0.000005
518.000000 0.000005
519.000000 0.000005
520.000000 0.000005
521.000000 0.000005
522.000000 0.000005
523.000000 0.000005
524.000000 0.000005
525.000000 0.000005
526.000000 0.000005
527.000000 0.000005
528.000000 0.000006
529.000000 0.000006
530.000000 0.000006
531.000000 0.000006
532.000000 0.000006
533.000000 0.000006
534.000000 0.000006
535.000000 0.000006
536.000000 0.000006
537.000000 0.000006
538.000000 0.000006
539.000000 0.000007
540.000000 0.000007
541.000000 0.000007
542.000000 0.000007
543.000000 0.000007
544.000000 0.000007
545.000000 0.000007
546.000000 0.000007
547.000000 0.000007
548.000000 0.000008
549.000000 0.000008
550.000000 0.000008
551.000000 0.000008
552.000000 0.000008
553.000000 0.000008
554.000000 0.000008
555.000000 0.000008
556.000000 0.000009
557.000000 0.000009
558.000000 0.000009
559.000000 0.000009
560.000000 0.000009
561.000000 0.000009
562.000000 0.000009
563.000000 0.000010
564.000000 0.000010
565.000000 0.000010
566.000000 0.000010
567.000000 0.000010
568.000000 0.000010
569.000000 0.000010
570.000000 0.000011
571.000000 0.000011
572.000000 0.000011
573.000000 0.000011
574.000000 0.000011
575.000000 0.000011
576.000000 0.000012
577.000000 0.000012
578.000000 0.000012
579.000000 0.000012
580.000000 0.000012
581.000000 0.000012
582.000000 0.000013
583.000000 0.000013
584.000000 0.000013
585.000000 0.000013
586.000000 0.000013
587.000000 0.000014
588.000000 0.000014
589.000000 0.000014
590.000000 0.000014
591.000000 0.000014
592.000000 0.000015
593.000000 0.000015
594.000000 0.000015
595.000000 0.000015
596.000000 0.000015
597.000000 0.000016
598.000000 0.000016
599.000000 0.000016
600.000000 0.000016
601.000000 0.000016
602.000000 0.000017
603.000000 0.000017
604.000000 0.000017
605.000000 0.000017
606.000000 0.000018
607.000000 0.000018
608.000000 0.000018
609.000000 0.000018
610.000000 0.000018
611.000000 0.000019
612.000000 0.000019
613.000000 0.000019
614.000000 0.000019
615.000000 0.000020
616.000000 0.000020
617.000000 0.000020
618.000000 0.000021
619.000000 0.000021
620.000000 0.000021
621.000000 0.000021
622.000000 0.000022
623.000000 0.000022
624.000000 0.000022
625.000000 0.000022
626.000000 0.000023
627.000000 0.000023
628.000000 0.000023
629.000000 0.000024
630.000000 0.000024
631.000000 0.000024
632.000000 0.000024
633.000000 0.000025
634.000000 0.000025
635.000000 0.000025
636.000000 0.000026
637.000000 0.000026
638.000000 0.000026
639.000000 0.000027
640.000000 0.000027
641.000000 0.000027
642.000000 0.000028
643.000000 0.000028
644.000000 0.000028
645.000000 0.000029
646.000000 0.000029
647.000000 0.000029
648.000000 0.000030
649.000000 0.000030
650.000000 0.000030
651.000000 0.000031
652.000000 0.000031
653.000000 0.000031
654.000000 0.000032
655.000000 0.000032
656.000000 0.000032
657.000000 0.000033
658.000000 0.000033
659.000000 0.000034
660.000000 0.000034
661.000000 0.000034
662.000000 0.000035
663.000000 0.000035
664.000000 0.000036
665.000000 0.000036
666.000000 0.000036
667.000000 0.000037
668.000000 0.000037
669.000000 0.000038
670.000000 0.000038
671.000000 0.000038
672.000000 0.000039
673.000000 0.000039
674.000000 0.000040
675.000000 0.000040
676.000000 0.000041
677.000000 0.000041
678.000000 0.000041
679.000000 0.000042
680.000000 0.000042
681.000000 0.000043
682.000000 0.000043
683.000000 0.000044
684.000000 0.000044
685.000000 0.000045
686.000000 0.000045
687.000000 0.000046
688.000000 0.000046
689.000000 0.000047
690.000000 0.000047
691.000000 0.000048
692.000000 0.000048
693.000000 0.000049
694.000000 0.000049
695.000000 0.000050
696.000000 0.000050
697.000000 0.000051
698.000000 0.000051
699.000000 0.000052
700.000000 0.000052
701.000000 0.000053
702.000000 0.000053
703.000000 0.000054
704.000000 0.000054
705.000000 0.000055
706.000000 0.000056
707.000000 0.000056
708.000000 0.000057
709.000000 0.000057
710.000000 0.000058
711.000000 0.000058
712.000000 0.000059
713.000000 0.000059
714.000000 0.000060
715.000000 0.000061
716.000000 0.000061
717.000000 0.000062
718.000000 0.000062
719.000000 0.000063
720.000000 0.000064
721.000000 0.000064
722.000000 0.000065
723.000000 0.000066
724.000000 0.000066
725.000000 0.000067
726.000000 0.000067
727.000000 0.000068
728.000000 0.000069
729.000000 0.000069
730.000000 0.000070
731.000000 0.000071
732.000000 0.000071
733.000000 0.000072
734.000000 0.000073
735.000000 0.000073
736.000000 0.000074
737.000000 0.000074
738.000000 0.000075
739.000000 0.000076
740.000000 0.000077
741.000000 0.000077
742.000000 0.000078
743.000000 0.000079
744.000000 0.000080
745.000000 0.000080
746.000000 0.000081
747.000000 0.000082
748.000000 0.000082
749.000000 0.000083
750.000000 0.000084
751.000000 0.000085
752.000000 0.000085
753.000000 0.000086
754.000000 0.000087
755.000000 0.000088
756.000000 0.000088
757.000000 0.000089
758.000000 0.000090
759.000000 0.000091
760.000000 0.000092
761.000000 0.000092
762.000000 0.000093
763.000000 0.000094
764.000000 0.000095
765.000000 0.000096
766.000000 0.000096
767.000000 0.000097
768.000000 0.000098
769.000000 0.000099
770.000000 0.000100
771.000000 0.000100
772.000000 0.000101
773.000000 0.000102
774.000000 0.000103
775.000000 0.000104
776.000000 0.000105
777.000000 0.000106
778.000000 0.000107
779.000000 0.000107
780.000000 0.000108
781.000000 0.000109
782.000000 0.000110
783.000000 0.000111
784.000000 0.000112
785.000000 0.000113
786.000000 0.000114
787.000000 0.000115
788.000000 0.000116
789.000000 0.000116
790.000000 0.000117
791.000000 0.000118
792.000000 0.000119
793.000000 0.000120
794.000000 0.000121
795.000000 0.000122
796.000000 0.000123
797.000000 0.000124
798.000000 0.000125
799.000000 0.000126
800.000000 0.000127
801.000000 0.000128
802.000000 0.000129
803.000000 0.000130
804.000000 0.000131
805.000000 0.000132
806.000000 0.000133
807.000000 0.000134
808.000000 0.000135
809.000000 0.000136
810.000000 0.000137
811.000000 0.000138
812.000000 0.000139
813.000000 0.000140
814.000000 0.000141
815.000000 0.000142
816.000000 0.000143
817.000000 0.000144
818.000000 0.000146
819.000000 0.000147
820.000000 0.000148
821.000000 0.000149
822.000000 0.000150
823.000000 0.000151
824.000000 0.000152
825.000000 0.000153
826.000000 0.000154
827.000000 0.000155
828.000000 0.000157
829.000000 0.000158
830.000000 0.000159
831.000000 0.000160
832.000000 0.000161
833.000000 0.000162
834.000000 0.000164
835.000000 0.000164
836.000000 0.000166
837.000000 0.000167
838.000000 0.000168
839.000000 0.000169
840.000000 0.000170
841.000000 0.000172
842.000000 0.000173
843.000000 0.000174
844.000000 0.000175
845.000000 0.000177
846.000000 0.000178
847.000000 0.000179
848.000000 0.000180
849.000000 0.000182
850.000000 0.000183
851.000000 0.000184
852.000000 0.000185
853.000000 0.000186
854.000000 0.000188
855.000000 0.000189
856.000000 0.000190
857.000000 0.000192
858.000000 0.000193
859.000000 0.000194
860.000000 0.000195
861.000000 0.000197
862.000000 0.000198
863.000000 0.000199
864.000000 0.000201
865.000000 0.000202
866.000000 0.000203
867.000000 0.000205
868.000000 0.000206
869.000000 0.000207
870.000000 0.000209
871.000000 0.000210
872.000000 0.000211
873.000000 0.000213
874.000000 0.000214
875.000000 0.000215
876.000000 0.000217
877.000000 0.000218
878.000000 0.000220
879.000000 0.000221
880.000000 0.000222
881.000000 0.000224
882.000000 0.000225
883.000000 0.000227
884.000000 0.000228
885.000000 0.000229
886.000000 0.000231
887.000000 0.000232
888.000000 0.000234
889.000000 0.000235
890.000000 0.000237
891.000000 0.000238
892.000000 0.000239
893.000000 0.000241
894.000000 0.000242
895.000000 0.000244
896.000000 0.000245
897.000000 0.000247
898.000000 0.000248
899.000000 0.000250
900.000000 0.000251
901.000000 0.000253
902.000000 0.000254
903.000000 0.000256
904.000000 0.000257
905.000000 0.000259
906.000000 0.000260
907.000000 0.000262
908.000000 0.000263
909.000000 0.000265
910.000000 0.000266
911.000000 0.000268
912.000000 0.000269
913.000000 0.000271
914.000000 0.000272
915.000000 0.000274
916.000000 0.000275
917.000000 0.000277
918.000000 0.000279
919.000000 0.000280
920.000000 0.000282
921.000000 0.000283
922.000000 0.000285
923.000000 0.000287
924.000000 0.000288
925.000000 0.000290
926.000000 0.000292
927.000000 0.000293
928.000000 0.000295
929.000000 0.000296
930.000000 0.000298
931.000000 0.000300
932.000000 0.000301
933.000000 0.000303
934.000000 0.000305
935.000000 0.000306
936.000000 0.000308
937.000000 0.000310
938.000000 0.000311
939.000000 0.000313
940.000000 0.000314
941.000000 0.000316
942.000000 0.000318
943.000000 0.000319
944.000000 0.000321
945.000000 0.000323
946.000000 0.000325
947.000000 0.000326
948.000000 0.000328
949.000000 0.000330
950.000000 0.000331
951.000000 0.000333
952.000000 0.000335
953.000000 0.000337
954.000000 0.000338
955.000000 0.000340
956.000000 0.000342
957.000000 0.000344
958.000000 0.000345
959.000000 0.000347
960.000000 0.000349
961.000000 0.000351
962.000000 0.000352
963.000000 0.000354
964.000000 0.000356
965.000000 0.000357
966.000000 0.000360
967.000000 0.000361
968.000000 0.000363
969.000000 0.000365
970.000000 0.000367
971.000000 0.000368
972.000000 0.000371
973.000000 0.000372
974.000000 0.000374
975.000000 0.000376
976.000000 0.000378
977.000000 0.000379
978.000000 0.000381
979.000000 0.000383
980.000000 0.000385
981.000000 0.000387
982.000000 0.000389
983.000000 0.000390
984.000000 0.000392
985.000000 0.000394
986.000000 0.000396
987.000000 0.000398
988.000000 0.000399
989.000000 0.000402
990.000000 0.000403
991.000000 0.000406
992.000000 0.000407
993.000000 0.000409
994.000000 0.000410
995.000000 0.000413
996.000000 0.000415
997.000000 0.000416
998.000000 0.000419
999.000000 0.000420
1000.000000 0.000422
1001.000000 0.000424
1002.000000 0.000426
1003.000000 0.000428
1004.000000 0.000430
1005.000000 0.000432
1006.000000 0.000433
1007.000000 0.000436
1008.000000 0.000437
1009.000000 0.000439
1010.000000 0.000442
1011.000000 0.000443
1012.000000 0.000445
1013.000000 0.000447
1014.000000 0.000449
1015.000000 0.000451
1016.000000 0.000453
1017.000000 0.000454
1018.000000 0.000458
1019.000000 0.000458
1020.000000 0.000461
1021.000000 0.000462
1022.000000 0.000465
1023.000000 0.000467
1024.000000 0.000469
1025.000000 0.000470
1026.000000 0.000473
1027.000000 0.000474
1028.000000 0.000477
1029.000000 0.000478
1030.000000 0.000480
1031.000000 0.000483
1032.000000 0.000484
1033.000000 0.000487
1034.000000 0.000488
1035.000000 0.000490
1036.000000 0.000492
1037.000000 0.000494
1038.000000 0.000496
1039.000000 0.000499
1040.000000 0.000500
1041.000000 0.000503
1042.000000 0.000504
1043.000000 0.000507
1044.000000 0.000508
1045.000000 0.000511
1046.000000 0.000512
1047.000000 0.000515
1048.000000 0.000516
1049.000000 0.000518
1050.000000 0.000521
1051.000000 0.000522
1052.000000 0.000525
1053.000000 0.000526
1054.000000 0.000528
1055.000000 0.000530
1056.000000 0.000533
1057.000000 0.000534
1058.000000 0.000537
1059.000000 0.000538
1060.000000 0.000541
1061.000000 0.000542
1062.000000 0.000545
1063.000000 0.000546
1064.000000 0.000549
1065.000000 0.000551
1066.000000 0.000553
1067.000000 0.000555
1068.000000 0.000557
1069.000000 0.000559
1070.000000 0.000561
1071.000000 0.000562
1072.000000 0.000566
1073.000000 0.000567
1074.000000 0.000570
1075.000000 0.000571
1076.000000 0.000573
1077.000000 0.000576
1078.000000 0.000577
1079.000000 0.000580
1080.000000 0.000581
1081.000000 0.000584
1082.000000 0.000586
1083.000000 0.000588
1084.000000 0.000589
1085.000000 0.000592
1086.000000 0.000593
1087.000000 0.000596
1088.000000 0.000598
1089.000000 0.000600
1090.000000 0.000602
1091.000000 0.000604
1092.000000 0.000606
1093.000000 0.000609
1094.000000 0.000610
1095.000000 0.000612
1096.000000 0.000614
1097.000000 0.000617
1098.000000 0.000618
1099.000000 0.000621
1100.000000 0.000622
1101.000000 0.000625
1102.000000 0.000627
1103.000000 0.000628
1104.000000 0.000631
1105.000000 0.000633
1106.000000 0.000635
1107.000000 0.000637
1108.000000 0.000639
1109.000000 0.000641
1110.000000 0.000643
1111.000000 0.000645
1112.000000 0.000648
1113.000000 0.000649
1114.000000 0.000652
1115.000000 0.000653
1116.000000 0.000656
1117.000000 0.000658
1118.000000 0.000660
1119.000000 0.000662
1120.000000 0.000664
1121.000000 0.000666
1122.000000 0.000668
1123.000000 0.000670
1124.000000 0.000671
1125.000000 0.000674
1126.000000 0.000676
1127.000000 0.000678
1128.000000 0.000681
1129.000000 0.000682
1130.000000 0.000684
1131.000000 0.000687
1132.000000 0.000688
1133.000000 0.000691
1134.000000 0.000692
1135.000000 0.000695
1136.000000 0.000697
1137.000000 0.000699
1138.000000 0.000700
1139.000000 0.000703
1140.000000 0.000704
1141.000000 0.000707
1142.000000 0.000709
1143.000000 0.000711
1144.000000 0.000713
1145.000000 0.000715
1146.000000 0.000717
1147.000000 0.000718
1148.000000 0.000722
1149.000000 0.000722
1150.000000 0.000726
1151.000000 0.000727
1152.000000 0.000729
1153.000000 0.000732
1154.000000 0.000733
1155.000000 0.000735
1156.000000 0.000737
1157.000000 0.000739
1158.000000 0.000742
1159.000000 0.000743
1160.000000 0.000745
1161.000000 0.000747
1162.000000 0.000750
1163.000000 0.000751
1164.000000 0.000753
1165.000000 0.000755
1166.000000 0.000758
1167.000000 0.000759
1168.000000 0.000761
1169.000000 0.000764
1170.000000 0.000765
1171.000000 0.000768
1172.000000 0.000769
1173.000000 0.000772
1174.000000 0.000773
1175.000000 0.000776
1176.000000 0.000776
1177.000000 0.000780
1178.000000 0.000781
1179.000000 0.000783
1180.000000 0.000785
1181.000000 0.000786
1182.000000 0.000789
1183.000000 0.000791
1184.000000 0.000792
1185.000000 0.000796
1186.000000 0.000796
1187.000000 0.000799
1188.000000 0.000801
1189.000000 0.000803
1190.000000 0.000805
1191.000000 0.000806
1192.000000 0.000808
1193.000000 0.000811
1194.000000 0.000812
1195.000000 0.000814
1196.000000 0.000816
1197.000000 0.000818
1198.000000 0.000820
1199.000000 0.000821
1200.000000 0.000824
1201.000000 0.000825
1202.000000 0.000828
1203.000000 0.000829
1204.000000 0.000831
1205.000000 0.000833
1206.000000 0.000834
1207.000000 0.000837
1208.000000 0.000839
1209.000000 0.000841
1210.000000 0.000843
1211.000000 0.000844
1212.000000 0.000847
1213.000000 0.000848
1214.000000 0.000850
1215.000000 0.000852
1216.000000 0.000854
1217.000000 0.000856
1218.000000 0.000857
1219.000000 0.000859
1220.000000 0.000862
1221.000000 0.000862
1222.000000 0.000865
1223.000000 0.000867
1224.000000 0.000868
1225.000000 0.000870
1226.000000 0.000872
1227.000000 0.000874
1228.000000 0.000876
1229.000000 0.000877
1230.000000 0.000878
1231.000000 0.000882
1232.000000 0.000882
1233.000000 0.000884
1234.000000 0.000887
1235.000000 0.000888
1236.000000 0.000890
1237.000000 0.000892
1238.000000 0.000894
1239.000000 0.000896
1240.000000 0.000897
1241.000000 0.000899
1242.000000 0.000900
1243.000000 0.000903
1244.000000 0.000904
1245.000000 0.000906
1246.000000 0.000907
1247.000000 0.000910
1248.000000 0.000911
1249.000000 0.000913
1250.000000 0.000914
1251.000000 0.000917
1252.000000 0.000917
1253.000000 0.000919
1254.000000 0.000922
1255.000000 0.000923
1256.000000 0.000925
1257.000000 0.000926
1258.000000 0.000928
1259.000000 0.000930
1260.000000 0.000931
1261.000000 0.000934
1262.000000 0.000934
1263.000000 0.000937
1264.000000 0.000938
1265.000000 0.000939
1266.000000 0.000942
1267.000000 0.000943
1268.000000 0.000945
1269.000000 0.000946
1270.000000 0.000948
1271.000000 0.000949
1272.000000 0.000951
1273.000000 0.000952
1274.000000 0.000956
1275.000000 0.000955
1276.000000 0.000958
1277.000000 0.000959
1278.000000 0.000960
1279.000000 0.000962
1280.000000 0.000964
1281.000000 0.000965
1282.000000 0.000967
1283.000000 0.000969
1284.000000 0.000969
1285.000000 0.000972
1286.000000 0.000973
1287.000000 0.000974
1288.000000 0.000976
1289.000000 0.000978
1290.000000 0.000979
1291.000000 0.000981
1292.000000 0.000982
1293.000000 0.000984
1294.000000 0.000985
1295.000000 0.000987
1296.000000 0.000988
1297.000000 0.000990
1298.000000 0.000991
1299.000000 0.000992
1300.000000 0.000994
1301.000000 0.000996
1302.000000 0.000996
1303.000000 0.000999
1304.000000 0.000999
1305.000000 0.001001
1306.000000 0.001002
1307.000000 0.001004
1308.000000 0.001006
1309.000000 0.001007
1310.000000 0.001008
1311.000000 0.001009
1312.000000 0.001012
1313.000000 0.001012
1314.000000 0.001013
1315.000000 0.001016
1316.000000 0.001016
1317.000000 0.001018
1318.000000 0.001020
1319.000000 0.001020
1320.000000 0.001023
1321.000000 0.001023
1322.000000 0.001024
1323.000000 0.001027
1324.000000 0.001027
1325.000000 0.001029
1326.000000 0.001030
1327.000000 0.001030
1328.000000 0.001034
1329.000000 0.001033
1330.000000 0.001036
1331.000000 0.001036
1332.000000 0.001038
1333.000000 0.001038
1334.000000 0.001039
1335.000000 0.001042
1336.000000 0.001042
1337.000000 0.001044
1338.000000 0.001044
1339.000000 0.001047
1340.000000 0.001047
1341.000000 0.001049
1342.000000 0.001050
1343.000000 0.001051
1344.000000 0.001052
1345.000000 0.001053
1346.000000 0.001055
1347.000000 0.001056
1348.000000 0.001057
1349.000000 0.001058
1350.000000 0.001059
1351.000000 0.001060
1352.000000 0.001062
1353.000000 0.001063
1354.000000 0.001063
1355.000000 0.001066
1356.000000 0.001065
1357.000000 0.001067
1358.000000 0.001069
1359.000000 0.001069
1360.000000 0.001070
1361.000000 0.001071
1362.000000 0.001073
1363.000000 0.001073
1364.000000 0.001075
1365.000000 0.001075
1366.000000 0.001078
1367.000000 0.001077
1368.000000 0.001078
1369.000000 0.001081
1370.000000 0.001080
1371.000000 0.001082
1372.000000 0.001083
1373.000000 0.001084
1374.000000 0.001085
1375.000000 0.001086
1376.000000 0.001087
1377.000000 0.001088
1378.000000 0.001089
1379.000000 0.001090
1380.000000 0.001090
1381.000000 0.001091
1382.000000 0.001093
1383.000000 0.001093
1384.000000 0.001094
1385.000000 0.001095
1386.000000 0.001096
1387.000000 0.001097
1388.000000 0.001097
1389.000000 0.001099
1390.000000 0.001099
1391.000000 0.001100
1392.000000 0.001101
1393.000000 0.001102
1394.000000 0.001102
1395.000000 0.001104
1396.000000 0.001105
1397.000000 0.001105
1398.000000 0.001106
1399.000000 0.001107
1400.000000 0.001108
1401.000000 0.001109
1402.000000 0.001109
1403.000000 0.001109
1404.000000 0.001112
1405.000000 0.001111
1406.000000 0.001113
1407.000000 0.001113
1408.000000 0.001113
1409.000000 0.001115
1410.000000 0.001115
1411.000000 0.001116
1412.000000 0.001117
1413.000000 0.001117
1414.000000 0.001118
1415.000000 0.001119
1416.000000 0.001119
1417.000000 0.001120
1418.000000 0.001121
1419.000000 0.001121
1420.000000 0.001123
1421.000000 0.001122
1422.000000 0.001123
1423.000000 0.001125
1424.000000 0.001124
1425.000000 0.001125
1426.000000 0.001126
1427.000000 0.001127
1428.000000 0.001126
1429.000000 0.001128
1430.000000 0.001127
1431.000000 0.001129
1432.000000 0.001128
1433.000000 0.001131
1434.000000 0.001130
1435.000000 0.001131
1436.000000 0.001131
1437.000000 0.001131
1438.000000 0.001133
1439.000000 0.001132
1440.000000 0.001133
1441.000000 0.001134
1442.000000 0.001134
1443.000000 0.001135
1444.000000 0.001135
1445.000000 0.001136
1446.000000 0.001136
1447.000000 0.001137
1448.000000 0.001136
1449.000000 0.001137
1450.000000 0.001138
1451.000000 0.001138
1452.000000 0.001138
1453.000000 0.001139
1454.000000 0.001139
1455.000000 0.001139
1456.000000 0.001141
1457.000000 0.001140
1458.000000 0.001142
1459.000000 0.001140
1460.000000 0.001141
1461.000000 0.001142
1462.000000 0.001141
1463.000000 0.001143
1464.000000 0.001142
1465.000000 0.001143
1466.000000 0.001143
1467.000000 0.001143
1468.000000 0.001143
1469.000000 0.001144
1470.000000 0.001145
1471.000000 0.001144
1472.000000 0.001145
1473.000000 0.001145
1474.000000 0.001146
1475.000000 0.001145
1476.000000 0.001145
1477.000000 0.001146
1478.000000 0.001146
1479.000000 0.001146
1480.000000 0.001147
1481.000000 0.001147
1482.000000 0.001146
1483.000000 0.001147
1484.000000 0.001147
1485.000000 0.001147
1486.000000 0.001147
1487.000000 0.001148
1488.000000 0.001146
1489.000000 0.001147
1490.000000 0.001148
1491.000000 0.001147
1492.000000 0.001148
1493.000000 0.001148
1494.000000 0.001148
1495.000000 0.001148
1496.000000 0.001148
1497.000000 0.001148
1498.000000 0.001147
1499.000000 0.001149
1500.000000 0.001147
1501.000000 0.001148
1502.000000 0.001148
1503.000000 0.001148
1504.000000 0.001148
1505.000000 0.001148
1506.000000 0.001147
1507.000000 0.001149
1508.000000 0.001147
1509.000000 0.001147
1510.000000 0.001148
1511.000000 0.001146
1512.000000 0.001148
1513.000000 0.001147
1514.000000 0.001148
1515.000000 0.001147
1516.000000 0.001147
1517.000000 0.001147
1518.000000 0.001147
1519.000000 0.001147
1520.000000 0.001147
1521.000000 0.001145
1522.000000 0.001146
1523.000000 0.001145
1524.000000 0.001146
1525.000000 0.001145
1526.000000 0.001146
1527.000000 0.001145
1528.000000 0.001145
1529.000000 0.001144
1530.000000 0.001145
1531.000000 0.001144
1532.000000 0.001144
1533.000000 0.001144
1534.000000 0.001143
1535.000000 0.001143
1536.000000 0.001142
1537.000000 0.001143
1538.000000 0.001142
1539.000000 0.001143
1540.000000 0.001141
1541.000000 0.001142
1542.000000 0.001140
1543.000000 0.001141
1544.000000 0.001140
1545.000000 0.001141
1546.000000 0.001139
1547.000000 0.001139
1548.000000 0.001139
1549.000000 0.001139
1550.000000 0.001138
1551.000000 0.001138
1552.000000 0.001137
1553.000000 0.001137
1554.000000 0.001136
1555.000000 0.001136
1556.000000 0.001135
1557.000000 0.001135
1558.000000 0.001135
1559.000000 0.001134
1560.000000 0.001134
1561.000000 0.001133
1562.000000 0.001133
1563.000000 0.001131
1564.000000 0.001133
1565.000000 0.001131
1566.000000 0.001132
1567.000000 0.001129
1568.000000 0.001131
1569.000000 0.001128
1570.000000 0.001129
1571.000000 0.001128
1572.000000 0.001128
1573.000000 0.001127
1574.000000 0.001126
1575.000000 0.001125
1576.000000 0.001125
1577.000000 0.001124
1578.000000 0.001124
1579.000000 0.001124
1580.000000 0.001122
1581.000000 0.001123
1582.000000 0.001121
1583.000000 0.001121
1584.000000 0.001120
1585.000000 0.001120
1586.000000 0.001118
1587.000000 0.001118
1588.000000 0.001117
1589.000000 0.001117
1590.000000 0.001114
1591.000000 0.001116
1592.000000 0.001114
1593.000000 0.001115
1594.000000 0.001113
1595.000000 0.001113
1596.000000 0.001111
1597.000000 0.001111
1598.000000 0.001110
1599.000000 0.001110
1600.000000 0.001108
1601.000000 0.001107
1602.000000 0.001107
1603.000000 0.001105
1604.000000 0.001106
1605.000000 0.001104
1606.000000 0.001104
1607.000000 0.001103
1608.000000 0.001103
1609.000000 0.001100
1610.000000 0.001100
1611.000000 0.001099
1612.000000 0.001099
1613.000000 0.001097
1614.000000 0.001097
1615.000000 0.001096
1616.000000 0.001095
1617.000000 0.001094
1618.000000 0.001094
1619.000000 0.001092
1620.000000 0.001092
1621.000000 0.001090
1622.000000 0.001090
1623.000000 0.001088
1624.000000 0.001087
1625.000000 0.001087
1626.000000 0.001085
1627.000000 0.001085
1628.000000 0.001084
1629.000000 0.001083
1630.000000 0.001081
1631.000000 0.001082
1632.000000 0.001079
1633.000000 0.001079
1634.000000 0.001077
1635.000000 0.001078
1636.000000 0.001074
1637.000000 0.001075
1638.000000 0.001073
1639.000000 0.001073
1640.000000 0.001071
1641.000000 0.001071
1642.000000 0.001069
1643.000000 0.001068
1644.000000 0.001066
1645.000000 0.001067
1646.000000 0.001064
1647.000000 0.001064
1648.000000 0.001063
1649.000000 0.001061
1650.000000 0.001061
1651.000000 0.001059
1652.000000 0.001059
1653.000000 0.001057
1654.000000 0.001056
1655.000000 0.001054
1656.000000 0.001054
1657.000000 0.001052
1658.000000 0.001052
1659.000000 0.001048
1660.000000 0.001050
1661.000000 0.001047
1662.000000 0.001047
1663.000000 0.001044
1664.000000 0.001044
1665.000000 0.001042
1666.000000 0.001041
1667.000000 0.001040
1668.000000 0.001039
1669.000000 0.001037
1670.000000 0.001036
1671.000000 0.001035
1672.000000 0.001033
1673.000000 0.001033
1674.000000 0.001031
1675.000000 0.001030
1676.000000 0.001028
1677.000000 0.001028
1678.000000 0.001025
1679.000000 0.001026
1680.000000 0.001023
1681.000000 0.001023
1682.000000 0.001020
1683.000000 0.001020
1684.000000 0.001017
1685.000000 0.001017
1686.000000 0.001015
1687.000000 0.001015
1688.000000 0.001012
1689.000000 0.001012
1690.000000 0.001009
1691.000000 0.001009
1692.000000 0.001007
1693.000000 0.001005
1694.000000 0.001005
1695.000000 0.001002
1696.000000 0.001002
1697.000000 0.000999
1698.000000 0.000999
1699.000000 0.000997
1700.000000 0.000996
1701.000000 0.000993
1702.000000 0.000993
1703.000000 0.000991
1704.000000 0.000991
1705.000000 0.000987
1706.000000 0.000987
1707.000000 0.000985
1708.000000 0.000984
1709.000000 0.000982
1710.000000 0.000981
1711.000000 0.000978
1712.000000 0.000978
1713.000000 0.000975
1714.000000 0.000975
1715.000000 0.000972
1716.000000 0.000972
1717.000000 0.000970
1718.000000 0.000967
1719.000000 0.000967
1720.000000 0.000965
1721.000000 0.000964
1722.000000 0.000962
1723.000000 0.000961
1724.000000 0.000958
1725.000000 0.000958
1726.000000 0.000955
1727.000000 0.000955
1728.000000 0.000952
1729.000000 0.000951
1730.000000 0.000949
1731.000000 0.000948
1732.000000 0.000946
1733.000000 0.000945
1734.000000 0.000943
1735.000000 0.000941
1736.000000 0.000939
1737.000000 0.000938
1738.000000 0.000936
1739.000000 0.000935
1740.000000 0.000933
1741.000000 0.000931
1742.000000 0.000930
1743.000000 0.000928
1744.000000 0.000926
1745.000000 0.000924
1746.000000 0.000924
1747.000000 0.000920
1748.000000 0.000920
1749.000000 0.000917
1750.000000 0.000917
1751.000000 0.000914
1752.000000 0.000913
1753.000000 0.000911
1754.000000 0.000909
1755.000000 0.000908
1756.000000 0.000906
1757.000000 0.000904
1758.000000 0.000902
1759.000000 0.000900
1760.000000 0.000899
1761.000000 0.000897
1762.000000 0.000895
1763.000000 0.000894
1764.000000 0.000891
1765.000000 0.000890
1766.000000 0.000888
1767.000000 0.000887
1768.000000 0.000885
1769.000000 0.000883
1770.000000 0.000881
1771.000000 0.000879
1772.000000 0.000877
1773.000000 0.000877
1774.000000 0.000873
1775.000000 0.000873
1776.000000 0.000870
1777.000000 0.000868
1778.000000 0.000867
1779.000000 0.000865
1780.000000 0.000863
1781.000000 0.000861
1782.000000 0.000859
1783.000000 0.000858
1784.000000 0.000855
1785.000000 0.000854
1786.000000 0.000852
1787.000000 0.000850
1788.000000 0.000849
1789.000000 0.000846
1790.000000 0.000845
1791.000000 0.000842
1792.000000 0.000841
1793.000000 0.000838
1794.000000 0.000837
1795.000000 0.000835
1796.000000 0.000833
1797.000000 0.000831
1798.000000 0.000829
1799.000000 0.000827
1800.000000 0.000826
1801.000000 0.000824
1802.000000 0.000822
1803.000000 0.000819
1804.000000 0.000818
1805.000000 0.000816
1806.000000 0.000814
1807.000000 0.000812
1808.000000 0.000811
1809.000000 0.000808
1810.000000 0.000806
1811.000000 0.000804
1812.000000 0.000802
1813.000000 0.000801
1814.000000 0.000799
1815.000000 0.000797
1816.000000 0.000794
1817.000000 0.000793
1818.000000 0.000791
1819.000000 0.000789
1820.000000 0.000787
1821.000000 0.000785
1822.000000 0.000783
1823.000000 0.000780
1824.000000 0.000780
1825.000000 0.000777
1826.000000 0.000775
1827.000000 0.000773
1828.000000 0.000771
1829.000000 0.000770
1830.000000 0.000767
1831.000000 0.000766
1832.000000 0.000763
1833.000000 0.000761
1834.000000 0.000759
1835.000000 0.000758
1836.000000 0.000755
1837.000000 0.000754
1838.000000 0.000751
1839.000000 0.000749
1840.000000 0.000747
1841.000000 0.000745
1842.000000 0.000744
1843.000000 0.000741
1844.000000 0.000739
1845.000000 0.000737
1846.000000 0.000734
1847.000000 0.000734
1848.000000 0.000731
1849.000000 0.000729
1850.000000 0.000726
1851.000000 0.000725
1852.000000 0.000723
1853.000000 0.000721
1854.000000 0.000719
1855.000000 0.000717
1856.000000 0.000715
1857.000000 0.000712
1858.000000 0.000711
1859.000000 0.000709
1860.000000 0.000707
1861.000000 0.000704
1862.000000 0.000703
1863.000000 0.000700
1864.000000 0.000699
1865.000000 0.000696
1866.000000 0.000695
1867.000000 0.000692
1868.000000 0.000691
1869.000000 0.000688
1870.000000 0.000687
1871.000000 0.000684
1872.000000 0.000683
1873.000000 0.000680
1874.000000 0.000678
1875.000000 0.000676
1876.000000 0.000674
1877.000000 0.000672
1878.000000 0.000670
1879.000000 0.000667
1880.000000 0.000666
1881.000000 0.000664
1882.000000 0.000661
1883.000000 0.000660
1884.000000 0.000657
1885.000000 0.000655
1886.000000 0.000653
1887.000000 0.000652
1888.000000 0.000649
1889.000000 0.000648
1890.000000 0.000644
1891.000000 0.000644
1892.000000 0.000640
1893.000000 0.000640
1894.000000 0.000637
1895.000000 0.000636
1896.000000 0.000632
1897.000000 0.000631
1898.000000 0.000629
1899.000000 0.000627
1900.000000 0.000625
1901.000000 0.000623
1902.000000 0.000620
1903.000000 0.000619
1904.000000 0.000616
1905.000000 0.000614
1906.000000 0.000612
1907.000000 0.000610
1908.000000 0.000608
1909.000000 0.000606
1910.000000 0.000605
1911.000000 0.000601
1912.000000 0.000601
1913.000000 0.000597
1914.000000 0.000597
1915.000000 0.000593
1916.000000 0.000593
1917.000000 0.000589
1918.000000 0.000589
1919.000000 0.000584
1920.000000 0.000584
1921.000000 0.000581
1922.000000 0.000580
1923.000000 0.000577
1924.000000 0.000575
1925.000000 0.000573
1926.000000 0.000571
1927.000000 0.000569
1928.000000 0.000567
1929.000000 0.000565
1930.000000 0.000563
1931.000000 0.000561
1932.000000 0.000559
1933.000000 0.000557
1934.000000 0.000555
1935.000000 0.000553
1936.000000 0.000550
1937.000000 0.000550
1938.000000 0.000546
1939.000000 0.000545
1940.000000 0.000542
1941.000000 0.000542
1942.000000 0.000537
1943.000000 0.000537
1944.000000 0.000534
1945.000000 0.000533
1946.000000 0.000530
1947.000000 0.000529
1948.000000 0.000526
1949.000000 0.000525
1950.000000 0.000522
1951.000000 0.000520
1952.000000 0.000518
1953.000000 0.000516
1954.000000 0.000514
1955.000000 0.000512
1956.000000 0.000510
1957.000000 0.000508
1958.000000 0.000506
1959.000000 0.000504
1960.000000 0.000503
1961.000000 0.000500
1962.000000 0.000499
1963.000000 0.000495
1964.000000 0.000495
1965.000000 0.000491
1966.000000 0.000491
1967.000000 0.000488
1968.000000 0.000487
1969.000000 0.000484
1970.000000 0.000483
1971.000000 0.000479
1972.000000 0.000479
1973.000000 0.000476
1974.000000 0.000475
1975.000000 0.000472
1976.000000 0.000471
1977.000000 0.000468
1978.000000 0.000467
1979.000000 0.000465
1980.000000 0.000463
1981.000000 0.000461
1982.000000 0.000459
1983.000000 0.000457
1984.000000 0.000455
1985.000000 0.000453
1986.000000 0.000451
1987.000000 0.000450
1988.000000 0.000447
1989.000000 0.000446
1990.000000 0.000442
1991.000000 0.000442
1992.000000 0.000438
1993.000000 0.000438
1994.000000 0.000435
1995.000000 0.000434
1996.000000 0.000431
1997.000000 0.000430
1998.000000 0.000427
1999.000000 0.000427
2000.000000 0.000423
2001.000000 0.000423
2002.000000 0.000420
2003.000000 0.000419
2004.000000 0.000416
2005.000000 0.000414
2006.000000 0.000413
2007.000000 0.000411
2008.000000 0.000409
2009.000000 0.000407
2010.000000 0.000405
2011.000000 0.000403
2012.000000 0.000402
2013.000000 0.000399
2014.000000 0.000398
2015.000000 0.000395
2016.000000 0.000395
2017.000000 0.000391
2018.000000 0.000391
2019.000000 0.000388
2020.000000 0.000387
2021.000000 0.000384
2022.000000 0.000384
2023.000000 0.000380
2024.000000 0.000380
2025.000000 0.000377
2026.000000 0.000376
2027.000000 0.000373
2028.000000 0.000372
2029.000000 0.000370
2030.000000 0.000369
2031.000000 0.000367
2032.000000 0.000365
2033.000000 0.000363
2034.000000 0.000361
2035.000000 0.000360
2036.000000 0.000358
2037.000000 0.000356
2038.000000 0.000354
2039.000000 0.000353
2040.000000 0.000350
2041.000000 0.000349
2042.000000 0.000347
2043.000000 0.000346
2044.000000 0.000343
2045.000000 0.000343
2046.000000 0.000339
2047.000000 0.000339
2048.000000 0.000336
2049.000000 0.000335
2050.000000 0.000333
2051.000000 0.000332
2052.000000 0.000329
2053.000000 0.000328
2054.000000 0.000326
2055.000000 0.000325
2056.000000 0.000323
2057.000000 0.000321
2058.000000 0.000320
2059.000000 0.000318
2060.000000 0.000316
2061.000000 0.000314
2062.000000 0.000313
2063.000000 0.000311
2064.000000 0.000310
2065.000000 0.000308
2066.000000 0.000306
2067.000000 0.000304
2068.000000 0.000304
2069.000000 0.000301
2070.000000 0.000300
2071.000000 0.000297
2072.000000 0.000297
2073.000000 0.000294
2074.000000 0.000293
2075.000000 0.000291
2076.000000 0.000290
2077.000000 0.000288
2078.000000 0.000287
2079.000000 0.000285
2080.000000 0.000284
2081.000000 0.000282
2082.000000 0.000280
2083.000000 0.000279
2084.000000 0.000277
2085.000000 0.000276
2086.000000 0.000274
2087.000000 0.000273
2088.000000 0.000271
2089.000000 0.000270
2090.000000 0.000268
2091.000000 0.000267
2092.000000 0.000264
2093.000000 0.000264
2094.000000 0.000261
2095.000000 0.000261
2096.000000 0.000258
2097.000000 0.000257
2098.000000 0.000255
2099.000000 0.000254
2100.000000 0.000252
2101.000000 0.000251
2102.000000 0.000250
2103.000000 0.000248
2104.000000 0.000247
2105.000000 0.000245
2106.000000 0.000244
2107.000000 0.000242
2108.000000 0.000241
2109.000000 0.000239
2110.000000 0.000238
2111.000000 0.000236
2112.000000 0.000235
2113.000000 0.000233
2114.000000 0.000232
2115.000000 0.000230
2116.000000 0.000230
2117.000000 0.000228
2118.000000 0.000227
2119.000000 0.000225
2120.000000 0.000224
2121.000000 0.000222
2122.000000 0.000221
2123.000000 0.000219
2124.000000 0.000218
2125.000000 0.000217
2126.000000 0.000215
2127.000000 0.000214
2128.000000 0.000213
2129.000000 0.000211
2130.000000 0.000210
2131.000000 0.000209
2132.000000 0.000207
2133.000000 0.000206
2134.000000 0.000205
2135.000000 0.000203
2136.000000 0.000202
2137.000000 0.000201
2138.000000 0.000199
2139.000000 0.000198
2140.000000 0.000196
2141.000000 0.000196
2142.000000 0.000194
2143.000000 0.000193
2144.000000 0.000191
2145.000000 0.000190
2146.000000 0.000189
2147.000000 0.000188
2148.000000 0.000186
2149.000000 0.000185
2150.000000 0.000184
2151.000000 0.000183
2152.000000 0.000181
2153.000000 0.000180
2154.000000 0.000179
2155.000000 0.000178
2156.000000 0.000177
2157.000000 0.000175
2158.000000 0.000174
2159.000000 0.000173
2160.000000 0.000172
2161.000000 0.000170
2162.000000 0.000169
2163.000000 0.000168
2164.000000 0.000167
2165.000000 0.000166
2166.000000 0.000165
2167.000000 0.000163
2168.000000 0.000162
2169.000000 0.000161
2170.000000 0.000160
2171.000000 0.000159
2172.000000 0.000158
2173.000000 0.000157
2174.000000 0.000156
2175.000000 0.000154
2176.000000 0.000153
2177.000000 0.000152
2178.000000 0.000151
2179.000000 0.000150
2180.000000 0.000149
2181.000000 0.000148
2182.000000 0.000147
2183.000000 0.000146
2184.000000 0.000144
2185.000000 0.000144
2186.000000 0.000142
2187.000000 0.000141
2188.000000 0.000140
2189.000000 0.000139
2190.000000 0.000138
2191.000000 0.000137
2192.000000 0.000136
2193.000000 0.000135
2194.000000 0.000134
2195.000000 0.000133
2196.000000 0.000132
2197.000000 0.000131
2198.000000 0.000130
2199.000000 0.000129
2200.000000 0.000128
2201.000000 0.000127
2202.000000 0.000126
2203.000000 0.000125
2204.000000 0.000124
2205.000000 0.000123
2206.000000 0.000122
2207.000000 0.000121
2208.000000 0.000120
2209.000000 0.000119
2210.000000 0.000118
2211.000000 0.000117
2212.000000 0.000117
2213.000000 0.000115
2214.000000 0.000115
2215.000000 0.000114
2216.000000 0.000113
2217.000000 0.000112
2218.000000 0.000111
2219.000000 0.000110
2220.000000 0.000109
2221.000000 0.000108
2222.000000 0.000107
2223.000000 0.000106
2224.000000 0.000106
2225.000000 0.000105
2226.000000 0.000104
2227.000000 0.000103
2228.000000 0.000102
2229.000000 0.000101
2230.000000 0.000100
2231.000000 0.000100
2232.000000 0.000099
2233.000000 0.000098
2234.000000 0.000097
2235.000000 0.000096
2236.000000 0.000095
2237.000000 0.000095
2238.000000 0.000094
2239.000000 0.000093
2240.000000 0.000092
2241.000000 0.000092
2242.000000 0.000091
2243.000000 0.000090
2244.000000 0.000089
2245.000000 0.000088
2246.000000 0.000088
2247.000000 0.000087
2248.000000 0.000086
2249.000000 0.000085
2250.000000 0.000085
2251.000000 0.000084
2252.000000 0.000083
2253.000000 0.000082
2254.000000 0.000082
2255.000000 0.000081
2256.000000 0.000080
2257.000000 0.000079
2258.000000 0.000079
2259.000000 0.000078
2260.000000 0.000077
2261.000000 0.000077
2262.000000 0.000076
2263.000000 0.000075
2264.000000 0.000075
2265.000000 0.000074
2266.000000 0.000073
2267.000000 0.000073
2268.000000 0.000072
2269.000000 0.000071
2270.000000 0.000071
2271.000000 0.000070
2272.000000 0.000069
2273.000000 0.000069
2274.000000 0.000068
2275.000000 0.000067
2276.000000 0.000067
2277.000000 0.000066
2278.000000 0.000065
2279.000000 0.000065
2280.000000 0.000064
2281.000000 0.000064
2282.000000 0.000063
2283.000000 0.000062
2284.000000 0.000062
2285.000000 0.000061
2286.000000 0.000061
2287.000000 0.000060
2288.000000 0.000059
2289.000000 0.000059
2290.000000 0.000058
2291.000000 0.000058
2292.000000 0.000057
2293.000000 0.000057
2294.000000 0.000056
2295.000000 0.000055
2296.000000 0.000055
2297.000000 0.000054
2298.000000 0.000054
2299.000000 0.000053
2300.000000 0.000053
2301.000000 0.000052
2302.000000 0.000052
2303.000000 0.000051
2304.000000 0.000051
2305.000000 0.000050
2306.000000 0.000050
2307.000000 0.000049
2308.000000 0.000049
2309.000000 0.000048
2310.000000 0.000048
2311.000000 0.000047
2312.000000 0.000047
2313.000000 0.000046
2314.000000 0.000046
2315.000000 0.000045
2316.000000 0.000045
2317.000000 0.000044
2318.000000 0.000044
2319.000000 0.000043
2320.000000 0.000043
2321.000000 0.000042
2322.000000 0.000042
2323.000000 0.000041
2324.000000 0.000041
2325.000000 0.000041
2326.000000 0.000040
2327.000000 0.000040
2328.000000 0.000039
2329.000000 0.000039
2330.000000 0.000038
2331.000000 0.000038
2332.000000 0.000038
2333.000000 0.000037
2334.000000 0.000037
2335.000000 0.000036
2336.000000 0.000036
2337.000000 0.000036
2338.000000 0.000035
2339.000000 0.000035
2340.000000 0.000034
2341.000000 0.000034
2342.000000 0.000034
2343.000000 0.000033
2344.000000 0.000033
2345.000000 0.000032
2346.000000 0.000032
2347.000000 0.000032
2348.000000 0.000031
2349.000000 0.000031
2350.000000 0.000031
2351.000000 0.000030
2352.000000 0.000030
2353.000000 0.000030
2354.000000 0.000029
2355.000000 0.000029
2356.000000 0.000029
2357.000000 0.000028
2358.000000 0.000028
2359.000000 0.000028
2360.000000 0.000027
2361.000000 0.000027
2362.000000 0.000027
2363.000000 0.000026
2364.000000 0.000026
2365.000000 0.000026
2366.000000 0.000025
2367.000000 0.000025
2368.000000 0.000025
2369.000000 0.000024
2370.000000 0.000024
2371.000000 0.000024
2372.000000 0.000024
2373.000000 0.000023
2374.000000 0.000023
2375.000000 0.000023
2376.000000 0.000022
2377.000000 0.000022
2378.000000 0.000022
2379.000000 0.000022
2380.000000 0.000021
2381.000000 0.000021
2382.000000 0.000021
2383.000000 0.000020
2384.000000 0.000020
2385.000000 0.000020
2386.000000 0.000020
2387.000000 0.000019
2388.000000 0.000019
2389.000000 0.000019
2390.000000 0.000019
2391.000000 0.000018
2392.000000 0.000018
2393.000000 0.000018
2394.000000 0.000018
2395.000000 0.000018
2396.000000 0.000017
2397.000000 0.000017
2398.000000 0.000017
2399.000000 0.000017
2400.000000 0.000016
2401.000000 0.000016
2402.000000 0.000016
2403.000000 0.000016
2404.000000 0.000016
2405.000000 0.000015
2406.000000 0.000015
2407.000000 0.000015
2408.000000 0.000015
2409.000000 0.000015
2410.000000 0.000014
2411.000000 0.000014
2412.000000 0.000014
2413.000000 0.000014
2414.000000 0.000014
2415.000000 0.000013
2416.000000 0.000013
2417.000000 0.000013
2418.000000 0.000013
2419.000000 0.000013
2420.000000 0.000012
2421.000000 0.000012
2422.000000 0.000012
2423.000000 0.000012
2424.000000 0.000012
2425.000000 0.000012
2426.000000 0.000011
2427.000000 0.000011
2428.000000 0.000011
2429.000000 0.000011
2430.000000 0.000011
2431.000000 0.000011
2432.000000 0.000010
2433.000000 0.000010
2434.000000 0.000010
2435.000000 0.000010
2436.000000 0.000010
2437.000000 0.000010
2438.000000 0.000010
2439.000000 0.000009
2440.000000 0.000009
2441.000000 0.000009
2442.000000 0.000009
2443.000000 0.000009
2444.000000 0.000009
2445.000000 0.000009
2446.000000 0.000008
2447.000000 0.000008
2448.000000 0.000008
2449.000000 0.000008
2450.000000 0.000008
2451.000000 0.000008
2452.000000 0.000008
2453.000000 0.000008
2454.000000 0.000007
2455.000000 0.000007
2456.000000 0.000007
2457.000000 0.000007
2458.000000 0.000007
2459.000000 0.000007
2460.000000 0.000007
2461.000000 0.000007
2462.000000 0.000007
2463.000000 0.000006
2464.000000 0.000006
2465.000000 0.000006
2466.000000 0.000006
2467.000000 0.000006
2468.000000 0.000006
2469.000000 0.000006
2470.000000 0.000006
2471.000000 0.000006
2472.000000 0.000006
2473.000000 0.000006
2474.000000 0.000005
2475.000000 0.000005
2476.000000 0.000005
2477.000000 0.000005
2478.000000 0.000005
2479.000000 0.000005
2480.000000 0.000005
2481.000000 0.000005
2482.000000 0.000005
2483.000000 0.000005
2484.000000 0.000005
2485.000000 0.000004
2486.000000 0.000004
2487.000000 0.000004
2488.000000 0.000004
2489.000000 0.000004
2490.000000 0.000004
2491.000000 0.000004
2492.000000 0.000004
2493.000000 0.000004
2494.000000 0.000004
2495.000000 0.000004
2496.000000 0.000004
2497.000000 0.000004
2498.000000 0.000004
2499.000000 0.000004
2500.000000 0.000003
2501.000000 0.000003
2502.000000 0.000003
2503.000000 0.000003
2504.000000 0.000003
2505.000000 0.000003
2506.000000 0.000003
2507.000000 0.000003
2508.000000 0.000003
2509.000000 0.000003
2510.000000 0.000003
2511.000000 0.000003
2512.000000 0.000003
2513.000000 0.000003
2514.000000 0.000003
2515.000000 0.000003
2516.000000 0.000003
2517.000000 0.000003
2518.000000 0.000002
2519.000000 0.000002
2520.000000 0.000002
2521.000000 0.000002
2522.000000 0.000002
2523.000000 0.000002
2524.000000 0.000002
2525.000000 0.000002
2526.000000 0.000002
2527.000000 0.000002
2528.000000 0.000002
2529.000000 0.000002
2530.000000 0.000002
2531.000000 0.000002
2532.000000 0.000002
2533.000000 0.000002
2534.000000 0.000002
2535.000000 0.000002
2536.000000 0.000002
2537.000000 0.000002
2538.000000 0.000002
2539.000000 0.000002
2540.000000 0.000002
2541.000000 0.000002
2542.000000 0.000002
2543.000000 0.000001
2544.000000 0.000001
2545.000000 0.000001
2546.000000 0.000001
2547.000000 0.000001
2548.000000 0.000001
2549.000000 0.000001
2550.000000 0.000001
2551.000000 0.000001
2552.000000 0.000001
2553.000000 0.000001
2554.000000 0.000001
2555.000000 0.000001
2556.000000 0.000001
2557.000000 0.000001
2558.000000 0.000001
2559.000000 0.000001
2560.000000 0.000001
2561.000000 0.000001
2562.000000 0.000001
2563.000000 0.000001
2564.000000 0.000001
2565.000000 0.000001
2566.000000 0.000001
2567.000000 0.000001
2568.000000 0.000001
2569.000000 0.000001
2570.000000 0.000001
2571.000000 0.000001
2572.000000 0.000001
2573.000000 0.000001
2574.000000 0.000001
2575.000000 0.000001
2576.000000 0.000001
2577.000000 0.000001
2578.000000 0.000001
2579.000000 0.000001
2580.000000 0.000001
2581.000000 0.000001
2582.000000 0.000001
2583.000000 0.000001
2584.000000 0.000001
2585.000000 0.000001
2586.000000 0.000001
2587.000000 0.000001
2588.000000 0.000001
2589.000000 0.000001
2590.000000 0.000001
2591.000000 0.000000
2592.000000 0.000000
2593.000000 0.000000
2594.000000 0.000000
2595.000000 0.000000
2596.000000 0.000000
2597.000000 0.000000
2598.000000 0.000000
2599.000000 0.000000
2600.000000 0.000000
2601.000000 0.000000
2602.000000 0.000000
2603.000000 0.000000
2604.000000 0.000000
2605.000000 0.000000
2606.000000 0.000000
2607.000000 0.000000
2608.000000 0.000000
2609.000000 0.000000
2610.000000 0.000000
2611.000000 0.000000
2612.000000 0.000000
2613.000000 0.000000
2614.000000 0.000000
2615.000000 0.000000
2616.000000 0.000000
2617.000000 0.000000
2618.000000 0.000000
2619.000000 0.000000
2620.000000 0.000000
2621.000000 0.000000
2622.000000 0.000000
2623.000000 0.000000
2624.000000 0.000000
2625.000000 0.000000
2626.000000 0.000000
2627.000000 0.000000
2628.000000 0.000000
2629.000000 0.000000
2630.000000 0.000000
2631.000000 0.000000
2632.000000 0.000000
2633.000000 0.000000
2634.000000 0.000000
2635.000000 0.000000
2636.000000 0.000000
2637.000000 0.000000
2638.000000 0.000000
2639.000000 0.000000
2640.000000 0.000000
2641.000000 0.000000
2642.000000 0.000000
2643.000000 0.000000
2644.000000 0.000000
2645.000000 0.000000
2646.000000 0.000000
2647.000000 0.000000
2648.000000 0.000000
2649.000000 0.000000
2650.000000 0.000000
2651.000000 0.000000
2652.000000 0.000000
2653.000000 0.000000
2654.000000 0.000000
2655.000000 0.000000
2656.000000 0.000000
2657.000000 0.000000
2658.000000 0.000000
2659.000000 0.000000
2660.000000 0.000000
2661.000000 0.000000
2662.000000 0.000000
2663.000000 0.000000
2664.000000 0.000000
2665.000000 0.000000
2666.000000 0.000000
2667.000000 0.000000
2668.000000 0.000000
2669.000000 0.000000
2670.000000 0.000000
2671.000000 0.000000
2672.000000 0.000000
2673.000000 0.000000
2674.000000 0.000000
2675.000000 0.000000
2676.000000 0.000000
2677.000000 0.000000
2678.000000 0.000000
2679.000000 0.000000
2680.000000 0.000000
2681.000000 0.000000
2682.000000 0.000000
2683.000000 0.000000
2684.000000 0.000000
2685.000000 0.000000
2686.000000 0.000000
2687.000000 0.000000
2688.000000 0.000000
2689.000000 0.000000
2690.000000 0.000000
2691.000000 0.000000
2692.000000 0.000000
2693.000000 0.000000
2694.000000 0.000000
2695.000000 0.000000
2696.000000 0.000000
2697.000000 0.000000
2698.000000 0.000000
2699.000000 0.000000
2700.000000 0.000000
2701.000000 0.000000
2702.000000 0.000000
2703.000000 0.000000
2704.000000 0.000000
2705.000000 0.000000
2706.000000 0.000000
2707.000000 0.000000
2708.000000 0.000000
2709.000000 0.000000
2710.000000 0.000000
2711.000000 0.000000
2712.000000 0.000000
2713.000000 0.000000
2714.000000 0.000000
2715.000000 0.000000
2716.000000 0.000000
2717.000000 0.000000
2718.000000 0.000000
2719.000000 0.000000
2720.000000 0.000000
2721.000000 0.000000
2722.000000 0.000000
2723.000000 0.000000
2724.000000 0.000000
2725.000000 0.000000
2726.000000 0.000000
2727.000000 0.000000
2728.000000 0.000000
2729.000000 0.000000
2730.000000 0.000000
2731.000000 0.000000
2732.000000 0.000000
2733.000000 0.000000
2734.000000 0.000000
2735.000000 0.000000
2736.000000 0.000000
2737.000000 0.000000
2738.000000 0.000000
2739.000000 0.000000
2740.000000 0.000000
2741.000000 0.000000
2742.000000 0.000000
2743.000000 0.000000
2744.000000 0.000000
2745.000000 0.000000
2746.000000 0.000000
2747.000000 0.000000
2748.000000 0.000000
2749.000000 0.000000
2750.000000 0.000000
2751.000000 0.000000
2752.000000 0.000000
2753.000000 0.000000
2754.000000 0.000000
2755.000000 0.000000
2756.000000 0.000000
2757.000000 0.000000
2758.000000 0.000000
2759.000000 0.000000
2760.000000 0.000000
2761.000000 0.000000
2762.000000 0.000000
2763.000000 0.000000
2764.000000 0.000000
2765.000000 0.000000
2766.000000 0.000000
2767.000000 0.000000
2768.000000 0.000000
2769.000000 0.000000
2770.000000 0.000000
2771.000000 0.000000
2772.000000 0.000000
2773.000000 0.000000
2774.000000 0.000000
2775.000000 0.000000
2776.000000 0.000000
2777.000000 0.000000
2778.000000 0.000000
2779.000000 0.000000
2780.000000 0.000000
2781.000000 0.000000
2782.000000 0.000000
2783.000000 0.000000
2784.000000 0.000000
2785.000000 0.000000
2786.000000 0.000000
2787.000000 0.000000
2788.000000 0.000000
2789.000000 0.000000
2790.000000 0.000000
2791.000000 0.000000
2792.000000 0.000000
2793.000000 0.000000
2794.000000 0.000000
2795.000000 0.000000
2796.000000 0.000000
2797.000000 0.000000
2798.000000 0.000000
2799.000000 0.000000
2800.000000 0.000000
2801.000000 0.000000
2802.000000 0.000000
2803.000000 0.000000
2804.000000 0.000000
2805.000000 0.000000
2806.000000 0.000000
2807.000000 0.000000
2808.000000 0.000000
2809.000000 0.000000
2810.000000 0.000000
2811.000000 0.000000
2812.000000 0.000000
2813.000000 0.000000
2814.000000 0.000000
2815.000000 0.000000
2816.000000 0.000000
2817.000000 0.000000
2818.000000 0.000000
2819.000000 0.000000
2820.000000 0.000000
2821.000000 0.000000
2822.000000 0.000000
2823.000000 0.000000
2824.000000 0.000000
2825.000000 0.000000
2826.000000 0.000000
2827.000000 0.000000
2828.000000 0.000000
2829.000000 0.000000
2830.000000 0.000000
2831.000000 0.000000
2832.000000 0.000000
2833.000000 0.000000
2834.000000 0.000000
2835.000000 0.000000
2836.000000 0.000000
2837.000000 0.000000
2838.000000 0.000000
2839.000000 0.000000
2840.000000 0.000000
2841.000000 0.000000
2842.000000 0.000000
2843.000000 0.000000
2844.000000 0.000000
2845.000000 0.000000
2846.000000 0.000000
2847.000000 0.000000
2848.000000 0.000000
2849.000000 0.000000
2850.000000 0.000000
2851.000000 0.000000
2852.000000 0.000000
2853.000000 0.000000
2854.000000 0.000000
2855.000000 0.000000
2856.000000 0.000000
2857.000000 0.000000
2858.000000 0.000000
2859.000000 0.000000
2860.000000 0.000000
2861.000000 0.000000
2862.000000 0.000000
2863.000000 0.000000
2864.000000 0.000000
2865.000000 0.000000
2866.000000 0.000000
2867.000000 0.000000
2868.000000 0.000000
2869.000000 0.000000
2870.000000 0.000000
2871.000000 0.000000
2872.000000 0.000000
2873.000000 0.000000
2874.000000 0.000000
2875.000000 0.000000
2876.000000 0.000000
2877.000000 0.000000
2878.000000 0.000000
2879.000000 0.000000
2880.000000 0.000000
2881.000000 0.000000
2882.000000 0.000000
2883.000000 0.000000
2884.000000 0.000000
2885.000000 0.000000
2886.000000 0.000000
2887.000000 0.000000
2888.000000 0.000000
2889.000000 0.000000
2890.000000 0.000000
2891.000000 0.000000
2892.000000 0.000000
2893.000000 0.000000
2894.000000 0.000000
2895.000000 0.000000
2896.000000 0.000000
2897.000000 0.000000
2898.000000 0.000000
2899.000000 0.000000
2900.000000 0.000000
2901.000000 0.000000
2902.000000 0.000000
2903.000000 0.000000
2904.000000 0.000000
2905.000000 0.000000
2906.000000 0.000000
2907.000000 0.000000
2908.000000 0.000000
2909.000000 0.000000
2910.000000 0.000000
2911.000000 0.000000
2912.000000 0.000000
2913.000000 0.000000
2914.000000 0.000000
2915.000000 0.000000
2916.000000 0.000000
2917.000000 0.000000
2918.000000 0.000000
2919.000000 0.000000
2920.000000 0.000000
2921.000000 0.000000
2922.000000 0.000000
2923.000000 0.000000
2924.000000 0.000000
2925.000000 0.000000
2926.000000 0.000000
2927.000000 0.000000
2928.000000 0.000000
2929.000000 0.000000
2930.000000 0.000000
2931.000000 0.000000
2932.000000 0.000000
2933.000000 0.000000
2934.000000 0.000000
2935.000000 0.000000
2936.000000 0.000000
2937.000000 0.000000
2938.000000 0.000000
2939.000000 0.000000
2940.000000 0.000000
2941.000000 0.000000
2942.000000 0.000000
2943.000000 0.000000
2944.000000 0.000000
2945.000000 0.000000
2946.000000 0.000000
2947.000000 0.000000
2948.000000 0.000000
2949.000000 0.000000
2950.000000 0.000000
2951.000000 0.000000
2952.000000 0.000000
2953.000000 0.000000
2954.000000 0.000000
2955.000000 0.000000
2956.000000 0.000000
2957.000000 0.000000
2958.000000 0.000000
2959.000000 0.000000
2960.000000 0.000000
2961.000000 0.000000
2962.000000 0.000000
2963.000000 0.000000
2964.000000 0.000000
2965.000000 0.000000
2966.000000 0.000000
2967.000000 0.000000
2968.000000 0.000000
2969.000000 0.000000
2970.000000 0.000000
2971.000000 0.000000
2972.000000 0.000000
2973.000000 0.000000
2974.000000 0.000000
2975.000000 0.000000
2976.000000 0.000000
2977.000000 0.000000
2978.000000 0.000000
2979.000000 0.000000
2980.000000 0.000000
2981.000000 0.000000
2982.000000 0.000000
2983.000000 0.000000
2984.000000 0.000000
2985.000000 0.000000
2986.000000 0.000000
2987.000000 0.000000
2988.000000 0.000000
2989.000000 0.000000
2990.000000 0.000000
2991.000000 0.000000
2992.000000 0.000000
2993.000000 0.000000
2994.000000 0.000000
2995.000000 0.000000
2996.000000 0.000000
2997.000000 0.000000
2998.000000 0.000000
2999.000000 0.000000
3000.000000 0.000000
