n lam mean variance std
3000 0.060000 1500.489363 288434.062039 537.060576
bin_midpoint probability
1.000000 0.000000
2.000000 0.000000
3.000000 0.000000
4.000000 0.000000
5.000000 0.000000
6.000000 0.000000
7.000000 0.000000
8.000000 0.000000
9.000000 0.000000
10.000000 0.000000
11.000000 0.000000
12.000000 0.000000
13.000000 0.000000
14.000000 0.000000
15.000000 0.000000
16.000000 0.000000
17.000000 0.000000
18.000000 0.000000
19.000000 0.000000
20.000000 0.000000
21.000000 0.000000
22.000000 0.000000
23.000000 0.000000
24.000000 0.000000
25.000000 0.000000
26.000000 0.000000
27.000000 0.000000
28.000000 0.000000
29.000000 0.000000
30.000000 0.000000
31.000000 0.000000
32.000000 0.000000
33.000000 0.000000
34.000000 0.000000
35.000000 0.000000
36.000000 0.000000
37.000000 0.000000
38.000000 0.000000
39.000000 0.000000
40.000000 0.000000
41.000000 0.000000
42.000000 0.000000
43.000000 0.000000
44.000000 0.000000
45.000000 0.000000
46.000000 0.000000
47.000000 0.000000
48.000000 0.000000
49.000000 0.000000
50.000000 0.000000
51.000000 0.000000
52.000000 0.000000
53.000000 0.000000
54.000000 0.000001
55.000000 0.000001
56.000000 0.000001
57.000000 0.000001
58.000000 0.000001
59.000000 0.000001
60.000000 0.000001
61.000000 0.000001
62.000000 0.000001
63.000000 0.000001
64.000000 0.000001
65.000000 0.000001
66.000000 0.000001
67.000000 0.000001
68.000000 0.000001
69.000000 0.000001
70.000000 0.000001
71.000000 0.000001
72.000000 0.000002
73.000000 0.000002
74.000000 0.000002
75.000000 0.000002
76.000000 0.000002
77.000000 0.000002
78.000000 0.000002
79.000000 0.000002
80.000000 0.000002
81.000000 0.000002
82.000000 0.000003
83.000000 0.000003
84.000000 0.000003
85.000000 0.000003
86.000000 0.000003
87.000000 0.000003
88.000000 0.000003
89.000000 0.000003
90.000000 0.000003
91.000000 0.000004
92.000000 0.000004
93.000000 0.000004
94.000000 0.000004
95.000000 0.000004
96.000000 0.000004
97.000000 0.000005
98.000000 0.000005
99.000000 0.000005
100.000000 0.000005
101.000000 0.000005
102.000000 0.000005
103.000000 0.000006
104.000000 0.000006
105.000000 0.000006
106.000000 0.000006
107.000000 0.000006
108.000000 0.000006
109.000000 0.000007
110.000000 0.000007
111.000000 0.000007
112.000000 0.000007
113.000000 0.000008
114.000000 0.000008
115.000000 0.000008
116.000000 0.000008
117.000000 0.000008
118.000000 0.000009
119.000000 0.000009
120.000000 0.000009
121.000000 0.000009
122.000000 0.000010
123.000000 0.000010
124.000000 0.000010
125.000000 0.000010
126.000000 0.000011
127.000000 0.000011
128.000000 0.000011
129.000000 0.000011
130.000000 0.000012
131.000000 0.000012
132.000000 0.000012
133.000000 0.000012
134.000000 0.000013
135.000000 0.000013
136.000000 0.000013
137.000000 0.000013
138.000000 0.000014
139.000000 0.000014
140.000000 0.000014
141.000000 0.000014
142.000000 0.000015
143.000000 0.000015
144.000000 0.000015
145.000000 0.000016
146.000000 0.000016
147.000000 0.000016
148.000000 0.000016
149.000000 0.000017
150.000000 0.000017
151.000000 0.000017
152.000000 0.000018
153.000000 0.000018
154.000000 0.000018
155.000000 0.000019
156.000000 0.000019
157.000000 0.000019
158.000000 0.000019
159.000000 0.000020
160.000000 0.000020
161.000000 0.000020
162.000000 0.000021
163.000000 0.000021
164.000000 0.000021
165.000000 0.000022
166.000000 0.000022
167.000000 0.000022
168.000000 0.000022
169.000000 0.000023
170.000000 0.000023
171.000000 0.000023
172.000000 0.000024
173.000000 0.000024
174.000000 0.000024
175.000000 0.000025
176.000000 0.000025
177.000000 0.000025
178.000000 0.000026
179.000000 0.000026
180.000000 0.000026
181.000000 0.000027
182.000000 0.000027
183.000000 0.000027
184.000000 0.000028
185.000000 0.000028
186.000000 0.000028
187.000000 0.000029
188.000000 0.000029
189.000000 0.000029
190.000000 0.000029
191.000000 0.000030
192.000000 0.000030
193.000000 0.000030
194.000000 0.000031
195.000000 0.000031
196.000000 0.000031
197.000000 0.000032
198.000000 0.000032
199.000000 0.000032
200.000000 0.000033
201.000000 0.000033
202.000000 0.000033
203.000000 0.000034
204.000000 0.000034
205.000000 0.000034
206.000000 0.000035
207.000000 0.000035
208.000000 0.000035
209.000000 0.000036
210.000000 0.000036
211.000000 0.000036
212.000000 0.000037
213.000000 0.000037
214.000000 0.000037
215.000000 0.000038
216.000000 0.000038
217.000000 0.000038
218.000000 0.000039
219.000000 0.000039
220.000000 0.000039
221.000000 0.000040
222.000000 0.000040
223.000000 0.000041
224.000000 0.000041
225.000000 0.000041
226.000000 0.000042
227.000000 0.000042
228.000000 0.000042
229.000000 0.000043
230.000000 0.000043
231.000000 0.000043
232.000000 0.000044
233.000000 0.000044
234.000000 0.000044
235.000000 0.000045
236.000000 0.000045
237.000000 0.000045
238.000000 0.000046
239.000000 0.000046
240.000000 0.000046
241.000000 0.000047
242.000000 0.000047
243.000000 0.000048
244.000000 0.000048
245.000000 0.000048
246.000000 0.000049
247.000000 0.000049
248.000000 0.000049
249.000000 0.000050
250.000000 0.000050
251.000000 0.000050
252.000000 0.000051
253.000000 0.000051
254.000000 0.000052
255.000000 0.000052
256.000000 0.000052
257.000000 0.000053
258.000000 0.000053
259.000000 0.000053
260.000000 0.000054
261.000000 0.000054
262.000000 0.000054
263.000000 0.000055
264.000000 0.000055
265.000000 0.000056
266.000000 0.000056
267.000000 0.000056
268.000000 0.000057
269.000000 0.000057
270.000000 0.000057
271.000000 0.000058
272.000000 0.000058
273.000000 0.000059
274.000000 0.000059
275.000000 0.000059
276.000000 0.000060
277.000000 0.000060
278.000000 0.000060
279.000000 0.000061
280.000000 0.000061
281.000000 0.000062
282.000000 0.000062
283.000000 0.000062
284.000000 0.000063
285.000000 0.000063
286.000000 0.000064
287.000000 0.000064
288.000000 0.000064
289.000000 0.000065
290.000000 0.000065
291.000000 0.000065
292.000000 0.000066
293.000000 0.000066
294.000000 0.000067
295.000000 0.000067
296.000000 0.000067
297.000000 0.000068
298.000000 0.000068
299.000000 0.000069
300.000000 0.000069
301.000000 0.000069
302.000000 0.000070
303.000000 0.000070
304.000000 0.000071
305.000000 0.000071
306.000000 0.000071
307.000000 0.000072
308.000000 0.000072
309.000000 0.000073
310.000000 0.000073
311.000000 0.000073
312.000000 0.000074
313.000000 0.000074
314.000000 0.000075
315.000000 0.000075
316.000000 0.000075
317.000000 0.000076
318.000000 0.000076
319.000000 0.000077
320.000000 0.000077
321.000000 0.000077
322.000000 0.000078
323.000000 0.000078
324.000000 0.000079
325.000000 0.000079
326.000000 0.000079
327.000000 0.000080
328.000000 0.000080
329.000000 0.000081
330.000000 0.000081
331.000000 0.000082
332.000000 0.000082
333.000000 0.000082
334.000000 0.000083
335.000000 0.000083
336.000000 0.000084
337.000000 0.000084
338.000000 0.000084
339.000000 0.000085
340.000000 0.000085
341.000000 0.000086
342.000000 0.000086
343.000000 0.000087
344.000000 0.000087
345.000000 0.000087
346.000000 0.000088
347.000000 0.000088
348.000000 0.000089
349.000000 0.000089
350.000000 0.000090
351.000000 0.000090
352.000000 0.000090
353.000000 0.000091
354.000000 0.000091
355.000000 0.000092
356.000000 0.000092
357.000000 0.000093
358.000000 0.000093
359.000000 0.000093
360.000000 0.000094
361.000000 0.000094
362.000000 0.000095
363.000000 0.000095
364.000000 0.000096
365.000000 0.000096
366.000000 0.000097
367.000000 0.000097
368.000000 0.000097
369.000000 0.000098
370.000000 0.000098
371.000000 0.000099
372.000000 0.000099
373.000000 0.000100
374.000000 0.000100
375.000000 0.000101
376.000000 0.000101
377.000000 0.000101
378.000000 0.000102
379.000000 0.000102
380.000000 0.000103
381.000000 0.000103
382.000000 0.000104
383.000000 0.000104
384.000000 0.000105
385.000000 0.000105
386.000000 0.000105
387.000000 0.000106
388.000000 0.000106
389.000000 0.000107
390.000000 0.000107
391.000000 0.000108
392.000000 0.000108
393.000000 0.000109
394.000000 0.000109
395.000000 0.000110
396.000000 0.000110
397.000000 0.000111
398.000000 0.000111
399.000000 0.000111
400.000000 0.000112
401.000000 0.000112
402.000000 0.000113
403.000000 0.000113
404.000000 0.000114
405.000000 0.000114
406.000000 0.000115
407.000000 0.000115
408.000000 0.000116
409.000000 0.000116
410.000000 0.000117
411.000000 0.000117
412.000000 0.000118
413.000000 0.000118
414.000000 0.000118
415.000000 0.000119
416.000000 0.000119
417.000000 0.000120
418.000000 0.000120
419.000000 0.000121
420.000000 0.000121
421.000000 0.000122
422.000000 0.000122
423.000000 0.000123
424.000000 0.000123
425.000000 0.000124
426.000000 0.000124
427.000000 0.000125
428.000000 0.000125
429.000000 0.000126
430.000000 0.000126
431.000000 0.000127
432.000000 0.000127
433.000000 0.000128
434.000000 0.000128
435.000000 0.000129
436.000000 0.000129
437.000000 0.000130
438.000000 0.000130
439.000000 0.000131
440.000000 0.000131
441.000000 0.000131
442.000000 0.000132
443.000000 0.000132
444.000000 0.000133
445.000000 0.000133
446.000000 0.000134
447.000000 0.000134
448.000000 0.000135
449.000000 0.000135
450.000000 0.000136
451.000000 0.000136
452.000000 0.000137
453.000000 0.000137
454.000000 0.000138
455.000000 0.000138
456.000000 0.000139
457.000000 0.000139
458.000000 0.000140
459.000000 0.000140
460.000000 0.000141
461.000000 0.000141
462.000000 0.000142
463.000000 0.000142
464.000000 0.000143
465.000000 0.000143
466.000000 0.000144
467.000000 0.000145
468.000000 0.000145
469.000000 0.000146
470.000000 0.000146
471.000000 0.000147
472.000000 0.000147
473.000000 0.000148
474.000000 0.000148
475.000000 0.000149
476.000000 0.000149
477.000000 0.000150
478.000000 0.000150
479.000000 0.000151
480.000000 0.000151
481.000000 0.000152
482.000000 0.000152
483.000000 0.000153
484.000000 0.000153
485.000000 0.000154
486.000000 0.000154
487.000000 0.000155
488.000000 0.000155
489.000000 0.000156
490.000000 0.000156
491.000000 0.000157
492.000000 0.000157
493.000000 0.000158
494.000000 0.000159
495.000000 0.000159
496.000000 0.000160
497.000000 0.000160
498.000000 0.000161
499.000000 0.000161
500.000000 0.000162
501.000000 0.000162
502.000000 0.000163
503.000000 0.000163
504.000000 0.000164
505.000000 0.000164
506.000000 0.000165
507.000000 0.000165
508.000000 0.000166
509.000000 0.000167
510.000000 0.000167
511.000000 0.000168
512.000000 0.000168
513.000000 0.000169
514.000000 0.000169
515.000000 0.000170
516.000000 0.000170
517.000000 0.000171
518.000000 0.000171
519.000000 0.000172
520.000000 0.000173
521.000000 0.000173
522.000000 0.000174
523.000000 0.000174
524.000000 0.000175
525.000000 0.000175
526.000000 0.000176
527.000000 0.000176
528.000000 0.000177
529.000000 0.000177
530.000000 0.000178
531.000000 0.000179
532.000000 0.000179
533.000000 0.000180
534.000000 0.000180
535.000000 0.000181
536.000000 0.000181
537.000000 0.000182
538.000000 0.000182
539.000000 0.000183
540.000000 0.000184
541.000000 0.000184
542.000000 0.000185
543.000000 0.000185
544.000000 0.000186
545.000000 0.000186
546.000000 0.000187
547.000000 0.000188
548.000000 0.000188
549.000000 0.000189
550.000000 0.000189
551.000000 0.000190
552.000000 0.000190
553.000000 0.000191
554.000000 0.000192
555.000000 0.000192
556.000000 0.000193
557.000000 0.000193
558.000000 0.000194
559.000000 0.000194
560.000000 0.000195
561.000000 0.000196
562.000000 0.000196
563.000000 0.000197
564.000000 0.000197
565.000000 0.000198
566.000000 0.000198
567.000000 0.000199
568.000000 0.000200
569.000000 0.000200
570.000000 0.000201
571.000000 0.000201
572.000000 0.000202
573.000000 0.000202
574.000000 0.000203
575.000000 0.000204
576.000000 0.000204
577.000000 0.000205
578.000000 0.000205
579.000000 0.000206
580.000000 0.000207
581.000000 0.000207
582.000000 0.000208
583.000000 0.000208
584.000000 0.000209
585.000000 0.000209
586.000000 0.000210
587.000000 0.000211
588.000000 0.000211
589.000000 0.000212
590.000000 0.000212
591.000000 0.000213
592.000000 0.000214
593.000000 0.000214
594.000000 0.000215
595.000000 0.000215
596.000000 0.000216
597.000000 0.000217
598.000000 0.000217
599.000000 0.000218
600.000000 0.000218
601.000000 0.000219
602.000000 0.000220
603.000000 0.000220
604.000000 0.000221
605.000000 0.000221
606.000000 0.000222
607.000000 0.000223
608.000000 0.000223
609.000000 0.000224
610.000000 0.000224
611.000000 0.000225
612.000000 0.000226
613.000000 0.000226
614.000000 0.000227
615.000000 0.000227
616.000000 0.000228
617.000000 0.000229
618.000000 0.000229
619.000000 0.000230
620.000000 0.000230
621.000000 0.000231
622.000000 0.000232
623.000000 0.000232
624.000000 0.000233
625.000000 0.000234
626.000000 0.000234
627.000000 0.000235
628.000000 0.000235
629.000000 0.000236
630.000000 0.000237
631.000000 0.000237
632.000000 0.000238
633.000000 0.000238
634.000000 0.000239
635.000000 0.000240
636.000000 0.000240
637.000000 0.000241
638.000000 0.000242
639.000000 0.000242
640.000000 0.000243
641.000000 0.000243
642.000000 0.000244
643.000000 0.000245
644.000000 0.000245
645.000000 0.000246
646.000000 0.000247
647.000000 0.000247
648.000000 0.000248
649.000000 0.000248
650.000000 0.000249
651.000000 0.000250
652.000000 0.000250
653.000000 0.000251
654.000000 0.000252
655.000000 0.000252
656.000000 0.000253
657.000000 0.000254
658.000000 0.000254
659.000000 0.000255
660.000000 0.000255
661.000000 0.000256
662.000000 0.000257
663.000000 0.000257
664.000000 0.000258
665.000000 0.000259
666.000000 0.000259
667.000000 0.000260
668.000000 0.000261
669.000000 0.000261
670.000000 0.000262
671.000000 0.000262
672.000000 0.000263
673.000000 0.000264
674.000000 0.000264
675.000000 0.000265
676.000000 0.000266
677.000000 0.000266
678.000000 0.000267
679.000000 0.000268
680.000000 0.000268
681.000000 0.000269
682.000000 0.000270
683.000000 0.000270
684.000000 0.000271
685.000000 0.000271
686.000000 0.000272
687.000000 0.000273
688.000000 0.000273
689.000000 0.000274
690.000000 0.000275
691.000000 0.000275
692.000000 0.000276
693.000000 0.000277
694.000000 0.000277
695.000000 0.000278
696.000000 0.000279
697.000000 0.000279
698.000000 0.000280
699.000000 0.000281
700.000000 0.000281
701.000000 0.000282
702.000000 0.000283
703.000000 0.000283
704.000000 0.000284
705.000000 0.000285
706.000000 0.000285
707.000000 0.000286
708.000000 0.000286
709.000000 0.000287
710.000000 0.000288
711.000000 0.000288
712.000000 0.000289
713.000000 0.000290
714.000000 0.000290
715.000000 0.000291
716.000000 0.000292
717.000000 0.000292
718.000000 0.000293
719.000000 0.000294
720.000000 0.000294
721.000000 0.000295
722.000000 0.000296
723.000000 0.000296
724.000000 0.000297
725.000000 0.000298
726.000000 0.000298
727.000000 0.000299
728.000000 0.000300
729.000000 0.000300
730.000000 0.000301
731.000000 0.000302
732.000000 0.000302
733.000000 0.000303
734.000000 0.000304
735.000000 0.000304
736.000000 0.000305
737.000000 0.000306
738.000000 0.000306
739.000000 0.000307
740.000000 0.000308
741.000000 0.000308
742.000000 0.000309
743.000000 0.000310
744.000000 0.000311
745.000000 0.000311
746.000000 0.000312
747.000000 0.000313
748.000000 0.000313
749.000000 0.000314
750.000000 0.000315
751.000000 0.000315
752.000000 0.000316
753.000000 0.000317
754.000000 0.000317
755.000000 0.000318
756.000000 0.000319
757.000000 0.000319
758.000000 0.000320
759.000000 0.000321
760.000000 0.000321
761.000000 0.000322
762.000000 0.000323
763.000000 0.000323
764.000000 0.000324
765.000000 0.000325
766.000000 0.000325
767.000000 0.000326
768.000000 0.000327
769.000000 0.000328
770.000000 0.000328
771.000000 0.000329
772.000000 0.000330
773.000000 0.000330
774.000000 0.000331
775.000000 0.000332
776.000000 0.000332
777.000000 0.000333
778.000000 0.000334
779.000000 0.000334
780.000000 0.000335
781.000000 0.000336
782.000000 0.000336
783.000000 0.000337
784.000000 0.000338
785.000000 0.000339
786.000000 0.000339
787.000000 0.000340
788.000000 0.000341
789.000000 0.000341
790.000000 0.000342
791.000000 0.000343
792.000000 0.000343
793.000000 0.000344
794.000000 0.000345
795.000000 0.000345
796.000000 0.000346
797.000000 0.000347
798.000000 0.000348
799.000000 0.000348
800.000000 0.000349
801.000000 0.000350
802.000000 0.000350
803.000000 0.000351
804.000000 0.000352
805.000000 0.000352
806.000000 0.000353
807.000000 0.000354
808.000000 0.000354
809.000000 0.000355
810.000000 0.000356
811.000000 0.000357
812.000000 0.000357
813.000000 0.000358
814.000000 0.000359
815.000000 0.000359
816.000000 0.000360
817.000000 0.000361
818.000000 0.000361
819.000000 0.000362
820.000000 0.000363
821.000000 0.000364
822.000000 0.000364
823.000000 0.000365
824.000000 0.000366
825.000000 0.000366
826.000000 0.000367
827.000000 0.000368
828.000000 0.000368
829.000000 0.000369
830.000000 0.000370
831.000000 0.000371
832.000000 0.000371
833.000000 0.000372
834.000000 0.000373
835.000000 0.000373
836.000000 0.000374
837.000000 0.000375
838.000000 0.000375
839.000000 0.000376
840.000000 0.000377
841.000000 0.000378
842.000000 0.000378
843.000000 0.000379
844.000000 0.000380
845.000000 0.000380
846.000000 0.000381
847.000000 0.000382
848.000000 0.000382
849.000000 0.000383
850.000000 0.000384
851.000000 0.000385
852.000000 0.000385
853.000000 0.000386
854.000000 0.000387
855.000000 0.000387
856.000000 0.000388
857.000000 0.000389
858.000000 0.000390
859.000000 0.000390
860.000000 0.000391
861.000000 0.000392
862.000000 0.000392
863.000000 0.000393
864.000000 0.000394
865.000000 0.000394
866.000000 0.000395
867.000000 0.000396
868.000000 0.000397
869.000000 0.000397
870.000000 0.000398
871.000000 0.000399
872.000000 0.000399
873.000000 0.000400
874.000000 0.000401
875.000000 0.000402
876.000000 0.000402
877.000000 0.000403
878.000000 0.000404
879.000000 0.000404
880.000000 0.000405
881.000000 0.000406
882.000000 0.000407
883.000000 0.000407
884.000000 0.000408
885.000000 0.000409
886.000000 0.000409
887.000000 0.000410
888.000000 0.000411
889.000000 0.000411
890.000000 0.000412
891.000000 0.000413
892.000000 0.000414
893.000000 0.000414
894.000000 0.000415
895.000000 0.000416
896.000000 0.000416
897.000000 0.000417
898.000000 0.000418
899.000000 0.000419
900.000000 0.000419
901.000000 0.000420
902.000000 0.000421
903.000000 0.000421
904.000000 0.000422
905.000000 0.000423
906.000000 0.000423
907.000000 0.000424
908.000000 0.000425
909.000000 0.000426
910.000000 0.000426
911.000000 0.000427
912.000000 0.000428
913.000000 0.000428
914.000000 0.000429
915.000000 0.000430
916.000000 0.000431
917.000000 0.000431
918.000000 0.000432
919.000000 0.000433
920.000000 0.000433
921.000000 0.000434
922.000000 0.000435
923.000000 0.000435
924.000000 0.000436
925.000000 0.000437
926.000000 0.000438
927.000000 0.000438
928.000000 0.000439
929.000000 0.000440
930.000000 0.000440
931.000000 0.000441
932.000000 0.000442
933.000000 0.000443
934.000000 0.000443
935.000000 0.000444
936.000000 0.000445
937.000000 0.000445
938.000000 0.000446
939.000000 0.000447
940.000000 0.000447
941.000000 0.000448
942.000000 0.000449
943.000000 0.000450
944.000000 0.000450
945.000000 0.000451
946.000000 0.000452
947.000000 0.000452
948.000000 0.000453
949.000000 0.000454
950.000000 0.000454
951.000000 0.000455
952.000000 0.000456
953.000000 0.000457
954.000000 0.000457
955.000000 0.000458
956.000000 0.000459
957.000000 0.000459
958.000000 0.000460
959.000000 0.000461
960.000000 0.000461
961.000000 0.000462
962.000000 0.000463
963.000000 0.000464
964.000000 0.000464
965.000000 0.000465
966.000000 0.000466
967.000000 0.000466
968.000000 0.000467
969.000000 0.000468
970.000000 0.000468
971.000000 0.000469
972.000000 0.000470
973.000000 0.000471
974.000000 0.000471
975.000000 0.000472
976.000000 0.000473
977.000000 0.000473
978.000000 0.000474
979.000000 0.000475
980.000000 0.000475
981.000000 0.000476
982.000000 0.000477
983.000000 0.000478
984.000000 0.000478
985.000000 0.000479
986.000000 0.000480
987.000000 0.000480
988.000000 0.000481
989.000000 0.000482
990.000000 0.000482
991.000000 0.000483
992.000000 0.000484
993.000000 0.000484
994.000000 0.000485
995.000000 0.000486
996.000000 0.000486
997.000000 0.000487
998.000000 0.000488
999.000000 0.000489
1000.000000 0.000489
1001.000000 0.000490
1002.000000 0.000491
1003.000000 0.000491
1004.000000 0.000492
1005.000000 0.000493
1006.000000 0.000493
1007.000000 0.000494
1008.000000 0.000495
1009.000000 0.000495
1010.000000 0.000496
1011.000000 0.000497
1012.000000 0.000497
1013.000000 0.000498
1014.000000 0.000499
1015.000000 0.000499
1016.000000 0.000500
1017.000000 0.000501
1018.000000 0.000501
1019.000000 0.000502
1020.000000 0.000503
1021.000000 0.000504
1022.000000 0.000504
1023.000000 0.000505
1024.000000 0.000506
1025.000000 0.000506
1026.000000 0.000507
1027.000000 0.000508
1028.000000 0.000508
1029.000000 0.000509
1030.000000 0.000510
1031.000000 0.000510
1032.000000 0.000511
1033.000000 0.000512
1034.000000 0.000512
1035.000000 0.000513
1036.000000 0.000514
1037.000000 0.000514
1038.000000 0.000515
1039.000000 0.000516
1040.000000 0.000516
1041.000000 0.000517
1042.000000 0.000518
1043.000000 0.000518
1044.000000 0.000519
1045.000000 0.000520
1046.000000 0.000520
1047.000000 0.000521
1048.000000 0.000522
1049.000000 0.000522
1050.000000 0.000523
1051.000000 0.000524
1052.000000 0.000524
1053.000000 0.000525
1054.000000 0.000526
1055.000000 0.000526
1056.000000 0.000527
1057.000000 0.000528
1058.000000 0.000528
1059.000000 0.000529
1060.000000 0.000529
1061.000000 0.000530
1062.000000 0.000531
1063.000000 0.000531
1064.000000 0.000532
1065.000000 0.000533
1066.000000 0.000533
1067.000000 0.000534
1068.000000 0.000535
1069.000000 0.000535
1070.000000 0.000536
1071.000000 0.000537
1072.000000 0.000537
1073.000000 0.000538
1074.000000 0.000539
1075.000000 0.000539
1076.000000 0.000540
1077.000000 0.000541
1078.000000 0.000541
1079.000000 0.000542
1080.000000 0.000542
1081.000000 0.000543
1082.000000 0.000544
1083.000000 0.000544
1084.000000 0.000545
1085.000000 0.000546
1086.000000 0.000546
1087.000000 0.000547
1088.000000 0.000548
1089.000000 0.000548
1090.000000 0.000549
1091.000000 0.000549
1092.000000 0.000550
1093.000000 0.000551
1094.000000 0.000551
1095.000000 0.000552
1096.000000 0.000553
1097.000000 0.000553
1098.000000 0.000554
1099.000000 0.000554
1100.000000 0.000555
1101.000000 0.000556
1102.000000 0.000556
1103.000000 0.000557
1104.000000 0.000558
1105.000000 0.000558
1106.000000 0.000559
1107.000000 0.000559
1108.000000 0.000560
1109.000000 0.000561
1110.000000 0.000561
1111.000000 0.000562
1112.000000 0.000562
1113.000000 0.000563
1114.000000 0.000564
1115.000000 0.000564
1116.000000 0.000565
1117.000000 0.000566
1118.000000 0.000566
1119.000000 0.000567
1120.000000 0.000567
1121.000000 0.000568
1122.000000 0.000569
1123.000000 0.000569
1124.000000 0.000570
1125.000000 0.000570
1126.000000 0.000571
1127.000000 0.000572
1128.000000 0.000572
1129.000000 0.000573
1130.000000 0.000573
1131.000000 0.000574
1132.000000 0.000575
1133.000000 0.000575
1134.000000 0.000576
1135.000000 0.000576
1136.000000 0.000577
1137.000000 0.000578
1138.000000 0.000578
1139.000000 0.000579
1140.000000 0.000579
1141.000000 0.000580
1142.000000 0.000580
1143.000000 0.000581
1144.000000 0.000582
1145.000000 0.000582
1146.000000 0.000583
1147.000000 0.000583
1148.000000 0.000584
1149.000000 0.000585
1150.000000 0.000585
1151.000000 0.000586
1152.000000 0.000586
1153.000000 0.000587
1154.000000 0.000587
1155.000000 0.000588
1156.000000 0.000589
1157.000000 0.000589
1158.000000 0.000590
1159.000000 0.000590
1160.000000 0.000591
1161.000000 0.000591
1162.000000 0.000592
1163.000000 0.000593
1164.000000 0.000593
1165.000000 0.000594
1166.000000 0.000594
1167.000000 0.000595
1168.000000 0.000595
1169.000000 0.000596
1170.000000 0.000596
1171.000000 0.000597
1172.000000 0.000598
1173.000000 0.000598
1174.000000 0.000599
1175.000000 0.000599
1176.000000 0.000600
1177.000000 0.000600
1178.000000 0.000601
1179.000000 0.000601
1180.000000 0.000602
1181.000000 0.000602
1182.000000 0.000603
1183.000000 0.000604
1184.000000 0.000604
1185.000000 0.000605
1186.000000 0.000605
1187.000000 0.000606
1188.000000 0.000606
1189.000000 0.000607
1190.000000 0.000607
1191.000000 0.000608
1192.000000 0.000608
1193.000000 0.000609
1194.000000 0.000609
1195.000000 0.000610
1196.000000 0.000610
1197.000000 0.000611
1198.000000 0.000612
1199.000000 0.000612
1200.000000 0.000613
1201.000000 0.000613
1202.000000 0.000614
1203.000000 0.000614
1204.000000 0.000615
1205.000000 0.000615
1206.000000 0.000616
1207.000000 0.000616
1208.000000 0.000617
1209.000000 0.000617
1210.000000 0.000618
1211.000000 0.000618
1212.000000 0.000619
1213.000000 0.000619
1214.000000 0.000620
1215.000000 0.000620
1216.000000 0.000621
1217.000000 0.000621
1218.000000 0.000622
1219.000000 0.000622
1220.000000 0.000623
1221.000000 0.000623
1222.000000 0.000624
1223.000000 0.000624
1224.000000 0.000625
1225.000000 0.000625
1226.000000 0.000626
1227.000000 0.000626
1228.000000 0.000627
1229.000000 0.000627
1230.000000 0.000628
1231.000000 0.000628
1232.000000 0.000628
1233.000000 0.000629
1234.000000 0.000629
1235.000000 0.000630
1236.000000 0.000630
1237.000000 0.000631
1238.000000 0.000631
1239.000000 0.000632
1240.000000 0.000632
1241.000000 0.000633
1242.000000 0.000633
1243.000000 0.000634
1244.000000 0.000634
1245.000000 0.000635
1246.000000 0.000635
1247.000000 0.000635
1248.000000 0.000636
1249.000000 0.000636
1250.000000 0.000637
1251.000000 0.000637
1252.000000 0.000638
1253.000000 0.000638
1254.000000 0.000639
1255.000000 0.000639
1256.000000 0.000639
1257.000000 0.000640
1258.000000 0.000640
1259.000000 0.000641
1260.000000 0.000641
1261.000000 0.000642
1262.000000 0.000642
1263.000000 0.000643
1264.000000 0.000643
1265.000000 0.000643
1266.000000 0.000644
1267.000000 0.000644
1268.000000 0.000645
1269.000000 0.000645
1270.000000 0.000646
1271.000000 0.000646
1272.000000 0.000646
1273.000000 0.000647
1274.000000 0.000647
1275.000000 0.000648
1276.000000 0.000648
1277.000000 0.000648
1278.000000 0.000649
1279.000000 0.000649
1280.000000 0.000650
1281.000000 0.000650
1282.000000 0.000650
1283.000000 0.000651
1284.000000 0.000651
1285.000000 0.000652
1286.000000 0.000652
1287.000000 0.000652
1288.000000 0.000653
1289.000000 0.000653
1290.000000 0.000654
1291.000000 0.000654
1292.000000 0.000654
1293.000000 0.000655
1294.000000 0.000655
1295.000000 0.000656
1296.000000 0.000656
1297.000000 0.000656
1298.000000 0.000657
1299.000000 0.000657
1300.000000 0.000657
1301.000000 0.000658
1302.000000 0.000658
1303.000000 0.000659
1304.000000 0.000659
1305.000000 0.000659
1306.000000 0.000660
1307.000000 0.000660
1308.000000 0.000660
1309.000000 0.000661
1310.000000 0.000661
1311.000000 0.000661
1312.000000 0.000662
1313.000000 0.000662
1314.000000 0.000662
1315.000000 0.000663
1316.000000 0.000663
1317.000000 0.000664
1318.000000 0.000664
1319.000000 0.000664
1320.000000 0.000665
1321.000000 0.000665
1322.000000 0.000665
1323.000000 0.000666
1324.000000 0.000666
1325.000000 0.000666
1326.000000 0.000667
1327.000000 0.000667
1328.000000 0.000667
1329.000000 0.000668
1330.000000 0.000668
1331.000000 0.000668
1332.000000 0.000669
1333.000000 0.000669
1334.000000 0.000669
1335.000000 0.000669
1336.000000 0.000670
1337.000000 0.000670
1338.000000 0.000670
1339.000000 0.000671
1340.000000 0.000671
1341.000000 0.000671
1342.000000 0.000672
1343.000000 0.000672
1344.000000 0.000672
1345.000000 0.000673
1346.000000 0.000673
1347.000000 0.000673
1348.000000 0.000673
1349.000000 0.000674
1350.000000 0.000674
1351.000000 0.000674
1352.000000 0.000675
1353.000000 0.000675
1354.000000 0.000675
1355.000000 0.000675
1356.000000 0.000676
1357.000000 0.000676
1358.000000 0.000676
1359.000000 0.000676
1360.000000 0.000677
1361.000000 0.000677
1362.000000 0.000677
1363.000000 0.000678
1364.000000 0.000678
1365.000000 0.000678
1366.000000 0.000678
1367.000000 0.000679
1368.000000 0.000679
1369.000000 0.000679
1370.000000 0.000679
1371.000000 0.000680
1372.000000 0.000680
1373.000000 0.000680
1374.000000 0.000680
1375.000000 0.000681
1376.000000 0.000681
1377.000000 0.000681
1378.000000 0.000681
1379.000000 0.000682
1380.000000 0.000682
1381.000000 0.000682
1382.000000 0.000682
1383.000000 0.000682
1384.000000 0.000683
1385.000000 0.000683
1386.000000 0.000683
1387.000000 0.000683
1388.000000 0.000684
1389.000000 0.000684
1390.000000 0.000684
1391.000000 0.000684
1392.000000 0.000684
1393.000000 0.000685
1394.000000 0.000685
1395.000000 0.000685
1396.000000 0.000685
1397.000000 0.000685
1398.000000 0.000686
1399.000000 0.000686
1400.000000 0.000686
1401.000000 0.000686
1402.000000 0.000686
1403.000000 0.000687
1404.000000 0.000687
1405.000000 0.000687
1406.000000 0.000687
1407.000000 0.000687
1408.000000 0.000688
1409.000000 0.000688
1410.000000 0.000688
1411.000000 0.000688
1412.000000 0.000688
1413.000000 0.000688
1414.000000 0.000689
1415.000000 0.000689
1416.000000 0.000689
1417.000000 0.000689
1418.000000 0.000689
1419.000000 0.000689
1420.000000 0.000690
1421.000000 0.000690
1422.000000 0.000690
1423.000000 0.000690
1424.000000 0.000690
1425.000000 0.000690
1426.000000 0.000691
1427.000000 0.000691
1428.000000 0.000691
1429.000000 0.000691
1430.000000 0.000691
1431.000000 0.000691
1432.000000 0.000691
1433.000000 0.000691
1434.000000 0.000692
1435.000000 0.000692
1436.000000 0.000692
1437.000000 0.000692
1438.000000 0.000692
1439.000000 0.000692
1440.000000 0.000692
1441.000000 0.000692
1442.000000 0.000693
1443.000000 0.000693
1444.000000 0.000693
1445.000000 0.000693
1446.000000 0.000693
1447.000000 0.000693
1448.000000 0.000693
1449.000000 0.000693
1450.000000 0.000693
1451.000000 0.000694
1452.000000 0.000694
1453.000000 0.000694
1454.000000 0.000694
1455.000000 0.000694
1456.000000 0.000694
1457.000000 0.000694
1458.000000 0.000694
1459.000000 0.000694
1460.000000 0.000694
1461.000000 0.000694
1462.000000 0.000695
1463.000000 0.000695
1464.000000 0.000695
1465.000000 0.000695
1466.000000 0.000695
1467.000000 0.000695
1468.000000 0.000695
1469.000000 0.000695
1470.000000 0.000695
1471.000000 0.000695
1472.000000 0.000695
1473.000000 0.000695
1474.000000 0.000695
1475.000000 0.000695
1476.000000 0.000695
1477.000000 0.000695
1478.000000 0.000695
1479.000000 0.000696
1480.000000 0.000696
1481.000000 0.000696
1482.000000 0.000696
1483.000000 0.000696
1484.000000 0.000696
1485.000000 0.000696
1486.000000 0.000696
1487.000000 0.000696
1488.000000 0.000696
1489.000000 0.000696
1490.000000 0.000696
1491.000000 0.000696
1492.000000 0.000696
1493.000000 0.000696
1494.000000 0.000696
1495.000000 0.000696
1496.000000 0.000696
1497.000000 0.000696
1498.000000 0.000696
1499.000000 0.000696
1500.000000 0.000696
1501.000000 0.000696
1502.000000 0.000696
1503.000000 0.000696
1504.000000 0.000696
1505.000000 0.000696
1506.000000 0.000696
1507.000000 0.000696
1508.000000 0.000696
1509.000000 0.000696
1510.000000 0.000696
1511.000000 0.000696
1512.000000 0.000696
1513.000000 0.000696
1514.000000 0.000696
1515.000000 0.000696
1516.000000 0.000696
1517.000000 0.000696
1518.000000 0.000696
1519.000000 0.000696
1520.000000 0.000696
1521.000000 0.000696
1522.000000 0.000696
1523.000000 0.000695
1524.000000 0.000695
1525.000000 0.000695
1526.000000 0.000695
1527.000000 0.000695
1528.000000 0.000695
1529.000000 0.000695
1530.000000 0.000695
1531.000000 0.000695
1532.000000 0.000695
1533.000000 0.000695
1534.000000 0.000695
1535.000000 0.000695
1536.000000 0.000695
1537.000000 0.000695
1538.000000 0.000695
1539.000000 0.000695
1540.000000 0.000694
1541.000000 0.000694
1542.000000 0.000694
1543.000000 0.000694
1544.000000 0.000694
1545.000000 0.000694
1546.000000 0.000694
1547.000000 0.000694
1548.000000 0.000694
1549.000000 0.000694
1550.000000 0.000694
1551.000000 0.000693
1552.000000 0.000693
1553.000000 0.000693
1554.000000 0.000693
1555.000000 0.000693
1556.000000 0.000693
1557.000000 0.000693
1558.000000 0.000693
1559.000000 0.000693
1560.000000 0.000692
1561.000000 0.000692
1562.000000 0.000692
1563.000000 0.000692
1564.000000 0.000692
1565.000000 0.000692
1566.000000 0.000692
1567.000000 0.000692
1568.000000 0.000691
1569.000000 0.000691
1570.000000 0.000691
1571.000000 0.000691
1572.000000 0.000691
1573.000000 0.000691
1574.000000 0.000691
1575.000000 0.000691
1576.000000 0.000690
1577.000000 0.000690
1578.000000 0.000690
1579.000000 0.000690
1580.000000 0.000690
1581.000000 0.000690
1582.000000 0.000689
1583.000000 0.000689
1584.000000 0.000689
1585.000000 0.000689
1586.000000 0.000689
1587.000000 0.000689
1588.000000 0.000688
1589.000000 0.000688
1590.000000 0.000688
1591.000000 0.000688
1592.000000 0.000688
1593.000000 0.000688
1594.000000 0.000687
1595.000000 0.000687
1596.000000 0.000687
1597.000000 0.000687
1598.000000 0.000687
1599.000000 0.000686
1600.000000 0.000686
1601.000000 0.000686
1602.000000 0.000686
1603.000000 0.000686
1604.000000 0.000685
1605.000000 0.000685
1606.000000 0.000685
1607.000000 0.000685
1608.000000 0.000685
1609.000000 0.000684
1610.000000 0.000684
1611.000000 0.000684
1612.000000 0.000684
1613.000000 0.000684
1614.000000 0.000683
1615.000000 0.000683
1616.000000 0.000683
1617.000000 0.000683
1618.000000 0.000682
1619.000000 0.000682
1620.000000 0.000682
1621.000000 0.000682
1622.000000 0.000682
1623.000000 0.000681
1624.000000 0.000681
1625.000000 0.000681
1626.000000 0.000681
1627.000000 0.000680
1628.000000 0.000680
1629.000000 0.000680
1630.000000 0.000680
1631.000000 0.000679
1632.000000 0.000679
1633.000000 0.000679
1634.000000 0.000679
1635.000000 0.000678
1636.000000 0.000678
1637.000000 0.000678
1638.000000 0.000678
1639.000000 0.000677
1640.000000 0.000677
1641.000000 0.000677
1642.000000 0.000676
1643.000000 0.000676
1644.000000 0.000676
1645.000000 0.000676
1646.000000 0.000675
1647.000000 0.000675
1648.000000 0.000675
1649.000000 0.000675
1650.000000 0.000674
1651.000000 0.000674
1652.000000 0.000674
1653.000000 0.000673
1654.000000 0.000673
1655.000000 0.000673
1656.000000 0.000673
1657.000000 0.000672
1658.000000 0.000672
1659.000000 0.000672
1660.000000 0.000671
1661.000000 0.000671
1662.000000 0.000671
1663.000000 0.000670
1664.000000 0.000670
1665.000000 0.000670
1666.000000 0.000669
1667.000000 0.000669
1668.000000 0.000669
1669.000000 0.000669
1670.000000 0.000668
1671.000000 0.000668
1672.000000 0.000668
1673.000000 0.000667
1674.000000 0.000667
1675.000000 0.000667
1676.000000 0.000666
1677.000000 0.000666
1678.000000 0.000666
1679.000000 0.000665
1680.000000 0.000665
1681.000000 0.000665
1682.000000 0.000664
1683.000000 0.000664
1684.000000 0.000664
1685.000000 0.000663
1686.000000 0.000663
1687.000000 0.000662
1688.000000 0.000662
1689.000000 0.000662
1690.000000 0.000661
1691.000000 0.000661
1692.000000 0.000661
1693.000000 0.000660
1694.000000 0.000660
1695.000000 0.000660
1696.000000 0.000659
1697.000000 0.000659
1698.000000 0.000659
1699.000000 0.000658
1700.000000 0.000658
1701.000000 0.000657
1702.000000 0.000657
1703.000000 0.000657
1704.000000 0.000656
1705.000000 0.000656
1706.000000 0.000656
1707.000000 0.000655
1708.000000 0.000655
1709.000000 0.000654
1710.000000 0.000654
1711.000000 0.000654
1712.000000 0.000653
1713.000000 0.000653
1714.000000 0.000652
1715.000000 0.000652
1716.000000 0.000652
1717.000000 0.000651
1718.000000 0.000651
1719.000000 0.000650
1720.000000 0.000650
1721.000000 0.000650
1722.000000 0.000649
1723.000000 0.000649
1724.000000 0.000648
1725.000000 0.000648
1726.000000 0.000648
1727.000000 0.000647
1728.000000 0.000647
1729.000000 0.000646
1730.000000 0.000646
1731.000000 0.000646
1732.000000 0.000645
1733.000000 0.000645
1734.000000 0.000644
1735.000000 0.000644
1736.000000 0.000643
1737.000000 0.000643
1738.000000 0.000643
1739.000000 0.000642
1740.000000 0.000642
1741.000000 0.000641
1742.000000 0.000641
1743.000000 0.000640
1744.000000 0.000640
1745.000000 0.000639
1746.000000 0.000639
1747.000000 0.000639
1748.000000 0.000638
1749.000000 0.000638
1750.000000 0.000637
1751.000000 0.000637
1752.000000 0.000636
1753.000000 0.000636
1754.000000 0.000635
1755.000000 0.000635
1756.000000 0.000635
1757.000000 0.000634
1758.000000 0.000634
1759.000000 0.000633
1760.000000 0.000633
1761.000000 0.000632
1762.000000 0.000632
1763.000000 0.000631
1764.000000 0.000631
1765.000000 0.000630
1766.000000 0.000630
1767.000000 0.000629
1768.000000 0.000629
1769.000000 0.000628
1770.000000 0.000628
1771.000000 0.000628
1772.000000 0.000627
1773.000000 0.000627
1774.000000 0.000626
1775.000000 0.000626
1776.000000 0.000625
1777.000000 0.000625
1778.000000 0.000624
1779.000000 0.000624
1780.000000 0.000623
1781.000000 0.000623
1782.000000 0.000622
1783.000000 0.000622
1784.000000 0.000621
1785.000000 0.000621
1786.000000 0.000620
1787.000000 0.000620
1788.000000 0.000619
1789.000000 0.000619
1790.000000 0.000618
1791.000000 0.000618
1792.000000 0.000617
1793.000000 0.000617
1794.000000 0.000616
1795.000000 0.000616
1796.000000 0.000615
1797.000000 0.000615
1798.000000 0.000614
1799.000000 0.000614
1800.000000 0.000613
1801.000000 0.000613
1802.000000 0.000612
1803.000000 0.000612
1804.000000 0.000611
1805.000000 0.000610
1806.000000 0.000610
1807.000000 0.000609
1808.000000 0.000609
1809.000000 0.000608
1810.000000 0.000608
1811.000000 0.000607
1812.000000 0.000607
1813.000000 0.000606
1814.000000 0.000606
1815.000000 0.000605
1816.000000 0.000605
1817.000000 0.000604
1818.000000 0.000604
1819.000000 0.000603
1820.000000 0.000602
1821.000000 0.000602
1822.000000 0.000601
1823.000000 0.000601
1824.000000 0.000600
1825.000000 0.000600
1826.000000 0.000599
1827.000000 0.000599
1828.000000 0.000598
1829.000000 0.000598
1830.000000 0.000597
1831.000000 0.000596
1832.000000 0.000596
1833.000000 0.000595
1834.000000 0.000595
1835.000000 0.000594
1836.000000 0.000594
1837.000000 0.000593
1838.000000 0.000593
1839.000000 0.000592
1840.000000 0.000591
1841.000000 0.000591
1842.000000 0.000590
1843.000000 0.000590
1844.000000 0.000589
1845.000000 0.000589
1846.000000 0.000588
1847.000000 0.000587
1848.000000 0.000587
1849.000000 0.000586
1850.000000 0.000586
1851.000000 0.000585
1852.000000 0.000585
1853.000000 0.000584
1854.000000 0.000583
1855.000000 0.000583
1856.000000 0.000582
1857.000000 0.000582
1858.000000 0.000581
1859.000000 0.000580
1860.000000 0.000580
1861.000000 0.000579
1862.000000 0.000579
1863.000000 0.000578
1864.000000 0.000578
1865.000000 0.000577
1866.000000 0.000576
1867.000000 0.000576
1868.000000 0.000575
1869.000000 0.000575
1870.000000 0.000574
1871.000000 0.000573
1872.000000 0.000573
1873.000000 0.000572
1874.000000 0.000572
1875.000000 0.000571
1876.000000 0.000570
1877.000000 0.000570
1878.000000 0.000569
1879.000000 0.000569
1880.000000 0.000568
1881.000000 0.000567
1882.000000 0.000567
1883.000000 0.000566
1884.000000 0.000566
1885.000000 0.000565
1886.000000 0.000564
1887.000000 0.000564
1888.000000 0.000563
1889.000000 0.000562
1890.000000 0.000562
1891.000000 0.000561
1892.000000 0.000561
1893.000000 0.000560
1894.000000 0.000559
1895.000000 0.000559
1896.000000 0.000558
1897.000000 0.000558
1898.000000 0.000557
1899.000000 0.000556
1900.000000 0.000556
1901.000000 0.000555
1902.000000 0.000554
1903.000000 0.000554
1904.000000 0.000553
1905.000000 0.000553
1906.000000 0.000552
1907.000000 0.000551
1908.000000 0.000551
1909.000000 0.000550
1910.000000 0.000549
1911.000000 0.000549
1912.000000 0.000548
1913.000000 0.000548
1914.000000 0.000547
1915.000000 0.000546
1916.000000 0.000546
1917.000000 0.000545
1918.000000 0.000544
1919.000000 0.000544
1920.000000 0.000543
1921.000000 0.000542
1922.000000 0.000542
1923.000000 0.000541
1924.000000 0.000540
1925.000000 0.000540
1926.000000 0.000539
1927.000000 0.000539
1928.000000 0.000538
1929.000000 0.000537
1930.000000 0.000537
1931.000000 0.000536
1932.000000 0.000535
1933.000000 0.000535
1934.000000 0.000534
1935.000000 0.000533
1936.000000 0.000533
1937.000000 0.000532
1938.000000 0.000531
1939.000000 0.000531
1940.000000 0.000530
1941.000000 0.000529
1942.000000 0.000529
1943.000000 0.000528
1944.000000 0.000528
1945.000000 0.000527
1946.000000 0.000526
1947.000000 0.000526
1948.000000 0.000525
1949.000000 0.000524
1950.000000 0.000524
1951.000000 0.000523
1952.000000 0.000522
1953.000000 0.000522
1954.000000 0.000521
1955.000000 0.000520
1956.000000 0.000520
1957.000000 0.000519
1958.000000 0.000518
1959.000000 0.000518
1960.000000 0.000517
1961.000000 0.000516
1962.000000 0.000516
1963.000000 0.000515
1964.000000 0.000514
1965.000000 0.000514
1966.000000 0.000513
1967.000000 0.000512
1968.000000 0.000512
1969.000000 0.000511
1970.000000 0.000510
1971.000000 0.000510
1972.000000 0.000509
1973.000000 0.000508
1974.000000 0.000508
1975.000000 0.000507
1976.000000 0.000506
1977.000000 0.000506
1978.000000 0.000505
1979.000000 0.000504
1980.000000 0.000504
1981.000000 0.000503
1982.000000 0.000502
1983.000000 0.000501
1984.000000 0.000501
1985.000000 0.000500
1986.000000 0.000499
1987.000000 0.000499
1988.000000 0.000498
1989.000000 0.000497
1990.000000 0.000497
1991.000000 0.000496
1992.000000 0.000495
1993.000000 0.000495
1994.000000 0.000494
1995.000000 0.000493
1996.000000 0.000493
1997.000000 0.000492
1998.000000 0.000491
1999.000000 0.000491
2000.000000 0.000490
2001.000000 0.000489
2002.000000 0.000489
2003.000000 0.000488
2004.000000 0.000487
2005.000000 0.000486
2006.000000 0.000486
2007.000000 0.000485
2008.000000 0.000484
2009.000000 0.000484
2010.000000 0.000483
2011.000000 0.000482
2012.000000 0.000482
2013.000000 0.000481
2014.000000 0.000480
2015.000000 0.000480
2016.000000 0.000479
2017.000000 0.000478
2018.000000 0.000477
2019.000000 0.000477
2020.000000 0.000476
2021.000000 0.000475
2022.000000 0.000475
2023.000000 0.000474
2024.000000 0.000473
2025.000000 0.000473
2026.000000 0.000472
2027.000000 0.000471
2028.000000 0.000471
2029.000000 0.000470
2030.000000 0.000469
2031.000000 0.000468
2032.000000 0.000468
2033.000000 0.000467
2034.000000 0.000466
2035.000000 0.000466
2036.000000 0.000465
2037.000000 0.000464
2038.000000 0.000464
2039.000000 0.000463
2040.000000 0.000462
2041.000000 0.000461
2042.000000 0.000461
2043.000000 0.000460
2044.000000 0.000459
2045.000000 0.000459
2046.000000 0.000458
2047.000000 0.000457
2048.000000 0.000457
2049.000000 0.000456
2050.000000 0.000455
2051.000000 0.000454
2052.000000 0.000454
2053.000000 0.000453
2054.000000 0.000452
2055.000000 0.000452
2056.000000 0.000451
2057.000000 0.000450
2058.000000 0.000450
2059.000000 0.000449
2060.000000 0.000448
2061.000000 0.000447
2062.000000 0.000447
2063.000000 0.000446
2064.000000 0.000445
2065.000000 0.000445
2066.000000 0.000444
2067.000000 0.000443
2068.000000 0.000443
2069.000000 0.000442
2070.000000 0.000441
2071.000000 0.000440
2072.000000 0.000440
2073.000000 0.000439
2074.000000 0.000438
2075.000000 0.000438
2076.000000 0.000437
2077.000000 0.000436
2078.000000 0.000435
2079.000000 0.000435
2080.000000 0.000434
2081.000000 0.000433
2082.000000 0.000433
2083.000000 0.000432
2084.000000 0.000431
2085.000000 0.000431
2086.000000 0.000430
2087.000000 0.000429
2088.000000 0.000428
2089.000000 0.000428
2090.000000 0.000427
2091.000000 0.000426
2092.000000 0.000426
2093.000000 0.000425
2094.000000 0.000424
2095.000000 0.000423
2096.000000 0.000423
2097.000000 0.000422
2098.000000 0.000421
2099.000000 0.000421
2100.000000 0.000420
2101.000000 0.000419
2102.000000 0.000419
2103.000000 0.000418
2104.000000 0.000417
2105.000000 0.000416
2106.000000 0.000416
2107.000000 0.000415
2108.000000 0.000414
2109.000000 0.000414
2110.000000 0.000413
2111.000000 0.000412
2112.000000 0.000411
2113.000000 0.000411
2114.000000 0.000410
2115.000000 0.000409
2116.000000 0.000409
2117.000000 0.000408
2118.000000 0.000407
2119.000000 0.000406
2120.000000 0.000406
2121.000000 0.000405
2122.000000 0.000404
2123.000000 0.000404
2124.000000 0.000403
2125.000000 0.000402
2126.000000 0.000402
2127.000000 0.000401
2128.000000 0.000400
2129.000000 0.000399
2130.000000 0.000399
2131.000000 0.000398
2132.000000 0.000397
2133.000000 0.000397
2134.000000 0.000396
2135.000000 0.000395
2136.000000 0.000394
2137.000000 0.000394
2138.000000 0.000393
2139.000000 0.000392
2140.000000 0.000392
2141.000000 0.000391
2142.000000 0.000390
2143.000000 0.000390
2144.000000 0.000389
2145.000000 0.000388
2146.000000 0.000387
2147.000000 0.000387
2148.000000 0.000386
2149.000000 0.000385
2150.000000 0.000385
2151.000000 0.000384
2152.000000 0.000383
2153.000000 0.000382
2154.000000 0.000382
2155.000000 0.000381
2156.000000 0.000380
2157.000000 0.000380
2158.000000 0.000379
2159.000000 0.000378
2160.000000 0.000378
2161.000000 0.000377
2162.000000 0.000376
2163.000000 0.000375
2164.000000 0.000375
2165.000000 0.000374
2166.000000 0.000373
2167.000000 0.000373
2168.000000 0.000372
2169.000000 0.000371
2170.000000 0.000371
2171.000000 0.000370
2172.000000 0.000369
2173.000000 0.000368
2174.000000 0.000368
2175.000000 0.000367
2176.000000 0.000366
2177.000000 0.000366
2178.000000 0.000365
2179.000000 0.000364
2180.000000 0.000364
2181.000000 0.000363
2182.000000 0.000362
2183.000000 0.000361
2184.000000 0.000361
2185.000000 0.000360
2186.000000 0.000359
2187.000000 0.000359
2188.000000 0.000358
2189.000000 0.000357
2190.000000 0.000357
2191.000000 0.000356
2192.000000 0.000355
2193.000000 0.000354
2194.000000 0.000354
2195.000000 0.000353
2196.000000 0.000352
2197.000000 0.000352
2198.000000 0.000351
2199.000000 0.000350
2200.000000 0.000350
2201.000000 0.000349
2202.000000 0.000348
2203.000000 0.000347
2204.000000 0.000347
2205.000000 0.000346
2206.000000 0.000345
2207.000000 0.000345
2208.000000 0.000344
2209.000000 0.000343
2210.000000 0.000343
2211.000000 0.000342
2212.000000 0.000341
2213.000000 0.000341
2214.000000 0.000340
2215.000000 0.000339
2216.000000 0.000338
2217.000000 0.000338
2218.000000 0.000337
2219.000000 0.000336
2220.000000 0.000336
2221.000000 0.000335
2222.000000 0.000334
2223.000000 0.000334
2224.000000 0.000333
2225.000000 0.000332
2226.000000 0.000332
2227.000000 0.000331
2228.000000 0.000330
2229.000000 0.000330
2230.000000 0.000329
2231.000000 0.000328
2232.000000 0.000328
2233.000000 0.000327
2234.000000 0.000326
2235.000000 0.000325
2236.000000 0.000325
2237.000000 0.000324
2238.000000 0.000323
2239.000000 0.000323
2240.000000 0.000322
2241.000000 0.000321
2242.000000 0.000321
2243.000000 0.000320
2244.000000 0.000319
2245.000000 0.000319
2246.000000 0.000318
2247.000000 0.000317
2248.000000 0.000317
2249.000000 0.000316
2250.000000 0.000315
2251.000000 0.000315
2252.000000 0.000314
2253.000000 0.000313
2254.000000 0.000313
2255.000000 0.000312
2256.000000 0.000311
2257.000000 0.000310
2258.000000 0.000310
2259.000000 0.000309
2260.000000 0.000308
2261.000000 0.000308
2262.000000 0.000307
2263.000000 0.000306
2264.000000 0.000306
2265.000000 0.000305
2266.000000 0.000304
2267.000000 0.000304
2268.000000 0.000303
2269.000000 0.000302
2270.000000 0.000302
2271.000000 0.000301
2272.000000 0.000300
2273.000000 0.000300
2274.000000 0.000299
2275.000000 0.000298
2276.000000 0.000298
2277.000000 0.000297
2278.000000 0.000296
2279.000000 0.000296
2280.000000 0.000295
2281.000000 0.000294
2282.000000 0.000294
2283.000000 0.000293
2284.000000 0.000292
2285.000000 0.000292
2286.000000 0.000291
2287.000000 0.000290
2288.000000 0.000290
2289.000000 0.000289
2290.000000 0.000288
2291.000000 0.000288
2292.000000 0.000287
2293.000000 0.000286
2294.000000 0.000286
2295.000000 0.000285
2296.000000 0.000284
2297.000000 0.000284
2298.000000 0.000283
2299.000000 0.000283
2300.000000 0.000282
2301.000000 0.000281
2302.000000 0.000281
2303.000000 0.000280
2304.000000 0.000279
2305.000000 0.000279
2306.000000 0.000278
2307.000000 0.000277
2308.000000 0.000277
2309.000000 0.000276
2310.000000 0.000275
2311.000000 0.000275
2312.000000 0.000274
2313.000000 0.000273
2314.000000 0.000273
2315.000000 0.000272
2316.000000 0.000271
2317.000000 0.000271
2318.000000 0.000270
2319.000000 0.000269
2320.000000 0.000269
2321.000000 0.000268
2322.000000 0.000268
2323.000000 0.000267
2324.000000 0.000266
2325.000000 0.000266
2326.000000 0.000265
2327.000000 0.000264
2328.000000 0.000264
2329.000000 0.000263
2330.000000 0.000262
2331.000000 0.000262
2332.000000 0.000261
2333.000000 0.000260
2334.000000 0.000260
2335.000000 0.000259
2336.000000 0.000259
2337.000000 0.000258
2338.000000 0.000257
2339.000000 0.000257
2340.000000 0.000256
2341.000000 0.000255
2342.000000 0.000255
2343.000000 0.000254
2344.000000 0.000254
2345.000000 0.000253
2346.000000 0.000252
2347.000000 0.000252
2348.000000 0.000251
2349.000000 0.000250
2350.000000 0.000250
2351.000000 0.000249
2352.000000 0.000248
2353.000000 0.000248
2354.000000 0.000247
2355.000000 0.000247
2356.000000 0.000246
2357.000000 0.000245
2358.000000 0.000245
2359.000000 0.000244
2360.000000 0.000243
2361.000000 0.000243
2362.000000 0.000242
2363.000000 0.000242
2364.000000 0.000241
2365.000000 0.000240
2366.000000 0.000240
2367.000000 0.000239
2368.000000 0.000238
2369.000000 0.000238
2370.000000 0.000237
2371.000000 0.000237
2372.000000 0.000236
2373.000000 0.000235
2374.000000 0.000235
2375.000000 0.000234
2376.000000 0.000234
2377.000000 0.000233
2378.000000 0.000232
2379.000000 0.000232
2380.000000 0.000231
2381.000000 0.000230
2382.000000 0.000230
2383.000000 0.000229
2384.000000 0.000229
2385.000000 0.000228
2386.000000 0.000227
2387.000000 0.000227
2388.000000 0.000226
2389.000000 0.000226
2390.000000 0.000225
2391.000000 0.000224
2392.000000 0.000224
2393.000000 0.000223
2394.000000 0.000223
2395.000000 0.000222
2396.000000 0.000221
2397.000000 0.000221
2398.000000 0.000220
2399.000000 0.000220
2400.000000 0.000219
2401.000000 0.000218
2402.000000 0.000218
2403.000000 0.000217
2404.000000 0.000217
2405.000000 0.000216
2406.000000 0.000215
2407.000000 0.000215
2408.000000 0.000214
2409.000000 0.000214
2410.000000 0.000213
2411.000000 0.000212
2412.000000 0.000212
2413.000000 0.000211
2414.000000 0.000211
2415.000000 0.000210
2416.000000 0.000209
2417.000000 0.000209
2418.000000 0.000208
2419.000000 0.000208
2420.000000 0.000207
2421.000000 0.000207
2422.000000 0.000206
2423.000000 0.000205
2424.000000 0.000205
2425.000000 0.000204
2426.000000 0.000204
2427.000000 0.000203
2428.000000 0.000202
2429.000000 0.000202
2430.000000 0.000201
2431.000000 0.000201
2432.000000 0.000200
2433.000000 0.000200
2434.000000 0.000199
2435.000000 0.000198
2436.000000 0.000198
2437.000000 0.000197
2438.000000 0.000197
2439.000000 0.000196
2440.000000 0.000195
2441.000000 0.000195
2442.000000 0.000194
2443.000000 0.000194
2444.000000 0.000193
2445.000000 0.000193
2446.000000 0.000192
2447.000000 0.000191
2448.000000 0.000191
2449.000000 0.000190
2450.000000 0.000190
2451.000000 0.000189
2452.000000 0.000189
2453.000000 0.000188
2454.000000 0.000188
2455.000000 0.000187
2456.000000 0.000186
2457.000000 0.000186
2458.000000 0.000185
2459.000000 0.000185
2460.000000 0.000184
2461.000000 0.000184
2462.000000 0.000183
2463.000000 0.000182
2464.000000 0.000182
2465.000000 0.000181
2466.000000 0.000181
2467.000000 0.000180
2468.000000 0.000180
2469.000000 0.000179
2470.000000 0.000179
2471.000000 0.000178
2472.000000 0.000177
2473.000000 0.000177
2474.000000 0.000176
2475.000000 0.000176
2476.000000 0.000175
2477.000000 0.000175
2478.000000 0.000174
2479.000000 0.000174
2480.000000 0.000173
2481.000000 0.000173
2482.000000 0.000172
2483.000000 0.000171
2484.000000 0.000171
2485.000000 0.000170
2486.000000 0.000170
2487.000000 0.000169
2488.000000 0.000169
2489.000000 0.000168
2490.000000 0.000168
2491.000000 0.000167
2492.000000 0.000167
2493.000000 0.000166
2494.000000 0.000165
2495.000000 0.000165
2496.000000 0.000164
2497.000000 0.000164
2498.000000 0.000163
2499.000000 0.000163
2500.000000 0.000162
2501.000000 0.000162
2502.000000 0.000161
2503.000000 0.000161
2504.000000 0.000160
2505.000000 0.000160
2506.000000 0.000159
2507.000000 0.000159
2508.000000 0.000158
2509.000000 0.000157
2510.000000 0.000157
2511.000000 0.000156
2512.000000 0.000156
2513.000000 0.000155
2514.000000 0.000155
2515.000000 0.000154
2516.000000 0.000154
2517.000000 0.000153
2518.000000 0.000153
2519.000000 0.000152
2520.000000 0.000152
2521.000000 0.000151
2522.000000 0.000151
2523.000000 0.000150
2524.000000 0.000150
2525.000000 0.000149
2526.000000 0.000149
2527.000000 0.000148
2528.000000 0.000148
2529.000000 0.000147
2530.000000 0.000147
2531.000000 0.000146
2532.000000 0.000146
2533.000000 0.000145
2534.000000 0.000145
2535.000000 0.000144
2536.000000 0.000143
2537.000000 0.000143
2538.000000 0.000142
2539.000000 0.000142
2540.000000 0.000141
2541.000000 0.000141
2542.000000 0.000140
2543.000000 0.000140
2544.000000 0.000139
2545.000000 0.000139
2546.000000 0.000138
2547.000000 0.000138
2548.000000 0.000137
2549.000000 0.000137
2550.000000 0.000136
2551.000000 0.000136
2552.000000 0.000135
2553.000000 0.000135
2554.000000 0.000134
2555.000000 0.000134
2556.000000 0.000133
2557.000000 0.000133
2558.000000 0.000132
2559.000000 0.000132
2560.000000 0.000131
2561.000000 0.000131
2562.000000 0.000130
2563.000000 0.000130
2564.000000 0.000130
2565.000000 0.000129
2566.000000 0.000129
2567.000000 0.000128
2568.000000 0.000128
2569.000000 0.000127
2570.000000 0.000127
2571.000000 0.000126
2572.000000 0.000126
2573.000000 0.000125
2574.000000 0.000125
2575.000000 0.000124
2576.000000 0.000124
2577.000000 0.000123
2578.000000 0.000123
2579.000000 0.000122
2580.000000 0.000122
2581.000000 0.000121
2582.000000 0.000121
2583.000000 0.000120
2584.000000 0.000120
2585.000000 0.000119
2586.000000 0.000119
2587.000000 0.000118
2588.000000 0.000118
2589.000000 0.000117
2590.000000 0.000117
2591.000000 0.000117
2592.000000 0.000116
2593.000000 0.000116
2594.000000 0.000115
2595.000000 0.000115
2596.000000 0.000114
2597.000000 0.000114
2598.000000 0.000113
2599.000000 0.000113
2600.000000 0.000112
2601.000000 0.000112
2602.000000 0.000111
2603.000000 0.000111
2604.000000 0.000111
2605.000000 0.000110
2606.000000 0.000110
2607.000000 0.000109
2608.000000 0.000109
2609.000000 0.000108
2610.000000 0.000108
2611.000000 0.000107
2612.000000 0.000107
2613.000000 0.000106
2614.000000 0.000106
2615.000000 0.000105
2616.000000 0.000105
2617.000000 0.000105
2618.000000 0.000104
2619.000000 0.000104
2620.000000 0.000103
2621.000000 0.000103
2622.000000 0.000102
2623.000000 0.000102
2624.000000 0.000101
2625.000000 0.000101
2626.000000 0.000101
2627.000000 0.000100
2628.000000 0.000100
2629.000000 0.000099
2630.000000 0.000099
2631.000000 0.000098
2632.000000 0.000098
2633.000000 0.000097
2634.000000 0.000097
2635.000000 0.000097
2636.000000 0.000096
2637.000000 0.000096
2638.000000 0.000095
2639.000000 0.000095
2640.000000 0.000094
2641.000000 0.000094
2642.000000 0.000093
2643.000000 0.000093
2644.000000 0.000093
2645.000000 0.000092
2646.000000 0.000092
2647.000000 0.000091
2648.000000 0.000091
2649.000000 0.000090
2650.000000 0.000090
2651.000000 0.000090
2652.000000 0.000089
2653.000000 0.000089
2654.000000 0.000088
2655.000000 0.000088
2656.000000 0.000087
2657.000000 0.000087
2658.000000 0.000087
2659.000000 0.000086
2660.000000 0.000086
2661.000000 0.000085
2662.000000 0.000085
2663.000000 0.000084
2664.000000 0.000084
2665.000000 0.000084
2666.000000 0.000083
2667.000000 0.000083
2668.000000 0.000082
2669.000000 0.000082
2670.000000 0.000082
2671.000000 0.000081
2672.000000 0.000081
2673.000000 0.000080
2674.000000 0.000080
2675.000000 0.000079
2676.000000 0.000079
2677.000000 0.000079
2678.000000 0.000078
2679.000000 0.000078
2680.000000 0.000077
2681.000000 0.000077
2682.000000 0.000077
2683.000000 0.000076
2684.000000 0.000076
2685.000000 0.000075
2686.000000 0.000075
2687.000000 0.000075
2688.000000 0.000074
2689.000000 0.000074
2690.000000 0.000073
2691.000000 0.000073
2692.000000 0.000073
2693.000000 0.000072
2694.000000 0.000072
2695.000000 0.000071
2696.000000 0.000071
2697.000000 0.000071
2698.000000 0.000070
2699.000000 0.000070
2700.000000 0.000069
2701.000000 0.000069
2702.000000 0.000069
2703.000000 0.000068
2704.000000 0.000068
2705.000000 0.000067
2706.000000 0.000067
2707.000000 0.000067
2708.000000 0.000066
2709.000000 0.000066
2710.000000 0.000065
2711.000000 0.000065
2712.000000 0.000065
2713.000000 0.000064
2714.000000 0.000064
2715.000000 0.000064
2716.000000 0.000063
2717.000000 0.000063
2718.000000 0.000062
2719.000000 0.000062
2720.000000 0.000062
2721.000000 0.000061
2722.000000 0.000061
2723.000000 0.000060
2724.000000 0.000060
2725.000000 0.000060
2726.000000 0.000059
2727.000000 0.000059
2728.000000 0.000059
2729.000000 0.000058
2730.000000 0.000058
2731.000000 0.000057
2732.000000 0.000057
2733.000000 0.000057
2734.000000 0.000056
2735.000000 0.000056
2736.000000 0.000056
2737.000000 0.000055
2738.000000 0.000055
2739.000000 0.000054
2740.000000 0.000054
2741.000000 0.000054
2742.000000 0.000053
2743.000000 0.000053
2744.000000 0.000053
2745.000000 0.000052
2746.000000 0.000052
2747.000000 0.000052
2748.000000 0.000051
2749.000000 0.000051
2750.000000 0.000050
2751.000000 0.000050
2752.000000 0.000050
2753.000000 0.000049
2754.000000 0.000049
2755.000000 0.000049
2756.000000 0.000048
2757.000000 0.000048
2758.000000 0.000048
2759.000000 0.000047
2760.000000 0.000047
2761.000000 0.000046
2762.000000 0.000046
2763.000000 0.000046
2764.000000 0.000045
2765.000000 0.000045
2766.000000 0.000045
2767.000000 0.000044
2768.000000 0.000044
2769.000000 0.000044
2770.000000 0.000043
2771.000000 0.000043
2772.000000 0.000043
2773.000000 0.000042
2774.000000 0.000042
2775.000000 0.000042
2776.000000 0.000041
2777.000000 0.000041
2778.000000 0.000041
2779.000000 0.000040
2780.000000 0.000040
2781.000000 0.000039
2782.000000 0.000039
2783.000000 0.000039
2784.000000 0.000038
2785.000000 0.000038
2786.000000 0.000038
2787.000000 0.000037
2788.000000 0.000037
2789.000000 0.000037
2790.000000 0.000036
2791.000000 0.000036
2792.000000 0.000036
2793.000000 0.000035
2794.000000 0.000035
2795.000000 0.000035
2796.000000 0.000034
2797.000000 0.000034
2798.000000 0.000034
2799.000000 0.000033
2800.000000 0.000033
2801.000000 0.000033
2802.000000 0.000032
2803.000000 0.000032
2804.000000 0.000032
2805.000000 0.000031
2806.000000 0.000031
2807.000000 0.000031
2808.000000 0.000030
2809.000000 0.000030
2810.000000 0.000030
2811.000000 0.000029
2812.000000 0.000029
2813.000000 0.000029
2814.000000 0.000029
2815.000000 0.000028
2816.000000 0.000028
2817.000000 0.000028
2818.000000 0.000027
2819.000000 0.000027
2820.000000 0.000027
2821.000000 0.000026
2822.000000 0.000026
2823.000000 0.000026
2824.000000 0.000025
2825.000000 0.000025
2826.000000 0.000025
2827.000000 0.000024
2828.000000 0.000024
2829.000000 0.000024
2830.000000 0.000023
2831.000000 0.000023
2832.000000 0.000023
2833.000000 0.000022
2834.000000 0.000022
2835.000000 0.000022
2836.000000 0.000022
2837.000000 0.000021
2838.000000 0.000021
2839.000000 0.000021
2840.000000 0.000020
2841.000000 0.000020
2842.000000 0.000020
2843.000000 0.000019
2844.000000 0.000019
2845.000000 0.000019
2846.000000 0.000019
2847.000000 0.000018
2848.000000 0.000018
2849.000000 0.000018
2850.000000 0.000017
2851.000000 0.000017
2852.000000 0.000017
2853.000000 0.000016
2854.000000 0.000016
2855.000000 0.000016
2856.000000 0.000016
2857.000000 0.000015
2858.000000 0.000015
2859.000000 0.000015
2860.000000 0.000014
2861.000000 0.000014
2862.000000 0.000014
2863.000000 0.000014
2864.000000 0.000013
2865.000000 0.000013
2866.000000 0.000013
2867.000000 0.000013
2868.000000 0.000012
2869.000000 0.000012
2870.000000 0.000012
2871.000000 0.000012
2872.000000 0.000011
2873.000000 0.000011
2874.000000 0.000011
2875.000000 0.000011
2876.000000 0.000010
2877.000000 0.000010
2878.000000 0.000010
2879.000000 0.000010
2880.000000 0.000009
2881.000000 0.000009
2882.000000 0.000009
2883.000000 0.000009
2884.000000 0.000008
2885.000000 0.000008
2886.000000 0.000008
2887.000000 0.000008
2888.000000 0.000008
2889.000000 0.000007
2890.000000 0.000007
2891.000000 0.000007
2892.000000 0.000007
2893.000000 0.000006
2894.000000 0.000006
2895.000000 0.000006
2896.000000 0.000006
2897.000000 0.000006
2898.000000 0.000006
2899.000000 0.000005
2900.000000 0.000005
2901.000000 0.000005
2902.000000 0.000005
2903.000000 0.000005
2904.000000 0.000005
2905.000000 0.000004
2906.000000 0.000004
2907.000000 0.000004
2908.000000 0.000004
2909.000000 0.000004
2910.000000 0.000004
2911.000000 0.000003
2912.000000 0.000003
2913.000000 0.000003
2914.000000 0.000003
2915.000000 0.000003
2916.000000 0.000003
2917.000000 0.000003
2918.000000 0.000003
2919.000000 0.000003
2920.000000 0.000002
2921.000000 0.000002
2922.000000 0.000002
2923.000000 0.000002
2924.000000 0.000002
2925.000000 0.000002
2926.000000 0.000002
2927.000000 0.000002
2928.000000 0.000002
2929.000000 0.000002
2930.000000 0.000001
2931.000000 0.000001
2932.000000 0.000001
2933.000000 0.000001
2934.000000 0.000001
2935.000000 0.000001
2936.000000 0.000001
2937.000000 0.000001
2938.000000 0.000001
2939.000000 0.000001
2940.000000 0.000001
2941.000000 0.000001
2942.000000 0.000001
2943.000000 0.000001
2944.000000 0.000001
2945.000000 0.000001
2946.000000 0.000001
2947.000000 0.000001
2948.000000 0.000000
2949.000000 0.000000
2950.000000 0.000000
2951.000000 0.000000
2952.000000 0.000000
2953.000000 0.000000
2954.000000 0.000000
2955.000000 0.000000
2956.000000 0.000000
2957.000000 0.000000
2958.000000 0.000000
2959.000000 0.000000
2960.000000 0.000000
2961.000000 0.000000
2962.000000 0.000000
2963.000000 0.000000
2964.000000 0.000000
2965.000000 0.000000
2966.000000 0.000000
2967.000000 0.000000
2968.000000 0.000000
2969.000000 0.000000
2970.000000 0.000000
2971.000000 0.000000
2972.000000 0.000000
2973.000000 0.000000
2974.000000 0.000000
2975.000000 0.000000
2976.000000 0.000000
2977.000000 0.000000
2978.000000 0.000000
2979.000000 0.000000
2980.000000 0.000000
2981.000000 0.000000
2982.000000 0.000000
2983.000000 0.000000
2984.000000 0.000000
2985.000000 0.000000
2986.000000 0.000000
2987.000000 0.000000
2988.000000 0.000000
2989.000000 0.000000
2990.000000 0.000000
2991.000000 0.000000
2992.000000 0.000000
2993.000000 0.000000
2994.000000 0.000000
2995.000000 0.000000
2996.000000 0.000000
2997.000000 0.000000
2998.000000 0.000000
2999.000000 0.000000
3000.000000 0.000000
