n lam mean variance std
3000 0.210000 1500.496442 221116.058374 470.229793
bin_midpoint probability
1.000000 0.000000
2.000000 0.000000
3.000000 0.000000
4.000000 0.000000
5.000000 0.000000
6.000000 0.000000
7.000000 0.000000
8.000000 0.000000
9.000000 0.000000
10.000000 0.000000
11.000000 0.000000
12.000000 0.000000
13.000000 0.000000
14.000000 0.000000
15.000000 0.000000
16.000000 0.000000
17.000000 0.000000
18.000000 0.000000
19.000000 0.000000
20.000000 0.000000
21.000000 0.000000
22.000000 0.000000
23.000000 0.000000
24.000000 0.000000
25.000000 0.000000
26.000000 0.000000
27.000000 0.000000
28.000000 0.000000
29.000000 0.000000
30.000000 0.000000
31.000000 0.000000
32.000000 0.000000
33.000000 0.000000
34.000000 0.000000
35.000000 0.000000
36.000000 0.000000
37.000000 0.000000
38.000000 0.000000
39.000000 0.000000
40.000000 0.000000
41.000000 0.000000
42.000000 0.000000
43.000000 0.000000
44.000000 0.000000
45.000000 0.000000
46.000000 0.000000
47.000000 0.000000
48.000000 0.000000
49.000000 0.000000
50.000000 0.000000
51.000000 0.000000
52.000000 0.000000
53.000000 0.000000
54.000000 0.000000
55.000000 0.000000
56.000000 0.000000
57.000000 0.000000
58.000000 0.000000
59.000000 0.000000
60.000000 0.000000
61.000000 0.000000
62.000000 0.000000
63.000000 0.000000
64.000000 0.000000
65.000000 0.000000
66.000000 0.000000
67.000000 0.000000
68.000000 0.000000
69.000000 0.000000
70.000000 0.000000
71.000000 0.000000
72.000000 0.000000
73.000000 0.000000
74.000000 0.000000
75.000000 0.000000
76.000000 0.000000
77.000000 0.000000
78.000000 0.000000
79.000000 0.000000
80.000000 0.000000
81.000000 0.000000
82.000000 0.000000
83.000000 0.000000
84.000000 0.000000
85.000000 0.000000
86.000000 0.000000
87.000000 0.000000
88.000000 0.000000
89.000000 0.000000
90.000000 0.000000
91.000000 0.000000
92.000000 0.000000
93.000000 0.000000
94.000000 0.000000
95.000000 0.000000
96.000000 0.000000
97.000000 0.000000
98.000000 0.000000
99.000000 0.000000
100.000000 0.000000
101.000000 0.000000
102.000000 0.000000
103.000000 0.000000
104.000000 0.000000
105.000000 0.000000
106.000000 0.000000
107.000000 0.000000
108.000000 0.000000
109.000000 0.000000
110.000000 0.000000
111.000000 0.000000
112.000000 0.000000
113.000000 0.000000
114.000000 0.000000
115.000000 0.000000
116.000000 0.000000
117.000000 0.000000
118.000000 0.000000
119.000000 0.000000
120.000000 0.000000
121.000000 0.000000
122.000000 0.000000
123.000000 0.000000
124.000000 0.000000
125.000000 0.000000
126.000000 0.000000
127.000000 0.000000
128.000000 0.000000
129.000000 0.000000
130.000000 0.000000
131.000000 0.000000
132.000000 0.000000
133.000000 0.000000
134.000000 0.000000
135.000000 0.000000
136.000000 0.000000
137.000000 0.000000
138.000000 0.000000
139.000000 0.000000
140.000000 0.000000
141.000000 0.000000
142.000000 0.000000
143.000000 0.000000
144.000000 0.000000
145.000000 0.000000
146.000000 0.000000
147.000000 0.000000
148.000000 0.000001
149.000000 0.000001
150.000000 0.000001
151.000000 0.000001
152.000000 0.000001
153.000000 0.000001
154.000000 0.000001
155.000000 0.000001
156.000000 0.000001
157.000000 0.000001
158.000000 0.000001
159.000000 0.000001
160.000000 0.000001
161.000000 0.000001
162.000000 0.000001
163.000000 0.000001
164.000000 0.000001
165.000000 0.000001
166.000000 0.000001
167.000000 0.000001
168.000000 0.000001
169.000000 0.000001
170.000000 0.000001
171.000000 0.000001
172.000000 0.000001
173.000000 0.000001
174.000000 0.000001
175.000000 0.000001
176.000000 0.000001
177.000000 0.000001
178.000000 0.000001
179.000000 0.000001
180.000000 0.000001
181.000000 0.000001
182.000000 0.000001
183.000000 0.000002
184.000000 0.000002
185.000000 0.000002
186.000000 0.000002
187.000000 0.000002
188.000000 0.000002
189.000000 0.000002
190.000000 0.000002
191.000000 0.000002
192.000000 0.000002
193.000000 0.000002
194.000000 0.000002
195.000000 0.000002
196.000000 0.000002
197.000000 0.000002
198.000000 0.000002
199.000000 0.000002
200.000000 0.000002
201.000000 0.000002
202.000000 0.000002
203.000000 0.000003
204.000000 0.000003
205.000000 0.000003
206.000000 0.000003
207.000000 0.000003
208.000000 0.000003
209.000000 0.000003
210.000000 0.000003
211.000000 0.000003
212.000000 0.000003
213.000000 0.000003
214.000000 0.000003
215.000000 0.000003
216.000000 0.000003
217.000000 0.000004
218.000000 0.000004
219.000000 0.000004
220.000000 0.000004
221.000000 0.000004
222.000000 0.000004
223.000000 0.000004
224.000000 0.000004
225.000000 0.000004
226.000000 0.000004
227.000000 0.000004
228.000000 0.000004
229.000000 0.000005
230.000000 0.000005
231.000000 0.000005
232.000000 0.000005
233.000000 0.000005
234.000000 0.000005
235.000000 0.000005
236.000000 0.000005
237.000000 0.000005
238.000000 0.000005
239.000000 0.000005
240.000000 0.000006
241.000000 0.000006
242.000000 0.000006
243.000000 0.000006
244.000000 0.000006
245.000000 0.000006
246.000000 0.000006
247.000000 0.000006
248.000000 0.000007
249.000000 0.000007
250.000000 0.000007
251.000000 0.000007
252.000000 0.000007
253.000000 0.000007
254.000000 0.000007
255.000000 0.000007
256.000000 0.000007
257.000000 0.000008
258.000000 0.000008
259.000000 0.000008
260.000000 0.000008
261.000000 0.000008
262.000000 0.000008
263.000000 0.000008
264.000000 0.000009
265.000000 0.000009
266.000000 0.000009
267.000000 0.000009
268.000000 0.000009
269.000000 0.000009
270.000000 0.000010
271.000000 0.000010
272.000000 0.000010
273.000000 0.000010
274.000000 0.000010
275.000000 0.000010
276.000000 0.000011
277.000000 0.000011
278.000000 0.000011
279.000000 0.000011
280.000000 0.000011
281.000000 0.000011
282.000000 0.000012
283.000000 0.000012
284.000000 0.000012
285.000000 0.000012
286.000000 0.000012
287.000000 0.000012
288.000000 0.000013
289.000000 0.000013
290.000000 0.000013
291.000000 0.000013
292.000000 0.000013
293.000000 0.000014
294.000000 0.000014
295.000000 0.000014
296.000000 0.000014
297.000000 0.000014
298.000000 0.000015
299.000000 0.000015
300.000000 0.000015
301.000000 0.000015
302.000000 0.000015
303.000000 0.000016
304.000000 0.000016
305.000000 0.000016
306.000000 0.000016
307.000000 0.000017
308.000000 0.000017
309.000000 0.000017
310.000000 0.000017
311.000000 0.000018
312.000000 0.000018
313.000000 0.000018
314.000000 0.000018
315.000000 0.000018
316.000000 0.000019
317.000000 0.000019
318.000000 0.000019
319.000000 0.000019
320.000000 0.000020
321.000000 0.000020
322.000000 0.000020
323.000000 0.000020
324.000000 0.000021
325.000000 0.000021
326.000000 0.000021
327.000000 0.000022
328.000000 0.000022
329.000000 0.000022
330.000000 0.000022
331.000000 0.000023
332.000000 0.000023
333.000000 0.000023
334.000000 0.000023
335.000000 0.000024
336.000000 0.000024
337.000000 0.000024
338.000000 0.000025
339.000000 0.000025
340.000000 0.000025
341.000000 0.000026
342.000000 0.000026
343.000000 0.000026
344.000000 0.000026
345.000000 0.000027
346.000000 0.000027
347.000000 0.000027
348.000000 0.000028
349.000000 0.000028
350.000000 0.000028
351.000000 0.000029
352.000000 0.000029
353.000000 0.000029
354.000000 0.000030
355.000000 0.000030
356.000000 0.000030
357.000000 0.000031
358.000000 0.000031
359.000000 0.000031
360.000000 0.000032
361.000000 0.000032
362.000000 0.000032
363.000000 0.000033
364.000000 0.000033
365.000000 0.000033
366.000000 0.000034
367.000000 0.000034
368.000000 0.000034
369.000000 0.000035
370.000000 0.000035
371.000000 0.000036
372.000000 0.000036
373.000000 0.000036
374.000000 0.000037
375.000000 0.000037
376.000000 0.000037
377.000000 0.000038
378.000000 0.000038
379.000000 0.000039
380.000000 0.000039
381.000000 0.000039
382.000000 0.000040
383.000000 0.000040
384.000000 0.000041
385.000000 0.000041
386.000000 0.000041
387.000000 0.000042
388.000000 0.000042
389.000000 0.000043
390.000000 0.000043
391.000000 0.000043
392.000000 0.000044
393.000000 0.000044
394.000000 0.000045
395.000000 0.000045
396.000000 0.000045
397.000000 0.000046
398.000000 0.000046
399.000000 0.000047
400.000000 0.000047
401.000000 0.000048
402.000000 0.000048
403.000000 0.000048
404.000000 0.000049
405.000000 0.000049
406.000000 0.000050
407.000000 0.000050
408.000000 0.000051
409.000000 0.000051
410.000000 0.000052
411.000000 0.000052
412.000000 0.000053
413.000000 0.000053
414.000000 0.000053
415.000000 0.000054
416.000000 0.000054
417.000000 0.000055
418.000000 0.000055
419.000000 0.000056
420.000000 0.000056
421.000000 0.000057
422.000000 0.000057
423.000000 0.000058
424.000000 0.000058
425.000000 0.000059
426.000000 0.000059
427.000000 0.000060
428.000000 0.000060
429.000000 0.000061
430.000000 0.000061
431.000000 0.000061
432.000000 0.000062
433.000000 0.000062
434.000000 0.000063
435.000000 0.000063
436.000000 0.000064
437.000000 0.000064
438.000000 0.000065
439.000000 0.000065
440.000000 0.000066
441.000000 0.000066
442.000000 0.000067
443.000000 0.000067
444.000000 0.000068
445.000000 0.000069
446.000000 0.000069
447.000000 0.000070
448.000000 0.000070
449.000000 0.000071
450.000000 0.000071
451.000000 0.000072
452.000000 0.000072
453.000000 0.000073
454.000000 0.000073
455.000000 0.000074
456.000000 0.000074
457.000000 0.000075
458.000000 0.000075
459.000000 0.000076
460.000000 0.000076
461.000000 0.000077
462.000000 0.000078
463.000000 0.000078
464.000000 0.000079
465.000000 0.000079
466.000000 0.000080
467.000000 0.000080
468.000000 0.000081
469.000000 0.000082
470.000000 0.000082
471.000000 0.000083
472.000000 0.000083
473.000000 0.000084
474.000000 0.000084
475.000000 0.000085
476.000000 0.000085
477.000000 0.000086
478.000000 0.000087
479.000000 0.000087
480.000000 0.000088
481.000000 0.000088
482.000000 0.000089
483.000000 0.000089
484.000000 0.000090
485.000000 0.000091
486.000000 0.000091
487.000000 0.000092
488.000000 0.000092
489.000000 0.000093
490.000000 0.000094
491.000000 0.000094
492.000000 0.000095
493.000000 0.000095
494.000000 0.000096
495.000000 0.000097
496.000000 0.000097
497.000000 0.000098
498.000000 0.000098
499.000000 0.000099
500.000000 0.000100
501.000000 0.000100
502.000000 0.000101
503.000000 0.000101
504.000000 0.000102
505.000000 0.000103
506.000000 0.000103
507.000000 0.000104
508.000000 0.000105
509.000000 0.000105
510.000000 0.000106
511.000000 0.000106
512.000000 0.000107
513.000000 0.000108
514.000000 0.000108
515.000000 0.000109
516.000000 0.000110
517.000000 0.000110
518.000000 0.000111
519.000000 0.000111
520.000000 0.000112
521.000000 0.000113
522.000000 0.000113
523.000000 0.000114
524.000000 0.000115
525.000000 0.000115
526.000000 0.000116
527.000000 0.000117
528.000000 0.000117
529.000000 0.000118
530.000000 0.000118
531.000000 0.000119
532.000000 0.000120
533.000000 0.000121
534.000000 0.000121
535.000000 0.000122
536.000000 0.000122
537.000000 0.000123
538.000000 0.000124
539.000000 0.000124
540.000000 0.000125
541.000000 0.000126
542.000000 0.000126
543.000000 0.000127
544.000000 0.000128
545.000000 0.000128
546.000000 0.000129
547.000000 0.000130
548.000000 0.000130
549.000000 0.000131
550.000000 0.000132
551.000000 0.000132
552.000000 0.000133
553.000000 0.000134
554.000000 0.000134
555.000000 0.000135
556.000000 0.000136
557.000000 0.000136
558.000000 0.000137
559.000000 0.000138
560.000000 0.000138
561.000000 0.000139
562.000000 0.000140
563.000000 0.000140
564.000000 0.000141
565.000000 0.000142
566.000000 0.000142
567.000000 0.000143
568.000000 0.000144
569.000000 0.000144
570.000000 0.000145
571.000000 0.000146
572.000000 0.000146
573.000000 0.000147
574.000000 0.000148
575.000000 0.000149
576.000000 0.000149
577.000000 0.000150
578.000000 0.000151
579.000000 0.000151
580.000000 0.000152
581.000000 0.000153
582.000000 0.000153
583.000000 0.000154
584.000000 0.000155
585.000000 0.000156
586.000000 0.000156
587.000000 0.000157
588.000000 0.000158
589.000000 0.000158
590.000000 0.000159
591.000000 0.000160
592.000000 0.000161
593.000000 0.000161
594.000000 0.000162
595.000000 0.000163
596.000000 0.000163
597.000000 0.000164
598.000000 0.000165
599.000000 0.000166
600.000000 0.000166
601.000000 0.000167
602.000000 0.000168
603.000000 0.000168
604.000000 0.000169
605.000000 0.000170
606.000000 0.000171
607.000000 0.000171
608.000000 0.000172
609.000000 0.000173
610.000000 0.000174
611.000000 0.000174
612.000000 0.000175
613.000000 0.000176
614.000000 0.000176
615.000000 0.000177
616.000000 0.000178
617.000000 0.000179
618.000000 0.000179
619.000000 0.000180
620.000000 0.000181
621.000000 0.000182
622.000000 0.000182
623.000000 0.000183
624.000000 0.000184
625.000000 0.000185
626.000000 0.000185
627.000000 0.000186
628.000000 0.000187
629.000000 0.000188
630.000000 0.000188
631.000000 0.000189
632.000000 0.000190
633.000000 0.000191
634.000000 0.000191
635.000000 0.000192
636.000000 0.000193
637.000000 0.000194
638.000000 0.000194
639.000000 0.000195
640.000000 0.000196
641.000000 0.000197
642.000000 0.000197
643.000000 0.000198
644.000000 0.000199
645.000000 0.000200
646.000000 0.000200
647.000000 0.000201
648.000000 0.000202
649.000000 0.000203
650.000000 0.000204
651.000000 0.000204
652.000000 0.000205
653.000000 0.000206
654.000000 0.000207
655.000000 0.000207
656.000000 0.000208
657.000000 0.000209
658.000000 0.000210
659.000000 0.000210
660.000000 0.000211
661.000000 0.000212
662.000000 0.000213
663.000000 0.000213
664.000000 0.000214
665.000000 0.000215
666.000000 0.000216
667.000000 0.000217
668.000000 0.000217
669.000000 0.000218
670.000000 0.000219
671.000000 0.000220
672.000000 0.000220
673.000000 0.000222
674.000000 0.000222
675.000000 0.000223
676.000000 0.000224
677.000000 0.000225
678.000000 0.000225
679.000000 0.000226
680.000000 0.000227
681.000000 0.000228
682.000000 0.000228
683.000000 0.000230
684.000000 0.000230
685.000000 0.000231
686.000000 0.000231
687.000000 0.000233
688.000000 0.000233
689.000000 0.000234
690.000000 0.000235
691.000000 0.000236
692.000000 0.000236
693.000000 0.000237
694.000000 0.000238
695.000000 0.000239
696.000000 0.000240
697.000000 0.000240
698.000000 0.000242
699.000000 0.000242
700.000000 0.000243
701.000000 0.000244
702.000000 0.000245
703.000000 0.000245
704.000000 0.000247
705.000000 0.000247
706.000000 0.000248
707.000000 0.000248
708.000000 0.000250
709.000000 0.000250
710.000000 0.000251
711.000000 0.000252
712.000000 0.000253
713.000000 0.000253
714.000000 0.000254
715.000000 0.000255
716.000000 0.000256
717.000000 0.000257
718.000000 0.000258
719.000000 0.000258
720.000000 0.000259
721.000000 0.000260
722.000000 0.000261
723.000000 0.000262
724.000000 0.000262
725.000000 0.000264
726.000000 0.000264
727.000000 0.000265
728.000000 0.000265
729.000000 0.000267
730.000000 0.000268
731.000000 0.000268
732.000000 0.000269
733.000000 0.000270
734.000000 0.000271
735.000000 0.000272
736.000000 0.000273
737.000000 0.000273
738.000000 0.000274
739.000000 0.000275
740.000000 0.000276
741.000000 0.000277
742.000000 0.000278
743.000000 0.000278
744.000000 0.000279
745.000000 0.000280
746.000000 0.000281
747.000000 0.000282
748.000000 0.000283
749.000000 0.000283
750.000000 0.000285
751.000000 0.000285
752.000000 0.000286
753.000000 0.000287
754.000000 0.000288
755.000000 0.000289
756.000000 0.000289
757.000000 0.000290
758.000000 0.000291
759.000000 0.000292
760.000000 0.000293
761.000000 0.000294
762.000000 0.000295
763.000000 0.000295
764.000000 0.000296
765.000000 0.000297
766.000000 0.000298
767.000000 0.000299
768.000000 0.000300
769.000000 0.000301
770.000000 0.000301
771.000000 0.000303
772.000000 0.000303
773.000000 0.000304
774.000000 0.000305
775.000000 0.000306
776.000000 0.000306
777.000000 0.000308
778.000000 0.000308
779.000000 0.000309
780.000000 0.000310
781.000000 0.000311
782.000000 0.000312
783.000000 0.000313
784.000000 0.000314
785.000000 0.000315
786.000000 0.000315
787.000000 0.000316
788.000000 0.000317
789.000000 0.000318
790.000000 0.000319
791.000000 0.000320
792.000000 0.000321
793.000000 0.000321
794.000000 0.000322
795.000000 0.000323
796.000000 0.000324
797.000000 0.000325
798.000000 0.000326
799.000000 0.000327
800.000000 0.000328
801.000000 0.000328
802.000000 0.000330
803.000000 0.000330
804.000000 0.000331
805.000000 0.000332
806.000000 0.000333
807.000000 0.000334
808.000000 0.000334
809.000000 0.000336
810.000000 0.000337
811.000000 0.000337
812.000000 0.000338
813.000000 0.000339
814.000000 0.000340
815.000000 0.000341
816.000000 0.000342
817.000000 0.000343
818.000000 0.000343
819.000000 0.000344
820.000000 0.000346
821.000000 0.000346
822.000000 0.000347
823.000000 0.000348
824.000000 0.000349
825.000000 0.000350
826.000000 0.000350
827.000000 0.000352
828.000000 0.000352
829.000000 0.000353
830.000000 0.000354
831.000000 0.000355
832.000000 0.000356
833.000000 0.000357
834.000000 0.000358
835.000000 0.000359
836.000000 0.000359
837.000000 0.000361
838.000000 0.000361
839.000000 0.000362
840.000000 0.000363
841.000000 0.000364
842.000000 0.000365
843.000000 0.000366
844.000000 0.000367
845.000000 0.000368
846.000000 0.000368
847.000000 0.000369
848.000000 0.000370
849.000000 0.000371
850.000000 0.000372
851.000000 0.000373
852.000000 0.000374
853.000000 0.000375
854.000000 0.000376
855.000000 0.000377
856.000000 0.000377
857.000000 0.000378
858.000000 0.000380
859.000000 0.000380
860.000000 0.000381
861.000000 0.000382
862.000000 0.000383
863.000000 0.000384
864.000000 0.000385
865.000000 0.000385
866.000000 0.000387
867.000000 0.000387
868.000000 0.000388
869.000000 0.000389
870.000000 0.000391
871.000000 0.000391
872.000000 0.000392
873.000000 0.000393
874.000000 0.000394
875.000000 0.000395
876.000000 0.000396
877.000000 0.000396
878.000000 0.000398
879.000000 0.000399
880.000000 0.000399
881.000000 0.000400
882.000000 0.000401
883.000000 0.000402
884.000000 0.000403
885.000000 0.000404
886.000000 0.000405
887.000000 0.000406
888.000000 0.000406
889.000000 0.000408
890.000000 0.000408
891.000000 0.000410
892.000000 0.000410
893.000000 0.000411
894.000000 0.000412
895.000000 0.000413
896.000000 0.000413
897.000000 0.000415
898.000000 0.000416
899.000000 0.000417
900.000000 0.000418
901.000000 0.000418
902.000000 0.000419
903.000000 0.000420
904.000000 0.000422
905.000000 0.000421
906.000000 0.000423
907.000000 0.000424
908.000000 0.000425
909.000000 0.000425
910.000000 0.000427
911.000000 0.000427
912.000000 0.000429
913.000000 0.000429
914.000000 0.000431
915.000000 0.000431
916.000000 0.000433
917.000000 0.000433
918.000000 0.000434
919.000000 0.000435
920.000000 0.000436
921.000000 0.000436
922.000000 0.000438
923.000000 0.000439
924.000000 0.000439
925.000000 0.000441
926.000000 0.000441
927.000000 0.000442
928.000000 0.000443
929.000000 0.000445
930.000000 0.000444
931.000000 0.000446
932.000000 0.000447
933.000000 0.000448
934.000000 0.000448
935.000000 0.000450
936.000000 0.000450
937.000000 0.000452
938.000000 0.000452
939.000000 0.000454
940.000000 0.000454
941.000000 0.000455
942.000000 0.000456
943.000000 0.000457
944.000000 0.000458
945.000000 0.000459
946.000000 0.000460
947.000000 0.000460
948.000000 0.000462
949.000000 0.000462
950.000000 0.000464
951.000000 0.000464
952.000000 0.000465
953.000000 0.000466
954.000000 0.000468
955.000000 0.000467
956.000000 0.000469
957.000000 0.000470
958.000000 0.000471
959.000000 0.000470
960.000000 0.000473
961.000000 0.000473
962.000000 0.000474
963.000000 0.000475
964.000000 0.000477
965.000000 0.000477
966.000000 0.000478
967.000000 0.000479
968.000000 0.000480
969.000000 0.000481
970.000000 0.000482
971.000000 0.000482
972.000000 0.000483
973.000000 0.000485
974.000000 0.000485
975.000000 0.000486
976.000000 0.000487
977.000000 0.000488
978.000000 0.000488
979.000000 0.000491
980.000000 0.000490
981.000000 0.000492
982.000000 0.000493
983.000000 0.000494
984.000000 0.000493
985.000000 0.000496
986.000000 0.000496
987.000000 0.000497
988.000000 0.000498
989.000000 0.000499
990.000000 0.000499
991.000000 0.000501
992.000000 0.000502
993.000000 0.000502
994.000000 0.000504
995.000000 0.000504
996.000000 0.000505
997.000000 0.000506
998.000000 0.000507
999.000000 0.000507
1000.000000 0.000509
1001.000000 0.000509
1002.000000 0.000511
1003.000000 0.000511
1004.000000 0.000513
1005.000000 0.000513
1006.000000 0.000514
1007.000000 0.000515
1008.000000 0.000516
1009.000000 0.000517
1010.000000 0.000518
1011.000000 0.000519
1012.000000 0.000520
1013.000000 0.000521
1014.000000 0.000521
1015.000000 0.000522
1016.000000 0.000523
1017.000000 0.000524
1018.000000 0.000525
1019.000000 0.000526
1020.000000 0.000526
1021.000000 0.000528
1022.000000 0.000528
1023.000000 0.000529
1024.000000 0.000530
1025.000000 0.000531
1026.000000 0.000532
1027.000000 0.000533
1028.000000 0.000534
1029.000000 0.000535
1030.000000 0.000536
1031.000000 0.000536
1032.000000 0.000537
1033.000000 0.000539
1034.000000 0.000539
1035.000000 0.000539
1036.000000 0.000541
1037.000000 0.000542
1038.000000 0.000543
1039.000000 0.000544
1040.000000 0.000544
1041.000000 0.000545
1042.000000 0.000547
1043.000000 0.000547
1044.000000 0.000548
1045.000000 0.000549
1046.000000 0.000550
1047.000000 0.000550
1048.000000 0.000551
1049.000000 0.000552
1050.000000 0.000553
1051.000000 0.000554
1052.000000 0.000555
1053.000000 0.000556
1054.000000 0.000557
1055.000000 0.000558
1056.000000 0.000558
1057.000000 0.000559
1058.000000 0.000560
1059.000000 0.000561
1060.000000 0.000562
1061.000000 0.000563
1062.000000 0.000564
1063.000000 0.000565
1064.000000 0.000565
1065.000000 0.000566
1066.000000 0.000567
1067.000000 0.000568
1068.000000 0.000569
1069.000000 0.000570
1070.000000 0.000571
1071.000000 0.000571
1072.000000 0.000573
1073.000000 0.000573
1074.000000 0.000574
1075.000000 0.000575
1076.000000 0.000576
1077.000000 0.000576
1078.000000 0.000578
1079.000000 0.000578
1080.000000 0.000579
1081.000000 0.000580
1082.000000 0.000581
1083.000000 0.000582
1084.000000 0.000583
1085.000000 0.000583
1086.000000 0.000584
1087.000000 0.000585
1088.000000 0.000586
1089.000000 0.000587
1090.000000 0.000588
1091.000000 0.000588
1092.000000 0.000589
1093.000000 0.000591
1094.000000 0.000591
1095.000000 0.000592
1096.000000 0.000593
1097.000000 0.000594
1098.000000 0.000594
1099.000000 0.000595
1100.000000 0.000596
1101.000000 0.000597
1102.000000 0.000597
1103.000000 0.000599
1104.000000 0.000599
1105.000000 0.000601
1106.000000 0.000600
1107.000000 0.000602
1108.000000 0.000603
1109.000000 0.000604
1110.000000 0.000604
1111.000000 0.000606
1112.000000 0.000606
1113.000000 0.000607
1114.000000 0.000607
1115.000000 0.000608
1116.000000 0.000609
1117.000000 0.000610
1118.000000 0.000611
1119.000000 0.000611
1120.000000 0.000613
1121.000000 0.000613
1122.000000 0.000615
1123.000000 0.000614
1124.000000 0.000616
1125.000000 0.000616
1126.000000 0.000618
1127.000000 0.000617
1128.000000 0.000619
1129.000000 0.000620
1130.000000 0.000621
1131.000000 0.000621
1132.000000 0.000622
1133.000000 0.000622
1134.000000 0.000624
1135.000000 0.000624
1136.000000 0.000625
1137.000000 0.000626
1138.000000 0.000627
1139.000000 0.000628
1140.000000 0.000628
1141.000000 0.000630
1142.000000 0.000630
1143.000000 0.000631
1144.000000 0.000631
1145.000000 0.000633
1146.000000 0.000633
1147.000000 0.000635
1148.000000 0.000633
1149.000000 0.000636
1150.000000 0.000636
1151.000000 0.000638
1152.000000 0.000637
1153.000000 0.000639
1154.000000 0.000639
1155.000000 0.000641
1156.000000 0.000640
1157.000000 0.000642
1158.000000 0.000642
1159.000000 0.000644
1160.000000 0.000644
1161.000000 0.000644
1162.000000 0.000645
1163.000000 0.000646
1164.000000 0.000647
1165.000000 0.000647
1166.000000 0.000648
1167.000000 0.000649
1168.000000 0.000651
1169.000000 0.000649
1170.000000 0.000652
1171.000000 0.000652
1172.000000 0.000654
1173.000000 0.000652
1174.000000 0.000655
1175.000000 0.000654
1176.000000 0.000657
1177.000000 0.000656
1178.000000 0.000657
1179.000000 0.000658
1180.000000 0.000660
1181.000000 0.000659
1182.000000 0.000660
1183.000000 0.000661
1184.000000 0.000662
1185.000000 0.000663
1186.000000 0.000663
1187.000000 0.000664
1188.000000 0.000665
1189.000000 0.000666
1190.000000 0.000665
1191.000000 0.000667
1192.000000 0.000668
1193.000000 0.000668
1194.000000 0.000668
1195.000000 0.000670
1196.000000 0.000669
1197.000000 0.000672
1198.000000 0.000671
1199.000000 0.000672
1200.000000 0.000672
1201.000000 0.000675
1202.000000 0.000674
1203.000000 0.000675
1204.000000 0.000676
1205.000000 0.000677
1206.000000 0.000677
1207.000000 0.000677
1208.000000 0.000678
1209.000000 0.000680
1210.000000 0.000680
1211.000000 0.000680
1212.000000 0.000681
1213.000000 0.000683
1214.000000 0.000683
1215.000000 0.000683
1216.000000 0.000684
1217.000000 0.000684
1218.000000 0.000686
1219.000000 0.000686
1220.000000 0.000687
1221.000000 0.000687
1222.000000 0.000689
1223.000000 0.000688
1224.000000 0.000689
1225.000000 0.000690
1226.000000 0.000691
1227.000000 0.000691
1228.000000 0.000691
1229.000000 0.000692
1230.000000 0.000694
1231.000000 0.000694
1232.000000 0.000694
1233.000000 0.000695
1234.000000 0.000696
1235.000000 0.000697
1236.000000 0.000696
1237.000000 0.000698
1238.000000 0.000698
1239.000000 0.000700
1240.000000 0.000699
1241.000000 0.000700
1242.000000 0.000701
1243.000000 0.000702
1244.000000 0.000702
1245.000000 0.000703
1246.000000 0.000703
1247.000000 0.000705
1248.000000 0.000704
1249.000000 0.000705
1250.000000 0.000705
1251.000000 0.000708
1252.000000 0.000707
1253.000000 0.000707
1254.000000 0.000708
1255.000000 0.000710
1256.000000 0.000710
1257.000000 0.000709
1258.000000 0.000711
1259.000000 0.000711
1260.000000 0.000713
1261.000000 0.000712
1262.000000 0.000713
1263.000000 0.000714
1264.000000 0.000715
1265.000000 0.000714
1266.000000 0.000715
1267.000000 0.000717
1268.000000 0.000717
1269.000000 0.000717
1270.000000 0.000717
1271.000000 0.000718
1272.000000 0.000719
1273.000000 0.000720
1274.000000 0.000719
1275.000000 0.000720
1276.000000 0.000722
1277.000000 0.000722
1278.000000 0.000721
1279.000000 0.000723
1280.000000 0.000723
1281.000000 0.000724
1282.000000 0.000724
1283.000000 0.000724
1284.000000 0.000726
1285.000000 0.000727
1286.000000 0.000726
1287.000000 0.000726
1288.000000 0.000728
1289.000000 0.000728
1290.000000 0.000729
1291.000000 0.000728
1292.000000 0.000730
1293.000000 0.000731
1294.000000 0.000731
1295.000000 0.000730
1296.000000 0.000732
1297.000000 0.000733
1298.000000 0.000733
1299.000000 0.000733
1300.000000 0.000733
1301.000000 0.000735
1302.000000 0.000735
1303.000000 0.000735
1304.000000 0.000735
1305.000000 0.000737
1306.000000 0.000738
1307.000000 0.000737
1308.000000 0.000737
1309.000000 0.000739
1310.000000 0.000740
1311.000000 0.000739
1312.000000 0.000739
1313.000000 0.000740
1314.000000 0.000741
1315.000000 0.000741
1316.000000 0.000741
1317.000000 0.000742
1318.000000 0.000743
1319.000000 0.000743
1320.000000 0.000743
1321.000000 0.000744
1322.000000 0.000744
1323.000000 0.000745
1324.000000 0.000745
1325.000000 0.000745
1326.000000 0.000746
1327.000000 0.000748
1328.000000 0.000746
1329.000000 0.000747
1330.000000 0.000748
1331.000000 0.000750
1332.000000 0.000748
1333.000000 0.000749
1334.000000 0.000750
1335.000000 0.000751
1336.000000 0.000750
1337.000000 0.000750
1338.000000 0.000751
1339.000000 0.000753
1340.000000 0.000752
1341.000000 0.000752
1342.000000 0.000753
1343.000000 0.000754
1344.000000 0.000754
1345.000000 0.000754
1346.000000 0.000754
1347.000000 0.000755
1348.000000 0.000757
1349.000000 0.000755
1350.000000 0.000756
1351.000000 0.000757
1352.000000 0.000758
1353.000000 0.000757
1354.000000 0.000757
1355.000000 0.000758
1356.000000 0.000760
1357.000000 0.000758
1358.000000 0.000759
1359.000000 0.000759
1360.000000 0.000762
1361.000000 0.000760
1362.000000 0.000760
1363.000000 0.000761
1364.000000 0.000762
1365.000000 0.000762
1366.000000 0.000761
1367.000000 0.000762
1368.000000 0.000763
1369.000000 0.000764
1370.000000 0.000763
1371.000000 0.000764
1372.000000 0.000764
1373.000000 0.000766
1374.000000 0.000764
1375.000000 0.000765
1376.000000 0.000766
1377.000000 0.000768
1378.000000 0.000766
1379.000000 0.000766
1380.000000 0.000767
1381.000000 0.000769
1382.000000 0.000767
1383.000000 0.000767
1384.000000 0.000768
1385.000000 0.000770
1386.000000 0.000769
1387.000000 0.000768
1388.000000 0.000769
1389.000000 0.000770
1390.000000 0.000771
1391.000000 0.000770
1392.000000 0.000770
1393.000000 0.000771
1394.000000 0.000772
1395.000000 0.000771
1396.000000 0.000771
1397.000000 0.000772
1398.000000 0.000774
1399.000000 0.000772
1400.000000 0.000772
1401.000000 0.000773
1402.000000 0.000775
1403.000000 0.000773
1404.000000 0.000773
1405.000000 0.000774
1406.000000 0.000776
1407.000000 0.000774
1408.000000 0.000774
1409.000000 0.000774
1410.000000 0.000776
1411.000000 0.000776
1412.000000 0.000775
1413.000000 0.000776
1414.000000 0.000777
1415.000000 0.000777
1416.000000 0.000776
1417.000000 0.000776
1418.000000 0.000778
1419.000000 0.000778
1420.000000 0.000777
1421.000000 0.000777
1422.000000 0.000778
1423.000000 0.000780
1424.000000 0.000778
1425.000000 0.000778
1426.000000 0.000779
1427.000000 0.000780
1428.000000 0.000779
1429.000000 0.000779
1430.000000 0.000779
1431.000000 0.000781
1432.000000 0.000780
1433.000000 0.000779
1434.000000 0.000780
1435.000000 0.000782
1436.000000 0.000781
1437.000000 0.000780
1438.000000 0.000780
1439.000000 0.000782
1440.000000 0.000782
1441.000000 0.000781
1442.000000 0.000781
1443.000000 0.000782
1444.000000 0.000783
1445.000000 0.000781
1446.000000 0.000782
1447.000000 0.000782
1448.000000 0.000784
1449.000000 0.000782
1450.000000 0.000782
1451.000000 0.000783
1452.000000 0.000784
1453.000000 0.000783
1454.000000 0.000783
1455.000000 0.000783
1456.000000 0.000785
1457.000000 0.000784
1458.000000 0.000783
1459.000000 0.000783
1460.000000 0.000785
1461.000000 0.000785
1462.000000 0.000784
1463.000000 0.000783
1464.000000 0.000785
1465.000000 0.000786
1466.000000 0.000784
1467.000000 0.000784
1468.000000 0.000785
1469.000000 0.000786
1470.000000 0.000784
1471.000000 0.000784
1472.000000 0.000785
1473.000000 0.000787
1474.000000 0.000785
1475.000000 0.000785
1476.000000 0.000785
1477.000000 0.000787
1478.000000 0.000786
1479.000000 0.000785
1480.000000 0.000785
1481.000000 0.000787
1482.000000 0.000786
1483.000000 0.000785
1484.000000 0.000785
1485.000000 0.000787
1486.000000 0.000787
1487.000000 0.000785
1488.000000 0.000785
1489.000000 0.000787
1490.000000 0.000787
1491.000000 0.000786
1492.000000 0.000786
1493.000000 0.000787
1494.000000 0.000787
1495.000000 0.000786
1496.000000 0.000786
1497.000000 0.000786
1498.000000 0.000787
1499.000000 0.000786
1500.000000 0.000786
1501.000000 0.000786
1502.000000 0.000788
1503.000000 0.000786
1504.000000 0.000786
1505.000000 0.000786
1506.000000 0.000788
1507.000000 0.000787
1508.000000 0.000785
1509.000000 0.000785
1510.000000 0.000787
1511.000000 0.000787
1512.000000 0.000785
1513.000000 0.000785
1514.000000 0.000787
1515.000000 0.000786
1516.000000 0.000786
1517.000000 0.000785
1518.000000 0.000787
1519.000000 0.000786
1520.000000 0.000786
1521.000000 0.000785
1522.000000 0.000786
1523.000000 0.000786
1524.000000 0.000786
1525.000000 0.000785
1526.000000 0.000785
1527.000000 0.000787
1528.000000 0.000785
1529.000000 0.000784
1530.000000 0.000785
1531.000000 0.000786
1532.000000 0.000785
1533.000000 0.000784
1534.000000 0.000784
1535.000000 0.000786
1536.000000 0.000785
1537.000000 0.000784
1538.000000 0.000784
1539.000000 0.000785
1540.000000 0.000785
1541.000000 0.000784
1542.000000 0.000783
1543.000000 0.000784
1544.000000 0.000784
1545.000000 0.000784
1546.000000 0.000783
1547.000000 0.000784
1548.000000 0.000784
1549.000000 0.000783
1550.000000 0.000782
1551.000000 0.000782
1552.000000 0.000784
1553.000000 0.000783
1554.000000 0.000782
1555.000000 0.000782
1556.000000 0.000783
1557.000000 0.000782
1558.000000 0.000782
1559.000000 0.000781
1560.000000 0.000783
1561.000000 0.000781
1562.000000 0.000781
1563.000000 0.000780
1564.000000 0.000782
1565.000000 0.000781
1566.000000 0.000780
1567.000000 0.000779
1568.000000 0.000781
1569.000000 0.000781
1570.000000 0.000780
1571.000000 0.000779
1572.000000 0.000780
1573.000000 0.000780
1574.000000 0.000779
1575.000000 0.000778
1576.000000 0.000779
1577.000000 0.000779
1578.000000 0.000778
1579.000000 0.000778
1580.000000 0.000777
1581.000000 0.000779
1582.000000 0.000777
1583.000000 0.000777
1584.000000 0.000776
1585.000000 0.000778
1586.000000 0.000776
1587.000000 0.000776
1588.000000 0.000775
1589.000000 0.000777
1590.000000 0.000776
1591.000000 0.000775
1592.000000 0.000774
1593.000000 0.000775
1594.000000 0.000775
1595.000000 0.000774
1596.000000 0.000773
1597.000000 0.000774
1598.000000 0.000774
1599.000000 0.000773
1600.000000 0.000773
1601.000000 0.000773
1602.000000 0.000773
1603.000000 0.000772
1604.000000 0.000772
1605.000000 0.000771
1606.000000 0.000773
1607.000000 0.000771
1608.000000 0.000771
1609.000000 0.000770
1610.000000 0.000771
1611.000000 0.000770
1612.000000 0.000770
1613.000000 0.000769
1614.000000 0.000770
1615.000000 0.000769
1616.000000 0.000768
1617.000000 0.000767
1618.000000 0.000768
1619.000000 0.000768
1620.000000 0.000767
1621.000000 0.000766
1622.000000 0.000767
1623.000000 0.000767
1624.000000 0.000765
1625.000000 0.000766
1626.000000 0.000765
1627.000000 0.000766
1628.000000 0.000764
1629.000000 0.000764
1630.000000 0.000763
1631.000000 0.000765
1632.000000 0.000763
1633.000000 0.000763
1634.000000 0.000762
1635.000000 0.000763
1636.000000 0.000762
1637.000000 0.000761
1638.000000 0.000760
1639.000000 0.000762
1640.000000 0.000760
1641.000000 0.000760
1642.000000 0.000759
1643.000000 0.000760
1644.000000 0.000759
1645.000000 0.000758
1646.000000 0.000758
1647.000000 0.000758
1648.000000 0.000758
1649.000000 0.000756
1650.000000 0.000757
1651.000000 0.000756
1652.000000 0.000757
1653.000000 0.000755
1654.000000 0.000755
1655.000000 0.000755
1656.000000 0.000755
1657.000000 0.000753
1658.000000 0.000753
1659.000000 0.000753
1660.000000 0.000754
1661.000000 0.000752
1662.000000 0.000752
1663.000000 0.000751
1664.000000 0.000752
1665.000000 0.000751
1666.000000 0.000749
1667.000000 0.000750
1668.000000 0.000750
1669.000000 0.000749
1670.000000 0.000748
1671.000000 0.000748
1672.000000 0.000748
1673.000000 0.000748
1674.000000 0.000746
1675.000000 0.000746
1676.000000 0.000746
1677.000000 0.000746
1678.000000 0.000744
1679.000000 0.000744
1680.000000 0.000744
1681.000000 0.000744
1682.000000 0.000742
1683.000000 0.000742
1684.000000 0.000742
1685.000000 0.000743
1686.000000 0.000741
1687.000000 0.000740
1688.000000 0.000740
1689.000000 0.000741
1690.000000 0.000739
1691.000000 0.000738
1692.000000 0.000738
1693.000000 0.000738
1694.000000 0.000738
1695.000000 0.000736
1696.000000 0.000736
1697.000000 0.000736
1698.000000 0.000736
1699.000000 0.000734
1700.000000 0.000734
1701.000000 0.000734
1702.000000 0.000734
1703.000000 0.000732
1704.000000 0.000732
1705.000000 0.000732
1706.000000 0.000732
1707.000000 0.000730
1708.000000 0.000729
1709.000000 0.000730
1710.000000 0.000730
1711.000000 0.000728
1712.000000 0.000727
1713.000000 0.000728
1714.000000 0.000728
1715.000000 0.000726
1716.000000 0.000725
1717.000000 0.000725
1718.000000 0.000726
1719.000000 0.000724
1720.000000 0.000723
1721.000000 0.000723
1722.000000 0.000723
1723.000000 0.000723
1724.000000 0.000721
1725.000000 0.000721
1726.000000 0.000721
1727.000000 0.000721
1728.000000 0.000719
1729.000000 0.000718
1730.000000 0.000719
1731.000000 0.000718
1732.000000 0.000717
1733.000000 0.000716
1734.000000 0.000716
1735.000000 0.000716
1736.000000 0.000714
1737.000000 0.000713
1738.000000 0.000714
1739.000000 0.000714
1740.000000 0.000712
1741.000000 0.000711
1742.000000 0.000711
1743.000000 0.000711
1744.000000 0.000710
1745.000000 0.000709
1746.000000 0.000709
1747.000000 0.000709
1748.000000 0.000708
1749.000000 0.000706
1750.000000 0.000706
1751.000000 0.000707
1752.000000 0.000706
1753.000000 0.000704
1754.000000 0.000703
1755.000000 0.000704
1756.000000 0.000703
1757.000000 0.000702
1758.000000 0.000701
1759.000000 0.000701
1760.000000 0.000701
1761.000000 0.000699
1762.000000 0.000698
1763.000000 0.000698
1764.000000 0.000699
1765.000000 0.000697
1766.000000 0.000696
1767.000000 0.000696
1768.000000 0.000696
1769.000000 0.000694
1770.000000 0.000693
1771.000000 0.000693
1772.000000 0.000693
1773.000000 0.000693
1774.000000 0.000690
1775.000000 0.000690
1776.000000 0.000691
1777.000000 0.000690
1778.000000 0.000688
1779.000000 0.000687
1780.000000 0.000688
1781.000000 0.000687
1782.000000 0.000685
1783.000000 0.000685
1784.000000 0.000685
1785.000000 0.000685
1786.000000 0.000683
1787.000000 0.000682
1788.000000 0.000682
1789.000000 0.000682
1790.000000 0.000680
1791.000000 0.000679
1792.000000 0.000679
1793.000000 0.000680
1794.000000 0.000678
1795.000000 0.000676
1796.000000 0.000676
1797.000000 0.000677
1798.000000 0.000675
1799.000000 0.000674
1800.000000 0.000673
1801.000000 0.000674
1802.000000 0.000673
1803.000000 0.000671
1804.000000 0.000670
1805.000000 0.000671
1806.000000 0.000670
1807.000000 0.000668
1808.000000 0.000668
1809.000000 0.000668
1810.000000 0.000667
1811.000000 0.000665
1812.000000 0.000665
1813.000000 0.000665
1814.000000 0.000665
1815.000000 0.000663
1816.000000 0.000662
1817.000000 0.000661
1818.000000 0.000662
1819.000000 0.000660
1820.000000 0.000659
1821.000000 0.000658
1822.000000 0.000659
1823.000000 0.000657
1824.000000 0.000656
1825.000000 0.000655
1826.000000 0.000656
1827.000000 0.000655
1828.000000 0.000653
1829.000000 0.000652
1830.000000 0.000653
1831.000000 0.000652
1832.000000 0.000650
1833.000000 0.000649
1834.000000 0.000650
1835.000000 0.000649
1836.000000 0.000647
1837.000000 0.000646
1838.000000 0.000646
1839.000000 0.000647
1840.000000 0.000644
1841.000000 0.000643
1842.000000 0.000642
1843.000000 0.000644
1844.000000 0.000642
1845.000000 0.000640
1846.000000 0.000639
1847.000000 0.000641
1848.000000 0.000638
1849.000000 0.000637
1850.000000 0.000636
1851.000000 0.000637
1852.000000 0.000636
1853.000000 0.000634
1854.000000 0.000633
1855.000000 0.000634
1856.000000 0.000633
1857.000000 0.000631
1858.000000 0.000630
1859.000000 0.000630
1860.000000 0.000630
1861.000000 0.000628
1862.000000 0.000627
1863.000000 0.000627
1864.000000 0.000627
1865.000000 0.000625
1866.000000 0.000623
1867.000000 0.000623
1868.000000 0.000624
1869.000000 0.000622
1870.000000 0.000621
1871.000000 0.000620
1872.000000 0.000621
1873.000000 0.000619
1874.000000 0.000617
1875.000000 0.000617
1876.000000 0.000618
1877.000000 0.000616
1878.000000 0.000614
1879.000000 0.000613
1880.000000 0.000613
1881.000000 0.000613
1882.000000 0.000611
1883.000000 0.000610
1884.000000 0.000610
1885.000000 0.000610
1886.000000 0.000608
1887.000000 0.000607
1888.000000 0.000607
1889.000000 0.000607
1890.000000 0.000605
1891.000000 0.000604
1892.000000 0.000603
1893.000000 0.000604
1894.000000 0.000602
1895.000000 0.000600
1896.000000 0.000600
1897.000000 0.000600
1898.000000 0.000599
1899.000000 0.000597
1900.000000 0.000596
1901.000000 0.000596
1902.000000 0.000596
1903.000000 0.000594
1904.000000 0.000593
1905.000000 0.000593
1906.000000 0.000593
1907.000000 0.000590
1908.000000 0.000589
1909.000000 0.000590
1910.000000 0.000589
1911.000000 0.000587
1912.000000 0.000586
1913.000000 0.000586
1914.000000 0.000586
1915.000000 0.000584
1916.000000 0.000582
1917.000000 0.000582
1918.000000 0.000583
1919.000000 0.000581
1920.000000 0.000579
1921.000000 0.000579
1922.000000 0.000579
1923.000000 0.000578
1924.000000 0.000576
1925.000000 0.000575
1926.000000 0.000576
1927.000000 0.000575
1928.000000 0.000573
1929.000000 0.000571
1930.000000 0.000572
1931.000000 0.000572
1932.000000 0.000569
1933.000000 0.000568
1934.000000 0.000568
1935.000000 0.000568
1936.000000 0.000566
1937.000000 0.000564
1938.000000 0.000564
1939.000000 0.000565
1940.000000 0.000563
1941.000000 0.000561
1942.000000 0.000561
1943.000000 0.000561
1944.000000 0.000560
1945.000000 0.000558
1946.000000 0.000557
1947.000000 0.000558
1948.000000 0.000556
1949.000000 0.000554
1950.000000 0.000553
1951.000000 0.000554
1952.000000 0.000553
1953.000000 0.000551
1954.000000 0.000550
1955.000000 0.000550
1956.000000 0.000550
1957.000000 0.000547
1958.000000 0.000546
1959.000000 0.000546
1960.000000 0.000546
1961.000000 0.000544
1962.000000 0.000543
1963.000000 0.000543
1964.000000 0.000542
1965.000000 0.000541
1966.000000 0.000540
1967.000000 0.000539
1968.000000 0.000539
1969.000000 0.000538
1970.000000 0.000536
1971.000000 0.000535
1972.000000 0.000535
1973.000000 0.000534
1974.000000 0.000532
1975.000000 0.000532
1976.000000 0.000532
1977.000000 0.000531
1978.000000 0.000529
1979.000000 0.000528
1980.000000 0.000528
1981.000000 0.000528
1982.000000 0.000525
1983.000000 0.000524
1984.000000 0.000524
1985.000000 0.000524
1986.000000 0.000522
1987.000000 0.000521
1988.000000 0.000520
1989.000000 0.000520
1990.000000 0.000519
1991.000000 0.000517
1992.000000 0.000516
1993.000000 0.000517
1994.000000 0.000515
1995.000000 0.000514
1996.000000 0.000513
1997.000000 0.000513
1998.000000 0.000512
1999.000000 0.000510
2000.000000 0.000509
2001.000000 0.000509
2002.000000 0.000509
2003.000000 0.000507
2004.000000 0.000506
2005.000000 0.000505
2006.000000 0.000505
2007.000000 0.000503
2008.000000 0.000502
2009.000000 0.000502
2010.000000 0.000501
2011.000000 0.000499
2012.000000 0.000498
2013.000000 0.000498
2014.000000 0.000498
2015.000000 0.000496
2016.000000 0.000495
2017.000000 0.000494
2018.000000 0.000494
2019.000000 0.000493
2020.000000 0.000491
2021.000000 0.000490
2022.000000 0.000490
2023.000000 0.000489
2024.000000 0.000487
2025.000000 0.000487
2026.000000 0.000487
2027.000000 0.000485
2028.000000 0.000484
2029.000000 0.000483
2030.000000 0.000483
2031.000000 0.000482
2032.000000 0.000480
2033.000000 0.000479
2034.000000 0.000479
2035.000000 0.000478
2036.000000 0.000477
2037.000000 0.000476
2038.000000 0.000475
2039.000000 0.000475
2040.000000 0.000474
2041.000000 0.000472
2042.000000 0.000471
2043.000000 0.000471
2044.000000 0.000470
2045.000000 0.000468
2046.000000 0.000468
2047.000000 0.000467
2048.000000 0.000466
2049.000000 0.000465
2050.000000 0.000464
2051.000000 0.000464
2052.000000 0.000463
2053.000000 0.000461
2054.000000 0.000460
2055.000000 0.000460
2056.000000 0.000459
2057.000000 0.000458
2058.000000 0.000456
2059.000000 0.000456
2060.000000 0.000455
2061.000000 0.000454
2062.000000 0.000453
2063.000000 0.000452
2064.000000 0.000452
2065.000000 0.000451
2066.000000 0.000449
2067.000000 0.000449
2068.000000 0.000448
2069.000000 0.000447
2070.000000 0.000446
2071.000000 0.000445
2072.000000 0.000444
2073.000000 0.000443
2074.000000 0.000442
2075.000000 0.000441
2076.000000 0.000440
2077.000000 0.000440
2078.000000 0.000438
2079.000000 0.000437
2080.000000 0.000437
2081.000000 0.000436
2082.000000 0.000435
2083.000000 0.000434
2084.000000 0.000433
2085.000000 0.000432
2086.000000 0.000431
2087.000000 0.000430
2088.000000 0.000429
2089.000000 0.000429
2090.000000 0.000427
2091.000000 0.000426
2092.000000 0.000426
2093.000000 0.000425
2094.000000 0.000424
2095.000000 0.000423
2096.000000 0.000422
2097.000000 0.000421
2098.000000 0.000420
2099.000000 0.000419
2100.000000 0.000418
2101.000000 0.000418
2102.000000 0.000417
2103.000000 0.000416
2104.000000 0.000415
2105.000000 0.000414
2106.000000 0.000413
2107.000000 0.000412
2108.000000 0.000411
2109.000000 0.000410
2110.000000 0.000410
2111.000000 0.000408
2112.000000 0.000407
2113.000000 0.000407
2114.000000 0.000406
2115.000000 0.000405
2116.000000 0.000404
2117.000000 0.000403
2118.000000 0.000402
2119.000000 0.000401
2120.000000 0.000400
2121.000000 0.000399
2122.000000 0.000399
2123.000000 0.000397
2124.000000 0.000397
2125.000000 0.000395
2126.000000 0.000395
2127.000000 0.000394
2128.000000 0.000393
2129.000000 0.000392
2130.000000 0.000391
2131.000000 0.000390
2132.000000 0.000389
2133.000000 0.000388
2134.000000 0.000388
2135.000000 0.000387
2136.000000 0.000386
2137.000000 0.000385
2138.000000 0.000384
2139.000000 0.000383
2140.000000 0.000382
2141.000000 0.000381
2142.000000 0.000380
2143.000000 0.000380
2144.000000 0.000378
2145.000000 0.000377
2146.000000 0.000377
2147.000000 0.000376
2148.000000 0.000375
2149.000000 0.000374
2150.000000 0.000373
2151.000000 0.000372
2152.000000 0.000371
2153.000000 0.000370
2154.000000 0.000369
2155.000000 0.000369
2156.000000 0.000368
2157.000000 0.000367
2158.000000 0.000366
2159.000000 0.000365
2160.000000 0.000364
2161.000000 0.000363
2162.000000 0.000362
2163.000000 0.000361
2164.000000 0.000361
2165.000000 0.000360
2166.000000 0.000358
2167.000000 0.000358
2168.000000 0.000357
2169.000000 0.000356
2170.000000 0.000355
2171.000000 0.000354
2172.000000 0.000353
2173.000000 0.000352
2174.000000 0.000351
2175.000000 0.000351
2176.000000 0.000350
2177.000000 0.000349
2178.000000 0.000348
2179.000000 0.000347
2180.000000 0.000346
2181.000000 0.000345
2182.000000 0.000344
2183.000000 0.000343
2184.000000 0.000343
2185.000000 0.000342
2186.000000 0.000341
2187.000000 0.000340
2188.000000 0.000339
2189.000000 0.000338
2190.000000 0.000337
2191.000000 0.000336
2192.000000 0.000336
2193.000000 0.000335
2194.000000 0.000334
2195.000000 0.000333
2196.000000 0.000332
2197.000000 0.000331
2198.000000 0.000330
2199.000000 0.000329
2200.000000 0.000328
2201.000000 0.000328
2202.000000 0.000327
2203.000000 0.000326
2204.000000 0.000325
2205.000000 0.000324
2206.000000 0.000323
2207.000000 0.000322
2208.000000 0.000321
2209.000000 0.000321
2210.000000 0.000320
2211.000000 0.000319
2212.000000 0.000318
2213.000000 0.000317
2214.000000 0.000316
2215.000000 0.000315
2216.000000 0.000314
2217.000000 0.000314
2218.000000 0.000313
2219.000000 0.000312
2220.000000 0.000311
2221.000000 0.000310
2222.000000 0.000309
2223.000000 0.000308
2224.000000 0.000307
2225.000000 0.000307
2226.000000 0.000306
2227.000000 0.000305
2228.000000 0.000304
2229.000000 0.000303
2230.000000 0.000303
2231.000000 0.000301
2232.000000 0.000301
2233.000000 0.000300
2234.000000 0.000299
2235.000000 0.000298
2236.000000 0.000297
2237.000000 0.000296
2238.000000 0.000296
2239.000000 0.000295
2240.000000 0.000294
2241.000000 0.000293
2242.000000 0.000292
2243.000000 0.000291
2244.000000 0.000290
2245.000000 0.000289
2246.000000 0.000289
2247.000000 0.000288
2248.000000 0.000287
2249.000000 0.000286
2250.000000 0.000285
2251.000000 0.000285
2252.000000 0.000283
2253.000000 0.000283
2254.000000 0.000282
2255.000000 0.000281
2256.000000 0.000280
2257.000000 0.000279
2258.000000 0.000278
2259.000000 0.000278
2260.000000 0.000277
2261.000000 0.000276
2262.000000 0.000275
2263.000000 0.000274
2264.000000 0.000273
2265.000000 0.000273
2266.000000 0.000272
2267.000000 0.000271
2268.000000 0.000270
2269.000000 0.000269
2270.000000 0.000268
2271.000000 0.000268
2272.000000 0.000267
2273.000000 0.000266
2274.000000 0.000265
2275.000000 0.000264
2276.000000 0.000264
2277.000000 0.000262
2278.000000 0.000262
2279.000000 0.000261
2280.000000 0.000260
2281.000000 0.000259
2282.000000 0.000259
2283.000000 0.000258
2284.000000 0.000257
2285.000000 0.000256
2286.000000 0.000255
2287.000000 0.000254
2288.000000 0.000254
2289.000000 0.000253
2290.000000 0.000252
2291.000000 0.000251
2292.000000 0.000250
2293.000000 0.000249
2294.000000 0.000248
2295.000000 0.000248
2296.000000 0.000247
2297.000000 0.000246
2298.000000 0.000245
2299.000000 0.000244
2300.000000 0.000244
2301.000000 0.000243
2302.000000 0.000242
2303.000000 0.000241
2304.000000 0.000241
2305.000000 0.000240
2306.000000 0.000239
2307.000000 0.000238
2308.000000 0.000237
2309.000000 0.000237
2310.000000 0.000236
2311.000000 0.000235
2312.000000 0.000234
2313.000000 0.000233
2314.000000 0.000233
2315.000000 0.000231
2316.000000 0.000231
2317.000000 0.000230
2318.000000 0.000229
2319.000000 0.000228
2320.000000 0.000228
2321.000000 0.000227
2322.000000 0.000226
2323.000000 0.000225
2324.000000 0.000224
2325.000000 0.000224
2326.000000 0.000223
2327.000000 0.000222
2328.000000 0.000221
2329.000000 0.000221
2330.000000 0.000220
2331.000000 0.000219
2332.000000 0.000218
2333.000000 0.000217
2334.000000 0.000217
2335.000000 0.000216
2336.000000 0.000215
2337.000000 0.000214
2338.000000 0.000214
2339.000000 0.000213
2340.000000 0.000212
2341.000000 0.000211
2342.000000 0.000211
2343.000000 0.000210
2344.000000 0.000209
2345.000000 0.000208
2346.000000 0.000208
2347.000000 0.000207
2348.000000 0.000206
2349.000000 0.000205
2350.000000 0.000204
2351.000000 0.000204
2352.000000 0.000203
2353.000000 0.000202
2354.000000 0.000201
2355.000000 0.000201
2356.000000 0.000200
2357.000000 0.000199
2358.000000 0.000198
2359.000000 0.000198
2360.000000 0.000197
2361.000000 0.000196
2362.000000 0.000195
2363.000000 0.000194
2364.000000 0.000194
2365.000000 0.000193
2366.000000 0.000192
2367.000000 0.000192
2368.000000 0.000191
2369.000000 0.000190
2370.000000 0.000189
2371.000000 0.000189
2372.000000 0.000188
2373.000000 0.000187
2374.000000 0.000186
2375.000000 0.000185
2376.000000 0.000185
2377.000000 0.000184
2378.000000 0.000183
2379.000000 0.000182
2380.000000 0.000182
2381.000000 0.000181
2382.000000 0.000180
2383.000000 0.000179
2384.000000 0.000179
2385.000000 0.000178
2386.000000 0.000177
2387.000000 0.000176
2388.000000 0.000176
2389.000000 0.000175
2390.000000 0.000174
2391.000000 0.000173
2392.000000 0.000173
2393.000000 0.000172
2394.000000 0.000171
2395.000000 0.000171
2396.000000 0.000170
2397.000000 0.000169
2398.000000 0.000168
2399.000000 0.000168
2400.000000 0.000167
2401.000000 0.000166
2402.000000 0.000166
2403.000000 0.000165
2404.000000 0.000164
2405.000000 0.000164
2406.000000 0.000163
2407.000000 0.000162
2408.000000 0.000161
2409.000000 0.000161
2410.000000 0.000160
2411.000000 0.000159
2412.000000 0.000158
2413.000000 0.000158
2414.000000 0.000157
2415.000000 0.000156
2416.000000 0.000156
2417.000000 0.000155
2418.000000 0.000154
2419.000000 0.000153
2420.000000 0.000153
2421.000000 0.000152
2422.000000 0.000152
2423.000000 0.000151
2424.000000 0.000150
2425.000000 0.000149
2426.000000 0.000149
2427.000000 0.000148
2428.000000 0.000147
2429.000000 0.000147
2430.000000 0.000146
2431.000000 0.000145
2432.000000 0.000144
2433.000000 0.000144
2434.000000 0.000143
2435.000000 0.000142
2436.000000 0.000142
2437.000000 0.000141
2438.000000 0.000140
2439.000000 0.000140
2440.000000 0.000139
2441.000000 0.000138
2442.000000 0.000138
2443.000000 0.000137
2444.000000 0.000136
2445.000000 0.000135
2446.000000 0.000135
2447.000000 0.000134
2448.000000 0.000134
2449.000000 0.000133
2450.000000 0.000132
2451.000000 0.000132
2452.000000 0.000131
2453.000000 0.000130
2454.000000 0.000130
2455.000000 0.000129
2456.000000 0.000128
2457.000000 0.000128
2458.000000 0.000127
2459.000000 0.000126
2460.000000 0.000126
2461.000000 0.000125
2462.000000 0.000124
2463.000000 0.000124
2464.000000 0.000123
2465.000000 0.000122
2466.000000 0.000122
2467.000000 0.000121
2468.000000 0.000120
2469.000000 0.000120
2470.000000 0.000119
2471.000000 0.000118
2472.000000 0.000118
2473.000000 0.000117
2474.000000 0.000116
2475.000000 0.000116
2476.000000 0.000115
2477.000000 0.000115
2478.000000 0.000114
2479.000000 0.000113
2480.000000 0.000113
2481.000000 0.000112
2482.000000 0.000111
2483.000000 0.000111
2484.000000 0.000110
2485.000000 0.000110
2486.000000 0.000109
2487.000000 0.000108
2488.000000 0.000108
2489.000000 0.000107
2490.000000 0.000106
2491.000000 0.000106
2492.000000 0.000105
2493.000000 0.000105
2494.000000 0.000104
2495.000000 0.000103
2496.000000 0.000103
2497.000000 0.000102
2498.000000 0.000101
2499.000000 0.000101
2500.000000 0.000100
2501.000000 0.000100
2502.000000 0.000099
2503.000000 0.000098
2504.000000 0.000098
2505.000000 0.000097
2506.000000 0.000097
2507.000000 0.000096
2508.000000 0.000095
2509.000000 0.000095
2510.000000 0.000094
2511.000000 0.000094
2512.000000 0.000093
2513.000000 0.000092
2514.000000 0.000092
2515.000000 0.000091
2516.000000 0.000091
2517.000000 0.000090
2518.000000 0.000090
2519.000000 0.000089
2520.000000 0.000088
2521.000000 0.000088
2522.000000 0.000087
2523.000000 0.000087
2524.000000 0.000086
2525.000000 0.000085
2526.000000 0.000085
2527.000000 0.000084
2528.000000 0.000084
2529.000000 0.000083
2530.000000 0.000083
2531.000000 0.000082
2532.000000 0.000081
2533.000000 0.000081
2534.000000 0.000080
2535.000000 0.000080
2536.000000 0.000079
2537.000000 0.000079
2538.000000 0.000078
2539.000000 0.000078
2540.000000 0.000077
2541.000000 0.000076
2542.000000 0.000076
2543.000000 0.000075
2544.000000 0.000075
2545.000000 0.000074
2546.000000 0.000074
2547.000000 0.000073
2548.000000 0.000073
2549.000000 0.000072
2550.000000 0.000072
2551.000000 0.000071
2552.000000 0.000071
2553.000000 0.000070
2554.000000 0.000070
2555.000000 0.000069
2556.000000 0.000069
2557.000000 0.000068
2558.000000 0.000067
2559.000000 0.000067
2560.000000 0.000067
2561.000000 0.000066
2562.000000 0.000065
2563.000000 0.000065
2564.000000 0.000064
2565.000000 0.000064
2566.000000 0.000063
2567.000000 0.000063
2568.000000 0.000062
2569.000000 0.000062
2570.000000 0.000061
2571.000000 0.000061
2572.000000 0.000061
2573.000000 0.000060
2574.000000 0.000059
2575.000000 0.000059
2576.000000 0.000059
2577.000000 0.000058
2578.000000 0.000058
2579.000000 0.000057
2580.000000 0.000057
2581.000000 0.000056
2582.000000 0.000056
2583.000000 0.000055
2584.000000 0.000055
2585.000000 0.000054
2586.000000 0.000054
2587.000000 0.000053
2588.000000 0.000053
2589.000000 0.000052
2590.000000 0.000052
2591.000000 0.000052
2592.000000 0.000051
2593.000000 0.000051
2594.000000 0.000050
2595.000000 0.000050
2596.000000 0.000049
2597.000000 0.000049
2598.000000 0.000048
2599.000000 0.000048
2600.000000 0.000048
2601.000000 0.000047
2602.000000 0.000047
2603.000000 0.000046
2604.000000 0.000046
2605.000000 0.000045
2606.000000 0.000045
2607.000000 0.000045
2608.000000 0.000044
2609.000000 0.000044
2610.000000 0.000043
2611.000000 0.000043
2612.000000 0.000043
2613.000000 0.000042
2614.000000 0.000042
2615.000000 0.000041
2616.000000 0.000041
2617.000000 0.000041
2618.000000 0.000040
2619.000000 0.000040
2620.000000 0.000039
2621.000000 0.000039
2622.000000 0.000039
2623.000000 0.000038
2624.000000 0.000038
2625.000000 0.000037
2626.000000 0.000037
2627.000000 0.000037
2628.000000 0.000036
2629.000000 0.000036
2630.000000 0.000036
2631.000000 0.000035
2632.000000 0.000035
2633.000000 0.000034
2634.000000 0.000034
2635.000000 0.000034
2636.000000 0.000033
2637.000000 0.000033
2638.000000 0.000033
2639.000000 0.000032
2640.000000 0.000032
2641.000000 0.000032
2642.000000 0.000031
2643.000000 0.000031
2644.000000 0.000031
2645.000000 0.000030
2646.000000 0.000030
2647.000000 0.000030
2648.000000 0.000029
2649.000000 0.000029
2650.000000 0.000029
2651.000000 0.000028
2652.000000 0.000028
2653.000000 0.000028
2654.000000 0.000027
2655.000000 0.000027
2656.000000 0.000027
2657.000000 0.000026
2658.000000 0.000026
2659.000000 0.000026
2660.000000 0.000026
2661.000000 0.000025
2662.000000 0.000025
2663.000000 0.000025
2664.000000 0.000024
2665.000000 0.000024
2666.000000 0.000024
2667.000000 0.000024
2668.000000 0.000023
2669.000000 0.000023
2670.000000 0.000023
2671.000000 0.000022
2672.000000 0.000022
2673.000000 0.000022
2674.000000 0.000022
2675.000000 0.000021
2676.000000 0.000021
2677.000000 0.000021
2678.000000 0.000020
2679.000000 0.000020
2680.000000 0.000020
2681.000000 0.000020
2682.000000 0.000019
2683.000000 0.000019
2684.000000 0.000019
2685.000000 0.000019
2686.000000 0.000018
2687.000000 0.000018
2688.000000 0.000018
2689.000000 0.000018
2690.000000 0.000017
2691.000000 0.000017
2692.000000 0.000017
2693.000000 0.000017
2694.000000 0.000017
2695.000000 0.000016
2696.000000 0.000016
2697.000000 0.000016
2698.000000 0.000016
2699.000000 0.000015
2700.000000 0.000015
2701.000000 0.000015
2702.000000 0.000015
2703.000000 0.000015
2704.000000 0.000014
2705.000000 0.000014
2706.000000 0.000014
2707.000000 0.000014
2708.000000 0.000014
2709.000000 0.000013
2710.000000 0.000013
2711.000000 0.000013
2712.000000 0.000013
2713.000000 0.000013
2714.000000 0.000012
2715.000000 0.000012
2716.000000 0.000012
2717.000000 0.000012
2718.000000 0.000012
2719.000000 0.000012
2720.000000 0.000011
2721.000000 0.000011
2722.000000 0.000011
2723.000000 0.000011
2724.000000 0.000011
2725.000000 0.000010
2726.000000 0.000010
2727.000000 0.000010
2728.000000 0.000010
2729.000000 0.000010
2730.000000 0.000010
2731.000000 0.000010
2732.000000 0.000009
2733.000000 0.000009
2734.000000 0.000009
2735.000000 0.000009
2736.000000 0.000009
2737.000000 0.000009
2738.000000 0.000008
2739.000000 0.000008
2740.000000 0.000008
2741.000000 0.000008
2742.000000 0.000008
2743.000000 0.000008
2744.000000 0.000008
2745.000000 0.000007
2746.000000 0.000007
2747.000000 0.000007
2748.000000 0.000007
2749.000000 0.000007
2750.000000 0.000007
2751.000000 0.000007
2752.000000 0.000007
2753.000000 0.000006
2754.000000 0.000006
2755.000000 0.000006
2756.000000 0.000006
2757.000000 0.000006
2758.000000 0.000006
2759.000000 0.000006
2760.000000 0.000006
2761.000000 0.000006
2762.000000 0.000005
2763.000000 0.000005
2764.000000 0.000005
2765.000000 0.000005
2766.000000 0.000005
2767.000000 0.000005
2768.000000 0.000005
2769.000000 0.000005
2770.000000 0.000005
2771.000000 0.000005
2772.000000 0.000005
2773.000000 0.000004
2774.000000 0.000004
2775.000000 0.000004
2776.000000 0.000004
2777.000000 0.000004
2778.000000 0.000004
2779.000000 0.000004
2780.000000 0.000004
2781.000000 0.000004
2782.000000 0.000004
2783.000000 0.000004
2784.000000 0.000004
2785.000000 0.000003
2786.000000 0.000003
2787.000000 0.000003
2788.000000 0.000003
2789.000000 0.000003
2790.000000 0.000003
2791.000000 0.000003
2792.000000 0.000003
2793.000000 0.000003
2794.000000 0.000003
2795.000000 0.000003
2796.000000 0.000003
2797.000000 0.000003
2798.000000 0.000003
2799.000000 0.000002
2800.000000 0.000002
2801.000000 0.000002
2802.000000 0.000002
2803.000000 0.000002
2804.000000 0.000002
2805.000000 0.000002
2806.000000 0.000002
2807.000000 0.000002
2808.000000 0.000002
2809.000000 0.000002
2810.000000 0.000002
2811.000000 0.000002
2812.000000 0.000002
2813.000000 0.000002
2814.000000 0.000002
2815.000000 0.000002
2816.000000 0.000002
2817.000000 0.000002
2818.000000 0.000002
2819.000000 0.000001
2820.000000 0.000001
2821.000000 0.000001
2822.000000 0.000001
2823.000000 0.000001
2824.000000 0.000001
2825.000000 0.000001
2826.000000 0.000001
2827.000000 0.000001
2828.000000 0.000001
2829.000000 0.000001
2830.000000 0.000001
2831.000000 0.000001
2832.000000 0.000001
2833.000000 0.000001
2834.000000 0.000001
2835.000000 0.000001
2836.000000 0.000001
2837.000000 0.000001
2838.000000 0.000001
2839.000000 0.000001
2840.000000 0.000001
2841.000000 0.000001
2842.000000 0.000001
2843.000000 0.000001
2844.000000 0.000001
2845.000000 0.000001
2846.000000 0.000001
2847.000000 0.000001
2848.000000 0.000001
2849.000000 0.000001
2850.000000 0.000001
2851.000000 0.000001
2852.000000 0.000001
2853.000000 0.000001
2854.000000 0.000000
2855.000000 0.000000
2856.000000 0.000000
2857.000000 0.000000
2858.000000 0.000000
2859.000000 0.000000
2860.000000 0.000000
2861.000000 0.000000
2862.000000 0.000000
2863.000000 0.000000
2864.000000 0.000000
2865.000000 0.000000
2866.000000 0.000000
2867.000000 0.000000
2868.000000 0.000000
2869.000000 0.000000
2870.000000 0.000000
2871.000000 0.000000
2872.000000 0.000000
2873.000000 0.000000
2874.000000 0.000000
2875.000000 0.000000
2876.000000 0.000000
2877.000000 0.000000
2878.000000 0.000000
2879.000000 0.000000
2880.000000 0.000000
2881.000000 0.000000
2882.000000 0.000000
2883.000000 0.000000
2884.000000 0.000000
2885.000000 0.000000
2886.000000 0.000000
2887.000000 0.000000
2888.000000 0.000000
2889.000000 0.000000
2890.000000 0.000000
2891.000000 0.000000
2892.000000 0.000000
2893.000000 0.000000
2894.000000 0.000000
2895.000000 0.000000
2896.000000 0.000000
2897.000000 0.000000
2898.000000 0.000000
2899.000000 0.000000
2900.000000 0.000000
2901.000000 0.000000
2902.000000 0.000000
2903.000000 0.000000
2904.000000 0.000000
2905.000000 0.000000
2906.000000 0.000000
2907.000000 0.000000
2908.000000 0.000000
2909.000000 0.000000
2910.000000 0.000000
2911.000000 0.000000
2912.000000 0.000000
2913.000000 0.000000
2914.000000 0.000000
2915.000000 0.000000
2916.000000 0.000000
2917.000000 0.000000
2918.000000 0.000000
2919.000000 0.000000
2920.000000 0.000000
2921.000000 0.000000
2922.000000 0.000000
2923.000000 0.000000
2924.000000 0.000000
2925.000000 0.000000
2926.000000 0.000000
2927.000000 0.000000
2928.000000 0.000000
2929.000000 0.000000
2930.000000 0.000000
2931.000000 0.000000
2932.000000 0.000000
2933.000000 0.000000
2934.000000 0.000000
2935.000000 0.000000
2936.000000 0.000000
2937.000000 0.000000
2938.000000 0.000000
2939.000000 0.000000
2940.000000 0.000000
2941.000000 0.000000
2942.000000 0.000000
2943.000000 0.000000
2944.000000 0.000000
2945.000000 0.000000
2946.000000 0.000000
2947.000000 0.000000
2948.000000 0.000000
2949.000000 0.000000
2950.000000 0.000000
2951.000000 0.000000
2952.000000 0.000000
2953.000000 0.000000
2954.000000 0.000000
2955.000000 0.000000
2956.000000 0.000000
2957.000000 0.000000
2958.000000 0.000000
2959.000000 0.000000
2960.000000 0.000000
2961.000000 0.000000
2962.000000 0.000000
2963.000000 0.000000
2964.000000 0.000000
2965.000000 0.000000
2966.000000 0.000000
2967.000000 0.000000
2968.000000 0.000000
2969.000000 0.000000
2970.000000 0.000000
2971.000000 0.000000
2972.000000 0.000000
2973.000000 0.000000
2974.000000 0.000000
2975.000000 0.000000
2976.000000 0.000000
2977.000000 0.000000
2978.000000 0.000000
2979.000000 0.000000
2980.000000 0.000000
2981.000000 0.000000
2982.000000 0.000000
2983.000000 0.000000
2984.000000 0.000000
2985.000000 0.000000
2986.000000 0.000000
2987.000000 0.000000
2988.000000 0.000000
2989.000000 0.000000
2990.000000 0.000000
2991.000000 0.000000
2992.000000 0.000000
2993.000000 0.000000
2994.000000 0.000000
2995.000000 0.000000
2996.000000 0.000000
2997.000000 0.000000
2998.000000 0.000000
2999.000000 0.000000
3000.000000 0.000000
