n lam mean variance std
3000 0.080000 1500.500000 278808.402107 528.023108
bin_midpoint probability
1.000000 0.000000
2.000000 0.000000
3.000000 0.000000
4.000000 0.000000
5.000000 0.000000
6.000000 0.000000
7.000000 0.000000
8.000000 0.000000
9.000000 0.000000
10.000000 0.000000
11.000000 0.000000
12.000000 0.000000
13.000000 0.000000
14.000000 0.000000
15.000000 0.000000
16.000000 0.000000
17.000000 0.000000
18.000000 0.000000
19.000000 0.000000
20.000000 0.000000
21.000000 0.000000
22.000000 0.000000
23.000000 0.000000
24.000000 0.000000
25.000000 0.000000
26.000000 0.000000
27.000000 0.000000
28.000000 0.000000
29.000000 0.000000
30.000000 0.000000
31.000000 0.000000
32.000000 0.000000
33.000000 0.000000
34.000000 0.000000
35.000000 0.000000
36.000000 0.000000
37.000000 0.000000
38.000000 0.000000
39.000000 0.000000
40.000000 0.000000
41.000000 0.000000
42.000000 0.000000
43.000000 0.000000
44.000000 0.000000
45.000000 0.000000
46.000000 0.000000
47.000000 0.000000
48.000000 0.000000
49.000000 0.000000
50.000000 0.000000
51.000000 0.000000
52.000000 0.000000
53.000000 0.000000
54.000000 0.000000
55.000000 0.000000
56.000000 0.000000
57.000000 0.000000
58.000000 0.000000
59.000000 0.000000
60.000000 0.000000
61.000000 0.000000
62.000000 0.000000
63.000000 0.000000
64.000000 0.000000
65.000000 0.000000
66.000000 0.000001
67.000000 0.000001
68.000000 0.000001
69.000000 0.000001
70.000000 0.000001
71.000000 0.000001
72.000000 0.000001
73.000000 0.000001
74.000000 0.000001
75.000000 0.000001
76.000000 0.000001
77.000000 0.000001
78.000000 0.000001
79.000000 0.000001
80.000000 0.000001
81.000000 0.000001
82.000000 0.000001
83.000000 0.000001
84.000000 0.000001
85.000000 0.000001
86.000000 0.000001
87.000000 0.000001
88.000000 0.000002
89.000000 0.000002
90.000000 0.000002
91.000000 0.000002
92.000000 0.000002
93.000000 0.000002
94.000000 0.000002
95.000000 0.000002
96.000000 0.000002
97.000000 0.000002
98.000000 0.000002
99.000000 0.000002
100.000000 0.000003
101.000000 0.000003
102.000000 0.000003
103.000000 0.000003
104.000000 0.000003
105.000000 0.000003
106.000000 0.000003
107.000000 0.000003
108.000000 0.000003
109.000000 0.000003
110.000000 0.000004
111.000000 0.000004
112.000000 0.000004
113.000000 0.000004
114.000000 0.000004
115.000000 0.000004
116.000000 0.000004
117.000000 0.000004
118.000000 0.000005
119.000000 0.000005
120.000000 0.000005
121.000000 0.000005
122.000000 0.000005
123.000000 0.000005
124.000000 0.000006
125.000000 0.000006
126.000000 0.000006
127.000000 0.000006
128.000000 0.000006
129.000000 0.000006
130.000000 0.000007
131.000000 0.000007
132.000000 0.000007
133.000000 0.000007
134.000000 0.000007
135.000000 0.000007
136.000000 0.000008
137.000000 0.000008
138.000000 0.000008
139.000000 0.000008
140.000000 0.000008
141.000000 0.000009
142.000000 0.000009
143.000000 0.000009
144.000000 0.000009
145.000000 0.000009
146.000000 0.000010
147.000000 0.000010
148.000000 0.000010
149.000000 0.000010
150.000000 0.000011
151.000000 0.000011
152.000000 0.000011
153.000000 0.000011
154.000000 0.000012
155.000000 0.000012
156.000000 0.000012
157.000000 0.000012
158.000000 0.000013
159.000000 0.000013
160.000000 0.000013
161.000000 0.000013
162.000000 0.000014
163.000000 0.000014
164.000000 0.000014
165.000000 0.000014
166.000000 0.000015
167.000000 0.000015
168.000000 0.000015
169.000000 0.000015
170.000000 0.000016
171.000000 0.000016
172.000000 0.000016
173.000000 0.000017
174.000000 0.000017
175.000000 0.000017
176.000000 0.000017
177.000000 0.000018
178.000000 0.000018
179.000000 0.000018
180.000000 0.000019
181.000000 0.000019
182.000000 0.000019
183.000000 0.000019
184.000000 0.000020
185.000000 0.000020
186.000000 0.000020
187.000000 0.000021
188.000000 0.000021
189.000000 0.000021
190.000000 0.000022
191.000000 0.000022
192.000000 0.000022
193.000000 0.000023
194.000000 0.000023
195.000000 0.000023
196.000000 0.000023
197.000000 0.000024
198.000000 0.000024
199.000000 0.000024
200.000000 0.000025
201.000000 0.000025
202.000000 0.000025
203.000000 0.000026
204.000000 0.000026
205.000000 0.000026
206.000000 0.000027
207.000000 0.000027
208.000000 0.000027
209.000000 0.000028
210.000000 0.000028
211.000000 0.000028
212.000000 0.000029
213.000000 0.000029
214.000000 0.000029
215.000000 0.000030
216.000000 0.000030
217.000000 0.000030
218.000000 0.000031
219.000000 0.000031
220.000000 0.000031
221.000000 0.000032
222.000000 0.000032
223.000000 0.000033
224.000000 0.000033
225.000000 0.000033
226.000000 0.000034
227.000000 0.000034
228.000000 0.000034
229.000000 0.000035
230.000000 0.000035
231.000000 0.000035
232.000000 0.000036
233.000000 0.000036
234.000000 0.000036
235.000000 0.000037
236.000000 0.000037
237.000000 0.000037
238.000000 0.000038
239.000000 0.000038
240.000000 0.000039
241.000000 0.000039
242.000000 0.000039
243.000000 0.000040
244.000000 0.000040
245.000000 0.000040
246.000000 0.000041
247.000000 0.000041
248.000000 0.000041
249.000000 0.000042
250.000000 0.000042
251.000000 0.000043
252.000000 0.000043
253.000000 0.000043
254.000000 0.000044
255.000000 0.000044
256.000000 0.000044
257.000000 0.000045
258.000000 0.000045
259.000000 0.000045
260.000000 0.000046
261.000000 0.000046
262.000000 0.000047
263.000000 0.000047
264.000000 0.000047
265.000000 0.000048
266.000000 0.000048
267.000000 0.000048
268.000000 0.000049
269.000000 0.000049
270.000000 0.000050
271.000000 0.000050
272.000000 0.000050
273.000000 0.000051
274.000000 0.000051
275.000000 0.000052
276.000000 0.000052
277.000000 0.000052
278.000000 0.000053
279.000000 0.000053
280.000000 0.000053
281.000000 0.000054
282.000000 0.000054
283.000000 0.000055
284.000000 0.000055
285.000000 0.000055
286.000000 0.000056
287.000000 0.000056
288.000000 0.000057
289.000000 0.000057
290.000000 0.000057
291.000000 0.000058
292.000000 0.000058
293.000000 0.000059
294.000000 0.000059
295.000000 0.000059
296.000000 0.000060
297.000000 0.000060
298.000000 0.000060
299.000000 0.000061
300.000000 0.000061
301.000000 0.000062
302.000000 0.000062
303.000000 0.000063
304.000000 0.000063
305.000000 0.000063
306.000000 0.000064
307.000000 0.000064
308.000000 0.000065
309.000000 0.000065
310.000000 0.000065
311.000000 0.000066
312.000000 0.000066
313.000000 0.000067
314.000000 0.000067
315.000000 0.000067
316.000000 0.000068
317.000000 0.000068
318.000000 0.000069
319.000000 0.000069
320.000000 0.000069
321.000000 0.000070
322.000000 0.000070
323.000000 0.000071
324.000000 0.000071
325.000000 0.000072
326.000000 0.000072
327.000000 0.000072
328.000000 0.000073
329.000000 0.000073
330.000000 0.000074
331.000000 0.000074
332.000000 0.000074
333.000000 0.000075
334.000000 0.000075
335.000000 0.000076
336.000000 0.000076
337.000000 0.000077
338.000000 0.000077
339.000000 0.000077
340.000000 0.000078
341.000000 0.000078
342.000000 0.000079
343.000000 0.000079
344.000000 0.000080
345.000000 0.000080
346.000000 0.000080
347.000000 0.000081
348.000000 0.000081
349.000000 0.000082
350.000000 0.000082
351.000000 0.000083
352.000000 0.000083
353.000000 0.000083
354.000000 0.000084
355.000000 0.000084
356.000000 0.000085
357.000000 0.000085
358.000000 0.000086
359.000000 0.000086
360.000000 0.000087
361.000000 0.000087
362.000000 0.000087
363.000000 0.000088
364.000000 0.000088
365.000000 0.000089
366.000000 0.000089
367.000000 0.000090
368.000000 0.000090
369.000000 0.000091
370.000000 0.000091
371.000000 0.000091
372.000000 0.000092
373.000000 0.000092
374.000000 0.000093
375.000000 0.000093
376.000000 0.000094
377.000000 0.000094
378.000000 0.000095
379.000000 0.000095
380.000000 0.000096
381.000000 0.000096
382.000000 0.000096
383.000000 0.000097
384.000000 0.000097
385.000000 0.000098
386.000000 0.000098
387.000000 0.000099
388.000000 0.000099
389.000000 0.000100
390.000000 0.000100
391.000000 0.000101
392.000000 0.000101
393.000000 0.000102
394.000000 0.000102
395.000000 0.000102
396.000000 0.000103
397.000000 0.000103
398.000000 0.000104
399.000000 0.000104
400.000000 0.000105
401.000000 0.000105
402.000000 0.000106
403.000000 0.000106
404.000000 0.000107
405.000000 0.000107
406.000000 0.000108
407.000000 0.000108
408.000000 0.000109
409.000000 0.000109
410.000000 0.000110
411.000000 0.000110
412.000000 0.000111
413.000000 0.000111
414.000000 0.000111
415.000000 0.000112
416.000000 0.000112
417.000000 0.000113
418.000000 0.000113
419.000000 0.000114
420.000000 0.000114
421.000000 0.000115
422.000000 0.000115
423.000000 0.000116
424.000000 0.000116
425.000000 0.000117
426.000000 0.000117
427.000000 0.000118
428.000000 0.000118
429.000000 0.000119
430.000000 0.000119
431.000000 0.000120
432.000000 0.000120
433.000000 0.000121
434.000000 0.000121
435.000000 0.000122
436.000000 0.000122
437.000000 0.000123
438.000000 0.000123
439.000000 0.000124
440.000000 0.000124
441.000000 0.000125
442.000000 0.000125
443.000000 0.000126
444.000000 0.000126
445.000000 0.000127
446.000000 0.000127
447.000000 0.000128
448.000000 0.000128
449.000000 0.000129
450.000000 0.000129
451.000000 0.000130
452.000000 0.000130
453.000000 0.000131
454.000000 0.000131
455.000000 0.000132
456.000000 0.000132
457.000000 0.000133
458.000000 0.000133
459.000000 0.000134
460.000000 0.000134
461.000000 0.000135
462.000000 0.000135
463.000000 0.000136
464.000000 0.000136
465.000000 0.000137
466.000000 0.000137
467.000000 0.000138
468.000000 0.000139
469.000000 0.000139
470.000000 0.000140
471.000000 0.000140
472.000000 0.000141
473.000000 0.000141
474.000000 0.000142
475.000000 0.000142
476.000000 0.000143
477.000000 0.000143
478.000000 0.000144
479.000000 0.000144
480.000000 0.000145
481.000000 0.000145
482.000000 0.000146
483.000000 0.000146
484.000000 0.000147
485.000000 0.000147
486.000000 0.000148
487.000000 0.000149
488.000000 0.000149
489.000000 0.000150
490.000000 0.000150
491.000000 0.000151
492.000000 0.000151
493.000000 0.000152
494.000000 0.000152
495.000000 0.000153
496.000000 0.000153
497.000000 0.000154
498.000000 0.000154
499.000000 0.000155
500.000000 0.000156
501.000000 0.000156
502.000000 0.000157
503.000000 0.000157
504.000000 0.000158
505.000000 0.000158
506.000000 0.000159
507.000000 0.000159
508.000000 0.000160
509.000000 0.000160
510.000000 0.000161
511.000000 0.000162
512.000000 0.000162
513.000000 0.000163
514.000000 0.000163
515.000000 0.000164
516.000000 0.000164
517.000000 0.000165
518.000000 0.000165
519.000000 0.000166
520.000000 0.000167
521.000000 0.000167
522.000000 0.000168
523.000000 0.000168
524.000000 0.000169
525.000000 0.000169
526.000000 0.000170
527.000000 0.000171
528.000000 0.000171
529.000000 0.000172
530.000000 0.000172
531.000000 0.000173
532.000000 0.000173
533.000000 0.000174
534.000000 0.000174
535.000000 0.000175
536.000000 0.000176
537.000000 0.000176
538.000000 0.000177
539.000000 0.000177
540.000000 0.000178
541.000000 0.000178
542.000000 0.000179
543.000000 0.000180
544.000000 0.000180
545.000000 0.000181
546.000000 0.000181
547.000000 0.000182
548.000000 0.000182
549.000000 0.000183
550.000000 0.000184
551.000000 0.000184
552.000000 0.000185
553.000000 0.000185
554.000000 0.000186
555.000000 0.000187
556.000000 0.000187
557.000000 0.000188
558.000000 0.000188
559.000000 0.000189
560.000000 0.000189
561.000000 0.000190
562.000000 0.000191
563.000000 0.000191
564.000000 0.000192
565.000000 0.000192
566.000000 0.000193
567.000000 0.000194
568.000000 0.000194
569.000000 0.000195
570.000000 0.000195
571.000000 0.000196
572.000000 0.000197
573.000000 0.000197
574.000000 0.000198
575.000000 0.000198
576.000000 0.000199
577.000000 0.000200
578.000000 0.000200
579.000000 0.000201
580.000000 0.000201
581.000000 0.000202
582.000000 0.000203
583.000000 0.000203
584.000000 0.000204
585.000000 0.000204
586.000000 0.000205
587.000000 0.000206
588.000000 0.000206
589.000000 0.000207
590.000000 0.000207
591.000000 0.000208
592.000000 0.000209
593.000000 0.000209
594.000000 0.000210
595.000000 0.000210
596.000000 0.000211
597.000000 0.000212
598.000000 0.000212
599.000000 0.000213
600.000000 0.000213
601.000000 0.000214
602.000000 0.000215
603.000000 0.000215
604.000000 0.000216
605.000000 0.000217
606.000000 0.000217
607.000000 0.000218
608.000000 0.000218
609.000000 0.000219
610.000000 0.000220
611.000000 0.000220
612.000000 0.000221
613.000000 0.000222
614.000000 0.000222
615.000000 0.000223
616.000000 0.000223
617.000000 0.000224
618.000000 0.000225
619.000000 0.000225
620.000000 0.000226
621.000000 0.000227
622.000000 0.000227
623.000000 0.000228
624.000000 0.000228
625.000000 0.000229
626.000000 0.000230
627.000000 0.000230
628.000000 0.000231
629.000000 0.000232
630.000000 0.000232
631.000000 0.000233
632.000000 0.000233
633.000000 0.000234
634.000000 0.000235
635.000000 0.000235
636.000000 0.000236
637.000000 0.000237
638.000000 0.000237
639.000000 0.000238
640.000000 0.000239
641.000000 0.000239
642.000000 0.000240
643.000000 0.000240
644.000000 0.000241
645.000000 0.000242
646.000000 0.000242
647.000000 0.000243
648.000000 0.000244
649.000000 0.000244
650.000000 0.000245
651.000000 0.000246
652.000000 0.000246
653.000000 0.000247
654.000000 0.000248
655.000000 0.000248
656.000000 0.000249
657.000000 0.000249
658.000000 0.000250
659.000000 0.000251
660.000000 0.000251
661.000000 0.000252
662.000000 0.000253
663.000000 0.000253
664.000000 0.000254
665.000000 0.000255
666.000000 0.000255
667.000000 0.000256
668.000000 0.000257
669.000000 0.000257
670.000000 0.000258
671.000000 0.000259
672.000000 0.000259
673.000000 0.000260
674.000000 0.000261
675.000000 0.000261
676.000000 0.000262
677.000000 0.000263
678.000000 0.000263
679.000000 0.000264
680.000000 0.000265
681.000000 0.000265
682.000000 0.000266
683.000000 0.000267
684.000000 0.000267
685.000000 0.000268
686.000000 0.000269
687.000000 0.000269
688.000000 0.000270
689.000000 0.000271
690.000000 0.000271
691.000000 0.000272
692.000000 0.000273
693.000000 0.000273
694.000000 0.000274
695.000000 0.000275
696.000000 0.000275
697.000000 0.000276
698.000000 0.000277
699.000000 0.000277
700.000000 0.000278
701.000000 0.000279
702.000000 0.000279
703.000000 0.000280
704.000000 0.000281
705.000000 0.000281
706.000000 0.000282
707.000000 0.000283
708.000000 0.000283
709.000000 0.000284
710.000000 0.000285
711.000000 0.000285
712.000000 0.000286
713.000000 0.000287
714.000000 0.000287
715.000000 0.000288
716.000000 0.000289
717.000000 0.000289
718.000000 0.000290
719.000000 0.000291
720.000000 0.000291
721.000000 0.000292
722.000000 0.000293
723.000000 0.000294
724.000000 0.000294
725.000000 0.000295
726.000000 0.000296
727.000000 0.000296
728.000000 0.000297
729.000000 0.000298
730.000000 0.000298
731.000000 0.000299
732.000000 0.000300
733.000000 0.000300
734.000000 0.000301
735.000000 0.000302
736.000000 0.000302
737.000000 0.000303
738.000000 0.000304
739.000000 0.000305
740.000000 0.000305
741.000000 0.000306
742.000000 0.000307
743.000000 0.000307
744.000000 0.000308
745.000000 0.000309
746.000000 0.000309
747.000000 0.000310
748.000000 0.000311
749.000000 0.000311
750.000000 0.000312
751.000000 0.000313
752.000000 0.000314
753.000000 0.000314
754.000000 0.000315
755.000000 0.000316
756.000000 0.000316
757.000000 0.000317
758.000000 0.000318
759.000000 0.000318
760.000000 0.000319
761.000000 0.000320
762.000000 0.000321
763.000000 0.000321
764.000000 0.000322
765.000000 0.000323
766.000000 0.000323
767.000000 0.000324
768.000000 0.000325
769.000000 0.000325
770.000000 0.000326
771.000000 0.000327
772.000000 0.000328
773.000000 0.000328
774.000000 0.000329
775.000000 0.000330
776.000000 0.000330
777.000000 0.000331
778.000000 0.000332
779.000000 0.000333
780.000000 0.000333
781.000000 0.000334
782.000000 0.000335
783.000000 0.000335
784.000000 0.000336
785.000000 0.000337
786.000000 0.000338
787.000000 0.000338
788.000000 0.000339
789.000000 0.000340
790.000000 0.000340
791.000000 0.000341
792.000000 0.000342
793.000000 0.000342
794.000000 0.000343
795.000000 0.000344
796.000000 0.000345
797.000000 0.000345
798.000000 0.000346
799.000000 0.000347
800.000000 0.000347
801.000000 0.000348
802.000000 0.000349
803.000000 0.000350
804.000000 0.000350
805.000000 0.000351
806.000000 0.000352
807.000000 0.000353
808.000000 0.000353
809.000000 0.000354
810.000000 0.000355
811.000000 0.000355
812.000000 0.000356
813.000000 0.000357
814.000000 0.000358
815.000000 0.000358
816.000000 0.000359
817.000000 0.000360
818.000000 0.000360
819.000000 0.000361
820.000000 0.000362
821.000000 0.000363
822.000000 0.000363
823.000000 0.000364
824.000000 0.000365
825.000000 0.000365
826.000000 0.000366
827.000000 0.000367
828.000000 0.000368
829.000000 0.000368
830.000000 0.000369
831.000000 0.000370
832.000000 0.000371
833.000000 0.000371
834.000000 0.000372
835.000000 0.000373
836.000000 0.000373
837.000000 0.000374
838.000000 0.000375
839.000000 0.000376
840.000000 0.000376
841.000000 0.000377
842.000000 0.000378
843.000000 0.000378
844.000000 0.000379
845.000000 0.000380
846.000000 0.000381
847.000000 0.000381
848.000000 0.000382
849.000000 0.000383
850.000000 0.000384
851.000000 0.000384
852.000000 0.000385
853.000000 0.000386
854.000000 0.000386
855.000000 0.000387
856.000000 0.000388
857.000000 0.000389
858.000000 0.000389
859.000000 0.000390
860.000000 0.000391
861.000000 0.000392
862.000000 0.000392
863.000000 0.000393
864.000000 0.000394
865.000000 0.000394
866.000000 0.000395
867.000000 0.000396
868.000000 0.000397
869.000000 0.000397
870.000000 0.000398
871.000000 0.000399
872.000000 0.000400
873.000000 0.000400
874.000000 0.000401
875.000000 0.000402
876.000000 0.000402
877.000000 0.000403
878.000000 0.000404
879.000000 0.000405
880.000000 0.000405
881.000000 0.000406
882.000000 0.000407
883.000000 0.000408
884.000000 0.000408
885.000000 0.000409
886.000000 0.000410
887.000000 0.000411
888.000000 0.000411
889.000000 0.000412
890.000000 0.000413
891.000000 0.000413
892.000000 0.000414
893.000000 0.000415
894.000000 0.000416
895.000000 0.000416
896.000000 0.000417
897.000000 0.000418
898.000000 0.000419
899.000000 0.000419
900.000000 0.000420
901.000000 0.000421
902.000000 0.000421
903.000000 0.000422
904.000000 0.000423
905.000000 0.000424
906.000000 0.000424
907.000000 0.000425
908.000000 0.000426
909.000000 0.000427
910.000000 0.000427
911.000000 0.000428
912.000000 0.000429
913.000000 0.000429
914.000000 0.000430
915.000000 0.000431
916.000000 0.000432
917.000000 0.000432
918.000000 0.000433
919.000000 0.000434
920.000000 0.000435
921.000000 0.000435
922.000000 0.000436
923.000000 0.000437
924.000000 0.000437
925.000000 0.000438
926.000000 0.000439
927.000000 0.000440
928.000000 0.000440
929.000000 0.000441
930.000000 0.000442
931.000000 0.000443
932.000000 0.000443
933.000000 0.000444
934.000000 0.000445
935.000000 0.000446
936.000000 0.000446
937.000000 0.000447
938.000000 0.000448
939.000000 0.000448
940.000000 0.000449
941.000000 0.000450
942.000000 0.000451
943.000000 0.000451
944.000000 0.000452
945.000000 0.000453
946.000000 0.000453
947.000000 0.000454
948.000000 0.000455
949.000000 0.000456
950.000000 0.000456
951.000000 0.000457
952.000000 0.000458
953.000000 0.000459
954.000000 0.000459
955.000000 0.000460
956.000000 0.000461
957.000000 0.000461
958.000000 0.000462
959.000000 0.000463
960.000000 0.000464
961.000000 0.000464
962.000000 0.000465
963.000000 0.000466
964.000000 0.000467
965.000000 0.000467
966.000000 0.000468
967.000000 0.000469
968.000000 0.000469
969.000000 0.000470
970.000000 0.000471
971.000000 0.000472
972.000000 0.000472
973.000000 0.000473
974.000000 0.000474
975.000000 0.000474
976.000000 0.000475
977.000000 0.000476
978.000000 0.000477
979.000000 0.000477
980.000000 0.000478
981.000000 0.000479
982.000000 0.000479
983.000000 0.000480
984.000000 0.000481
985.000000 0.000482
986.000000 0.000482
987.000000 0.000483
988.000000 0.000484
989.000000 0.000484
990.000000 0.000485
991.000000 0.000486
992.000000 0.000487
993.000000 0.000487
994.000000 0.000488
995.000000 0.000489
996.000000 0.000489
997.000000 0.000490
998.000000 0.000491
999.000000 0.000492
1000.000000 0.000492
1001.000000 0.000493
1002.000000 0.000494
1003.000000 0.000494
1004.000000 0.000495
1005.000000 0.000496
1006.000000 0.000497
1007.000000 0.000497
1008.000000 0.000498
1009.000000 0.000499
1010.000000 0.000499
1011.000000 0.000500
1012.000000 0.000501
1013.000000 0.000501
1014.000000 0.000502
1015.000000 0.000503
1016.000000 0.000504
1017.000000 0.000504
1018.000000 0.000505
1019.000000 0.000506
1020.000000 0.000506
1021.000000 0.000507
1022.000000 0.000508
1023.000000 0.000508
1024.000000 0.000509
1025.000000 0.000510
1026.000000 0.000511
1027.000000 0.000511
1028.000000 0.000512
1029.000000 0.000513
1030.000000 0.000513
1031.000000 0.000514
1032.000000 0.000515
1033.000000 0.000515
1034.000000 0.000516
1035.000000 0.000517
1036.000000 0.000517
1037.000000 0.000518
1038.000000 0.000519
1039.000000 0.000520
1040.000000 0.000520
1041.000000 0.000521
1042.000000 0.000522
1043.000000 0.000522
1044.000000 0.000523
1045.000000 0.000524
1046.000000 0.000524
1047.000000 0.000525
1048.000000 0.000526
1049.000000 0.000526
1050.000000 0.000527
1051.000000 0.000528
1052.000000 0.000528
1053.000000 0.000529
1054.000000 0.000530
1055.000000 0.000531
1056.000000 0.000531
1057.000000 0.000532
1058.000000 0.000533
1059.000000 0.000533
1060.000000 0.000534
1061.000000 0.000535
1062.000000 0.000535
1063.000000 0.000536
1064.000000 0.000537
1065.000000 0.000537
1066.000000 0.000538
1067.000000 0.000539
1068.000000 0.000539
1069.000000 0.000540
1070.000000 0.000541
1071.000000 0.000541
1072.000000 0.000542
1073.000000 0.000543
1074.000000 0.000543
1075.000000 0.000544
1076.000000 0.000545
1077.000000 0.000545
1078.000000 0.000546
1079.000000 0.000547
1080.000000 0.000547
1081.000000 0.000548
1082.000000 0.000549
1083.000000 0.000549
1084.000000 0.000550
1085.000000 0.000551
1086.000000 0.000551
1087.000000 0.000552
1088.000000 0.000553
1089.000000 0.000553
1090.000000 0.000554
1091.000000 0.000555
1092.000000 0.000555
1093.000000 0.000556
1094.000000 0.000557
1095.000000 0.000557
1096.000000 0.000558
1097.000000 0.000558
1098.000000 0.000559
1099.000000 0.000560
1100.000000 0.000560
1101.000000 0.000561
1102.000000 0.000562
1103.000000 0.000562
1104.000000 0.000563
1105.000000 0.000564
1106.000000 0.000564
1107.000000 0.000565
1108.000000 0.000566
1109.000000 0.000566
1110.000000 0.000567
1111.000000 0.000567
1112.000000 0.000568
1113.000000 0.000569
1114.000000 0.000569
1115.000000 0.000570
1116.000000 0.000571
1117.000000 0.000571
1118.000000 0.000572
1119.000000 0.000573
1120.000000 0.000573
1121.000000 0.000574
1122.000000 0.000574
1123.000000 0.000575
1124.000000 0.000576
1125.000000 0.000576
1126.000000 0.000577
1127.000000 0.000578
1128.000000 0.000578
1129.000000 0.000579
1130.000000 0.000579
1131.000000 0.000580
1132.000000 0.000581
1133.000000 0.000581
1134.000000 0.000582
1135.000000 0.000582
1136.000000 0.000583
1137.000000 0.000584
1138.000000 0.000584
1139.000000 0.000585
1140.000000 0.000586
1141.000000 0.000586
1142.000000 0.000587
1143.000000 0.000587
1144.000000 0.000588
1145.000000 0.000589
1146.000000 0.000589
1147.000000 0.000590
1148.000000 0.000590
1149.000000 0.000591
1150.000000 0.000592
1151.000000 0.000592
1152.000000 0.000593
1153.000000 0.000593
1154.000000 0.000594
1155.000000 0.000595
1156.000000 0.000595
1157.000000 0.000596
1158.000000 0.000596
1159.000000 0.000597
1160.000000 0.000597
1161.000000 0.000598
1162.000000 0.000599
1163.000000 0.000599
1164.000000 0.000600
1165.000000 0.000600
1166.000000 0.000601
1167.000000 0.000602
1168.000000 0.000602
1169.000000 0.000603
1170.000000 0.000603
1171.000000 0.000604
1172.000000 0.000604
1173.000000 0.000605
1174.000000 0.000606
1175.000000 0.000606
1176.000000 0.000607
1177.000000 0.000607
1178.000000 0.000608
1179.000000 0.000608
1180.000000 0.000609
1181.000000 0.000610
1182.000000 0.000610
1183.000000 0.000611
1184.000000 0.000611
1185.000000 0.000612
1186.000000 0.000612
1187.000000 0.000613
1188.000000 0.000613
1189.000000 0.000614
1190.000000 0.000615
1191.000000 0.000615
1192.000000 0.000616
1193.000000 0.000616
1194.000000 0.000617
1195.000000 0.000617
1196.000000 0.000618
1197.000000 0.000618
1198.000000 0.000619
1199.000000 0.000619
1200.000000 0.000620
1201.000000 0.000620
1202.000000 0.000621
1203.000000 0.000622
1204.000000 0.000622
1205.000000 0.000623
1206.000000 0.000623
1207.000000 0.000624
1208.000000 0.000624
1209.000000 0.000625
1210.000000 0.000625
1211.000000 0.000626
1212.000000 0.000626
1213.000000 0.000627
1214.000000 0.000627
1215.000000 0.000628
1216.000000 0.000628
1217.000000 0.000629
1218.000000 0.000629
1219.000000 0.000630
1220.000000 0.000630
1221.000000 0.000631
1222.000000 0.000631
1223.000000 0.000632
1224.000000 0.000632
1225.000000 0.000633
1226.000000 0.000633
1227.000000 0.000634
1228.000000 0.000634
1229.000000 0.000635
1230.000000 0.000635
1231.000000 0.000636
1232.000000 0.000636
1233.000000 0.000637
1234.000000 0.000637
1235.000000 0.000638
1236.000000 0.000638
1237.000000 0.000639
1238.000000 0.000639
1239.000000 0.000640
1240.000000 0.000640
1241.000000 0.000641
1242.000000 0.000641
1243.000000 0.000642
1244.000000 0.000642
1245.000000 0.000643
1246.000000 0.000643
1247.000000 0.000644
1248.000000 0.000644
1249.000000 0.000645
1250.000000 0.000645
1251.000000 0.000646
1252.000000 0.000646
1253.000000 0.000647
1254.000000 0.000647
1255.000000 0.000647
1256.000000 0.000648
1257.000000 0.000648
1258.000000 0.000649
1259.000000 0.000649
1260.000000 0.000650
1261.000000 0.000650
1262.000000 0.000651
1263.000000 0.000651
1264.000000 0.000652
1265.000000 0.000652
1266.000000 0.000652
1267.000000 0.000653
1268.000000 0.000653
1269.000000 0.000654
1270.000000 0.000654
1271.000000 0.000655
1272.000000 0.000655
1273.000000 0.000655
1274.000000 0.000656
1275.000000 0.000656
1276.000000 0.000657
1277.000000 0.000657
1278.000000 0.000658
1279.000000 0.000658
1280.000000 0.000658
1281.000000 0.000659
1282.000000 0.000659
1283.000000 0.000660
1284.000000 0.000660
1285.000000 0.000661
1286.000000 0.000661
1287.000000 0.000661
1288.000000 0.000662
1289.000000 0.000662
1290.000000 0.000663
1291.000000 0.000663
1292.000000 0.000663
1293.000000 0.000664
1294.000000 0.000664
1295.000000 0.000665
1296.000000 0.000665
1297.000000 0.000665
1298.000000 0.000666
1299.000000 0.000666
1300.000000 0.000667
1301.000000 0.000667
1302.000000 0.000667
1303.000000 0.000668
1304.000000 0.000668
1305.000000 0.000668
1306.000000 0.000669
1307.000000 0.000669
1308.000000 0.000670
1309.000000 0.000670
1310.000000 0.000670
1311.000000 0.000671
1312.000000 0.000671
1313.000000 0.000671
1314.000000 0.000672
1315.000000 0.000672
1316.000000 0.000672
1317.000000 0.000673
1318.000000 0.000673
1319.000000 0.000674
1320.000000 0.000674
1321.000000 0.000674
1322.000000 0.000675
1323.000000 0.000675
1324.000000 0.000675
1325.000000 0.000676
1326.000000 0.000676
1327.000000 0.000676
1328.000000 0.000677
1329.000000 0.000677
1330.000000 0.000677
1331.000000 0.000678
1332.000000 0.000678
1333.000000 0.000678
1334.000000 0.000679
1335.000000 0.000679
1336.000000 0.000679
1337.000000 0.000680
1338.000000 0.000680
1339.000000 0.000680
1340.000000 0.000681
1341.000000 0.000681
1342.000000 0.000681
1343.000000 0.000682
1344.000000 0.000682
1345.000000 0.000682
1346.000000 0.000682
1347.000000 0.000683
1348.000000 0.000683
1349.000000 0.000683
1350.000000 0.000684
1351.000000 0.000684
1352.000000 0.000684
1353.000000 0.000685
1354.000000 0.000685
1355.000000 0.000685
1356.000000 0.000685
1357.000000 0.000686
1358.000000 0.000686
1359.000000 0.000686
1360.000000 0.000687
1361.000000 0.000687
1362.000000 0.000687
1363.000000 0.000687
1364.000000 0.000688
1365.000000 0.000688
1366.000000 0.000688
1367.000000 0.000688
1368.000000 0.000689
1369.000000 0.000689
1370.000000 0.000689
1371.000000 0.000690
1372.000000 0.000690
1373.000000 0.000690
1374.000000 0.000690
1375.000000 0.000691
1376.000000 0.000691
1377.000000 0.000691
1378.000000 0.000691
1379.000000 0.000692
1380.000000 0.000692
1381.000000 0.000692
1382.000000 0.000692
1383.000000 0.000692
1384.000000 0.000693
1385.000000 0.000693
1386.000000 0.000693
1387.000000 0.000693
1388.000000 0.000694
1389.000000 0.000694
1390.000000 0.000694
1391.000000 0.000694
1392.000000 0.000695
1393.000000 0.000695
1394.000000 0.000695
1395.000000 0.000695
1396.000000 0.000695
1397.000000 0.000696
1398.000000 0.000696
1399.000000 0.000696
1400.000000 0.000696
1401.000000 0.000696
1402.000000 0.000697
1403.000000 0.000697
1404.000000 0.000697
1405.000000 0.000697
1406.000000 0.000697
1407.000000 0.000698
1408.000000 0.000698
1409.000000 0.000698
1410.000000 0.000698
1411.000000 0.000698
1412.000000 0.000699
1413.000000 0.000699
1414.000000 0.000699
1415.000000 0.000699
1416.000000 0.000699
1417.000000 0.000699
1418.000000 0.000700
1419.000000 0.000700
1420.000000 0.000700
1421.000000 0.000700
1422.000000 0.000700
1423.000000 0.000700
1424.000000 0.000701
1425.000000 0.000701
1426.000000 0.000701
1427.000000 0.000701
1428.000000 0.000701
1429.000000 0.000701
1430.000000 0.000701
1431.000000 0.000702
1432.000000 0.000702
1433.000000 0.000702
1434.000000 0.000702
1435.000000 0.000702
1436.000000 0.000702
1437.000000 0.000702
1438.000000 0.000703
1439.000000 0.000703
1440.000000 0.000703
1441.000000 0.000703
1442.000000 0.000703
1443.000000 0.000703
1444.000000 0.000703
1445.000000 0.000703
1446.000000 0.000703
1447.000000 0.000704
1448.000000 0.000704
1449.000000 0.000704
1450.000000 0.000704
1451.000000 0.000704
1452.000000 0.000704
1453.000000 0.000704
1454.000000 0.000704
1455.000000 0.000704
1456.000000 0.000704
1457.000000 0.000705
1458.000000 0.000705
1459.000000 0.000705
1460.000000 0.000705
1461.000000 0.000705
1462.000000 0.000705
1463.000000 0.000705
1464.000000 0.000705
1465.000000 0.000705
1466.000000 0.000705
1467.000000 0.000705
1468.000000 0.000705
1469.000000 0.000705
1470.000000 0.000706
1471.000000 0.000706
1472.000000 0.000706
1473.000000 0.000706
1474.000000 0.000706
1475.000000 0.000706
1476.000000 0.000706
1477.000000 0.000706
1478.000000 0.000706
1479.000000 0.000706
1480.000000 0.000706
1481.000000 0.000706
1482.000000 0.000706
1483.000000 0.000706
1484.000000 0.000706
1485.000000 0.000706
1486.000000 0.000706
1487.000000 0.000706
1488.000000 0.000706
1489.000000 0.000706
1490.000000 0.000706
1491.000000 0.000706
1492.000000 0.000706
1493.000000 0.000706
1494.000000 0.000706
1495.000000 0.000706
1496.000000 0.000706
1497.000000 0.000706
1498.000000 0.000707
1499.000000 0.000707
1500.000000 0.000707
1501.000000 0.000707
1502.000000 0.000707
1503.000000 0.000707
1504.000000 0.000706
1505.000000 0.000706
1506.000000 0.000706
1507.000000 0.000706
1508.000000 0.000706
1509.000000 0.000706
1510.000000 0.000706
1511.000000 0.000706
1512.000000 0.000706
1513.000000 0.000706
1514.000000 0.000706
1515.000000 0.000706
1516.000000 0.000706
1517.000000 0.000706
1518.000000 0.000706
1519.000000 0.000706
1520.000000 0.000706
1521.000000 0.000706
1522.000000 0.000706
1523.000000 0.000706
1524.000000 0.000706
1525.000000 0.000706
1526.000000 0.000706
1527.000000 0.000706
1528.000000 0.000706
1529.000000 0.000706
1530.000000 0.000706
1531.000000 0.000706
1532.000000 0.000705
1533.000000 0.000705
1534.000000 0.000705
1535.000000 0.000705
1536.000000 0.000705
1537.000000 0.000705
1538.000000 0.000705
1539.000000 0.000705
1540.000000 0.000705
1541.000000 0.000705
1542.000000 0.000705
1543.000000 0.000705
1544.000000 0.000705
1545.000000 0.000704
1546.000000 0.000704
1547.000000 0.000704
1548.000000 0.000704
1549.000000 0.000704
1550.000000 0.000704
1551.000000 0.000704
1552.000000 0.000704
1553.000000 0.000704
1554.000000 0.000704
1555.000000 0.000703
1556.000000 0.000703
1557.000000 0.000703
1558.000000 0.000703
1559.000000 0.000703
1560.000000 0.000703
1561.000000 0.000703
1562.000000 0.000703
1563.000000 0.000703
1564.000000 0.000702
1565.000000 0.000702
1566.000000 0.000702
1567.000000 0.000702
1568.000000 0.000702
1569.000000 0.000702
1570.000000 0.000702
1571.000000 0.000701
1572.000000 0.000701
1573.000000 0.000701
1574.000000 0.000701
1575.000000 0.000701
1576.000000 0.000701
1577.000000 0.000701
1578.000000 0.000700
1579.000000 0.000700
1580.000000 0.000700
1581.000000 0.000700
1582.000000 0.000700
1583.000000 0.000700
1584.000000 0.000699
1585.000000 0.000699
1586.000000 0.000699
1587.000000 0.000699
1588.000000 0.000699
1589.000000 0.000699
1590.000000 0.000698
1591.000000 0.000698
1592.000000 0.000698
1593.000000 0.000698
1594.000000 0.000698
1595.000000 0.000697
1596.000000 0.000697
1597.000000 0.000697
1598.000000 0.000697
1599.000000 0.000697
1600.000000 0.000696
1601.000000 0.000696
1602.000000 0.000696
1603.000000 0.000696
1604.000000 0.000696
1605.000000 0.000695
1606.000000 0.000695
1607.000000 0.000695
1608.000000 0.000695
1609.000000 0.000695
1610.000000 0.000694
1611.000000 0.000694
1612.000000 0.000694
1613.000000 0.000694
1614.000000 0.000693
1615.000000 0.000693
1616.000000 0.000693
1617.000000 0.000693
1618.000000 0.000692
1619.000000 0.000692
1620.000000 0.000692
1621.000000 0.000692
1622.000000 0.000692
1623.000000 0.000691
1624.000000 0.000691
1625.000000 0.000691
1626.000000 0.000691
1627.000000 0.000690
1628.000000 0.000690
1629.000000 0.000690
1630.000000 0.000690
1631.000000 0.000689
1632.000000 0.000689
1633.000000 0.000689
1634.000000 0.000688
1635.000000 0.000688
1636.000000 0.000688
1637.000000 0.000688
1638.000000 0.000687
1639.000000 0.000687
1640.000000 0.000687
1641.000000 0.000687
1642.000000 0.000686
1643.000000 0.000686
1644.000000 0.000686
1645.000000 0.000685
1646.000000 0.000685
1647.000000 0.000685
1648.000000 0.000685
1649.000000 0.000684
1650.000000 0.000684
1651.000000 0.000684
1652.000000 0.000683
1653.000000 0.000683
1654.000000 0.000683
1655.000000 0.000682
1656.000000 0.000682
1657.000000 0.000682
1658.000000 0.000682
1659.000000 0.000681
1660.000000 0.000681
1661.000000 0.000681
1662.000000 0.000680
1663.000000 0.000680
1664.000000 0.000680
1665.000000 0.000679
1666.000000 0.000679
1667.000000 0.000679
1668.000000 0.000678
1669.000000 0.000678
1670.000000 0.000678
1671.000000 0.000677
1672.000000 0.000677
1673.000000 0.000677
1674.000000 0.000676
1675.000000 0.000676
1676.000000 0.000676
1677.000000 0.000675
1678.000000 0.000675
1679.000000 0.000675
1680.000000 0.000674
1681.000000 0.000674
1682.000000 0.000674
1683.000000 0.000673
1684.000000 0.000673
1685.000000 0.000672
1686.000000 0.000672
1687.000000 0.000672
1688.000000 0.000671
1689.000000 0.000671
1690.000000 0.000671
1691.000000 0.000670
1692.000000 0.000670
1693.000000 0.000670
1694.000000 0.000669
1695.000000 0.000669
1696.000000 0.000668
1697.000000 0.000668
1698.000000 0.000668
1699.000000 0.000667
1700.000000 0.000667
1701.000000 0.000667
1702.000000 0.000666
1703.000000 0.000666
1704.000000 0.000665
1705.000000 0.000665
1706.000000 0.000665
1707.000000 0.000664
1708.000000 0.000664
1709.000000 0.000663
1710.000000 0.000663
1711.000000 0.000663
1712.000000 0.000662
1713.000000 0.000662
1714.000000 0.000661
1715.000000 0.000661
1716.000000 0.000661
1717.000000 0.000660
1718.000000 0.000660
1719.000000 0.000659
1720.000000 0.000659
1721.000000 0.000658
1722.000000 0.000658
1723.000000 0.000658
1724.000000 0.000657
1725.000000 0.000657
1726.000000 0.000656
1727.000000 0.000656
1728.000000 0.000655
1729.000000 0.000655
1730.000000 0.000655
1731.000000 0.000654
1732.000000 0.000654
1733.000000 0.000653
1734.000000 0.000653
1735.000000 0.000652
1736.000000 0.000652
1737.000000 0.000652
1738.000000 0.000651
1739.000000 0.000651
1740.000000 0.000650
1741.000000 0.000650
1742.000000 0.000649
1743.000000 0.000649
1744.000000 0.000648
1745.000000 0.000648
1746.000000 0.000647
1747.000000 0.000647
1748.000000 0.000647
1749.000000 0.000646
1750.000000 0.000646
1751.000000 0.000645
1752.000000 0.000645
1753.000000 0.000644
1754.000000 0.000644
1755.000000 0.000643
1756.000000 0.000643
1757.000000 0.000642
1758.000000 0.000642
1759.000000 0.000641
1760.000000 0.000641
1761.000000 0.000640
1762.000000 0.000640
1763.000000 0.000639
1764.000000 0.000639
1765.000000 0.000638
1766.000000 0.000638
1767.000000 0.000637
1768.000000 0.000637
1769.000000 0.000636
1770.000000 0.000636
1771.000000 0.000635
1772.000000 0.000635
1773.000000 0.000634
1774.000000 0.000634
1775.000000 0.000633
1776.000000 0.000633
1777.000000 0.000632
1778.000000 0.000632
1779.000000 0.000631
1780.000000 0.000631
1781.000000 0.000630
1782.000000 0.000630
1783.000000 0.000629
1784.000000 0.000629
1785.000000 0.000628
1786.000000 0.000628
1787.000000 0.000627
1788.000000 0.000627
1789.000000 0.000626
1790.000000 0.000626
1791.000000 0.000625
1792.000000 0.000625
1793.000000 0.000624
1794.000000 0.000624
1795.000000 0.000623
1796.000000 0.000623
1797.000000 0.000622
1798.000000 0.000622
1799.000000 0.000621
1800.000000 0.000620
1801.000000 0.000620
1802.000000 0.000619
1803.000000 0.000619
1804.000000 0.000618
1805.000000 0.000618
1806.000000 0.000617
1807.000000 0.000617
1808.000000 0.000616
1809.000000 0.000616
1810.000000 0.000615
1811.000000 0.000615
1812.000000 0.000614
1813.000000 0.000613
1814.000000 0.000613
1815.000000 0.000612
1816.000000 0.000612
1817.000000 0.000611
1818.000000 0.000611
1819.000000 0.000610
1820.000000 0.000610
1821.000000 0.000609
1822.000000 0.000608
1823.000000 0.000608
1824.000000 0.000607
1825.000000 0.000607
1826.000000 0.000606
1827.000000 0.000606
1828.000000 0.000605
1829.000000 0.000604
1830.000000 0.000604
1831.000000 0.000603
1832.000000 0.000603
1833.000000 0.000602
1834.000000 0.000602
1835.000000 0.000601
1836.000000 0.000600
1837.000000 0.000600
1838.000000 0.000599
1839.000000 0.000599
1840.000000 0.000598
1841.000000 0.000597
1842.000000 0.000597
1843.000000 0.000596
1844.000000 0.000596
1845.000000 0.000595
1846.000000 0.000595
1847.000000 0.000594
1848.000000 0.000593
1849.000000 0.000593
1850.000000 0.000592
1851.000000 0.000592
1852.000000 0.000591
1853.000000 0.000590
1854.000000 0.000590
1855.000000 0.000589
1856.000000 0.000589
1857.000000 0.000588
1858.000000 0.000587
1859.000000 0.000587
1860.000000 0.000586
1861.000000 0.000586
1862.000000 0.000585
1863.000000 0.000584
1864.000000 0.000584
1865.000000 0.000583
1866.000000 0.000582
1867.000000 0.000582
1868.000000 0.000581
1869.000000 0.000581
1870.000000 0.000580
1871.000000 0.000579
1872.000000 0.000579
1873.000000 0.000578
1874.000000 0.000578
1875.000000 0.000577
1876.000000 0.000576
1877.000000 0.000576
1878.000000 0.000575
1879.000000 0.000574
1880.000000 0.000574
1881.000000 0.000573
1882.000000 0.000573
1883.000000 0.000572
1884.000000 0.000571
1885.000000 0.000571
1886.000000 0.000570
1887.000000 0.000569
1888.000000 0.000569
1889.000000 0.000568
1890.000000 0.000567
1891.000000 0.000567
1892.000000 0.000566
1893.000000 0.000566
1894.000000 0.000565
1895.000000 0.000564
1896.000000 0.000564
1897.000000 0.000563
1898.000000 0.000562
1899.000000 0.000562
1900.000000 0.000561
1901.000000 0.000560
1902.000000 0.000560
1903.000000 0.000559
1904.000000 0.000558
1905.000000 0.000558
1906.000000 0.000557
1907.000000 0.000557
1908.000000 0.000556
1909.000000 0.000555
1910.000000 0.000555
1911.000000 0.000554
1912.000000 0.000553
1913.000000 0.000553
1914.000000 0.000552
1915.000000 0.000551
1916.000000 0.000551
1917.000000 0.000550
1918.000000 0.000549
1919.000000 0.000549
1920.000000 0.000548
1921.000000 0.000547
1922.000000 0.000547
1923.000000 0.000546
1924.000000 0.000545
1925.000000 0.000545
1926.000000 0.000544
1927.000000 0.000543
1928.000000 0.000543
1929.000000 0.000542
1930.000000 0.000541
1931.000000 0.000541
1932.000000 0.000540
1933.000000 0.000539
1934.000000 0.000539
1935.000000 0.000538
1936.000000 0.000537
1937.000000 0.000537
1938.000000 0.000536
1939.000000 0.000535
1940.000000 0.000535
1941.000000 0.000534
1942.000000 0.000533
1943.000000 0.000533
1944.000000 0.000532
1945.000000 0.000531
1946.000000 0.000531
1947.000000 0.000530
1948.000000 0.000529
1949.000000 0.000528
1950.000000 0.000528
1951.000000 0.000527
1952.000000 0.000526
1953.000000 0.000526
1954.000000 0.000525
1955.000000 0.000524
1956.000000 0.000524
1957.000000 0.000523
1958.000000 0.000522
1959.000000 0.000522
1960.000000 0.000521
1961.000000 0.000520
1962.000000 0.000520
1963.000000 0.000519
1964.000000 0.000518
1965.000000 0.000517
1966.000000 0.000517
1967.000000 0.000516
1968.000000 0.000515
1969.000000 0.000515
1970.000000 0.000514
1971.000000 0.000513
1972.000000 0.000513
1973.000000 0.000512
1974.000000 0.000511
1975.000000 0.000511
1976.000000 0.000510
1977.000000 0.000509
1978.000000 0.000508
1979.000000 0.000508
1980.000000 0.000507
1981.000000 0.000506
1982.000000 0.000506
1983.000000 0.000505
1984.000000 0.000504
1985.000000 0.000504
1986.000000 0.000503
1987.000000 0.000502
1988.000000 0.000501
1989.000000 0.000501
1990.000000 0.000500
1991.000000 0.000499
1992.000000 0.000499
1993.000000 0.000498
1994.000000 0.000497
1995.000000 0.000497
1996.000000 0.000496
1997.000000 0.000495
1998.000000 0.000494
1999.000000 0.000494
2000.000000 0.000493
2001.000000 0.000492
2002.000000 0.000492
2003.000000 0.000491
2004.000000 0.000490
2005.000000 0.000489
2006.000000 0.000489
2007.000000 0.000488
2008.000000 0.000487
2009.000000 0.000487
2010.000000 0.000486
2011.000000 0.000485
2012.000000 0.000484
2013.000000 0.000484
2014.000000 0.000483
2015.000000 0.000482
2016.000000 0.000482
2017.000000 0.000481
2018.000000 0.000480
2019.000000 0.000479
2020.000000 0.000479
2021.000000 0.000478
2022.000000 0.000477
2023.000000 0.000477
2024.000000 0.000476
2025.000000 0.000475
2026.000000 0.000474
2027.000000 0.000474
2028.000000 0.000473
2029.000000 0.000472
2030.000000 0.000472
2031.000000 0.000471
2032.000000 0.000470
2033.000000 0.000469
2034.000000 0.000469
2035.000000 0.000468
2036.000000 0.000467
2037.000000 0.000467
2038.000000 0.000466
2039.000000 0.000465
2040.000000 0.000464
2041.000000 0.000464
2042.000000 0.000463
2043.000000 0.000462
2044.000000 0.000461
2045.000000 0.000461
2046.000000 0.000460
2047.000000 0.000459
2048.000000 0.000459
2049.000000 0.000458
2050.000000 0.000457
2051.000000 0.000456
2052.000000 0.000456
2053.000000 0.000455
2054.000000 0.000454
2055.000000 0.000453
2056.000000 0.000453
2057.000000 0.000452
2058.000000 0.000451
2059.000000 0.000451
2060.000000 0.000450
2061.000000 0.000449
2062.000000 0.000448
2063.000000 0.000448
2064.000000 0.000447
2065.000000 0.000446
2066.000000 0.000446
2067.000000 0.000445
2068.000000 0.000444
2069.000000 0.000443
2070.000000 0.000443
2071.000000 0.000442
2072.000000 0.000441
2073.000000 0.000440
2074.000000 0.000440
2075.000000 0.000439
2076.000000 0.000438
2077.000000 0.000437
2078.000000 0.000437
2079.000000 0.000436
2080.000000 0.000435
2081.000000 0.000435
2082.000000 0.000434
2083.000000 0.000433
2084.000000 0.000432
2085.000000 0.000432
2086.000000 0.000431
2087.000000 0.000430
2088.000000 0.000429
2089.000000 0.000429
2090.000000 0.000428
2091.000000 0.000427
2092.000000 0.000427
2093.000000 0.000426
2094.000000 0.000425
2095.000000 0.000424
2096.000000 0.000424
2097.000000 0.000423
2098.000000 0.000422
2099.000000 0.000421
2100.000000 0.000421
2101.000000 0.000420
2102.000000 0.000419
2103.000000 0.000419
2104.000000 0.000418
2105.000000 0.000417
2106.000000 0.000416
2107.000000 0.000416
2108.000000 0.000415
2109.000000 0.000414
2110.000000 0.000413
2111.000000 0.000413
2112.000000 0.000412
2113.000000 0.000411
2114.000000 0.000411
2115.000000 0.000410
2116.000000 0.000409
2117.000000 0.000408
2118.000000 0.000408
2119.000000 0.000407
2120.000000 0.000406
2121.000000 0.000405
2122.000000 0.000405
2123.000000 0.000404
2124.000000 0.000403
2125.000000 0.000402
2126.000000 0.000402
2127.000000 0.000401
2128.000000 0.000400
2129.000000 0.000400
2130.000000 0.000399
2131.000000 0.000398
2132.000000 0.000397
2133.000000 0.000397
2134.000000 0.000396
2135.000000 0.000395
2136.000000 0.000394
2137.000000 0.000394
2138.000000 0.000393
2139.000000 0.000392
2140.000000 0.000392
2141.000000 0.000391
2142.000000 0.000390
2143.000000 0.000389
2144.000000 0.000389
2145.000000 0.000388
2146.000000 0.000387
2147.000000 0.000386
2148.000000 0.000386
2149.000000 0.000385
2150.000000 0.000384
2151.000000 0.000384
2152.000000 0.000383
2153.000000 0.000382
2154.000000 0.000381
2155.000000 0.000381
2156.000000 0.000380
2157.000000 0.000379
2158.000000 0.000378
2159.000000 0.000378
2160.000000 0.000377
2161.000000 0.000376
2162.000000 0.000376
2163.000000 0.000375
2164.000000 0.000374
2165.000000 0.000373
2166.000000 0.000373
2167.000000 0.000372
2168.000000 0.000371
2169.000000 0.000371
2170.000000 0.000370
2171.000000 0.000369
2172.000000 0.000368
2173.000000 0.000368
2174.000000 0.000367
2175.000000 0.000366
2176.000000 0.000365
2177.000000 0.000365
2178.000000 0.000364
2179.000000 0.000363
2180.000000 0.000363
2181.000000 0.000362
2182.000000 0.000361
2183.000000 0.000360
2184.000000 0.000360
2185.000000 0.000359
2186.000000 0.000358
2187.000000 0.000358
2188.000000 0.000357
2189.000000 0.000356
2190.000000 0.000355
2191.000000 0.000355
2192.000000 0.000354
2193.000000 0.000353
2194.000000 0.000353
2195.000000 0.000352
2196.000000 0.000351
2197.000000 0.000350
2198.000000 0.000350
2199.000000 0.000349
2200.000000 0.000348
2201.000000 0.000347
2202.000000 0.000347
2203.000000 0.000346
2204.000000 0.000345
2205.000000 0.000345
2206.000000 0.000344
2207.000000 0.000343
2208.000000 0.000342
2209.000000 0.000342
2210.000000 0.000341
2211.000000 0.000340
2212.000000 0.000340
2213.000000 0.000339
2214.000000 0.000338
2215.000000 0.000338
2216.000000 0.000337
2217.000000 0.000336
2218.000000 0.000335
2219.000000 0.000335
2220.000000 0.000334
2221.000000 0.000333
2222.000000 0.000333
2223.000000 0.000332
2224.000000 0.000331
2225.000000 0.000330
2226.000000 0.000330
2227.000000 0.000329
2228.000000 0.000328
2229.000000 0.000328
2230.000000 0.000327
2231.000000 0.000326
2232.000000 0.000325
2233.000000 0.000325
2234.000000 0.000324
2235.000000 0.000323
2236.000000 0.000323
2237.000000 0.000322
2238.000000 0.000321
2239.000000 0.000321
2240.000000 0.000320
2241.000000 0.000319
2242.000000 0.000318
2243.000000 0.000318
2244.000000 0.000317
2245.000000 0.000316
2246.000000 0.000316
2247.000000 0.000315
2248.000000 0.000314
2249.000000 0.000314
2250.000000 0.000313
2251.000000 0.000312
2252.000000 0.000311
2253.000000 0.000311
2254.000000 0.000310
2255.000000 0.000309
2256.000000 0.000309
2257.000000 0.000308
2258.000000 0.000307
2259.000000 0.000307
2260.000000 0.000306
2261.000000 0.000305
2262.000000 0.000305
2263.000000 0.000304
2264.000000 0.000303
2265.000000 0.000302
2266.000000 0.000302
2267.000000 0.000301
2268.000000 0.000300
2269.000000 0.000300
2270.000000 0.000299
2271.000000 0.000298
2272.000000 0.000298
2273.000000 0.000297
2274.000000 0.000296
2275.000000 0.000296
2276.000000 0.000295
2277.000000 0.000294
2278.000000 0.000294
2279.000000 0.000293
2280.000000 0.000292
2281.000000 0.000291
2282.000000 0.000291
2283.000000 0.000290
2284.000000 0.000289
2285.000000 0.000289
2286.000000 0.000288
2287.000000 0.000287
2288.000000 0.000287
2289.000000 0.000286
2290.000000 0.000285
2291.000000 0.000285
2292.000000 0.000284
2293.000000 0.000283
2294.000000 0.000283
2295.000000 0.000282
2296.000000 0.000281
2297.000000 0.000281
2298.000000 0.000280
2299.000000 0.000279
2300.000000 0.000279
2301.000000 0.000278
2302.000000 0.000277
2303.000000 0.000277
2304.000000 0.000276
2305.000000 0.000275
2306.000000 0.000275
2307.000000 0.000274
2308.000000 0.000273
2309.000000 0.000273
2310.000000 0.000272
2311.000000 0.000271
2312.000000 0.000271
2313.000000 0.000270
2314.000000 0.000269
2315.000000 0.000269
2316.000000 0.000268
2317.000000 0.000267
2318.000000 0.000267
2319.000000 0.000266
2320.000000 0.000265
2321.000000 0.000265
2322.000000 0.000264
2323.000000 0.000263
2324.000000 0.000263
2325.000000 0.000262
2326.000000 0.000261
2327.000000 0.000261
2328.000000 0.000260
2329.000000 0.000259
2330.000000 0.000259
2331.000000 0.000258
2332.000000 0.000257
2333.000000 0.000257
2334.000000 0.000256
2335.000000 0.000255
2336.000000 0.000255
2337.000000 0.000254
2338.000000 0.000253
2339.000000 0.000253
2340.000000 0.000252
2341.000000 0.000251
2342.000000 0.000251
2343.000000 0.000250
2344.000000 0.000249
2345.000000 0.000249
2346.000000 0.000248
2347.000000 0.000248
2348.000000 0.000247
2349.000000 0.000246
2350.000000 0.000246
2351.000000 0.000245
2352.000000 0.000244
2353.000000 0.000244
2354.000000 0.000243
2355.000000 0.000242
2356.000000 0.000242
2357.000000 0.000241
2358.000000 0.000240
2359.000000 0.000240
2360.000000 0.000239
2361.000000 0.000239
2362.000000 0.000238
2363.000000 0.000237
2364.000000 0.000237
2365.000000 0.000236
2366.000000 0.000235
2367.000000 0.000235
2368.000000 0.000234
2369.000000 0.000233
2370.000000 0.000233
2371.000000 0.000232
2372.000000 0.000232
2373.000000 0.000231
2374.000000 0.000230
2375.000000 0.000230
2376.000000 0.000229
2377.000000 0.000228
2378.000000 0.000228
2379.000000 0.000227
2380.000000 0.000227
2381.000000 0.000226
2382.000000 0.000225
2383.000000 0.000225
2384.000000 0.000224
2385.000000 0.000223
2386.000000 0.000223
2387.000000 0.000222
2388.000000 0.000222
2389.000000 0.000221
2390.000000 0.000220
2391.000000 0.000220
2392.000000 0.000219
2393.000000 0.000218
2394.000000 0.000218
2395.000000 0.000217
2396.000000 0.000217
2397.000000 0.000216
2398.000000 0.000215
2399.000000 0.000215
2400.000000 0.000214
2401.000000 0.000213
2402.000000 0.000213
2403.000000 0.000212
2404.000000 0.000212
2405.000000 0.000211
2406.000000 0.000210
2407.000000 0.000210
2408.000000 0.000209
2409.000000 0.000209
2410.000000 0.000208
2411.000000 0.000207
2412.000000 0.000207
2413.000000 0.000206
2414.000000 0.000206
2415.000000 0.000205
2416.000000 0.000204
2417.000000 0.000204
2418.000000 0.000203
2419.000000 0.000203
2420.000000 0.000202
2421.000000 0.000201
2422.000000 0.000201
2423.000000 0.000200
2424.000000 0.000200
2425.000000 0.000199
2426.000000 0.000198
2427.000000 0.000198
2428.000000 0.000197
2429.000000 0.000197
2430.000000 0.000196
2431.000000 0.000195
2432.000000 0.000195
2433.000000 0.000194
2434.000000 0.000194
2435.000000 0.000193
2436.000000 0.000192
2437.000000 0.000192
2438.000000 0.000191
2439.000000 0.000191
2440.000000 0.000190
2441.000000 0.000189
2442.000000 0.000189
2443.000000 0.000188
2444.000000 0.000188
2445.000000 0.000187
2446.000000 0.000187
2447.000000 0.000186
2448.000000 0.000185
2449.000000 0.000185
2450.000000 0.000184
2451.000000 0.000184
2452.000000 0.000183
2453.000000 0.000182
2454.000000 0.000182
2455.000000 0.000181
2456.000000 0.000181
2457.000000 0.000180
2458.000000 0.000180
2459.000000 0.000179
2460.000000 0.000178
2461.000000 0.000178
2462.000000 0.000177
2463.000000 0.000177
2464.000000 0.000176
2465.000000 0.000176
2466.000000 0.000175
2467.000000 0.000174
2468.000000 0.000174
2469.000000 0.000173
2470.000000 0.000173
2471.000000 0.000172
2472.000000 0.000172
2473.000000 0.000171
2474.000000 0.000171
2475.000000 0.000170
2476.000000 0.000169
2477.000000 0.000169
2478.000000 0.000168
2479.000000 0.000168
2480.000000 0.000167
2481.000000 0.000167
2482.000000 0.000166
2483.000000 0.000165
2484.000000 0.000165
2485.000000 0.000164
2486.000000 0.000164
2487.000000 0.000163
2488.000000 0.000163
2489.000000 0.000162
2490.000000 0.000162
2491.000000 0.000161
2492.000000 0.000160
2493.000000 0.000160
2494.000000 0.000159
2495.000000 0.000159
2496.000000 0.000158
2497.000000 0.000158
2498.000000 0.000157
2499.000000 0.000157
2500.000000 0.000156
2501.000000 0.000156
2502.000000 0.000155
2503.000000 0.000154
2504.000000 0.000154
2505.000000 0.000153
2506.000000 0.000153
2507.000000 0.000152
2508.000000 0.000152
2509.000000 0.000151
2510.000000 0.000151
2511.000000 0.000150
2512.000000 0.000150
2513.000000 0.000149
2514.000000 0.000149
2515.000000 0.000148
2516.000000 0.000147
2517.000000 0.000147
2518.000000 0.000146
2519.000000 0.000146
2520.000000 0.000145
2521.000000 0.000145
2522.000000 0.000144
2523.000000 0.000144
2524.000000 0.000143
2525.000000 0.000143
2526.000000 0.000142
2527.000000 0.000142
2528.000000 0.000141
2529.000000 0.000141
2530.000000 0.000140
2531.000000 0.000140
2532.000000 0.000139
2533.000000 0.000139
2534.000000 0.000138
2535.000000 0.000137
2536.000000 0.000137
2537.000000 0.000136
2538.000000 0.000136
2539.000000 0.000135
2540.000000 0.000135
2541.000000 0.000134
2542.000000 0.000134
2543.000000 0.000133
2544.000000 0.000133
2545.000000 0.000132
2546.000000 0.000132
2547.000000 0.000131
2548.000000 0.000131
2549.000000 0.000130
2550.000000 0.000130
2551.000000 0.000129
2552.000000 0.000129
2553.000000 0.000128
2554.000000 0.000128
2555.000000 0.000127
2556.000000 0.000127
2557.000000 0.000126
2558.000000 0.000126
2559.000000 0.000125
2560.000000 0.000125
2561.000000 0.000124
2562.000000 0.000124
2563.000000 0.000123
2564.000000 0.000123
2565.000000 0.000122
2566.000000 0.000122
2567.000000 0.000121
2568.000000 0.000121
2569.000000 0.000120
2570.000000 0.000120
2571.000000 0.000119
2572.000000 0.000119
2573.000000 0.000118
2574.000000 0.000118
2575.000000 0.000117
2576.000000 0.000117
2577.000000 0.000116
2578.000000 0.000116
2579.000000 0.000115
2580.000000 0.000115
2581.000000 0.000114
2582.000000 0.000114
2583.000000 0.000113
2584.000000 0.000113
2585.000000 0.000112
2586.000000 0.000112
2587.000000 0.000111
2588.000000 0.000111
2589.000000 0.000111
2590.000000 0.000110
2591.000000 0.000110
2592.000000 0.000109
2593.000000 0.000109
2594.000000 0.000108
2595.000000 0.000108
2596.000000 0.000107
2597.000000 0.000107
2598.000000 0.000106
2599.000000 0.000106
2600.000000 0.000105
2601.000000 0.000105
2602.000000 0.000104
2603.000000 0.000104
2604.000000 0.000103
2605.000000 0.000103
2606.000000 0.000102
2607.000000 0.000102
2608.000000 0.000102
2609.000000 0.000101
2610.000000 0.000101
2611.000000 0.000100
2612.000000 0.000100
2613.000000 0.000099
2614.000000 0.000099
2615.000000 0.000098
2616.000000 0.000098
2617.000000 0.000097
2618.000000 0.000097
2619.000000 0.000096
2620.000000 0.000096
2621.000000 0.000096
2622.000000 0.000095
2623.000000 0.000095
2624.000000 0.000094
2625.000000 0.000094
2626.000000 0.000093
2627.000000 0.000093
2628.000000 0.000092
2629.000000 0.000092
2630.000000 0.000091
2631.000000 0.000091
2632.000000 0.000091
2633.000000 0.000090
2634.000000 0.000090
2635.000000 0.000089
2636.000000 0.000089
2637.000000 0.000088
2638.000000 0.000088
2639.000000 0.000087
2640.000000 0.000087
2641.000000 0.000087
2642.000000 0.000086
2643.000000 0.000086
2644.000000 0.000085
2645.000000 0.000085
2646.000000 0.000084
2647.000000 0.000084
2648.000000 0.000083
2649.000000 0.000083
2650.000000 0.000083
2651.000000 0.000082
2652.000000 0.000082
2653.000000 0.000081
2654.000000 0.000081
2655.000000 0.000080
2656.000000 0.000080
2657.000000 0.000080
2658.000000 0.000079
2659.000000 0.000079
2660.000000 0.000078
2661.000000 0.000078
2662.000000 0.000077
2663.000000 0.000077
2664.000000 0.000077
2665.000000 0.000076
2666.000000 0.000076
2667.000000 0.000075
2668.000000 0.000075
2669.000000 0.000074
2670.000000 0.000074
2671.000000 0.000074
2672.000000 0.000073
2673.000000 0.000073
2674.000000 0.000072
2675.000000 0.000072
2676.000000 0.000072
2677.000000 0.000071
2678.000000 0.000071
2679.000000 0.000070
2680.000000 0.000070
2681.000000 0.000069
2682.000000 0.000069
2683.000000 0.000069
2684.000000 0.000068
2685.000000 0.000068
2686.000000 0.000067
2687.000000 0.000067
2688.000000 0.000067
2689.000000 0.000066
2690.000000 0.000066
2691.000000 0.000065
2692.000000 0.000065
2693.000000 0.000065
2694.000000 0.000064
2695.000000 0.000064
2696.000000 0.000063
2697.000000 0.000063
2698.000000 0.000063
2699.000000 0.000062
2700.000000 0.000062
2701.000000 0.000061
2702.000000 0.000061
2703.000000 0.000060
2704.000000 0.000060
2705.000000 0.000060
2706.000000 0.000059
2707.000000 0.000059
2708.000000 0.000059
2709.000000 0.000058
2710.000000 0.000058
2711.000000 0.000057
2712.000000 0.000057
2713.000000 0.000057
2714.000000 0.000056
2715.000000 0.000056
2716.000000 0.000055
2717.000000 0.000055
2718.000000 0.000055
2719.000000 0.000054
2720.000000 0.000054
2721.000000 0.000053
2722.000000 0.000053
2723.000000 0.000053
2724.000000 0.000052
2725.000000 0.000052
2726.000000 0.000052
2727.000000 0.000051
2728.000000 0.000051
2729.000000 0.000050
2730.000000 0.000050
2731.000000 0.000050
2732.000000 0.000049
2733.000000 0.000049
2734.000000 0.000048
2735.000000 0.000048
2736.000000 0.000048
2737.000000 0.000047
2738.000000 0.000047
2739.000000 0.000047
2740.000000 0.000046
2741.000000 0.000046
2742.000000 0.000045
2743.000000 0.000045
2744.000000 0.000045
2745.000000 0.000044
2746.000000 0.000044
2747.000000 0.000044
2748.000000 0.000043
2749.000000 0.000043
2750.000000 0.000043
2751.000000 0.000042
2752.000000 0.000042
2753.000000 0.000041
2754.000000 0.000041
2755.000000 0.000041
2756.000000 0.000040
2757.000000 0.000040
2758.000000 0.000040
2759.000000 0.000039
2760.000000 0.000039
2761.000000 0.000039
2762.000000 0.000038
2763.000000 0.000038
2764.000000 0.000037
2765.000000 0.000037
2766.000000 0.000037
2767.000000 0.000036
2768.000000 0.000036
2769.000000 0.000036
2770.000000 0.000035
2771.000000 0.000035
2772.000000 0.000035
2773.000000 0.000034
2774.000000 0.000034
2775.000000 0.000034
2776.000000 0.000033
2777.000000 0.000033
2778.000000 0.000033
2779.000000 0.000032
2780.000000 0.000032
2781.000000 0.000031
2782.000000 0.000031
2783.000000 0.000031
2784.000000 0.000030
2785.000000 0.000030
2786.000000 0.000030
2787.000000 0.000029
2788.000000 0.000029
2789.000000 0.000029
2790.000000 0.000028
2791.000000 0.000028
2792.000000 0.000028
2793.000000 0.000027
2794.000000 0.000027
2795.000000 0.000027
2796.000000 0.000026
2797.000000 0.000026
2798.000000 0.000026
2799.000000 0.000025
2800.000000 0.000025
2801.000000 0.000025
2802.000000 0.000024
2803.000000 0.000024
2804.000000 0.000024
2805.000000 0.000023
2806.000000 0.000023
2807.000000 0.000023
2808.000000 0.000023
2809.000000 0.000022
2810.000000 0.000022
2811.000000 0.000022
2812.000000 0.000021
2813.000000 0.000021
2814.000000 0.000021
2815.000000 0.000020
2816.000000 0.000020
2817.000000 0.000020
2818.000000 0.000019
2819.000000 0.000019
2820.000000 0.000019
2821.000000 0.000019
2822.000000 0.000018
2823.000000 0.000018
2824.000000 0.000018
2825.000000 0.000017
2826.000000 0.000017
2827.000000 0.000017
2828.000000 0.000017
2829.000000 0.000016
2830.000000 0.000016
2831.000000 0.000016
2832.000000 0.000015
2833.000000 0.000015
2834.000000 0.000015
2835.000000 0.000015
2836.000000 0.000014
2837.000000 0.000014
2838.000000 0.000014
2839.000000 0.000014
2840.000000 0.000013
2841.000000 0.000013
2842.000000 0.000013
2843.000000 0.000013
2844.000000 0.000012
2845.000000 0.000012
2846.000000 0.000012
2847.000000 0.000012
2848.000000 0.000011
2849.000000 0.000011
2850.000000 0.000011
2851.000000 0.000011
2852.000000 0.000010
2853.000000 0.000010
2854.000000 0.000010
2855.000000 0.000010
2856.000000 0.000009
2857.000000 0.000009
2858.000000 0.000009
2859.000000 0.000009
2860.000000 0.000009
2861.000000 0.000008
2862.000000 0.000008
2863.000000 0.000008
2864.000000 0.000008
2865.000000 0.000008
2866.000000 0.000007
2867.000000 0.000007
2868.000000 0.000007
2869.000000 0.000007
2870.000000 0.000007
2871.000000 0.000007
2872.000000 0.000006
2873.000000 0.000006
2874.000000 0.000006
2875.000000 0.000006
2876.000000 0.000006
2877.000000 0.000006
2878.000000 0.000005
2879.000000 0.000005
2880.000000 0.000005
2881.000000 0.000005
2882.000000 0.000005
2883.000000 0.000005
2884.000000 0.000004
2885.000000 0.000004
2886.000000 0.000004
2887.000000 0.000004
2888.000000 0.000004
2889.000000 0.000004
2890.000000 0.000004
2891.000000 0.000004
2892.000000 0.000003
2893.000000 0.000003
2894.000000 0.000003
2895.000000 0.000003
2896.000000 0.000003
2897.000000 0.000003
2898.000000 0.000003
2899.000000 0.000003
2900.000000 0.000003
2901.000000 0.000003
2902.000000 0.000002
2903.000000 0.000002
2904.000000 0.000002
2905.000000 0.000002
2906.000000 0.000002
2907.000000 0.000002
2908.000000 0.000002
2909.000000 0.000002
2910.000000 0.000002
2911.000000 0.000002
2912.000000 0.000002
2913.000000 0.000002
2914.000000 0.000001
2915.000000 0.000001
2916.000000 0.000001
2917.000000 0.000001
2918.000000 0.000001
2919.000000 0.000001
2920.000000 0.000001
2921.000000 0.000001
2922.000000 0.000001
2923.000000 0.000001
2924.000000 0.000001
2925.000000 0.000001
2926.000000 0.000001
2927.000000 0.000001
2928.000000 0.000001
2929.000000 0.000001
2930.000000 0.000001
2931.000000 0.000001
2932.000000 0.000001
2933.000000 0.000001
2934.000000 0.000001
2935.000000 0.000001
2936.000000 0.000000
2937.000000 0.000000
2938.000000 0.000000
2939.000000 0.000000
2940.000000 0.000000
2941.000000 0.000000
2942.000000 0.000000
2943.000000 0.000000
2944.000000 0.000000
2945.000000 0.000000
2946.000000 0.000000
2947.000000 0.000000
2948.000000 0.000000
2949.000000 0.000000
2950.000000 0.000000
2951.000000 0.000000
2952.000000 0.000000
2953.000000 0.000000
2954.000000 0.000000
2955.000000 0.000000
2956.000000 0.000000
2957.000000 0.000000
2958.000000 0.000000
2959.000000 0.000000
2960.000000 0.000000
2961.000000 0.000000
2962.000000 0.000000
2963.000000 0.000000
2964.000000 0.000000
2965.000000 0.000000
2966.000000 0.000000
2967.000000 0.000000
2968.000000 0.000000
2969.000000 0.000000
2970.000000 0.000000
2971.000000 0.000000
2972.000000 0.000000
2973.000000 0.000000
2974.000000 0.000000
2975.000000 0.000000
2976.000000 0.000000
2977.000000 0.000000
2978.000000 0.000000
2979.000000 0.000000
2980.000000 0.000000
2981.000000 0.000000
2982.000000 0.000000
2983.000000 0.000000
2984.000000 0.000000
2985.000000 0.000000
2986.000000 0.000000
2987.000000 0.000000
2988.000000 0.000000
2989.000000 0.000000
2990.000000 0.000000
2991.000000 0.000000
2992.000000 0.000000
2993.000000 0.000000
2994.000000 0.000000
2995.000000 0.000000
2996.000000 0.000000
2997.000000 0.000000
2998.000000 0.000000
2999.000000 0.000000
3000.000000 0.000000
