n lam mean variance std
2000 0.120000 1000.500000 115632.348920 340.047569
bin_midpoint probability
1.000000 0.000000
2.000000 0.000000
3.000000 0.000000
4.000000 0.000000
5.000000 0.000000
6.000000 0.000000
7.000000 0.000000
8.000000 0.000000
9.000000 0.000000
10.000000 0.000000
11.000000 0.000000
12.000000 0.000000
13.000000 0.000000
14.000000 0.000000
15.000000 0.000000
16.000000 0.000000
17.000000 0.000000
18.000000 0.000000
19.000000 0.000000
20.000000 0.000000
21.000000 0.000000
22.000000 0.000000
23.000000 0.000000
24.000000 0.000000
25.000000 0.000000
26.000000 0.000000
27.000000 0.000000
28.000000 0.000000
29.000000 0.000000
30.000000 0.000000
31.000000 0.000000
32.000000 0.000000
33.000000 0.000000
34.000000 0.000000
35.000000 0.000000
36.000000 0.000000
37.000000 0.000000
38.000000 0.000000
39.000000 0.000000
40.000000 0.000000
41.000000 0.000000
42.000000 0.000000
43.000000 0.000000
44.000000 0.000000
45.000000 0.000000
46.000000 0.000000
47.000000 0.000000
48.000000 0.000000
49.000000 0.000000
50.000000 0.000000
51.000000 0.000000
52.000000 0.000000
53.000000 0.000000
54.000000 0.000000
55.000000 0.000001
56.000000 0.000001
57.000000 0.000001
58.000000 0.000001
59.000000 0.000001
60.000000 0.000001
61.000000 0.000001
62.000000 0.000001
63.000000 0.000001
64.000000 0.000001
65.000000 0.000001
66.000000 0.000001
67.000000 0.000001
68.000000 0.000001
69.000000 0.000001
70.000000 0.000001
71.000000 0.000001
72.000000 0.000002
73.000000 0.000002
74.000000 0.000002
75.000000 0.000002
76.000000 0.000002
77.000000 0.000002
78.000000 0.000002
79.000000 0.000002
80.000000 0.000002
81.000000 0.000003
82.000000 0.000003
83.000000 0.000003
84.000000 0.000003
85.000000 0.000003
86.000000 0.000003
87.000000 0.000003
88.000000 0.000004
89.000000 0.000004
90.000000 0.000004
91.000000 0.000004
92.000000 0.000004
93.000000 0.000005
94.000000 0.000005
95.000000 0.000005
96.000000 0.000005
97.000000 0.000005
98.000000 0.000006
99.000000 0.000006
100.000000 0.000006
101.000000 0.000006
102.000000 0.000007
103.000000 0.000007
104.000000 0.000007
105.000000 0.000007
106.000000 0.000008
107.000000 0.000008
108.000000 0.000008
109.000000 0.000009
110.000000 0.000009
111.000000 0.000009
112.000000 0.000009
113.000000 0.000010
114.000000 0.000010
115.000000 0.000010
116.000000 0.000011
117.000000 0.000011
118.000000 0.000012
119.000000 0.000012
120.000000 0.000012
121.000000 0.000013
122.000000 0.000013
123.000000 0.000013
124.000000 0.000014
125.000000 0.000014
126.000000 0.000015
127.000000 0.000015
128.000000 0.000016
129.000000 0.000016
130.000000 0.000017
131.000000 0.000017
132.000000 0.000017
133.000000 0.000018
134.000000 0.000018
135.000000 0.000019
136.000000 0.000019
137.000000 0.000020
138.000000 0.000021
139.000000 0.000021
140.000000 0.000022
141.000000 0.000022
142.000000 0.000023
143.000000 0.000023
144.000000 0.000024
145.000000 0.000024
146.000000 0.000025
147.000000 0.000026
148.000000 0.000026
149.000000 0.000027
150.000000 0.000027
151.000000 0.000028
152.000000 0.000029
153.000000 0.000029
154.000000 0.000030
155.000000 0.000031
156.000000 0.000031
157.000000 0.000032
158.000000 0.000033
159.000000 0.000033
160.000000 0.000034
161.000000 0.000035
162.000000 0.000035
163.000000 0.000036
164.000000 0.000037
165.000000 0.000037
166.000000 0.000038
167.000000 0.000039
168.000000 0.000040
169.000000 0.000040
170.000000 0.000041
171.000000 0.000042
172.000000 0.000043
173.000000 0.000043
174.000000 0.000044
175.000000 0.000045
176.000000 0.000046
177.000000 0.000047
178.000000 0.000047
179.000000 0.000048
180.000000 0.000049
181.000000 0.000050
182.000000 0.000051
183.000000 0.000051
184.000000 0.000052
185.000000 0.000053
186.000000 0.000054
187.000000 0.000055
188.000000 0.000056
189.000000 0.000057
190.000000 0.000057
191.000000 0.000058
192.000000 0.000059
193.000000 0.000060
194.000000 0.000061
195.000000 0.000062
196.000000 0.000063
197.000000 0.000064
198.000000 0.000064
199.000000 0.000065
200.000000 0.000066
201.000000 0.000067
202.000000 0.000068
203.000000 0.000069
204.000000 0.000070
205.000000 0.000071
206.000000 0.000072
207.000000 0.000073
208.000000 0.000074
209.000000 0.000074
210.000000 0.000075
211.000000 0.000076
212.000000 0.000077
213.000000 0.000078
214.000000 0.000079
215.000000 0.000080
216.000000 0.000081
217.000000 0.000082
218.000000 0.000083
219.000000 0.000084
220.000000 0.000085
221.000000 0.000086
222.000000 0.000087
223.000000 0.000088
224.000000 0.000089
225.000000 0.000090
226.000000 0.000091
227.000000 0.000092
228.000000 0.000093
229.000000 0.000094
230.000000 0.000095
231.000000 0.000096
232.000000 0.000097
233.000000 0.000098
234.000000 0.000099
235.000000 0.000100
236.000000 0.000101
237.000000 0.000102
238.000000 0.000103
239.000000 0.000104
240.000000 0.000105
241.000000 0.000106
242.000000 0.000107
243.000000 0.000108
244.000000 0.000109
245.000000 0.000110
246.000000 0.000111
247.000000 0.000112
248.000000 0.000113
249.000000 0.000114
250.000000 0.000115
251.000000 0.000116
252.000000 0.000117
253.000000 0.000118
254.000000 0.000119
255.000000 0.000121
256.000000 0.000122
257.000000 0.000123
258.000000 0.000124
259.000000 0.000125
260.000000 0.000126
261.000000 0.000127
262.000000 0.000128
263.000000 0.000129
264.000000 0.000130
265.000000 0.000131
266.000000 0.000132
267.000000 0.000133
268.000000 0.000135
269.000000 0.000136
270.000000 0.000137
271.000000 0.000138
272.000000 0.000139
273.000000 0.000140
274.000000 0.000141
275.000000 0.000142
276.000000 0.000143
277.000000 0.000145
278.000000 0.000146
279.000000 0.000147
280.000000 0.000148
281.000000 0.000149
282.000000 0.000150
283.000000 0.000151
284.000000 0.000152
285.000000 0.000154
286.000000 0.000155
287.000000 0.000156
288.000000 0.000157
289.000000 0.000158
290.000000 0.000159
291.000000 0.000161
292.000000 0.000162
293.000000 0.000163
294.000000 0.000164
295.000000 0.000165
296.000000 0.000166
297.000000 0.000168
298.000000 0.000169
299.000000 0.000170
300.000000 0.000171
301.000000 0.000172
302.000000 0.000173
303.000000 0.000175
304.000000 0.000176
305.000000 0.000177
306.000000 0.000178
307.000000 0.000179
308.000000 0.000181
309.000000 0.000182
310.000000 0.000183
311.000000 0.000184
312.000000 0.000186
313.000000 0.000187
314.000000 0.000188
315.000000 0.000189
316.000000 0.000190
317.000000 0.000192
318.000000 0.000193
319.000000 0.000194
320.000000 0.000195
321.000000 0.000197
322.000000 0.000198
323.000000 0.000199
324.000000 0.000200
325.000000 0.000202
326.000000 0.000203
327.000000 0.000204
328.000000 0.000205
329.000000 0.000207
330.000000 0.000208
331.000000 0.000209
332.000000 0.000210
333.000000 0.000212
334.000000 0.000213
335.000000 0.000214
336.000000 0.000215
337.000000 0.000217
338.000000 0.000218
339.000000 0.000219
340.000000 0.000221
341.000000 0.000222
342.000000 0.000223
343.000000 0.000225
344.000000 0.000226
345.000000 0.000227
346.000000 0.000228
347.000000 0.000230
348.000000 0.000231
349.000000 0.000232
350.000000 0.000234
351.000000 0.000235
352.000000 0.000236
353.000000 0.000238
354.000000 0.000239
355.000000 0.000240
356.000000 0.000242
357.000000 0.000243
358.000000 0.000244
359.000000 0.000246
360.000000 0.000247
361.000000 0.000248
362.000000 0.000250
363.000000 0.000251
364.000000 0.000252
365.000000 0.000254
366.000000 0.000255
367.000000 0.000256
368.000000 0.000258
369.000000 0.000259
370.000000 0.000261
371.000000 0.000262
372.000000 0.000263
373.000000 0.000265
374.000000 0.000266
375.000000 0.000267
376.000000 0.000269
377.000000 0.000270
378.000000 0.000272
379.000000 0.000273
380.000000 0.000274
381.000000 0.000276
382.000000 0.000277
383.000000 0.000279
384.000000 0.000280
385.000000 0.000281
386.000000 0.000283
387.000000 0.000284
388.000000 0.000286
389.000000 0.000287
390.000000 0.000289
391.000000 0.000290
392.000000 0.000291
393.000000 0.000293
394.000000 0.000294
395.000000 0.000296
396.000000 0.000297
397.000000 0.000299
398.000000 0.000300
399.000000 0.000301
400.000000 0.000303
401.000000 0.000304
402.000000 0.000306
403.000000 0.000307
404.000000 0.000309
405.000000 0.000310
406.000000 0.000312
407.000000 0.000313
408.000000 0.000315
409.000000 0.000316
410.000000 0.000317
411.000000 0.000319
412.000000 0.000320
413.000000 0.000322
414.000000 0.000323
415.000000 0.000325
416.000000 0.000326
417.000000 0.000328
418.000000 0.000329
419.000000 0.000331
420.000000 0.000332
421.000000 0.000334
422.000000 0.000335
423.000000 0.000337
424.000000 0.000338
425.000000 0.000340
426.000000 0.000341
427.000000 0.000343
428.000000 0.000344
429.000000 0.000346
430.000000 0.000347
431.000000 0.000349
432.000000 0.000350
433.000000 0.000352
434.000000 0.000353
435.000000 0.000355
436.000000 0.000357
437.000000 0.000358
438.000000 0.000360
439.000000 0.000361
440.000000 0.000363
441.000000 0.000364
442.000000 0.000366
443.000000 0.000367
444.000000 0.000369
445.000000 0.000370
446.000000 0.000372
447.000000 0.000374
448.000000 0.000375
449.000000 0.000377
450.000000 0.000378
451.000000 0.000380
452.000000 0.000381
453.000000 0.000383
454.000000 0.000385
455.000000 0.000386
456.000000 0.000388
457.000000 0.000389
458.000000 0.000391
459.000000 0.000392
460.000000 0.000394
461.000000 0.000396
462.000000 0.000397
463.000000 0.000399
464.000000 0.000400
465.000000 0.000402
466.000000 0.000404
467.000000 0.000405
468.000000 0.000407
469.000000 0.000408
470.000000 0.000410
471.000000 0.000412
472.000000 0.000413
473.000000 0.000415
474.000000 0.000416
475.000000 0.000418
476.000000 0.000420
477.000000 0.000421
478.000000 0.000423
479.000000 0.000424
480.000000 0.000426
481.000000 0.000428
482.000000 0.000429
483.000000 0.000431
484.000000 0.000433
485.000000 0.000434
486.000000 0.000436
487.000000 0.000438
488.000000 0.000439
489.000000 0.000441
490.000000 0.000442
491.000000 0.000444
492.000000 0.000446
493.000000 0.000447
494.000000 0.000449
495.000000 0.000451
496.000000 0.000452
497.000000 0.000454
498.000000 0.000456
499.000000 0.000457
500.000000 0.000459
501.000000 0.000461
502.000000 0.000462
503.000000 0.000464
504.000000 0.000466
505.000000 0.000467
506.000000 0.000469
507.000000 0.000471
508.000000 0.000472
509.000000 0.000474
510.000000 0.000476
511.000000 0.000477
512.000000 0.000479
513.000000 0.000481
514.000000 0.000482
515.000000 0.000484
516.000000 0.000486
517.000000 0.000487
518.000000 0.000489
519.000000 0.000491
520.000000 0.000492
521.000000 0.000494
522.000000 0.000496
523.000000 0.000498
524.000000 0.000499
525.000000 0.000501
526.000000 0.000503
527.000000 0.000504
528.000000 0.000506
529.000000 0.000508
530.000000 0.000509
531.000000 0.000511
532.000000 0.000513
533.000000 0.000515
534.000000 0.000516
535.000000 0.000518
536.000000 0.000520
537.000000 0.000521
538.000000 0.000523
539.000000 0.000525
540.000000 0.000527
541.000000 0.000528
542.000000 0.000530
543.000000 0.000532
544.000000 0.000533
545.000000 0.000535
546.000000 0.000537
547.000000 0.000539
548.000000 0.000540
549.000000 0.000542
550.000000 0.000544
551.000000 0.000545
552.000000 0.000547
553.000000 0.000549
554.000000 0.000551
555.000000 0.000552
556.000000 0.000554
557.000000 0.000556
558.000000 0.000558
559.000000 0.000559
560.000000 0.000561
561.000000 0.000563
562.000000 0.000565
563.000000 0.000566
564.000000 0.000568
565.000000 0.000570
566.000000 0.000571
567.000000 0.000573
568.000000 0.000575
569.000000 0.000577
570.000000 0.000578
571.000000 0.000580
572.000000 0.000582
573.000000 0.000584
574.000000 0.000585
575.000000 0.000587
576.000000 0.000589
577.000000 0.000591
578.000000 0.000592
579.000000 0.000594
580.000000 0.000596
581.000000 0.000598
582.000000 0.000599
583.000000 0.000601
584.000000 0.000603
585.000000 0.000605
586.000000 0.000606
587.000000 0.000608
588.000000 0.000610
589.000000 0.000612
590.000000 0.000613
591.000000 0.000615
592.000000 0.000617
593.000000 0.000619
594.000000 0.000620
595.000000 0.000622
596.000000 0.000624
597.000000 0.000626
598.000000 0.000627
599.000000 0.000629
600.000000 0.000631
601.000000 0.000633
602.000000 0.000634
603.000000 0.000636
604.000000 0.000638
605.000000 0.000640
606.000000 0.000641
607.000000 0.000643
608.000000 0.000645
609.000000 0.000647
610.000000 0.000648
611.000000 0.000650
612.000000 0.000652
613.000000 0.000654
614.000000 0.000655
615.000000 0.000657
616.000000 0.000659
617.000000 0.000661
618.000000 0.000662
619.000000 0.000664
620.000000 0.000666
621.000000 0.000668
622.000000 0.000669
623.000000 0.000671
624.000000 0.000673
625.000000 0.000675
626.000000 0.000676
627.000000 0.000678
628.000000 0.000680
629.000000 0.000682
630.000000 0.000683
631.000000 0.000685
632.000000 0.000687
633.000000 0.000689
634.000000 0.000690
635.000000 0.000692
636.000000 0.000694
637.000000 0.000696
638.000000 0.000697
639.000000 0.000699
640.000000 0.000701
641.000000 0.000703
642.000000 0.000704
643.000000 0.000706
644.000000 0.000708
645.000000 0.000710
646.000000 0.000711
647.000000 0.000713
648.000000 0.000715
649.000000 0.000716
650.000000 0.000718
651.000000 0.000720
652.000000 0.000722
653.000000 0.000723
654.000000 0.000725
655.000000 0.000727
656.000000 0.000729
657.000000 0.000730
658.000000 0.000732
659.000000 0.000734
660.000000 0.000735
661.000000 0.000737
662.000000 0.000739
663.000000 0.000741
664.000000 0.000742
665.000000 0.000744
666.000000 0.000746
667.000000 0.000747
668.000000 0.000749
669.000000 0.000751
670.000000 0.000753
671.000000 0.000754
672.000000 0.000756
673.000000 0.000758
674.000000 0.000759
675.000000 0.000761
676.000000 0.000763
677.000000 0.000764
678.000000 0.000766
679.000000 0.000768
680.000000 0.000770
681.000000 0.000771
682.000000 0.000773
683.000000 0.000775
684.000000 0.000776
685.000000 0.000778
686.000000 0.000780
687.000000 0.000781
688.000000 0.000783
689.000000 0.000785
690.000000 0.000786
691.000000 0.000788
692.000000 0.000790
693.000000 0.000791
694.000000 0.000793
695.000000 0.000795
696.000000 0.000796
697.000000 0.000798
698.000000 0.000800
699.000000 0.000801
700.000000 0.000803
701.000000 0.000805
702.000000 0.000806
703.000000 0.000808
704.000000 0.000810
705.000000 0.000811
706.000000 0.000813
707.000000 0.000814
708.000000 0.000816
709.000000 0.000818
710.000000 0.000819
711.000000 0.000821
712.000000 0.000823
713.000000 0.000824
714.000000 0.000826
715.000000 0.000827
716.000000 0.000829
717.000000 0.000831
718.000000 0.000832
719.000000 0.000834
720.000000 0.000835
721.000000 0.000837
722.000000 0.000839
723.000000 0.000840
724.000000 0.000842
725.000000 0.000843
726.000000 0.000845
727.000000 0.000847
728.000000 0.000848
729.000000 0.000850
730.000000 0.000851
731.000000 0.000853
732.000000 0.000855
733.000000 0.000856
734.000000 0.000858
735.000000 0.000859
736.000000 0.000861
737.000000 0.000862
738.000000 0.000864
739.000000 0.000865
740.000000 0.000867
741.000000 0.000868
742.000000 0.000870
743.000000 0.000872
744.000000 0.000873
745.000000 0.000875
746.000000 0.000876
747.000000 0.000878
748.000000 0.000879
749.000000 0.000881
750.000000 0.000882
751.000000 0.000884
752.000000 0.000885
753.000000 0.000887
754.000000 0.000888
755.000000 0.000890
756.000000 0.000891
757.000000 0.000893
758.000000 0.000894
759.000000 0.000896
760.000000 0.000897
761.000000 0.000899
762.000000 0.000900
763.000000 0.000902
764.000000 0.000903
765.000000 0.000904
766.000000 0.000906
767.000000 0.000907
768.000000 0.000909
769.000000 0.000910
770.000000 0.000912
771.000000 0.000913
772.000000 0.000915
773.000000 0.000916
774.000000 0.000917
775.000000 0.000919
776.000000 0.000920
777.000000 0.000922
778.000000 0.000923
779.000000 0.000924
780.000000 0.000926
781.000000 0.000927
782.000000 0.000929
783.000000 0.000930
784.000000 0.000931
785.000000 0.000933
786.000000 0.000934
787.000000 0.000935
788.000000 0.000937
789.000000 0.000938
790.000000 0.000940
791.000000 0.000941
792.000000 0.000942
793.000000 0.000944
794.000000 0.000945
795.000000 0.000946
796.000000 0.000948
797.000000 0.000949
798.000000 0.000950
799.000000 0.000952
800.000000 0.000953
801.000000 0.000954
802.000000 0.000955
803.000000 0.000957
804.000000 0.000958
805.000000 0.000959
806.000000 0.000961
807.000000 0.000962
808.000000 0.000963
809.000000 0.000964
810.000000 0.000966
811.000000 0.000967
812.000000 0.000968
813.000000 0.000969
814.000000 0.000971
815.000000 0.000972
816.000000 0.000973
817.000000 0.000974
818.000000 0.000976
819.000000 0.000977
820.000000 0.000978
821.000000 0.000979
822.000000 0.000980
823.000000 0.000982
824.000000 0.000983
825.000000 0.000984
826.000000 0.000985
827.000000 0.000986
828.000000 0.000987
829.000000 0.000989
830.000000 0.000990
831.000000 0.000991
832.000000 0.000992
833.000000 0.000993
834.000000 0.000994
835.000000 0.000995
836.000000 0.000997
837.000000 0.000998
838.000000 0.000999
839.000000 0.001000
840.000000 0.001001
841.000000 0.001002
842.000000 0.001003
843.000000 0.001004
844.000000 0.001005
845.000000 0.001006
846.000000 0.001007
847.000000 0.001009
848.000000 0.001010
849.000000 0.001011
850.000000 0.001012
851.000000 0.001013
852.000000 0.001014
853.000000 0.001015
854.000000 0.001016
855.000000 0.001017
856.000000 0.001018
857.000000 0.001019
858.000000 0.001020
859.000000 0.001021
860.000000 0.001022
861.000000 0.001023
862.000000 0.001024
863.000000 0.001025
864.000000 0.001026
865.000000 0.001027
866.000000 0.001028
867.000000 0.001029
868.000000 0.001029
869.000000 0.001030
870.000000 0.001031
871.000000 0.001032
872.000000 0.001033
873.000000 0.001034
874.000000 0.001035
875.000000 0.001036
876.000000 0.001037
877.000000 0.001038
878.000000 0.001039
879.000000 0.001039
880.000000 0.001040
881.000000 0.001041
882.000000 0.001042
883.000000 0.001043
884.000000 0.001044
885.000000 0.001044
886.000000 0.001045
887.000000 0.001046
888.000000 0.001047
889.000000 0.001048
890.000000 0.001048
891.000000 0.001049
892.000000 0.001050
893.000000 0.001051
894.000000 0.001052
895.000000 0.001052
896.000000 0.001053
897.000000 0.001054
898.000000 0.001055
899.000000 0.001055
900.000000 0.001056
901.000000 0.001057
902.000000 0.001058
903.000000 0.001058
904.000000 0.001059
905.000000 0.001060
906.000000 0.001060
907.000000 0.001061
908.000000 0.001062
909.000000 0.001062
910.000000 0.001063
911.000000 0.001064
912.000000 0.001064
913.000000 0.001065
914.000000 0.001066
915.000000 0.001066
916.000000 0.001067
917.000000 0.001067
918.000000 0.001068
919.000000 0.001069
920.000000 0.001069
921.000000 0.001070
922.000000 0.001070
923.000000 0.001071
924.000000 0.001072
925.000000 0.001072
926.000000 0.001073
927.000000 0.001073
928.000000 0.001074
929.000000 0.001074
930.000000 0.001075
931.000000 0.001075
932.000000 0.001076
933.000000 0.001076
934.000000 0.001077
935.000000 0.001077
936.000000 0.001078
937.000000 0.001078
938.000000 0.001079
939.000000 0.001079
940.000000 0.001080
941.000000 0.001080
942.000000 0.001081
943.000000 0.001081
944.000000 0.001081
945.000000 0.001082
946.000000 0.001082
947.000000 0.001083
948.000000 0.001083
949.000000 0.001083
950.000000 0.001084
951.000000 0.001084
952.000000 0.001084
953.000000 0.001085
954.000000 0.001085
955.000000 0.001086
956.000000 0.001086
957.000000 0.001086
958.000000 0.001087
959.000000 0.001087
960.000000 0.001087
961.000000 0.001087
962.000000 0.001088
963.000000 0.001088
964.000000 0.001088
965.000000 0.001089
966.000000 0.001089
967.000000 0.001089
968.000000 0.001089
969.000000 0.001090
970.000000 0.001090
971.000000 0.001090
972.000000 0.001090
973.000000 0.001090
974.000000 0.001091
975.000000 0.001091
976.000000 0.001091
977.000000 0.001091
978.000000 0.001091
979.000000 0.001092
980.000000 0.001092
981.000000 0.001092
982.000000 0.001092
983.000000 0.001092
984.000000 0.001092
985.000000 0.001092
986.000000 0.001092
987.000000 0.001093
988.000000 0.001093
989.000000 0.001093
990.000000 0.001093
991.000000 0.001093
992.000000 0.001093
993.000000 0.001093
994.000000 0.001093
995.000000 0.001093
996.000000 0.001093
997.000000 0.001093
998.000000 0.001093
999.000000 0.001093
1000.000000 0.001093
1001.000000 0.001093
1002.000000 0.001093
1003.000000 0.001093
1004.000000 0.001093
1005.000000 0.001093
1006.000000 0.001093
1007.000000 0.001093
1008.000000 0.001093
1009.000000 0.001093
1010.000000 0.001093
1011.000000 0.001093
1012.000000 0.001093
1013.000000 0.001093
1014.000000 0.001093
1015.000000 0.001092
1016.000000 0.001092
1017.000000 0.001092
1018.000000 0.001092
1019.000000 0.001092
1020.000000 0.001092
1021.000000 0.001092
1022.000000 0.001092
1023.000000 0.001091
1024.000000 0.001091
1025.000000 0.001091
1026.000000 0.001091
1027.000000 0.001091
1028.000000 0.001090
1029.000000 0.001090
1030.000000 0.001090
1031.000000 0.001090
1032.000000 0.001090
1033.000000 0.001089
1034.000000 0.001089
1035.000000 0.001089
1036.000000 0.001089
1037.000000 0.001088
1038.000000 0.001088
1039.000000 0.001088
1040.000000 0.001087
1041.000000 0.001087
1042.000000 0.001087
1043.000000 0.001087
1044.000000 0.001086
1045.000000 0.001086
1046.000000 0.001086
1047.000000 0.001085
1048.000000 0.001085
1049.000000 0.001084
1050.000000 0.001084
1051.000000 0.001084
1052.000000 0.001083
1053.000000 0.001083
1054.000000 0.001083
1055.000000 0.001082
1056.000000 0.001082
1057.000000 0.001081
1058.000000 0.001081
1059.000000 0.001081
1060.000000 0.001080
1061.000000 0.001080
1062.000000 0.001079
1063.000000 0.001079
1064.000000 0.001078
1065.000000 0.001078
1066.000000 0.001077
1067.000000 0.001077
1068.000000 0.001076
1069.000000 0.001076
1070.000000 0.001075
1071.000000 0.001075
1072.000000 0.001074
1073.000000 0.001074
1074.000000 0.001073
1075.000000 0.001073
1076.000000 0.001072
1077.000000 0.001072
1078.000000 0.001071
1079.000000 0.001070
1080.000000 0.001070
1081.000000 0.001069
1082.000000 0.001069
1083.000000 0.001068
1084.000000 0.001067
1085.000000 0.001067
1086.000000 0.001066
1087.000000 0.001066
1088.000000 0.001065
1089.000000 0.001064
1090.000000 0.001064
1091.000000 0.001063
1092.000000 0.001062
1093.000000 0.001062
1094.000000 0.001061
1095.000000 0.001060
1096.000000 0.001060
1097.000000 0.001059
1098.000000 0.001058
1099.000000 0.001058
1100.000000 0.001057
1101.000000 0.001056
1102.000000 0.001055
1103.000000 0.001055
1104.000000 0.001054
1105.000000 0.001053
1106.000000 0.001052
1107.000000 0.001052
1108.000000 0.001051
1109.000000 0.001050
1110.000000 0.001049
1111.000000 0.001048
1112.000000 0.001048
1113.000000 0.001047
1114.000000 0.001046
1115.000000 0.001045
1116.000000 0.001044
1117.000000 0.001044
1118.000000 0.001043
1119.000000 0.001042
1120.000000 0.001041
1121.000000 0.001040
1122.000000 0.001039
1123.000000 0.001039
1124.000000 0.001038
1125.000000 0.001037
1126.000000 0.001036
1127.000000 0.001035
1128.000000 0.001034
1129.000000 0.001033
1130.000000 0.001032
1131.000000 0.001031
1132.000000 0.001030
1133.000000 0.001029
1134.000000 0.001029
1135.000000 0.001028
1136.000000 0.001027
1137.000000 0.001026
1138.000000 0.001025
1139.000000 0.001024
1140.000000 0.001023
1141.000000 0.001022
1142.000000 0.001021
1143.000000 0.001020
1144.000000 0.001019
1145.000000 0.001018
1146.000000 0.001017
1147.000000 0.001016
1148.000000 0.001015
1149.000000 0.001014
1150.000000 0.001013
1151.000000 0.001012
1152.000000 0.001011
1153.000000 0.001010
1154.000000 0.001009
1155.000000 0.001007
1156.000000 0.001006
1157.000000 0.001005
1158.000000 0.001004
1159.000000 0.001003
1160.000000 0.001002
1161.000000 0.001001
1162.000000 0.001000
1163.000000 0.000999
1164.000000 0.000998
1165.000000 0.000997
1166.000000 0.000995
1167.000000 0.000994
1168.000000 0.000993
1169.000000 0.000992
1170.000000 0.000991
1171.000000 0.000990
1172.000000 0.000989
1173.000000 0.000987
1174.000000 0.000986
1175.000000 0.000985
1176.000000 0.000984
1177.000000 0.000983
1178.000000 0.000982
1179.000000 0.000980
1180.000000 0.000979
1181.000000 0.000978
1182.000000 0.000977
1183.000000 0.000976
1184.000000 0.000974
1185.000000 0.000973
1186.000000 0.000972
1187.000000 0.000971
1188.000000 0.000969
1189.000000 0.000968
1190.000000 0.000967
1191.000000 0.000966
1192.000000 0.000964
1193.000000 0.000963
1194.000000 0.000962
1195.000000 0.000961
1196.000000 0.000959
1197.000000 0.000958
1198.000000 0.000957
1199.000000 0.000955
1200.000000 0.000954
1201.000000 0.000953
1202.000000 0.000952
1203.000000 0.000950
1204.000000 0.000949
1205.000000 0.000948
1206.000000 0.000946
1207.000000 0.000945
1208.000000 0.000944
1209.000000 0.000942
1210.000000 0.000941
1211.000000 0.000940
1212.000000 0.000938
1213.000000 0.000937
1214.000000 0.000935
1215.000000 0.000934
1216.000000 0.000933
1217.000000 0.000931
1218.000000 0.000930
1219.000000 0.000929
1220.000000 0.000927
1221.000000 0.000926
1222.000000 0.000924
1223.000000 0.000923
1224.000000 0.000922
1225.000000 0.000920
1226.000000 0.000919
1227.000000 0.000917
1228.000000 0.000916
1229.000000 0.000915
1230.000000 0.000913
1231.000000 0.000912
1232.000000 0.000910
1233.000000 0.000909
1234.000000 0.000907
1235.000000 0.000906
1236.000000 0.000904
1237.000000 0.000903
1238.000000 0.000902
1239.000000 0.000900
1240.000000 0.000899
1241.000000 0.000897
1242.000000 0.000896
1243.000000 0.000894
1244.000000 0.000893
1245.000000 0.000891
1246.000000 0.000890
1247.000000 0.000888
1248.000000 0.000887
1249.000000 0.000885
1250.000000 0.000884
1251.000000 0.000882
1252.000000 0.000881
1253.000000 0.000879
1254.000000 0.000878
1255.000000 0.000876
1256.000000 0.000875
1257.000000 0.000873
1258.000000 0.000872
1259.000000 0.000870
1260.000000 0.000868
1261.000000 0.000867
1262.000000 0.000865
1263.000000 0.000864
1264.000000 0.000862
1265.000000 0.000861
1266.000000 0.000859
1267.000000 0.000858
1268.000000 0.000856
1269.000000 0.000855
1270.000000 0.000853
1271.000000 0.000851
1272.000000 0.000850
1273.000000 0.000848
1274.000000 0.000847
1275.000000 0.000845
1276.000000 0.000843
1277.000000 0.000842
1278.000000 0.000840
1279.000000 0.000839
1280.000000 0.000837
1281.000000 0.000835
1282.000000 0.000834
1283.000000 0.000832
1284.000000 0.000831
1285.000000 0.000829
1286.000000 0.000827
1287.000000 0.000826
1288.000000 0.000824
1289.000000 0.000823
1290.000000 0.000821
1291.000000 0.000819
1292.000000 0.000818
1293.000000 0.000816
1294.000000 0.000814
1295.000000 0.000813
1296.000000 0.000811
1297.000000 0.000810
1298.000000 0.000808
1299.000000 0.000806
1300.000000 0.000805
1301.000000 0.000803
1302.000000 0.000801
1303.000000 0.000800
1304.000000 0.000798
1305.000000 0.000796
1306.000000 0.000795
1307.000000 0.000793
1308.000000 0.000791
1309.000000 0.000790
1310.000000 0.000788
1311.000000 0.000786
1312.000000 0.000785
1313.000000 0.000783
1314.000000 0.000781
1315.000000 0.000780
1316.000000 0.000778
1317.000000 0.000776
1318.000000 0.000775
1319.000000 0.000773
1320.000000 0.000771
1321.000000 0.000770
1322.000000 0.000768
1323.000000 0.000766
1324.000000 0.000764
1325.000000 0.000763
1326.000000 0.000761
1327.000000 0.000759
1328.000000 0.000758
1329.000000 0.000756
1330.000000 0.000754
1331.000000 0.000753
1332.000000 0.000751
1333.000000 0.000749
1334.000000 0.000747
1335.000000 0.000746
1336.000000 0.000744
1337.000000 0.000742
1338.000000 0.000741
1339.000000 0.000739
1340.000000 0.000737
1341.000000 0.000735
1342.000000 0.000734
1343.000000 0.000732
1344.000000 0.000730
1345.000000 0.000729
1346.000000 0.000727
1347.000000 0.000725
1348.000000 0.000723
1349.000000 0.000722
1350.000000 0.000720
1351.000000 0.000718
1352.000000 0.000716
1353.000000 0.000715
1354.000000 0.000713
1355.000000 0.000711
1356.000000 0.000710
1357.000000 0.000708
1358.000000 0.000706
1359.000000 0.000704
1360.000000 0.000703
1361.000000 0.000701
1362.000000 0.000699
1363.000000 0.000697
1364.000000 0.000696
1365.000000 0.000694
1366.000000 0.000692
1367.000000 0.000690
1368.000000 0.000689
1369.000000 0.000687
1370.000000 0.000685
1371.000000 0.000683
1372.000000 0.000682
1373.000000 0.000680
1374.000000 0.000678
1375.000000 0.000676
1376.000000 0.000675
1377.000000 0.000673
1378.000000 0.000671
1379.000000 0.000669
1380.000000 0.000668
1381.000000 0.000666
1382.000000 0.000664
1383.000000 0.000662
1384.000000 0.000661
1385.000000 0.000659
1386.000000 0.000657
1387.000000 0.000655
1388.000000 0.000654
1389.000000 0.000652
1390.000000 0.000650
1391.000000 0.000648
1392.000000 0.000647
1393.000000 0.000645
1394.000000 0.000643
1395.000000 0.000641
1396.000000 0.000640
1397.000000 0.000638
1398.000000 0.000636
1399.000000 0.000634
1400.000000 0.000633
1401.000000 0.000631
1402.000000 0.000629
1403.000000 0.000627
1404.000000 0.000626
1405.000000 0.000624
1406.000000 0.000622
1407.000000 0.000620
1408.000000 0.000619
1409.000000 0.000617
1410.000000 0.000615
1411.000000 0.000613
1412.000000 0.000612
1413.000000 0.000610
1414.000000 0.000608
1415.000000 0.000606
1416.000000 0.000605
1417.000000 0.000603
1418.000000 0.000601
1419.000000 0.000599
1420.000000 0.000598
1421.000000 0.000596
1422.000000 0.000594
1423.000000 0.000592
1424.000000 0.000591
1425.000000 0.000589
1426.000000 0.000587
1427.000000 0.000585
1428.000000 0.000584
1429.000000 0.000582
1430.000000 0.000580
1431.000000 0.000578
1432.000000 0.000577
1433.000000 0.000575
1434.000000 0.000573
1435.000000 0.000571
1436.000000 0.000570
1437.000000 0.000568
1438.000000 0.000566
1439.000000 0.000565
1440.000000 0.000563
1441.000000 0.000561
1442.000000 0.000559
1443.000000 0.000558
1444.000000 0.000556
1445.000000 0.000554
1446.000000 0.000552
1447.000000 0.000551
1448.000000 0.000549
1449.000000 0.000547
1450.000000 0.000545
1451.000000 0.000544
1452.000000 0.000542
1453.000000 0.000540
1454.000000 0.000539
1455.000000 0.000537
1456.000000 0.000535
1457.000000 0.000533
1458.000000 0.000532
1459.000000 0.000530
1460.000000 0.000528
1461.000000 0.000527
1462.000000 0.000525
1463.000000 0.000523
1464.000000 0.000521
1465.000000 0.000520
1466.000000 0.000518
1467.000000 0.000516
1468.000000 0.000515
1469.000000 0.000513
1470.000000 0.000511
1471.000000 0.000509
1472.000000 0.000508
1473.000000 0.000506
1474.000000 0.000504
1475.000000 0.000503
1476.000000 0.000501
1477.000000 0.000499
1478.000000 0.000498
1479.000000 0.000496
1480.000000 0.000494
1481.000000 0.000492
1482.000000 0.000491
1483.000000 0.000489
1484.000000 0.000487
1485.000000 0.000486
1486.000000 0.000484
1487.000000 0.000482
1488.000000 0.000481
1489.000000 0.000479
1490.000000 0.000477
1491.000000 0.000476
1492.000000 0.000474
1493.000000 0.000472
1494.000000 0.000471
1495.000000 0.000469
1496.000000 0.000467
1497.000000 0.000466
1498.000000 0.000464
1499.000000 0.000462
1500.000000 0.000461
1501.000000 0.000459
1502.000000 0.000457
1503.000000 0.000456
1504.000000 0.000454
1505.000000 0.000452
1506.000000 0.000451
1507.000000 0.000449
1508.000000 0.000447
1509.000000 0.000446
1510.000000 0.000444
1511.000000 0.000442
1512.000000 0.000441
1513.000000 0.000439
1514.000000 0.000438
1515.000000 0.000436
1516.000000 0.000434
1517.000000 0.000433
1518.000000 0.000431
1519.000000 0.000429
1520.000000 0.000428
1521.000000 0.000426
1522.000000 0.000424
1523.000000 0.000423
1524.000000 0.000421
1525.000000 0.000420
1526.000000 0.000418
1527.000000 0.000416
1528.000000 0.000415
1529.000000 0.000413
1530.000000 0.000412
1531.000000 0.000410
1532.000000 0.000408
1533.000000 0.000407
1534.000000 0.000405
1535.000000 0.000404
1536.000000 0.000402
1537.000000 0.000400
1538.000000 0.000399
1539.000000 0.000397
1540.000000 0.000396
1541.000000 0.000394
1542.000000 0.000392
1543.000000 0.000391
1544.000000 0.000389
1545.000000 0.000388
1546.000000 0.000386
1547.000000 0.000385
1548.000000 0.000383
1549.000000 0.000381
1550.000000 0.000380
1551.000000 0.000378
1552.000000 0.000377
1553.000000 0.000375
1554.000000 0.000374
1555.000000 0.000372
1556.000000 0.000370
1557.000000 0.000369
1558.000000 0.000367
1559.000000 0.000366
1560.000000 0.000364
1561.000000 0.000363
1562.000000 0.000361
1563.000000 0.000360
1564.000000 0.000358
1565.000000 0.000357
1566.000000 0.000355
1567.000000 0.000353
1568.000000 0.000352
1569.000000 0.000350
1570.000000 0.000349
1571.000000 0.000347
1572.000000 0.000346
1573.000000 0.000344
1574.000000 0.000343
1575.000000 0.000341
1576.000000 0.000340
1577.000000 0.000338
1578.000000 0.000337
1579.000000 0.000335
1580.000000 0.000334
1581.000000 0.000332
1582.000000 0.000331
1583.000000 0.000329
1584.000000 0.000328
1585.000000 0.000326
1586.000000 0.000325
1587.000000 0.000323
1588.000000 0.000322
1589.000000 0.000320
1590.000000 0.000319
1591.000000 0.000317
1592.000000 0.000316
1593.000000 0.000315
1594.000000 0.000313
1595.000000 0.000312
1596.000000 0.000310
1597.000000 0.000309
1598.000000 0.000307
1599.000000 0.000306
1600.000000 0.000304
1601.000000 0.000303
1602.000000 0.000301
1603.000000 0.000300
1604.000000 0.000299
1605.000000 0.000297
1606.000000 0.000296
1607.000000 0.000294
1608.000000 0.000293
1609.000000 0.000291
1610.000000 0.000290
1611.000000 0.000289
1612.000000 0.000287
1613.000000 0.000286
1614.000000 0.000284
1615.000000 0.000283
1616.000000 0.000281
1617.000000 0.000280
1618.000000 0.000279
1619.000000 0.000277
1620.000000 0.000276
1621.000000 0.000274
1622.000000 0.000273
1623.000000 0.000272
1624.000000 0.000270
1625.000000 0.000269
1626.000000 0.000267
1627.000000 0.000266
1628.000000 0.000265
1629.000000 0.000263
1630.000000 0.000262
1631.000000 0.000261
1632.000000 0.000259
1633.000000 0.000258
1634.000000 0.000256
1635.000000 0.000255
1636.000000 0.000254
1637.000000 0.000252
1638.000000 0.000251
1639.000000 0.000250
1640.000000 0.000248
1641.000000 0.000247
1642.000000 0.000246
1643.000000 0.000244
1644.000000 0.000243
1645.000000 0.000242
1646.000000 0.000240
1647.000000 0.000239
1648.000000 0.000238
1649.000000 0.000236
1650.000000 0.000235
1651.000000 0.000234
1652.000000 0.000232
1653.000000 0.000231
1654.000000 0.000230
1655.000000 0.000228
1656.000000 0.000227
1657.000000 0.000226
1658.000000 0.000225
1659.000000 0.000223
1660.000000 0.000222
1661.000000 0.000221
1662.000000 0.000219
1663.000000 0.000218
1664.000000 0.000217
1665.000000 0.000215
1666.000000 0.000214
1667.000000 0.000213
1668.000000 0.000212
1669.000000 0.000210
1670.000000 0.000209
1671.000000 0.000208
1672.000000 0.000207
1673.000000 0.000205
1674.000000 0.000204
1675.000000 0.000203
1676.000000 0.000202
1677.000000 0.000200
1678.000000 0.000199
1679.000000 0.000198
1680.000000 0.000197
1681.000000 0.000195
1682.000000 0.000194
1683.000000 0.000193
1684.000000 0.000192
1685.000000 0.000190
1686.000000 0.000189
1687.000000 0.000188
1688.000000 0.000187
1689.000000 0.000186
1690.000000 0.000184
1691.000000 0.000183
1692.000000 0.000182
1693.000000 0.000181
1694.000000 0.000179
1695.000000 0.000178
1696.000000 0.000177
1697.000000 0.000176
1698.000000 0.000175
1699.000000 0.000173
1700.000000 0.000172
1701.000000 0.000171
1702.000000 0.000170
1703.000000 0.000169
1704.000000 0.000168
1705.000000 0.000166
1706.000000 0.000165
1707.000000 0.000164
1708.000000 0.000163
1709.000000 0.000162
1710.000000 0.000161
1711.000000 0.000159
1712.000000 0.000158
1713.000000 0.000157
1714.000000 0.000156
1715.000000 0.000155
1716.000000 0.000154
1717.000000 0.000152
1718.000000 0.000151
1719.000000 0.000150
1720.000000 0.000149
1721.000000 0.000148
1722.000000 0.000147
1723.000000 0.000146
1724.000000 0.000145
1725.000000 0.000143
1726.000000 0.000142
1727.000000 0.000141
1728.000000 0.000140
1729.000000 0.000139
1730.000000 0.000138
1731.000000 0.000137
1732.000000 0.000136
1733.000000 0.000135
1734.000000 0.000133
1735.000000 0.000132
1736.000000 0.000131
1737.000000 0.000130
1738.000000 0.000129
1739.000000 0.000128
1740.000000 0.000127
1741.000000 0.000126
1742.000000 0.000125
1743.000000 0.000124
1744.000000 0.000123
1745.000000 0.000122
1746.000000 0.000121
1747.000000 0.000119
1748.000000 0.000118
1749.000000 0.000117
1750.000000 0.000116
1751.000000 0.000115
1752.000000 0.000114
1753.000000 0.000113
1754.000000 0.000112
1755.000000 0.000111
1756.000000 0.000110
1757.000000 0.000109
1758.000000 0.000108
1759.000000 0.000107
1760.000000 0.000106
1761.000000 0.000105
1762.000000 0.000104
1763.000000 0.000103
1764.000000 0.000102
1765.000000 0.000101
1766.000000 0.000100
1767.000000 0.000099
1768.000000 0.000098
1769.000000 0.000097
1770.000000 0.000096
1771.000000 0.000095
1772.000000 0.000094
1773.000000 0.000093
1774.000000 0.000092
1775.000000 0.000091
1776.000000 0.000090
1777.000000 0.000089
1778.000000 0.000088
1779.000000 0.000087
1780.000000 0.000086
1781.000000 0.000085
1782.000000 0.000084
1783.000000 0.000083
1784.000000 0.000082
1785.000000 0.000081
1786.000000 0.000080
1787.000000 0.000079
1788.000000 0.000078
1789.000000 0.000077
1790.000000 0.000076
1791.000000 0.000075
1792.000000 0.000074
1793.000000 0.000074
1794.000000 0.000073
1795.000000 0.000072
1796.000000 0.000071
1797.000000 0.000070
1798.000000 0.000069
1799.000000 0.000068
1800.000000 0.000067
1801.000000 0.000066
1802.000000 0.000065
1803.000000 0.000064
1804.000000 0.000064
1805.000000 0.000063
1806.000000 0.000062
1807.000000 0.000061
1808.000000 0.000060
1809.000000 0.000059
1810.000000 0.000058
1811.000000 0.000057
1812.000000 0.000057
1813.000000 0.000056
1814.000000 0.000055
1815.000000 0.000054
1816.000000 0.000053
1817.000000 0.000052
1818.000000 0.000051
1819.000000 0.000051
1820.000000 0.000050
1821.000000 0.000049
1822.000000 0.000048
1823.000000 0.000047
1824.000000 0.000047
1825.000000 0.000046
1826.000000 0.000045
1827.000000 0.000044
1828.000000 0.000043
1829.000000 0.000043
1830.000000 0.000042
1831.000000 0.000041
1832.000000 0.000040
1833.000000 0.000040
1834.000000 0.000039
1835.000000 0.000038
1836.000000 0.000037
1837.000000 0.000037
1838.000000 0.000036
1839.000000 0.000035
1840.000000 0.000035
1841.000000 0.000034
1842.000000 0.000033
1843.000000 0.000033
1844.000000 0.000032
1845.000000 0.000031
1846.000000 0.000031
1847.000000 0.000030
1848.000000 0.000029
1849.000000 0.000029
1850.000000 0.000028
1851.000000 0.000027
1852.000000 0.000027
1853.000000 0.000026
1854.000000 0.000026
1855.000000 0.000025
1856.000000 0.000024
1857.000000 0.000024
1858.000000 0.000023
1859.000000 0.000023
1860.000000 0.000022
1861.000000 0.000022
1862.000000 0.000021
1863.000000 0.000021
1864.000000 0.000020
1865.000000 0.000019
1866.000000 0.000019
1867.000000 0.000018
1868.000000 0.000018
1869.000000 0.000017
1870.000000 0.000017
1871.000000 0.000017
1872.000000 0.000016
1873.000000 0.000016
1874.000000 0.000015
1875.000000 0.000015
1876.000000 0.000014
1877.000000 0.000014
1878.000000 0.000013
1879.000000 0.000013
1880.000000 0.000013
1881.000000 0.000012
1882.000000 0.000012
1883.000000 0.000012
1884.000000 0.000011
1885.000000 0.000011
1886.000000 0.000010
1887.000000 0.000010
1888.000000 0.000010
1889.000000 0.000009
1890.000000 0.000009
1891.000000 0.000009
1892.000000 0.000009
1893.000000 0.000008
1894.000000 0.000008
1895.000000 0.000008
1896.000000 0.000007
1897.000000 0.000007
1898.000000 0.000007
1899.000000 0.000007
1900.000000 0.000006
1901.000000 0.000006
1902.000000 0.000006
1903.000000 0.000006
1904.000000 0.000005
1905.000000 0.000005
1906.000000 0.000005
1907.000000 0.000005
1908.000000 0.000005
1909.000000 0.000004
1910.000000 0.000004
1911.000000 0.000004
1912.000000 0.000004
1913.000000 0.000004
1914.000000 0.000003
1915.000000 0.000003
1916.000000 0.000003
1917.000000 0.000003
1918.000000 0.000003
1919.000000 0.000003
1920.000000 0.000003
1921.000000 0.000002
1922.000000 0.000002
1923.000000 0.000002
1924.000000 0.000002
1925.000000 0.000002
1926.000000 0.000002
1927.000000 0.000002
1928.000000 0.000002
1929.000000 0.000002
1930.000000 0.000001
1931.000000 0.000001
1932.000000 0.000001
1933.000000 0.000001
1934.000000 0.000001
1935.000000 0.000001
1936.000000 0.000001
1937.000000 0.000001
1938.000000 0.000001
1939.000000 0.000001
1940.000000 0.000001
1941.000000 0.000001
1942.000000 0.000001
1943.000000 0.000001
1944.000000 0.000001
1945.000000 0.000001
1946.000000 0.000001
1947.000000 0.000000
1948.000000 0.000000
1949.000000 0.000000
1950.000000 0.000000
1951.000000 0.000000
1952.000000 0.000000
1953.000000 0.000000
1954.000000 0.000000
1955.000000 0.000000
1956.000000 0.000000
1957.000000 0.000000
1958.000000 0.000000
1959.000000 0.000000
1960.000000 0.000000
1961.000000 0.000000
1962.000000 0.000000
1963.000000 0.000000
1964.000000 0.000000
1965.000000 0.000000
1966.000000 0.000000
1967.000000 0.000000
1968.000000 0.000000
1969.000000 0.000000
1970.000000 0.000000
1971.000000 0.000000
1972.000000 0.000000
1973.000000 0.000000
1974.000000 0.000000
1975.000000 0.000000
1976.000000 0.000000
1977.000000 0.000000
1978.000000 0.000000
1979.000000 0.000000
1980.000000 0.000000
1981.000000 0.000000
1982.000000 0.000000
1983.000000 0.000000
1984.000000 0.000000
1985.000000 0.000000
1986.000000 0.000000
1987.000000 0.000000
1988.000000 0.000000
1989.000000 0.000000
1990.000000 0.000000
1991.000000 0.000000
1992.000000 0.000000
1993.000000 0.000000
1994.000000 0.000000
1995.000000 0.000000
1996.000000 0.000000
1997.000000 0.000000
1998.000000 0.000000
1999.000000 0.000000
2000.000000 0.000000
