n lam mean variance std
2000 0.150000 1000.470600 109653.955288 331.140386
bin_midpoint probability
1.000000 0.000000
2.000000 0.000000
3.000000 0.000000
4.000000 0.000000
5.000000 0.000000
6.000000 0.000000
7.000000 0.000000
8.000000 0.000000
9.000000 0.000000
10.000000 0.000000
11.000000 0.000000
12.000000 0.000000
13.000000 0.000000
14.000000 0.000000
15.000000 0.000000
16.000000 0.000000
17.000000 0.000000
18.000000 0.000000
19.000000 0.000000
20.000000 0.000000
21.000000 0.000000
22.000000 0.000000
23.000000 0.000000
24.000000 0.000000
25.000000 0.000000
26.000000 0.000000
27.000000 0.000000
28.000000 0.000000
29.000000 0.000000
30.000000 0.000000
31.000000 0.000000
32.000000 0.000000
33.000000 0.000000
34.000000 0.000000
35.000000 0.000000
36.000000 0.000000
37.000000 0.000000
38.000000 0.000000
39.000000 0.000000
40.000000 0.000000
41.000000 0.000000
42.000000 0.000000
43.000000 0.000000
44.000000 0.000000
45.000000 0.000000
46.000000 0.000000
47.000000 0.000000
48.000000 0.000000
49.000000 0.000000
50.000000 0.000000
51.000000 0.000000
52.000000 0.000000
53.000000 0.000000
54.000000 0.000000
55.000000 0.000000
56.000000 0.000000
57.000000 0.000000
58.000000 0.000000
59.000000 0.000000
60.000000 0.000000
61.000000 0.000000
62.000000 0.000000
63.000000 0.000000
64.000000 0.000000
65.000000 0.000000
66.000000 0.000000
67.000000 0.000001
68.000000 0.000001
69.000000 0.000001
70.000000 0.000001
71.000000 0.000001
72.000000 0.000001
73.000000 0.000001
74.000000 0.000001
75.000000 0.000001
76.000000 0.000001
77.000000 0.000001
78.000000 0.000001
79.000000 0.000001
80.000000 0.000001
81.000000 0.000001
82.000000 0.000001
83.000000 0.000001
84.000000 0.000001
85.000000 0.000002
86.000000 0.000002
87.000000 0.000002
88.000000 0.000002
89.000000 0.000002
90.000000 0.000002
91.000000 0.000002
92.000000 0.000002
93.000000 0.000002
94.000000 0.000002
95.000000 0.000002
96.000000 0.000003
97.000000 0.000003
98.000000 0.000003
99.000000 0.000003
100.000000 0.000003
101.000000 0.000003
102.000000 0.000003
103.000000 0.000004
104.000000 0.000004
105.000000 0.000004
106.000000 0.000004
107.000000 0.000004
108.000000 0.000004
109.000000 0.000005
110.000000 0.000005
111.000000 0.000005
112.000000 0.000005
113.000000 0.000005
114.000000 0.000005
115.000000 0.000006
116.000000 0.000006
117.000000 0.000006
118.000000 0.000006
119.000000 0.000007
120.000000 0.000007
121.000000 0.000007
122.000000 0.000007
123.000000 0.000008
124.000000 0.000008
125.000000 0.000008
126.000000 0.000008
127.000000 0.000009
128.000000 0.000009
129.000000 0.000009
130.000000 0.000009
131.000000 0.000010
132.000000 0.000010
133.000000 0.000010
134.000000 0.000011
135.000000 0.000011
136.000000 0.000011
137.000000 0.000012
138.000000 0.000012
139.000000 0.000012
140.000000 0.000013
141.000000 0.000013
142.000000 0.000013
143.000000 0.000014
144.000000 0.000014
145.000000 0.000015
146.000000 0.000015
147.000000 0.000015
148.000000 0.000016
149.000000 0.000016
150.000000 0.000017
151.000000 0.000017
152.000000 0.000018
153.000000 0.000018
154.000000 0.000018
155.000000 0.000019
156.000000 0.000019
157.000000 0.000020
158.000000 0.000020
159.000000 0.000021
160.000000 0.000021
161.000000 0.000022
162.000000 0.000022
163.000000 0.000023
164.000000 0.000024
165.000000 0.000024
166.000000 0.000025
167.000000 0.000025
168.000000 0.000026
169.000000 0.000026
170.000000 0.000027
171.000000 0.000027
172.000000 0.000028
173.000000 0.000029
174.000000 0.000029
175.000000 0.000030
176.000000 0.000030
177.000000 0.000031
178.000000 0.000032
179.000000 0.000032
180.000000 0.000033
181.000000 0.000034
182.000000 0.000034
183.000000 0.000035
184.000000 0.000036
185.000000 0.000036
186.000000 0.000037
187.000000 0.000038
188.000000 0.000039
189.000000 0.000039
190.000000 0.000040
191.000000 0.000041
192.000000 0.000041
193.000000 0.000042
194.000000 0.000043
195.000000 0.000044
196.000000 0.000044
197.000000 0.000045
198.000000 0.000046
199.000000 0.000047
200.000000 0.000048
201.000000 0.000048
202.000000 0.000049
203.000000 0.000050
204.000000 0.000051
205.000000 0.000052
206.000000 0.000052
207.000000 0.000053
208.000000 0.000054
209.000000 0.000055
210.000000 0.000056
211.000000 0.000057
212.000000 0.000058
213.000000 0.000058
214.000000 0.000059
215.000000 0.000060
216.000000 0.000061
217.000000 0.000062
218.000000 0.000063
219.000000 0.000064
220.000000 0.000065
221.000000 0.000066
222.000000 0.000067
223.000000 0.000068
224.000000 0.000068
225.000000 0.000069
226.000000 0.000070
227.000000 0.000071
228.000000 0.000072
229.000000 0.000073
230.000000 0.000074
231.000000 0.000075
232.000000 0.000076
233.000000 0.000077
234.000000 0.000078
235.000000 0.000079
236.000000 0.000080
237.000000 0.000081
238.000000 0.000082
239.000000 0.000083
240.000000 0.000084
241.000000 0.000085
242.000000 0.000086
243.000000 0.000087
244.000000 0.000088
245.000000 0.000089
246.000000 0.000090
247.000000 0.000091
248.000000 0.000092
249.000000 0.000093
250.000000 0.000094
251.000000 0.000095
252.000000 0.000097
253.000000 0.000098
254.000000 0.000099
255.000000 0.000100
256.000000 0.000101
257.000000 0.000102
258.000000 0.000103
259.000000 0.000104
260.000000 0.000105
261.000000 0.000106
262.000000 0.000107
263.000000 0.000108
264.000000 0.000110
265.000000 0.000111
266.000000 0.000112
267.000000 0.000113
268.000000 0.000114
269.000000 0.000115
270.000000 0.000116
271.000000 0.000117
272.000000 0.000119
273.000000 0.000120
274.000000 0.000121
275.000000 0.000122
276.000000 0.000123
277.000000 0.000124
278.000000 0.000125
279.000000 0.000127
280.000000 0.000128
281.000000 0.000129
282.000000 0.000130
283.000000 0.000131
284.000000 0.000132
285.000000 0.000134
286.000000 0.000135
287.000000 0.000136
288.000000 0.000137
289.000000 0.000138
290.000000 0.000139
291.000000 0.000141
292.000000 0.000142
293.000000 0.000143
294.000000 0.000144
295.000000 0.000145
296.000000 0.000147
297.000000 0.000148
298.000000 0.000149
299.000000 0.000150
300.000000 0.000152
301.000000 0.000153
302.000000 0.000154
303.000000 0.000155
304.000000 0.000156
305.000000 0.000158
306.000000 0.000159
307.000000 0.000160
308.000000 0.000161
309.000000 0.000163
310.000000 0.000164
311.000000 0.000165
312.000000 0.000166
313.000000 0.000168
314.000000 0.000169
315.000000 0.000170
316.000000 0.000171
317.000000 0.000173
318.000000 0.000174
319.000000 0.000175
320.000000 0.000176
321.000000 0.000178
322.000000 0.000179
323.000000 0.000180
324.000000 0.000182
325.000000 0.000183
326.000000 0.000184
327.000000 0.000185
328.000000 0.000187
329.000000 0.000188
330.000000 0.000189
331.000000 0.000191
332.000000 0.000192
333.000000 0.000193
334.000000 0.000195
335.000000 0.000196
336.000000 0.000197
337.000000 0.000199
338.000000 0.000200
339.000000 0.000201
340.000000 0.000203
341.000000 0.000204
342.000000 0.000205
343.000000 0.000207
344.000000 0.000208
345.000000 0.000209
346.000000 0.000211
347.000000 0.000212
348.000000 0.000213
349.000000 0.000215
350.000000 0.000216
351.000000 0.000217
352.000000 0.000219
353.000000 0.000220
354.000000 0.000221
355.000000 0.000223
356.000000 0.000224
357.000000 0.000226
358.000000 0.000227
359.000000 0.000228
360.000000 0.000230
361.000000 0.000231
362.000000 0.000233
363.000000 0.000234
364.000000 0.000235
365.000000 0.000237
366.000000 0.000238
367.000000 0.000240
368.000000 0.000241
369.000000 0.000242
370.000000 0.000244
371.000000 0.000245
372.000000 0.000247
373.000000 0.000248
374.000000 0.000249
375.000000 0.000251
376.000000 0.000252
377.000000 0.000254
378.000000 0.000255
379.000000 0.000257
380.000000 0.000258
381.000000 0.000260
382.000000 0.000261
383.000000 0.000262
384.000000 0.000264
385.000000 0.000265
386.000000 0.000267
387.000000 0.000268
388.000000 0.000270
389.000000 0.000271
390.000000 0.000273
391.000000 0.000274
392.000000 0.000276
393.000000 0.000277
394.000000 0.000279
395.000000 0.000280
396.000000 0.000282
397.000000 0.000283
398.000000 0.000285
399.000000 0.000286
400.000000 0.000288
401.000000 0.000289
402.000000 0.000291
403.000000 0.000292
404.000000 0.000294
405.000000 0.000295
406.000000 0.000297
407.000000 0.000298
408.000000 0.000300
409.000000 0.000301
410.000000 0.000303
411.000000 0.000304
412.000000 0.000306
413.000000 0.000307
414.000000 0.000309
415.000000 0.000310
416.000000 0.000312
417.000000 0.000314
418.000000 0.000315
419.000000 0.000317
420.000000 0.000318
421.000000 0.000320
422.000000 0.000321
423.000000 0.000323
424.000000 0.000324
425.000000 0.000326
426.000000 0.000328
427.000000 0.000329
428.000000 0.000331
429.000000 0.000332
430.000000 0.000334
431.000000 0.000335
432.000000 0.000337
433.000000 0.000339
434.000000 0.000340
435.000000 0.000342
436.000000 0.000343
437.000000 0.000345
438.000000 0.000347
439.000000 0.000348
440.000000 0.000350
441.000000 0.000351
442.000000 0.000353
443.000000 0.000355
444.000000 0.000356
445.000000 0.000358
446.000000 0.000359
447.000000 0.000361
448.000000 0.000363
449.000000 0.000364
450.000000 0.000366
451.000000 0.000368
452.000000 0.000369
453.000000 0.000371
454.000000 0.000373
455.000000 0.000374
456.000000 0.000376
457.000000 0.000377
458.000000 0.000379
459.000000 0.000381
460.000000 0.000382
461.000000 0.000384
462.000000 0.000386
463.000000 0.000387
464.000000 0.000389
465.000000 0.000391
466.000000 0.000392
467.000000 0.000394
468.000000 0.000396
469.000000 0.000397
470.000000 0.000399
471.000000 0.000401
472.000000 0.000402
473.000000 0.000404
474.000000 0.000406
475.000000 0.000407
476.000000 0.000409
477.000000 0.000411
478.000000 0.000413
479.000000 0.000414
480.000000 0.000416
481.000000 0.000418
482.000000 0.000419
483.000000 0.000421
484.000000 0.000423
485.000000 0.000424
486.000000 0.000426
487.000000 0.000428
488.000000 0.000430
489.000000 0.000431
490.000000 0.000433
491.000000 0.000435
492.000000 0.000436
493.000000 0.000438
494.000000 0.000440
495.000000 0.000442
496.000000 0.000443
497.000000 0.000445
498.000000 0.000447
499.000000 0.000449
500.000000 0.000450
501.000000 0.000452
502.000000 0.000454
503.000000 0.000455
504.000000 0.000457
505.000000 0.000459
506.000000 0.000461
507.000000 0.000462
508.000000 0.000464
509.000000 0.000466
510.000000 0.000468
511.000000 0.000469
512.000000 0.000471
513.000000 0.000473
514.000000 0.000475
515.000000 0.000476
516.000000 0.000478
517.000000 0.000480
518.000000 0.000482
519.000000 0.000484
520.000000 0.000485
521.000000 0.000487
522.000000 0.000489
523.000000 0.000491
524.000000 0.000492
525.000000 0.000494
526.000000 0.000496
527.000000 0.000498
528.000000 0.000500
529.000000 0.000501
530.000000 0.000503
531.000000 0.000505
532.000000 0.000507
533.000000 0.000508
534.000000 0.000510
535.000000 0.000512
536.000000 0.000514
537.000000 0.000516
538.000000 0.000517
539.000000 0.000519
540.000000 0.000521
541.000000 0.000523
542.000000 0.000525
543.000000 0.000526
544.000000 0.000528
545.000000 0.000530
546.000000 0.000532
547.000000 0.000534
548.000000 0.000535
549.000000 0.000537
550.000000 0.000539
551.000000 0.000541
552.000000 0.000543
553.000000 0.000545
554.000000 0.000546
555.000000 0.000548
556.000000 0.000550
557.000000 0.000552
558.000000 0.000554
559.000000 0.000555
560.000000 0.000557
561.000000 0.000559
562.000000 0.000561
563.000000 0.000563
564.000000 0.000565
565.000000 0.000566
566.000000 0.000568
567.000000 0.000570
568.000000 0.000572
569.000000 0.000574
570.000000 0.000576
571.000000 0.000577
572.000000 0.000579
573.000000 0.000581
574.000000 0.000583
575.000000 0.000585
576.000000 0.000587
577.000000 0.000588
578.000000 0.000590
579.000000 0.000592
580.000000 0.000594
581.000000 0.000596
582.000000 0.000598
583.000000 0.000599
584.000000 0.000601
585.000000 0.000603
586.000000 0.000605
587.000000 0.000607
588.000000 0.000609
589.000000 0.000610
590.000000 0.000612
591.000000 0.000614
592.000000 0.000616
593.000000 0.000618
594.000000 0.000620
595.000000 0.000621
596.000000 0.000623
597.000000 0.000625
598.000000 0.000627
599.000000 0.000629
600.000000 0.000631
601.000000 0.000633
602.000000 0.000634
603.000000 0.000636
604.000000 0.000638
605.000000 0.000640
606.000000 0.000642
607.000000 0.000644
608.000000 0.000645
609.000000 0.000647
610.000000 0.000649
611.000000 0.000651
612.000000 0.000653
613.000000 0.000655
614.000000 0.000656
615.000000 0.000658
616.000000 0.000660
617.000000 0.000662
618.000000 0.000664
619.000000 0.000666
620.000000 0.000668
621.000000 0.000669
622.000000 0.000671
623.000000 0.000673
624.000000 0.000675
625.000000 0.000677
626.000000 0.000679
627.000000 0.000680
628.000000 0.000682
629.000000 0.000684
630.000000 0.000686
631.000000 0.000688
632.000000 0.000690
633.000000 0.000692
634.000000 0.000693
635.000000 0.000695
636.000000 0.000697
637.000000 0.000699
638.000000 0.000701
639.000000 0.000703
640.000000 0.000704
641.000000 0.000706
642.000000 0.000708
643.000000 0.000710
644.000000 0.000712
645.000000 0.000714
646.000000 0.000715
647.000000 0.000717
648.000000 0.000719
649.000000 0.000721
650.000000 0.000723
651.000000 0.000724
652.000000 0.000726
653.000000 0.000728
654.000000 0.000730
655.000000 0.000732
656.000000 0.000734
657.000000 0.000735
658.000000 0.000737
659.000000 0.000739
660.000000 0.000741
661.000000 0.000743
662.000000 0.000744
663.000000 0.000746
664.000000 0.000748
665.000000 0.000750
666.000000 0.000752
667.000000 0.000754
668.000000 0.000755
669.000000 0.000757
670.000000 0.000759
671.000000 0.000761
672.000000 0.000763
673.000000 0.000764
674.000000 0.000766
675.000000 0.000768
676.000000 0.000770
677.000000 0.000772
678.000000 0.000773
679.000000 0.000775
680.000000 0.000777
681.000000 0.000779
682.000000 0.000780
683.000000 0.000782
684.000000 0.000784
685.000000 0.000786
686.000000 0.000788
687.000000 0.000789
688.000000 0.000791
689.000000 0.000793
690.000000 0.000795
691.000000 0.000796
692.000000 0.000798
693.000000 0.000800
694.000000 0.000802
695.000000 0.000803
696.000000 0.000805
697.000000 0.000807
698.000000 0.000809
699.000000 0.000810
700.000000 0.000812
701.000000 0.000814
702.000000 0.000816
703.000000 0.000817
704.000000 0.000819
705.000000 0.000821
706.000000 0.000823
707.000000 0.000824
708.000000 0.000826
709.000000 0.000828
710.000000 0.000830
711.000000 0.000831
712.000000 0.000833
713.000000 0.000835
714.000000 0.000836
715.000000 0.000838
716.000000 0.000840
717.000000 0.000842
718.000000 0.000843
719.000000 0.000845
720.000000 0.000847
721.000000 0.000848
722.000000 0.000850
723.000000 0.000852
724.000000 0.000853
725.000000 0.000855
726.000000 0.000857
727.000000 0.000858
728.000000 0.000860
729.000000 0.000862
730.000000 0.000863
731.000000 0.000865
732.000000 0.000867
733.000000 0.000868
734.000000 0.000870
735.000000 0.000872
736.000000 0.000873
737.000000 0.000875
738.000000 0.000877
739.000000 0.000878
740.000000 0.000880
741.000000 0.000882
742.000000 0.000883
743.000000 0.000885
744.000000 0.000886
745.000000 0.000888
746.000000 0.000890
747.000000 0.000891
748.000000 0.000893
749.000000 0.000894
750.000000 0.000896
751.000000 0.000898
752.000000 0.000899
753.000000 0.000901
754.000000 0.000902
755.000000 0.000904
756.000000 0.000906
757.000000 0.000907
758.000000 0.000909
759.000000 0.000910
760.000000 0.000912
761.000000 0.000913
762.000000 0.000915
763.000000 0.000917
764.000000 0.000918
765.000000 0.000920
766.000000 0.000921
767.000000 0.000923
768.000000 0.000924
769.000000 0.000926
770.000000 0.000927
771.000000 0.000929
772.000000 0.000930
773.000000 0.000932
774.000000 0.000933
775.000000 0.000935
776.000000 0.000936
777.000000 0.000938
778.000000 0.000939
779.000000 0.000941
780.000000 0.000942
781.000000 0.000944
782.000000 0.000945
783.000000 0.000947
784.000000 0.000948
785.000000 0.000950
786.000000 0.000951
787.000000 0.000953
788.000000 0.000954
789.000000 0.000955
790.000000 0.000957
791.000000 0.000958
792.000000 0.000960
793.000000 0.000961
794.000000 0.000963
795.000000 0.000964
796.000000 0.000965
797.000000 0.000967
798.000000 0.000968
799.000000 0.000970
800.000000 0.000971
801.000000 0.000972
802.000000 0.000974
803.000000 0.000975
804.000000 0.000976
805.000000 0.000978
806.000000 0.000979
807.000000 0.000981
808.000000 0.000982
809.000000 0.000983
810.000000 0.000985
811.000000 0.000986
812.000000 0.000987
813.000000 0.000989
814.000000 0.000990
815.000000 0.000991
816.000000 0.000992
817.000000 0.000994
818.000000 0.000995
819.000000 0.000996
820.000000 0.000998
821.000000 0.000999
822.000000 0.001000
823.000000 0.001001
824.000000 0.001003
825.000000 0.001004
826.000000 0.001005
827.000000 0.001006
828.000000 0.001008
829.000000 0.001009
830.000000 0.001010
831.000000 0.001011
832.000000 0.001013
833.000000 0.001014
834.000000 0.001015
835.000000 0.001016
836.000000 0.001017
837.000000 0.001019
838.000000 0.001020
839.000000 0.001021
840.000000 0.001022
841.000000 0.001023
842.000000 0.001024
843.000000 0.001026
844.000000 0.001027
845.000000 0.001028
846.000000 0.001029
847.000000 0.001030
848.000000 0.001031
849.000000 0.001032
850.000000 0.001034
851.000000 0.001035
852.000000 0.001036
853.000000 0.001037
854.000000 0.001038
855.000000 0.001039
856.000000 0.001040
857.000000 0.001041
858.000000 0.001042
859.000000 0.001043
860.000000 0.001044
861.000000 0.001045
862.000000 0.001046
863.000000 0.001047
864.000000 0.001048
865.000000 0.001049
866.000000 0.001050
867.000000 0.001051
868.000000 0.001052
869.000000 0.001053
870.000000 0.001054
871.000000 0.001055
872.000000 0.001056
873.000000 0.001057
874.000000 0.001058
875.000000 0.001059
876.000000 0.001060
877.000000 0.001061
878.000000 0.001062
879.000000 0.001063
880.000000 0.001064
881.000000 0.001065
882.000000 0.001066
883.000000 0.001067
884.000000 0.001067
885.000000 0.001068
886.000000 0.001069
887.000000 0.001070
888.000000 0.001071
889.000000 0.001072
890.000000 0.001073
891.000000 0.001073
892.000000 0.001074
893.000000 0.001075
894.000000 0.001076
895.000000 0.001077
896.000000 0.001078
897.000000 0.001078
898.000000 0.001079
899.000000 0.001080
900.000000 0.001081
901.000000 0.001081
902.000000 0.001082
903.000000 0.001083
904.000000 0.001084
905.000000 0.001084
906.000000 0.001085
907.000000 0.001086
908.000000 0.001087
909.000000 0.001087
910.000000 0.001088
911.000000 0.001089
912.000000 0.001089
913.000000 0.001090
914.000000 0.001091
915.000000 0.001091
916.000000 0.001092
917.000000 0.001093
918.000000 0.001093
919.000000 0.001094
920.000000 0.001095
921.000000 0.001095
922.000000 0.001096
923.000000 0.001097
924.000000 0.001097
925.000000 0.001098
926.000000 0.001098
927.000000 0.001099
928.000000 0.001099
929.000000 0.001100
930.000000 0.001101
931.000000 0.001101
932.000000 0.001102
933.000000 0.001102
934.000000 0.001103
935.000000 0.001103
936.000000 0.001104
937.000000 0.001104
938.000000 0.001105
939.000000 0.001105
940.000000 0.001106
941.000000 0.001106
942.000000 0.001107
943.000000 0.001107
944.000000 0.001108
945.000000 0.001108
946.000000 0.001108
947.000000 0.001109
948.000000 0.001109
949.000000 0.001110
950.000000 0.001110
951.000000 0.001111
952.000000 0.001111
953.000000 0.001111
954.000000 0.001112
955.000000 0.001112
956.000000 0.001112
957.000000 0.001113
958.000000 0.001113
959.000000 0.001113
960.000000 0.001114
961.000000 0.001114
962.000000 0.001114
963.000000 0.001115
964.000000 0.001115
965.000000 0.001115
966.000000 0.001115
967.000000 0.001116
968.000000 0.001116
969.000000 0.001116
970.000000 0.001117
971.000000 0.001117
972.000000 0.001117
973.000000 0.001117
974.000000 0.001117
975.000000 0.001118
976.000000 0.001118
977.000000 0.001118
978.000000 0.001118
979.000000 0.001118
980.000000 0.001119
981.000000 0.001119
982.000000 0.001119
983.000000 0.001119
984.000000 0.001119
985.000000 0.001119
986.000000 0.001119
987.000000 0.001120
988.000000 0.001120
989.000000 0.001120
990.000000 0.001120
991.000000 0.001120
992.000000 0.001120
993.000000 0.001120
994.000000 0.001120
995.000000 0.001120
996.000000 0.001120
997.000000 0.001120
998.000000 0.001120
999.000000 0.001120
1000.000000 0.001120
1001.000000 0.001120
1002.000000 0.001120
1003.000000 0.001120
1004.000000 0.001120
1005.000000 0.001120
1006.000000 0.001120
1007.000000 0.001120
1008.000000 0.001120
1009.000000 0.001120
1010.000000 0.001120
1011.000000 0.001120
1012.000000 0.001120
1013.000000 0.001120
1014.000000 0.001119
1015.000000 0.001119
1016.000000 0.001119
1017.000000 0.001119
1018.000000 0.001119
1019.000000 0.001119
1020.000000 0.001119
1021.000000 0.001119
1022.000000 0.001118
1023.000000 0.001118
1024.000000 0.001118
1025.000000 0.001118
1026.000000 0.001118
1027.000000 0.001117
1028.000000 0.001117
1029.000000 0.001117
1030.000000 0.001117
1031.000000 0.001117
1032.000000 0.001116
1033.000000 0.001116
1034.000000 0.001116
1035.000000 0.001115
1036.000000 0.001115
1037.000000 0.001115
1038.000000 0.001115
1039.000000 0.001114
1040.000000 0.001114
1041.000000 0.001114
1042.000000 0.001113
1043.000000 0.001113
1044.000000 0.001113
1045.000000 0.001112
1046.000000 0.001112
1047.000000 0.001112
1048.000000 0.001111
1049.000000 0.001111
1050.000000 0.001110
1051.000000 0.001110
1052.000000 0.001110
1053.000000 0.001109
1054.000000 0.001109
1055.000000 0.001108
1056.000000 0.001108
1057.000000 0.001108
1058.000000 0.001107
1059.000000 0.001107
1060.000000 0.001106
1061.000000 0.001106
1062.000000 0.001105
1063.000000 0.001105
1064.000000 0.001104
1065.000000 0.001104
1066.000000 0.001103
1067.000000 0.001103
1068.000000 0.001102
1069.000000 0.001102
1070.000000 0.001101
1071.000000 0.001101
1072.000000 0.001100
1073.000000 0.001099
1074.000000 0.001099
1075.000000 0.001098
1076.000000 0.001098
1077.000000 0.001097
1078.000000 0.001097
1079.000000 0.001096
1080.000000 0.001095
1081.000000 0.001095
1082.000000 0.001094
1083.000000 0.001093
1084.000000 0.001093
1085.000000 0.001092
1086.000000 0.001091
1087.000000 0.001091
1088.000000 0.001090
1089.000000 0.001089
1090.000000 0.001089
1091.000000 0.001088
1092.000000 0.001087
1093.000000 0.001087
1094.000000 0.001086
1095.000000 0.001085
1096.000000 0.001084
1097.000000 0.001084
1098.000000 0.001083
1099.000000 0.001082
1100.000000 0.001081
1101.000000 0.001081
1102.000000 0.001080
1103.000000 0.001079
1104.000000 0.001078
1105.000000 0.001077
1106.000000 0.001077
1107.000000 0.001076
1108.000000 0.001075
1109.000000 0.001074
1110.000000 0.001073
1111.000000 0.001073
1112.000000 0.001072
1113.000000 0.001071
1114.000000 0.001070
1115.000000 0.001069
1116.000000 0.001068
1117.000000 0.001067
1118.000000 0.001066
1119.000000 0.001066
1120.000000 0.001065
1121.000000 0.001064
1122.000000 0.001063
1123.000000 0.001062
1124.000000 0.001061
1125.000000 0.001060
1126.000000 0.001059
1127.000000 0.001058
1128.000000 0.001057
1129.000000 0.001056
1130.000000 0.001055
1131.000000 0.001054
1132.000000 0.001053
1133.000000 0.001052
1134.000000 0.001051
1135.000000 0.001050
1136.000000 0.001049
1137.000000 0.001048
1138.000000 0.001047
1139.000000 0.001046
1140.000000 0.001045
1141.000000 0.001044
1142.000000 0.001043
1143.000000 0.001042
1144.000000 0.001041
1145.000000 0.001040
1146.000000 0.001039
1147.000000 0.001038
1148.000000 0.001037
1149.000000 0.001036
1150.000000 0.001035
1151.000000 0.001033
1152.000000 0.001032
1153.000000 0.001031
1154.000000 0.001030
1155.000000 0.001029
1156.000000 0.001028
1157.000000 0.001027
1158.000000 0.001026
1159.000000 0.001024
1160.000000 0.001023
1161.000000 0.001022
1162.000000 0.001021
1163.000000 0.001020
1164.000000 0.001019
1165.000000 0.001017
1166.000000 0.001016
1167.000000 0.001015
1168.000000 0.001014
1169.000000 0.001013
1170.000000 0.001011
1171.000000 0.001010
1172.000000 0.001009
1173.000000 0.001008
1174.000000 0.001006
1175.000000 0.001005
1176.000000 0.001004
1177.000000 0.001003
1178.000000 0.001001
1179.000000 0.001000
1180.000000 0.000999
1181.000000 0.000998
1182.000000 0.000996
1183.000000 0.000995
1184.000000 0.000994
1185.000000 0.000992
1186.000000 0.000991
1187.000000 0.000990
1188.000000 0.000988
1189.000000 0.000987
1190.000000 0.000986
1191.000000 0.000985
1192.000000 0.000983
1193.000000 0.000982
1194.000000 0.000980
1195.000000 0.000979
1196.000000 0.000978
1197.000000 0.000976
1198.000000 0.000975
1199.000000 0.000974
1200.000000 0.000972
1201.000000 0.000971
1202.000000 0.000970
1203.000000 0.000968
1204.000000 0.000967
1205.000000 0.000965
1206.000000 0.000964
1207.000000 0.000963
1208.000000 0.000961
1209.000000 0.000960
1210.000000 0.000958
1211.000000 0.000957
1212.000000 0.000955
1213.000000 0.000954
1214.000000 0.000952
1215.000000 0.000951
1216.000000 0.000950
1217.000000 0.000948
1218.000000 0.000947
1219.000000 0.000945
1220.000000 0.000944
1221.000000 0.000942
1222.000000 0.000941
1223.000000 0.000939
1224.000000 0.000938
1225.000000 0.000936
1226.000000 0.000935
1227.000000 0.000933
1228.000000 0.000932
1229.000000 0.000930
1230.000000 0.000929
1231.000000 0.000927
1232.000000 0.000926
1233.000000 0.000924
1234.000000 0.000923
1235.000000 0.000921
1236.000000 0.000920
1237.000000 0.000918
1238.000000 0.000916
1239.000000 0.000915
1240.000000 0.000913
1241.000000 0.000912
1242.000000 0.000910
1243.000000 0.000909
1244.000000 0.000907
1245.000000 0.000906
1246.000000 0.000904
1247.000000 0.000902
1248.000000 0.000901
1249.000000 0.000899
1250.000000 0.000898
1251.000000 0.000896
1252.000000 0.000894
1253.000000 0.000893
1254.000000 0.000891
1255.000000 0.000890
1256.000000 0.000888
1257.000000 0.000886
1258.000000 0.000885
1259.000000 0.000883
1260.000000 0.000881
1261.000000 0.000880
1262.000000 0.000878
1263.000000 0.000877
1264.000000 0.000875
1265.000000 0.000873
1266.000000 0.000872
1267.000000 0.000870
1268.000000 0.000868
1269.000000 0.000867
1270.000000 0.000865
1271.000000 0.000863
1272.000000 0.000862
1273.000000 0.000860
1274.000000 0.000858
1275.000000 0.000857
1276.000000 0.000855
1277.000000 0.000853
1278.000000 0.000852
1279.000000 0.000850
1280.000000 0.000848
1281.000000 0.000847
1282.000000 0.000845
1283.000000 0.000843
1284.000000 0.000841
1285.000000 0.000840
1286.000000 0.000838
1287.000000 0.000836
1288.000000 0.000835
1289.000000 0.000833
1290.000000 0.000831
1291.000000 0.000829
1292.000000 0.000828
1293.000000 0.000826
1294.000000 0.000824
1295.000000 0.000823
1296.000000 0.000821
1297.000000 0.000819
1298.000000 0.000817
1299.000000 0.000816
1300.000000 0.000814
1301.000000 0.000812
1302.000000 0.000810
1303.000000 0.000809
1304.000000 0.000807
1305.000000 0.000805
1306.000000 0.000803
1307.000000 0.000802
1308.000000 0.000800
1309.000000 0.000798
1310.000000 0.000796
1311.000000 0.000795
1312.000000 0.000793
1313.000000 0.000791
1314.000000 0.000789
1315.000000 0.000787
1316.000000 0.000786
1317.000000 0.000784
1318.000000 0.000782
1319.000000 0.000780
1320.000000 0.000779
1321.000000 0.000777
1322.000000 0.000775
1323.000000 0.000773
1324.000000 0.000771
1325.000000 0.000770
1326.000000 0.000768
1327.000000 0.000766
1328.000000 0.000764
1329.000000 0.000762
1330.000000 0.000761
1331.000000 0.000759
1332.000000 0.000757
1333.000000 0.000755
1334.000000 0.000753
1335.000000 0.000752
1336.000000 0.000750
1337.000000 0.000748
1338.000000 0.000746
1339.000000 0.000744
1340.000000 0.000743
1341.000000 0.000741
1342.000000 0.000739
1343.000000 0.000737
1344.000000 0.000735
1345.000000 0.000733
1346.000000 0.000732
1347.000000 0.000730
1348.000000 0.000728
1349.000000 0.000726
1350.000000 0.000724
1351.000000 0.000723
1352.000000 0.000721
1353.000000 0.000719
1354.000000 0.000717
1355.000000 0.000715
1356.000000 0.000713
1357.000000 0.000712
1358.000000 0.000710
1359.000000 0.000708
1360.000000 0.000706
1361.000000 0.000704
1362.000000 0.000702
1363.000000 0.000701
1364.000000 0.000699
1365.000000 0.000697
1366.000000 0.000695
1367.000000 0.000693
1368.000000 0.000691
1369.000000 0.000690
1370.000000 0.000688
1371.000000 0.000686
1372.000000 0.000684
1373.000000 0.000682
1374.000000 0.000680
1375.000000 0.000679
1376.000000 0.000677
1377.000000 0.000675
1378.000000 0.000673
1379.000000 0.000671
1380.000000 0.000669
1381.000000 0.000667
1382.000000 0.000666
1383.000000 0.000664
1384.000000 0.000662
1385.000000 0.000660
1386.000000 0.000658
1387.000000 0.000656
1388.000000 0.000655
1389.000000 0.000653
1390.000000 0.000651
1391.000000 0.000649
1392.000000 0.000647
1393.000000 0.000645
1394.000000 0.000643
1395.000000 0.000642
1396.000000 0.000640
1397.000000 0.000638
1398.000000 0.000636
1399.000000 0.000634
1400.000000 0.000632
1401.000000 0.000631
1402.000000 0.000629
1403.000000 0.000627
1404.000000 0.000625
1405.000000 0.000623
1406.000000 0.000621
1407.000000 0.000619
1408.000000 0.000618
1409.000000 0.000616
1410.000000 0.000614
1411.000000 0.000612
1412.000000 0.000610
1413.000000 0.000608
1414.000000 0.000607
1415.000000 0.000605
1416.000000 0.000603
1417.000000 0.000601
1418.000000 0.000599
1419.000000 0.000597
1420.000000 0.000596
1421.000000 0.000594
1422.000000 0.000592
1423.000000 0.000590
1424.000000 0.000588
1425.000000 0.000586
1426.000000 0.000585
1427.000000 0.000583
1428.000000 0.000581
1429.000000 0.000579
1430.000000 0.000577
1431.000000 0.000575
1432.000000 0.000574
1433.000000 0.000572
1434.000000 0.000570
1435.000000 0.000568
1436.000000 0.000566
1437.000000 0.000564
1438.000000 0.000563
1439.000000 0.000561
1440.000000 0.000559
1441.000000 0.000557
1442.000000 0.000555
1443.000000 0.000553
1444.000000 0.000552
1445.000000 0.000550
1446.000000 0.000548
1447.000000 0.000546
1448.000000 0.000544
1449.000000 0.000543
1450.000000 0.000541
1451.000000 0.000539
1452.000000 0.000537
1453.000000 0.000535
1454.000000 0.000534
1455.000000 0.000532
1456.000000 0.000530
1457.000000 0.000528
1458.000000 0.000526
1459.000000 0.000525
1460.000000 0.000523
1461.000000 0.000521
1462.000000 0.000519
1463.000000 0.000517
1464.000000 0.000516
1465.000000 0.000514
1466.000000 0.000512
1467.000000 0.000510
1468.000000 0.000508
1469.000000 0.000507
1470.000000 0.000505
1471.000000 0.000503
1472.000000 0.000501
1473.000000 0.000499
1474.000000 0.000498
1475.000000 0.000496
1476.000000 0.000494
1477.000000 0.000492
1478.000000 0.000491
1479.000000 0.000489
1480.000000 0.000487
1481.000000 0.000485
1482.000000 0.000483
1483.000000 0.000482
1484.000000 0.000480
1485.000000 0.000478
1486.000000 0.000476
1487.000000 0.000475
1488.000000 0.000473
1489.000000 0.000471
1490.000000 0.000469
1491.000000 0.000468
1492.000000 0.000466
1493.000000 0.000464
1494.000000 0.000462
1495.000000 0.000461
1496.000000 0.000459
1497.000000 0.000457
1498.000000 0.000455
1499.000000 0.000454
1500.000000 0.000452
1501.000000 0.000450
1502.000000 0.000448
1503.000000 0.000447
1504.000000 0.000445
1505.000000 0.000443
1506.000000 0.000441
1507.000000 0.000440
1508.000000 0.000438
1509.000000 0.000436
1510.000000 0.000435
1511.000000 0.000433
1512.000000 0.000431
1513.000000 0.000429
1514.000000 0.000428
1515.000000 0.000426
1516.000000 0.000424
1517.000000 0.000423
1518.000000 0.000421
1519.000000 0.000419
1520.000000 0.000418
1521.000000 0.000416
1522.000000 0.000414
1523.000000 0.000412
1524.000000 0.000411
1525.000000 0.000409
1526.000000 0.000407
1527.000000 0.000406
1528.000000 0.000404
1529.000000 0.000402
1530.000000 0.000401
1531.000000 0.000399
1532.000000 0.000397
1533.000000 0.000396
1534.000000 0.000394
1535.000000 0.000392
1536.000000 0.000391
1537.000000 0.000389
1538.000000 0.000387
1539.000000 0.000386
1540.000000 0.000384
1541.000000 0.000382
1542.000000 0.000381
1543.000000 0.000379
1544.000000 0.000377
1545.000000 0.000376
1546.000000 0.000374
1547.000000 0.000372
1548.000000 0.000371
1549.000000 0.000369
1550.000000 0.000368
1551.000000 0.000366
1552.000000 0.000364
1553.000000 0.000363
1554.000000 0.000361
1555.000000 0.000359
1556.000000 0.000358
1557.000000 0.000356
1558.000000 0.000355
1559.000000 0.000353
1560.000000 0.000351
1561.000000 0.000350
1562.000000 0.000348
1563.000000 0.000347
1564.000000 0.000345
1565.000000 0.000343
1566.000000 0.000342
1567.000000 0.000340
1568.000000 0.000339
1569.000000 0.000337
1570.000000 0.000335
1571.000000 0.000334
1572.000000 0.000332
1573.000000 0.000331
1574.000000 0.000329
1575.000000 0.000327
1576.000000 0.000326
1577.000000 0.000324
1578.000000 0.000323
1579.000000 0.000321
1580.000000 0.000320
1581.000000 0.000318
1582.000000 0.000317
1583.000000 0.000315
1584.000000 0.000313
1585.000000 0.000312
1586.000000 0.000310
1587.000000 0.000309
1588.000000 0.000307
1589.000000 0.000306
1590.000000 0.000304
1591.000000 0.000303
1592.000000 0.000301
1593.000000 0.000300
1594.000000 0.000298
1595.000000 0.000297
1596.000000 0.000295
1597.000000 0.000294
1598.000000 0.000292
1599.000000 0.000291
1600.000000 0.000289
1601.000000 0.000288
1602.000000 0.000286
1603.000000 0.000285
1604.000000 0.000283
1605.000000 0.000282
1606.000000 0.000280
1607.000000 0.000279
1608.000000 0.000277
1609.000000 0.000276
1610.000000 0.000274
1611.000000 0.000273
1612.000000 0.000271
1613.000000 0.000270
1614.000000 0.000268
1615.000000 0.000267
1616.000000 0.000265
1617.000000 0.000264
1618.000000 0.000262
1619.000000 0.000261
1620.000000 0.000259
1621.000000 0.000258
1622.000000 0.000257
1623.000000 0.000255
1624.000000 0.000254
1625.000000 0.000252
1626.000000 0.000251
1627.000000 0.000249
1628.000000 0.000248
1629.000000 0.000247
1630.000000 0.000245
1631.000000 0.000244
1632.000000 0.000242
1633.000000 0.000241
1634.000000 0.000239
1635.000000 0.000238
1636.000000 0.000237
1637.000000 0.000235
1638.000000 0.000234
1639.000000 0.000232
1640.000000 0.000231
1641.000000 0.000230
1642.000000 0.000228
1643.000000 0.000227
1644.000000 0.000226
1645.000000 0.000224
1646.000000 0.000223
1647.000000 0.000221
1648.000000 0.000220
1649.000000 0.000219
1650.000000 0.000217
1651.000000 0.000216
1652.000000 0.000215
1653.000000 0.000213
1654.000000 0.000212
1655.000000 0.000210
1656.000000 0.000209
1657.000000 0.000208
1658.000000 0.000206
1659.000000 0.000205
1660.000000 0.000204
1661.000000 0.000202
1662.000000 0.000201
1663.000000 0.000200
1664.000000 0.000198
1665.000000 0.000197
1666.000000 0.000196
1667.000000 0.000194
1668.000000 0.000193
1669.000000 0.000192
1670.000000 0.000191
1671.000000 0.000189
1672.000000 0.000188
1673.000000 0.000187
1674.000000 0.000185
1675.000000 0.000184
1676.000000 0.000183
1677.000000 0.000181
1678.000000 0.000180
1679.000000 0.000179
1680.000000 0.000178
1681.000000 0.000176
1682.000000 0.000175
1683.000000 0.000174
1684.000000 0.000173
1685.000000 0.000171
1686.000000 0.000170
1687.000000 0.000169
1688.000000 0.000168
1689.000000 0.000166
1690.000000 0.000165
1691.000000 0.000164
1692.000000 0.000163
1693.000000 0.000161
1694.000000 0.000160
1695.000000 0.000159
1696.000000 0.000158
1697.000000 0.000156
1698.000000 0.000155
1699.000000 0.000154
1700.000000 0.000153
1701.000000 0.000151
1702.000000 0.000150
1703.000000 0.000149
1704.000000 0.000148
1705.000000 0.000147
1706.000000 0.000145
1707.000000 0.000144
1708.000000 0.000143
1709.000000 0.000142
1710.000000 0.000141
1711.000000 0.000139
1712.000000 0.000138
1713.000000 0.000137
1714.000000 0.000136
1715.000000 0.000135
1716.000000 0.000134
1717.000000 0.000132
1718.000000 0.000131
1719.000000 0.000130
1720.000000 0.000129
1721.000000 0.000128
1722.000000 0.000127
1723.000000 0.000125
1724.000000 0.000124
1725.000000 0.000123
1726.000000 0.000122
1727.000000 0.000121
1728.000000 0.000120
1729.000000 0.000119
1730.000000 0.000117
1731.000000 0.000116
1732.000000 0.000115
1733.000000 0.000114
1734.000000 0.000113
1735.000000 0.000112
1736.000000 0.000111
1737.000000 0.000110
1738.000000 0.000108
1739.000000 0.000107
1740.000000 0.000106
1741.000000 0.000105
1742.000000 0.000104
1743.000000 0.000103
1744.000000 0.000102
1745.000000 0.000101
1746.000000 0.000100
1747.000000 0.000099
1748.000000 0.000098
1749.000000 0.000097
1750.000000 0.000095
1751.000000 0.000094
1752.000000 0.000093
1753.000000 0.000092
1754.000000 0.000091
1755.000000 0.000090
1756.000000 0.000089
1757.000000 0.000088
1758.000000 0.000087
1759.000000 0.000086
1760.000000 0.000085
1761.000000 0.000084
1762.000000 0.000083
1763.000000 0.000082
1764.000000 0.000081
1765.000000 0.000080
1766.000000 0.000079
1767.000000 0.000078
1768.000000 0.000077
1769.000000 0.000076
1770.000000 0.000075
1771.000000 0.000074
1772.000000 0.000073
1773.000000 0.000072
1774.000000 0.000071
1775.000000 0.000070
1776.000000 0.000069
1777.000000 0.000068
1778.000000 0.000067
1779.000000 0.000067
1780.000000 0.000066
1781.000000 0.000065
1782.000000 0.000064
1783.000000 0.000063
1784.000000 0.000062
1785.000000 0.000061
1786.000000 0.000060
1787.000000 0.000059
1788.000000 0.000058
1789.000000 0.000058
1790.000000 0.000057
1791.000000 0.000056
1792.000000 0.000055
1793.000000 0.000054
1794.000000 0.000053
1795.000000 0.000052
1796.000000 0.000052
1797.000000 0.000051
1798.000000 0.000050
1799.000000 0.000049
1800.000000 0.000048
1801.000000 0.000048
1802.000000 0.000047
1803.000000 0.000046
1804.000000 0.000045
1805.000000 0.000044
1806.000000 0.000044
1807.000000 0.000043
1808.000000 0.000042
1809.000000 0.000041
1810.000000 0.000041
1811.000000 0.000040
1812.000000 0.000039
1813.000000 0.000038
1814.000000 0.000038
1815.000000 0.000037
1816.000000 0.000036
1817.000000 0.000036
1818.000000 0.000035
1819.000000 0.000034
1820.000000 0.000034
1821.000000 0.000033
1822.000000 0.000032
1823.000000 0.000032
1824.000000 0.000031
1825.000000 0.000030
1826.000000 0.000030
1827.000000 0.000029
1828.000000 0.000029
1829.000000 0.000028
1830.000000 0.000027
1831.000000 0.000027
1832.000000 0.000026
1833.000000 0.000026
1834.000000 0.000025
1835.000000 0.000025
1836.000000 0.000024
1837.000000 0.000023
1838.000000 0.000023
1839.000000 0.000022
1840.000000 0.000022
1841.000000 0.000021
1842.000000 0.000021
1843.000000 0.000020
1844.000000 0.000020
1845.000000 0.000019
1846.000000 0.000019
1847.000000 0.000018
1848.000000 0.000018
1849.000000 0.000018
1850.000000 0.000017
1851.000000 0.000017
1852.000000 0.000016
1853.000000 0.000016
1854.000000 0.000015
1855.000000 0.000015
1856.000000 0.000015
1857.000000 0.000014
1858.000000 0.000014
1859.000000 0.000013
1860.000000 0.000013
1861.000000 0.000013
1862.000000 0.000012
1863.000000 0.000012
1864.000000 0.000012
1865.000000 0.000011
1866.000000 0.000011
1867.000000 0.000011
1868.000000 0.000010
1869.000000 0.000010
1870.000000 0.000010
1871.000000 0.000009
1872.000000 0.000009
1873.000000 0.000009
1874.000000 0.000009
1875.000000 0.000008
1876.000000 0.000008
1877.000000 0.000008
1878.000000 0.000007
1879.000000 0.000007
1880.000000 0.000007
1881.000000 0.000007
1882.000000 0.000007
1883.000000 0.000006
1884.000000 0.000006
1885.000000 0.000006
1886.000000 0.000006
1887.000000 0.000005
1888.000000 0.000005
1889.000000 0.000005
1890.000000 0.000005
1891.000000 0.000005
1892.000000 0.000005
1893.000000 0.000004
1894.000000 0.000004
1895.000000 0.000004
1896.000000 0.000004
1897.000000 0.000004
1898.000000 0.000004
1899.000000 0.000003
1900.000000 0.000003
1901.000000 0.000003
1902.000000 0.000003
1903.000000 0.000003
1904.000000 0.000003
1905.000000 0.000003
1906.000000 0.000002
1907.000000 0.000002
1908.000000 0.000002
1909.000000 0.000002
1910.000000 0.000002
1911.000000 0.000002
1912.000000 0.000002
1913.000000 0.000002
1914.000000 0.000002
1915.000000 0.000002
1916.000000 0.000002
1917.000000 0.000001
1918.000000 0.000001
1919.000000 0.000001
1920.000000 0.000001
1921.000000 0.000001
1922.000000 0.000001
1923.000000 0.000001
1924.000000 0.000001
1925.000000 0.000001
1926.000000 0.000001
1927.000000 0.000001
1928.000000 0.000001
1929.000000 0.000001
1930.000000 0.000001
1931.000000 0.000001
1932.000000 0.000001
1933.000000 0.000001
1934.000000 0.000001
1935.000000 0.000000
1936.000000 0.000000
1937.000000 0.000000
1938.000000 0.000000
1939.000000 0.000000
1940.000000 0.000000
1941.000000 0.000000
1942.000000 0.000000
1943.000000 0.000000
1944.000000 0.000000
1945.000000 0.000000
1946.000000 0.000000
1947.000000 0.000000
1948.000000 0.000000
1949.000000 0.000000
1950.000000 0.000000
1951.000000 0.000000
1952.000000 0.000000
1953.000000 0.000000
1954.000000 0.000000
1955.000000 0.000000
1956.000000 0.000000
1957.000000 0.000000
1958.000000 0.000000
1959.000000 0.000000
1960.000000 0.000000
1961.000000 0.000000
1962.000000 0.000000
1963.000000 0.000000
1964.000000 0.000000
1965.000000 0.000000
1966.000000 0.000000
1967.000000 0.000000
1968.000000 0.000000
1969.000000 0.000000
1970.000000 0.000000
1971.000000 0.000000
1972.000000 0.000000
1973.000000 0.000000
1974.000000 0.000000
1975.000000 0.000000
1976.000000 0.000000
1977.000000 0.000000
1978.000000 0.000000
1979.000000 0.000000
1980.000000 0.000000
1981.000000 0.000000
1982.000000 0.000000
1983.000000 0.000000
1984.000000 0.000000
1985.000000 0.000000
1986.000000 0.000000
1987.000000 0.000000
1988.000000 0.000000
1989.000000 0.000000
1990.000000 0.000000
1991.000000 0.000000
1992.000000 0.000000
1993.000000 0.000000
1994.000000 0.000000
1995.000000 0.000000
1996.000000 0.000000
1997.000000 0.000000
1998.000000 0.000000
1999.000000 0.000000
2000.000000 0.000000
