n lam mean variance std
2000 0.560000 1000.500000 44974.068897 212.070905
bin_midpoint probability
1.000000 0.000000
2.000000 0.000000
3.000000 0.000000
4.000000 0.000000
5.000000 0.000000
6.000000 0.000000
7.000000 0.000000
8.000000 0.000000
9.000000 0.000000
10.000000 0.000000
11.000000 0.000000
12.000000 0.000000
13.000000 0.000000
14.000000 0.000000
15.000000 0.000000
16.000000 0.000000
17.000000 0.000000
18.000000 0.000000
19.000000 0.000000
20.000000 0.000000
21.000000 0.000000
22.000000 0.000000
23.000000 0.000000
24.000000 0.000000
25.000000 0.000000
26.000000 0.000000
27.000000 0.000000
28.000000 0.000000
29.000000 0.000000
30.000000 0.000000
31.000000 0.000000
32.000000 0.000000
33.000000 0.000000
34.000000 0.000000
35.000000 0.000000
36.000000 0.000000
37.000000 0.000000
38.000000 0.000000
39.000000 0.000000
40.000000 0.000000
41.000000 0.000000
42.000000 0.000000
43.000000 0.000000
44.000000 0.000000
45.000000 0.000000
46.000000 0.000000
47.000000 0.000000
48.000000 0.000000
49.000000 0.000000
50.000000 0.000000
51.000000 0.000000
52.000000 0.000000
53.000000 0.000000
54.000000 0.000000
55.000000 0.000000
56.000000 0.000000
57.000000 0.000000
58.000000 0.000000
59.000000 0.000000
60.000000 0.000000
61.000000 0.000000
62.000000 0.000000
63.000000 0.000000
64.000000 0.000000
65.000000 0.000000
66.000000 0.000000
67.000000 0.000000
68.000000 0.000000
69.000000 0.000000
70.000000 0.000000
71.000000 0.000000
72.000000 0.000000
73.000000 0.000000
74.000000 0.000000
75.000000 0.000000
76.000000 0.000000
77.000000 0.000000
78.000000 0.000000
79.000000 0.000000
80.000000 0.000000
81.000000 0.000000
82.000000 0.000000
83.000000 0.000000
84.000000 0.000000
85.000000 0.000000
86.000000 0.000000
87.000000 0.000000
88.000000 0.000000
89.000000 0.000000
90.000000 0.000000
91.000000 0.000000
92.000000 0.000000
93.000000 0.000000
94.000000 0.000000
95.000000 0.000000
96.000000 0.000000
97.000000 0.000000
98.000000 0.000000
99.000000 0.000000
100.000000 0.000000
101.000000 0.000000
102.000000 0.000000
103.000000 0.000000
104.000000 0.000000
105.000000 0.000000
106.000000 0.000000
107.000000 0.000000
108.000000 0.000000
109.000000 0.000000
110.000000 0.000000
111.000000 0.000000
112.000000 0.000000
113.000000 0.000000
114.000000 0.000000
115.000000 0.000000
116.000000 0.000000
117.000000 0.000000
118.000000 0.000000
119.000000 0.000000
120.000000 0.000000
121.000000 0.000000
122.000000 0.000000
123.000000 0.000000
124.000000 0.000000
125.000000 0.000000
126.000000 0.000000
127.000000 0.000000
128.000000 0.000000
129.000000 0.000000
130.000000 0.000000
131.000000 0.000000
132.000000 0.000000
133.000000 0.000000
134.000000 0.000000
135.000000 0.000000
136.000000 0.000000
137.000000 0.000000
138.000000 0.000000
139.000000 0.000000
140.000000 0.000000
141.000000 0.000000
142.000000 0.000000
143.000000 0.000000
144.000000 0.000000
145.000000 0.000000
146.000000 0.000000
147.000000 0.000000
148.000000 0.000000
149.000000 0.000000
150.000000 0.000000
151.000000 0.000000
152.000000 0.000000
153.000000 0.000000
154.000000 0.000000
155.000000 0.000000
156.000000 0.000000
157.000000 0.000000
158.000000 0.000000
159.000000 0.000000
160.000000 0.000000
161.000000 0.000000
162.000000 0.000000
163.000000 0.000000
164.000000 0.000000
165.000000 0.000000
166.000000 0.000000
167.000000 0.000000
168.000000 0.000000
169.000000 0.000000
170.000000 0.000000
171.000000 0.000000
172.000000 0.000000
173.000000 0.000000
174.000000 0.000000
175.000000 0.000000
176.000000 0.000000
177.000000 0.000000
178.000000 0.000000
179.000000 0.000000
180.000000 0.000000
181.000000 0.000000
182.000000 0.000000
183.000000 0.000000
184.000000 0.000000
185.000000 0.000000
186.000000 0.000000
187.000000 0.000000
188.000000 0.000000
189.000000 0.000000
190.000000 0.000000
191.000000 0.000000
192.000000 0.000000
193.000000 0.000000
194.000000 0.000000
195.000000 0.000000
196.000000 0.000000
197.000000 0.000000
198.000000 0.000000
199.000000 0.000000
200.000000 0.000000
201.000000 0.000000
202.000000 0.000000
203.000000 0.000000
204.000000 0.000000
205.000000 0.000000
206.000000 0.000000
207.000000 0.000000
208.000000 0.000000
209.000000 0.000000
210.000000 0.000000
211.000000 0.000000
212.000000 0.000000
213.000000 0.000000
214.000000 0.000000
215.000000 0.000000
216.000000 0.000000
217.000000 0.000000
218.000000 0.000000
219.000000 0.000000
220.000000 0.000000
221.000000 0.000000
222.000000 0.000000
223.000000 0.000000
224.000000 0.000000
225.000000 0.000000
226.000000 0.000000
227.000000 0.000000
228.000000 0.000000
229.000000 0.000000
230.000000 0.000000
231.000000 0.000000
232.000000 0.000000
233.000000 0.000000
234.000000 0.000000
235.000000 0.000000
236.000000 0.000000
237.000000 0.000000
238.000000 0.000000
239.000000 0.000000
240.000000 0.000000
241.000000 0.000000
242.000000 0.000000
243.000000 0.000000
244.000000 0.000000
245.000000 0.000000
246.000000 0.000000
247.000000 0.000000
248.000000 0.000000
249.000000 0.000000
250.000000 0.000000
251.000000 0.000000
252.000000 0.000000
253.000000 0.000000
254.000000 0.000000
255.000000 0.000000
256.000000 0.000000
257.000000 0.000000
258.000000 0.000000
259.000000 0.000000
260.000000 0.000000
261.000000 0.000000
262.000000 0.000000
263.000000 0.000000
264.000000 0.000000
265.000000 0.000000
266.000000 0.000000
267.000000 0.000000
268.000000 0.000000
269.000000 0.000000
270.000000 0.000000
271.000000 0.000000
272.000000 0.000000
273.000000 0.000000
274.000000 0.000000
275.000000 0.000000
276.000000 0.000000
277.000000 0.000001
278.000000 0.000001
279.000000 0.000001
280.000000 0.000001
281.000000 0.000001
282.000000 0.000001
283.000000 0.000001
284.000000 0.000001
285.000000 0.000001
286.000000 0.000001
287.000000 0.000001
288.000000 0.000001
289.000000 0.000001
290.000000 0.000001
291.000000 0.000001
292.000000 0.000001
293.000000 0.000001
294.000000 0.000001
295.000000 0.000001
296.000000 0.000001
297.000000 0.000001
298.000000 0.000001
299.000000 0.000001
300.000000 0.000001
301.000000 0.000001
302.000000 0.000001
303.000000 0.000001
304.000000 0.000001
305.000000 0.000001
306.000000 0.000001
307.000000 0.000002
308.000000 0.000002
309.000000 0.000002
310.000000 0.000002
311.000000 0.000002
312.000000 0.000002
313.000000 0.000002
314.000000 0.000002
315.000000 0.000002
316.000000 0.000002
317.000000 0.000002
318.000000 0.000002
319.000000 0.000002
320.000000 0.000002
321.000000 0.000002
322.000000 0.000002
323.000000 0.000003
324.000000 0.000003
325.000000 0.000003
326.000000 0.000003
327.000000 0.000003
328.000000 0.000003
329.000000 0.000003
330.000000 0.000003
331.000000 0.000003
332.000000 0.000003
333.000000 0.000003
334.000000 0.000004
335.000000 0.000004
336.000000 0.000004
337.000000 0.000004
338.000000 0.000004
339.000000 0.000004
340.000000 0.000004
341.000000 0.000004
342.000000 0.000004
343.000000 0.000005
344.000000 0.000005
345.000000 0.000005
346.000000 0.000005
347.000000 0.000005
348.000000 0.000005
349.000000 0.000005
350.000000 0.000006
351.000000 0.000006
352.000000 0.000006
353.000000 0.000006
354.000000 0.000006
355.000000 0.000006
356.000000 0.000006
357.000000 0.000007
358.000000 0.000007
359.000000 0.000007
360.000000 0.000007
361.000000 0.000007
362.000000 0.000008
363.000000 0.000008
364.000000 0.000008
365.000000 0.000008
366.000000 0.000008
367.000000 0.000009
368.000000 0.000009
369.000000 0.000009
370.000000 0.000009
371.000000 0.000009
372.000000 0.000010
373.000000 0.000010
374.000000 0.000010
375.000000 0.000010
376.000000 0.000011
377.000000 0.000011
378.000000 0.000011
379.000000 0.000012
380.000000 0.000012
381.000000 0.000012
382.000000 0.000012
383.000000 0.000013
384.000000 0.000013
385.000000 0.000013
386.000000 0.000014
387.000000 0.000014
388.000000 0.000014
389.000000 0.000015
390.000000 0.000015
391.000000 0.000015
392.000000 0.000016
393.000000 0.000016
394.000000 0.000016
395.000000 0.000017
396.000000 0.000017
397.000000 0.000017
398.000000 0.000018
399.000000 0.000018
400.000000 0.000018
401.000000 0.000019
402.000000 0.000019
403.000000 0.000020
404.000000 0.000020
405.000000 0.000021
406.000000 0.000021
407.000000 0.000021
408.000000 0.000022
409.000000 0.000022
410.000000 0.000023
411.000000 0.000023
412.000000 0.000024
413.000000 0.000024
414.000000 0.000025
415.000000 0.000025
416.000000 0.000026
417.000000 0.000026
418.000000 0.000027
419.000000 0.000027
420.000000 0.000028
421.000000 0.000029
422.000000 0.000029
423.000000 0.000030
424.000000 0.000030
425.000000 0.000031
426.000000 0.000031
427.000000 0.000032
428.000000 0.000033
429.000000 0.000033
430.000000 0.000034
431.000000 0.000035
432.000000 0.000035
433.000000 0.000036
434.000000 0.000037
435.000000 0.000037
436.000000 0.000038
437.000000 0.000039
438.000000 0.000039
439.000000 0.000040
440.000000 0.000041
441.000000 0.000042
442.000000 0.000042
443.000000 0.000043
444.000000 0.000044
445.000000 0.000045
446.000000 0.000046
447.000000 0.000046
448.000000 0.000047
449.000000 0.000048
450.000000 0.000049
451.000000 0.000050
452.000000 0.000051
453.000000 0.000051
454.000000 0.000052
455.000000 0.000053
456.000000 0.000054
457.000000 0.000055
458.000000 0.000056
459.000000 0.000057
460.000000 0.000058
461.000000 0.000059
462.000000 0.000060
463.000000 0.000061
464.000000 0.000062
465.000000 0.000063
466.000000 0.000064
467.000000 0.000065
468.000000 0.000066
469.000000 0.000067
470.000000 0.000068
471.000000 0.000069
472.000000 0.000070
473.000000 0.000072
474.000000 0.000073
475.000000 0.000074
476.000000 0.000075
477.000000 0.000076
478.000000 0.000077
479.000000 0.000079
480.000000 0.000080
481.000000 0.000081
482.000000 0.000082
483.000000 0.000084
484.000000 0.000085
485.000000 0.000086
486.000000 0.000088
487.000000 0.000089
488.000000 0.000090
489.000000 0.000092
490.000000 0.000093
491.000000 0.000094
492.000000 0.000096
493.000000 0.000097
494.000000 0.000099
495.000000 0.000100
496.000000 0.000102
497.000000 0.000103
498.000000 0.000104
499.000000 0.000106
500.000000 0.000108
501.000000 0.000109
502.000000 0.000111
503.000000 0.000112
504.000000 0.000114
505.000000 0.000115
506.000000 0.000117
507.000000 0.000119
508.000000 0.000120
509.000000 0.000122
510.000000 0.000124
511.000000 0.000125
512.000000 0.000127
513.000000 0.000129
514.000000 0.000130
515.000000 0.000132
516.000000 0.000134
517.000000 0.000136
518.000000 0.000138
519.000000 0.000139
520.000000 0.000141
521.000000 0.000143
522.000000 0.000145
523.000000 0.000147
524.000000 0.000149
525.000000 0.000151
526.000000 0.000153
527.000000 0.000155
528.000000 0.000157
529.000000 0.000159
530.000000 0.000161
531.000000 0.000163
532.000000 0.000165
533.000000 0.000167
534.000000 0.000169
535.000000 0.000171
536.000000 0.000173
537.000000 0.000175
538.000000 0.000178
539.000000 0.000180
540.000000 0.000182
541.000000 0.000184
542.000000 0.000186
543.000000 0.000189
544.000000 0.000191
545.000000 0.000193
546.000000 0.000196
547.000000 0.000198
548.000000 0.000200
549.000000 0.000203
550.000000 0.000205
551.000000 0.000207
552.000000 0.000210
553.000000 0.000212
554.000000 0.000215
555.000000 0.000217
556.000000 0.000220
557.000000 0.000222
558.000000 0.000225
559.000000 0.000227
560.000000 0.000230
561.000000 0.000232
562.000000 0.000235
563.000000 0.000238
564.000000 0.000240
565.000000 0.000243
566.000000 0.000245
567.000000 0.000248
568.000000 0.000251
569.000000 0.000254
570.000000 0.000256
571.000000 0.000259
572.000000 0.000262
573.000000 0.000265
574.000000 0.000268
575.000000 0.000270
576.000000 0.000273
577.000000 0.000276
578.000000 0.000279
579.000000 0.000282
580.000000 0.000285
581.000000 0.000288
582.000000 0.000291
583.000000 0.000294
584.000000 0.000297
585.000000 0.000300
586.000000 0.000303
587.000000 0.000306
588.000000 0.000309
589.000000 0.000312
590.000000 0.000315
591.000000 0.000318
592.000000 0.000322
593.000000 0.000325
594.000000 0.000328
595.000000 0.000331
596.000000 0.000334
597.000000 0.000338
598.000000 0.000341
599.000000 0.000344
600.000000 0.000348
601.000000 0.000351
602.000000 0.000354
603.000000 0.000358
604.000000 0.000361
605.000000 0.000364
606.000000 0.000368
607.000000 0.000371
608.000000 0.000375
609.000000 0.000378
610.000000 0.000382
611.000000 0.000385
612.000000 0.000389
613.000000 0.000392
614.000000 0.000396
615.000000 0.000399
616.000000 0.000403
617.000000 0.000407
618.000000 0.000410
619.000000 0.000414
620.000000 0.000418
621.000000 0.000421
622.000000 0.000425
623.000000 0.000429
624.000000 0.000432
625.000000 0.000436
626.000000 0.000440
627.000000 0.000444
628.000000 0.000447
629.000000 0.000451
630.000000 0.000455
631.000000 0.000459
632.000000 0.000463
633.000000 0.000467
634.000000 0.000471
635.000000 0.000474
636.000000 0.000478
637.000000 0.000482
638.000000 0.000486
639.000000 0.000490
640.000000 0.000494
641.000000 0.000498
642.000000 0.000502
643.000000 0.000506
644.000000 0.000510
645.000000 0.000515
646.000000 0.000519
647.000000 0.000523
648.000000 0.000527
649.000000 0.000531
650.000000 0.000535
651.000000 0.000539
652.000000 0.000543
653.000000 0.000548
654.000000 0.000552
655.000000 0.000556
656.000000 0.000560
657.000000 0.000565
658.000000 0.000569
659.000000 0.000573
660.000000 0.000577
661.000000 0.000582
662.000000 0.000586
663.000000 0.000590
664.000000 0.000595
665.000000 0.000599
666.000000 0.000603
667.000000 0.000608
668.000000 0.000612
669.000000 0.000617
670.000000 0.000621
671.000000 0.000625
672.000000 0.000630
673.000000 0.000634
674.000000 0.000639
675.000000 0.000643
676.000000 0.000648
677.000000 0.000652
678.000000 0.000657
679.000000 0.000661
680.000000 0.000666
681.000000 0.000670
682.000000 0.000675
683.000000 0.000680
684.000000 0.000684
685.000000 0.000689
686.000000 0.000693
687.000000 0.000698
688.000000 0.000703
689.000000 0.000707
690.000000 0.000712
691.000000 0.000717
692.000000 0.000721
693.000000 0.000726
694.000000 0.000731
695.000000 0.000735
696.000000 0.000740
697.000000 0.000745
698.000000 0.000749
699.000000 0.000754
700.000000 0.000759
701.000000 0.000764
702.000000 0.000768
703.000000 0.000773
704.000000 0.000778
705.000000 0.000783
706.000000 0.000787
707.000000 0.000792
708.000000 0.000797
709.000000 0.000802
710.000000 0.000806
711.000000 0.000811
712.000000 0.000816
713.000000 0.000821
714.000000 0.000826
715.000000 0.000831
716.000000 0.000835
717.000000 0.000840
718.000000 0.000845
719.000000 0.000850
720.000000 0.000855
721.000000 0.000860
722.000000 0.000865
723.000000 0.000869
724.000000 0.000874
725.000000 0.000879
726.000000 0.000884
727.000000 0.000889
728.000000 0.000894
729.000000 0.000899
730.000000 0.000904
731.000000 0.000909
732.000000 0.000913
733.000000 0.000918
734.000000 0.000923
735.000000 0.000928
736.000000 0.000933
737.000000 0.000938
738.000000 0.000943
739.000000 0.000948
740.000000 0.000953
741.000000 0.000958
742.000000 0.000963
743.000000 0.000967
744.000000 0.000972
745.000000 0.000977
746.000000 0.000982
747.000000 0.000987
748.000000 0.000992
749.000000 0.000997
750.000000 0.001002
751.000000 0.001007
752.000000 0.001012
753.000000 0.001017
754.000000 0.001021
755.000000 0.001026
756.000000 0.001031
757.000000 0.001036
758.000000 0.001041
759.000000 0.001046
760.000000 0.001051
761.000000 0.001056
762.000000 0.001061
763.000000 0.001066
764.000000 0.001070
765.000000 0.001075
766.000000 0.001080
767.000000 0.001085
768.000000 0.001090
769.000000 0.001095
770.000000 0.001100
771.000000 0.001105
772.000000 0.001109
773.000000 0.001114
774.000000 0.001119
775.000000 0.001124
776.000000 0.001129
777.000000 0.001134
778.000000 0.001138
779.000000 0.001143
780.000000 0.001148
781.000000 0.001153
782.000000 0.001158
783.000000 0.001162
784.000000 0.001167
785.000000 0.001172
786.000000 0.001177
787.000000 0.001181
788.000000 0.001186
789.000000 0.001191
790.000000 0.001196
791.000000 0.001200
792.000000 0.001205
793.000000 0.001210
794.000000 0.001215
795.000000 0.001219
796.000000 0.001224
797.000000 0.001229
798.000000 0.001233
799.000000 0.001238
800.000000 0.001243
801.000000 0.001247
802.000000 0.001252
803.000000 0.001256
804.000000 0.001261
805.000000 0.001266
806.000000 0.001270
807.000000 0.001275
808.000000 0.001279
809.000000 0.001284
810.000000 0.001288
811.000000 0.001293
812.000000 0.001297
813.000000 0.001302
814.000000 0.001306
815.000000 0.001311
816.000000 0.001315
817.000000 0.001320
818.000000 0.001324
819.000000 0.001329
820.000000 0.001333
821.000000 0.001337
822.000000 0.001342
823.000000 0.001346
824.000000 0.001350
825.000000 0.001355
826.000000 0.001359
827.000000 0.001363
828.000000 0.001368
829.000000 0.001372
830.000000 0.001376
831.000000 0.001380
832.000000 0.001385
833.000000 0.001389
834.000000 0.001393
835.000000 0.001397
836.000000 0.001401
837.000000 0.001406
838.000000 0.001410
839.000000 0.001414
840.000000 0.001418
841.000000 0.001422
842.000000 0.001426
843.000000 0.001430
844.000000 0.001434
845.000000 0.001438
846.000000 0.001442
847.000000 0.001446
848.000000 0.001450
849.000000 0.001454
850.000000 0.001458
851.000000 0.001462
852.000000 0.001466
853.000000 0.001470
854.000000 0.001473
855.000000 0.001477
856.000000 0.001481
857.000000 0.001485
858.000000 0.001489
859.000000 0.001492
860.000000 0.001496
861.000000 0.001500
862.000000 0.001504
863.000000 0.001507
864.000000 0.001511
865.000000 0.001515
866.000000 0.001518
867.000000 0.001522
868.000000 0.001525
869.000000 0.001529
870.000000 0.001532
871.000000 0.001536
872.000000 0.001539
873.000000 0.001543
874.000000 0.001546
875.000000 0.001550
876.000000 0.001553
877.000000 0.001557
878.000000 0.001560
879.000000 0.001563
880.000000 0.001567
881.000000 0.001570
882.000000 0.001573
883.000000 0.001576
884.000000 0.001580
885.000000 0.001583
886.000000 0.001586
887.000000 0.001589
888.000000 0.001592
889.000000 0.001595
890.000000 0.001598
891.000000 0.001601
892.000000 0.001604
893.000000 0.001607
894.000000 0.001610
895.000000 0.001613
896.000000 0.001616
897.000000 0.001619
898.000000 0.001622
899.000000 0.001625
900.000000 0.001628
901.000000 0.001631
902.000000 0.001634
903.000000 0.001636
904.000000 0.001639
905.000000 0.001642
906.000000 0.001644
907.000000 0.001647
908.000000 0.001650
909.000000 0.001652
910.000000 0.001655
911.000000 0.001658
912.000000 0.001660
913.000000 0.001663
914.000000 0.001665
915.000000 0.001668
916.000000 0.001670
917.000000 0.001672
918.000000 0.001675
919.000000 0.001677
920.000000 0.001679
921.000000 0.001682
922.000000 0.001684
923.000000 0.001686
924.000000 0.001688
925.000000 0.001691
926.000000 0.001693
927.000000 0.001695
928.000000 0.001697
929.000000 0.001699
930.000000 0.001701
931.000000 0.001703
932.000000 0.001705
933.000000 0.001707
934.000000 0.001709
935.000000 0.001711
936.000000 0.001713
937.000000 0.001715
938.000000 0.001717
939.000000 0.001719
940.000000 0.001720
941.000000 0.001722
942.000000 0.001724
943.000000 0.001726
944.000000 0.001727
945.000000 0.001729
946.000000 0.001731
947.000000 0.001732
948.000000 0.001734
949.000000 0.001735
950.000000 0.001737
951.000000 0.001738
952.000000 0.001740
953.000000 0.001741
954.000000 0.001742
955.000000 0.001744
956.000000 0.001745
957.000000 0.001746
958.000000 0.001748
959.000000 0.001749
960.000000 0.001750
961.000000 0.001751
962.000000 0.001752
963.000000 0.001754
964.000000 0.001755
965.000000 0.001756
966.000000 0.001757
967.000000 0.001758
968.000000 0.001759
969.000000 0.001760
970.000000 0.001761
971.000000 0.001762
972.000000 0.001762
973.000000 0.001763
974.000000 0.001764
975.000000 0.001765
976.000000 0.001766
977.000000 0.001766
978.000000 0.001767
979.000000 0.001768
980.000000 0.001768
981.000000 0.001769
982.000000 0.001769
983.000000 0.001770
984.000000 0.001771
985.000000 0.001771
986.000000 0.001771
987.000000 0.001772
988.000000 0.001772
989.000000 0.001773
990.000000 0.001773
991.000000 0.001773
992.000000 0.001774
993.000000 0.001774
994.000000 0.001774
995.000000 0.001774
996.000000 0.001774
997.000000 0.001774
998.000000 0.001774
999.000000 0.001775
1000.000000 0.001775
1001.000000 0.001775
1002.000000 0.001775
1003.000000 0.001774
1004.000000 0.001774
1005.000000 0.001774
1006.000000 0.001774
1007.000000 0.001774
1008.000000 0.001774
1009.000000 0.001774
1010.000000 0.001773
1011.000000 0.001773
1012.000000 0.001773
1013.000000 0.001772
1014.000000 0.001772
1015.000000 0.001771
1016.000000 0.001771
1017.000000 0.001771
1018.000000 0.001770
1019.000000 0.001769
1020.000000 0.001769
1021.000000 0.001768
1022.000000 0.001768
1023.000000 0.001767
1024.000000 0.001766
1025.000000 0.001766
1026.000000 0.001765
1027.000000 0.001764
1028.000000 0.001763
1029.000000 0.001762
1030.000000 0.001762
1031.000000 0.001761
1032.000000 0.001760
1033.000000 0.001759
1034.000000 0.001758
1035.000000 0.001757
1036.000000 0.001756
1037.000000 0.001755
1038.000000 0.001754
1039.000000 0.001752
1040.000000 0.001751
1041.000000 0.001750
1042.000000 0.001749
1043.000000 0.001748
1044.000000 0.001746
1045.000000 0.001745
1046.000000 0.001744
1047.000000 0.001742
1048.000000 0.001741
1049.000000 0.001740
1050.000000 0.001738
1051.000000 0.001737
1052.000000 0.001735
1053.000000 0.001734
1054.000000 0.001732
1055.000000 0.001731
1056.000000 0.001729
1057.000000 0.001727
1058.000000 0.001726
1059.000000 0.001724
1060.000000 0.001722
1061.000000 0.001720
1062.000000 0.001719
1063.000000 0.001717
1064.000000 0.001715
1065.000000 0.001713
1066.000000 0.001711
1067.000000 0.001709
1068.000000 0.001707
1069.000000 0.001705
1070.000000 0.001703
1071.000000 0.001701
1072.000000 0.001699
1073.000000 0.001697
1074.000000 0.001695
1075.000000 0.001693
1076.000000 0.001691
1077.000000 0.001688
1078.000000 0.001686
1079.000000 0.001684
1080.000000 0.001682
1081.000000 0.001679
1082.000000 0.001677
1083.000000 0.001675
1084.000000 0.001672
1085.000000 0.001670
1086.000000 0.001668
1087.000000 0.001665
1088.000000 0.001663
1089.000000 0.001660
1090.000000 0.001658
1091.000000 0.001655
1092.000000 0.001652
1093.000000 0.001650
1094.000000 0.001647
1095.000000 0.001644
1096.000000 0.001642
1097.000000 0.001639
1098.000000 0.001636
1099.000000 0.001634
1100.000000 0.001631
1101.000000 0.001628
1102.000000 0.001625
1103.000000 0.001622
1104.000000 0.001619
1105.000000 0.001616
1106.000000 0.001613
1107.000000 0.001610
1108.000000 0.001607
1109.000000 0.001604
1110.000000 0.001601
1111.000000 0.001598
1112.000000 0.001595
1113.000000 0.001592
1114.000000 0.001589
1115.000000 0.001586
1116.000000 0.001583
1117.000000 0.001580
1118.000000 0.001576
1119.000000 0.001573
1120.000000 0.001570
1121.000000 0.001567
1122.000000 0.001563
1123.000000 0.001560
1124.000000 0.001557
1125.000000 0.001553
1126.000000 0.001550
1127.000000 0.001546
1128.000000 0.001543
1129.000000 0.001539
1130.000000 0.001536
1131.000000 0.001532
1132.000000 0.001529
1133.000000 0.001525
1134.000000 0.001522
1135.000000 0.001518
1136.000000 0.001515
1137.000000 0.001511
1138.000000 0.001507
1139.000000 0.001504
1140.000000 0.001500
1141.000000 0.001496
1142.000000 0.001492
1143.000000 0.001489
1144.000000 0.001485
1145.000000 0.001481
1146.000000 0.001477
1147.000000 0.001473
1148.000000 0.001470
1149.000000 0.001466
1150.000000 0.001462
1151.000000 0.001458
1152.000000 0.001454
1153.000000 0.001450
1154.000000 0.001446
1155.000000 0.001442
1156.000000 0.001438
1157.000000 0.001434
1158.000000 0.001430
1159.000000 0.001426
1160.000000 0.001422
1161.000000 0.001418
1162.000000 0.001414
1163.000000 0.001410
1164.000000 0.001406
1165.000000 0.001401
1166.000000 0.001397
1167.000000 0.001393
1168.000000 0.001389
1169.000000 0.001385
1170.000000 0.001380
1171.000000 0.001376
1172.000000 0.001372
1173.000000 0.001368
1174.000000 0.001363
1175.000000 0.001359
1176.000000 0.001355
1177.000000 0.001350
1178.000000 0.001346
1179.000000 0.001342
1180.000000 0.001337
1181.000000 0.001333
1182.000000 0.001329
1183.000000 0.001324
1184.000000 0.001320
1185.000000 0.001315
1186.000000 0.001311
1187.000000 0.001306
1188.000000 0.001302
1189.000000 0.001297
1190.000000 0.001293
1191.000000 0.001288
1192.000000 0.001284
1193.000000 0.001279
1194.000000 0.001275
1195.000000 0.001270
1196.000000 0.001266
1197.000000 0.001261
1198.000000 0.001256
1199.000000 0.001252
1200.000000 0.001247
1201.000000 0.001243
1202.000000 0.001238
1203.000000 0.001233
1204.000000 0.001229
1205.000000 0.001224
1206.000000 0.001219
1207.000000 0.001215
1208.000000 0.001210
1209.000000 0.001205
1210.000000 0.001200
1211.000000 0.001196
1212.000000 0.001191
1213.000000 0.001186
1214.000000 0.001181
1215.000000 0.001177
1216.000000 0.001172
1217.000000 0.001167
1218.000000 0.001162
1219.000000 0.001158
1220.000000 0.001153
1221.000000 0.001148
1222.000000 0.001143
1223.000000 0.001138
1224.000000 0.001134
1225.000000 0.001129
1226.000000 0.001124
1227.000000 0.001119
1228.000000 0.001114
1229.000000 0.001109
1230.000000 0.001105
1231.000000 0.001100
1232.000000 0.001095
1233.000000 0.001090
1234.000000 0.001085
1235.000000 0.001080
1236.000000 0.001075
1237.000000 0.001070
1238.000000 0.001066
1239.000000 0.001061
1240.000000 0.001056
1241.000000 0.001051
1242.000000 0.001046
1243.000000 0.001041
1244.000000 0.001036
1245.000000 0.001031
1246.000000 0.001026
1247.000000 0.001021
1248.000000 0.001017
1249.000000 0.001012
1250.000000 0.001007
1251.000000 0.001002
1252.000000 0.000997
1253.000000 0.000992
1254.000000 0.000987
1255.000000 0.000982
1256.000000 0.000977
1257.000000 0.000972
1258.000000 0.000967
1259.000000 0.000963
1260.000000 0.000958
1261.000000 0.000953
1262.000000 0.000948
1263.000000 0.000943
1264.000000 0.000938
1265.000000 0.000933
1266.000000 0.000928
1267.000000 0.000923
1268.000000 0.000918
1269.000000 0.000913
1270.000000 0.000909
1271.000000 0.000904
1272.000000 0.000899
1273.000000 0.000894
1274.000000 0.000889
1275.000000 0.000884
1276.000000 0.000879
1277.000000 0.000874
1278.000000 0.000869
1279.000000 0.000865
1280.000000 0.000860
1281.000000 0.000855
1282.000000 0.000850
1283.000000 0.000845
1284.000000 0.000840
1285.000000 0.000835
1286.000000 0.000831
1287.000000 0.000826
1288.000000 0.000821
1289.000000 0.000816
1290.000000 0.000811
1291.000000 0.000806
1292.000000 0.000802
1293.000000 0.000797
1294.000000 0.000792
1295.000000 0.000787
1296.000000 0.000783
1297.000000 0.000778
1298.000000 0.000773
1299.000000 0.000768
1300.000000 0.000764
1301.000000 0.000759
1302.000000 0.000754
1303.000000 0.000749
1304.000000 0.000745
1305.000000 0.000740
1306.000000 0.000735
1307.000000 0.000731
1308.000000 0.000726
1309.000000 0.000721
1310.000000 0.000717
1311.000000 0.000712
1312.000000 0.000707
1313.000000 0.000703
1314.000000 0.000698
1315.000000 0.000693
1316.000000 0.000689
1317.000000 0.000684
1318.000000 0.000680
1319.000000 0.000675
1320.000000 0.000670
1321.000000 0.000666
1322.000000 0.000661
1323.000000 0.000657
1324.000000 0.000652
1325.000000 0.000648
1326.000000 0.000643
1327.000000 0.000639
1328.000000 0.000634
1329.000000 0.000630
1330.000000 0.000625
1331.000000 0.000621
1332.000000 0.000617
1333.000000 0.000612
1334.000000 0.000608
1335.000000 0.000603
1336.000000 0.000599
1337.000000 0.000595
1338.000000 0.000590
1339.000000 0.000586
1340.000000 0.000582
1341.000000 0.000577
1342.000000 0.000573
1343.000000 0.000569
1344.000000 0.000565
1345.000000 0.000560
1346.000000 0.000556
1347.000000 0.000552
1348.000000 0.000548
1349.000000 0.000543
1350.000000 0.000539
1351.000000 0.000535
1352.000000 0.000531
1353.000000 0.000527
1354.000000 0.000523
1355.000000 0.000519
1356.000000 0.000515
1357.000000 0.000510
1358.000000 0.000506
1359.000000 0.000502
1360.000000 0.000498
1361.000000 0.000494
1362.000000 0.000490
1363.000000 0.000486
1364.000000 0.000482
1365.000000 0.000478
1366.000000 0.000474
1367.000000 0.000471
1368.000000 0.000467
1369.000000 0.000463
1370.000000 0.000459
1371.000000 0.000455
1372.000000 0.000451
1373.000000 0.000447
1374.000000 0.000444
1375.000000 0.000440
1376.000000 0.000436
1377.000000 0.000432
1378.000000 0.000429
1379.000000 0.000425
1380.000000 0.000421
1381.000000 0.000418
1382.000000 0.000414
1383.000000 0.000410
1384.000000 0.000407
1385.000000 0.000403
1386.000000 0.000399
1387.000000 0.000396
1388.000000 0.000392
1389.000000 0.000389
1390.000000 0.000385
1391.000000 0.000382
1392.000000 0.000378
1393.000000 0.000375
1394.000000 0.000371
1395.000000 0.000368
1396.000000 0.000364
1397.000000 0.000361
1398.000000 0.000358
1399.000000 0.000354
1400.000000 0.000351
1401.000000 0.000348
1402.000000 0.000344
1403.000000 0.000341
1404.000000 0.000338
1405.000000 0.000334
1406.000000 0.000331
1407.000000 0.000328
1408.000000 0.000325
1409.000000 0.000322
1410.000000 0.000318
1411.000000 0.000315
1412.000000 0.000312
1413.000000 0.000309
1414.000000 0.000306
1415.000000 0.000303
1416.000000 0.000300
1417.000000 0.000297
1418.000000 0.000294
1419.000000 0.000291
1420.000000 0.000288
1421.000000 0.000285
1422.000000 0.000282
1423.000000 0.000279
1424.000000 0.000276
1425.000000 0.000273
1426.000000 0.000270
1427.000000 0.000268
1428.000000 0.000265
1429.000000 0.000262
1430.000000 0.000259
1431.000000 0.000256
1432.000000 0.000254
1433.000000 0.000251
1434.000000 0.000248
1435.000000 0.000245
1436.000000 0.000243
1437.000000 0.000240
1438.000000 0.000238
1439.000000 0.000235
1440.000000 0.000232
1441.000000 0.000230
1442.000000 0.000227
1443.000000 0.000225
1444.000000 0.000222
1445.000000 0.000220
1446.000000 0.000217
1447.000000 0.000215
1448.000000 0.000212
1449.000000 0.000210
1450.000000 0.000207
1451.000000 0.000205
1452.000000 0.000203
1453.000000 0.000200
1454.000000 0.000198
1455.000000 0.000196
1456.000000 0.000193
1457.000000 0.000191
1458.000000 0.000189
1459.000000 0.000186
1460.000000 0.000184
1461.000000 0.000182
1462.000000 0.000180
1463.000000 0.000178
1464.000000 0.000175
1465.000000 0.000173
1466.000000 0.000171
1467.000000 0.000169
1468.000000 0.000167
1469.000000 0.000165
1470.000000 0.000163
1471.000000 0.000161
1472.000000 0.000159
1473.000000 0.000157
1474.000000 0.000155
1475.000000 0.000153
1476.000000 0.000151
1477.000000 0.000149
1478.000000 0.000147
1479.000000 0.000145
1480.000000 0.000143
1481.000000 0.000141
1482.000000 0.000139
1483.000000 0.000138
1484.000000 0.000136
1485.000000 0.000134
1486.000000 0.000132
1487.000000 0.000130
1488.000000 0.000129
1489.000000 0.000127
1490.000000 0.000125
1491.000000 0.000124
1492.000000 0.000122
1493.000000 0.000120
1494.000000 0.000119
1495.000000 0.000117
1496.000000 0.000115
1497.000000 0.000114
1498.000000 0.000112
1499.000000 0.000111
1500.000000 0.000109
1501.000000 0.000108
1502.000000 0.000106
1503.000000 0.000104
1504.000000 0.000103
1505.000000 0.000102
1506.000000 0.000100
1507.000000 0.000099
1508.000000 0.000097
1509.000000 0.000096
1510.000000 0.000094
1511.000000 0.000093
1512.000000 0.000092
1513.000000 0.000090
1514.000000 0.000089
1515.000000 0.000088
1516.000000 0.000086
1517.000000 0.000085
1518.000000 0.000084
1519.000000 0.000082
1520.000000 0.000081
1521.000000 0.000080
1522.000000 0.000079
1523.000000 0.000077
1524.000000 0.000076
1525.000000 0.000075
1526.000000 0.000074
1527.000000 0.000073
1528.000000 0.000072
1529.000000 0.000070
1530.000000 0.000069
1531.000000 0.000068
1532.000000 0.000067
1533.000000 0.000066
1534.000000 0.000065
1535.000000 0.000064
1536.000000 0.000063
1537.000000 0.000062
1538.000000 0.000061
1539.000000 0.000060
1540.000000 0.000059
1541.000000 0.000058
1542.000000 0.000057
1543.000000 0.000056
1544.000000 0.000055
1545.000000 0.000054
1546.000000 0.000053
1547.000000 0.000052
1548.000000 0.000051
1549.000000 0.000051
1550.000000 0.000050
1551.000000 0.000049
1552.000000 0.000048
1553.000000 0.000047
1554.000000 0.000046
1555.000000 0.000046
1556.000000 0.000045
1557.000000 0.000044
1558.000000 0.000043
1559.000000 0.000042
1560.000000 0.000042
1561.000000 0.000041
1562.000000 0.000040
1563.000000 0.000039
1564.000000 0.000039
1565.000000 0.000038
1566.000000 0.000037
1567.000000 0.000037
1568.000000 0.000036
1569.000000 0.000035
1570.000000 0.000035
1571.000000 0.000034
1572.000000 0.000033
1573.000000 0.000033
1574.000000 0.000032
1575.000000 0.000031
1576.000000 0.000031
1577.000000 0.000030
1578.000000 0.000030
1579.000000 0.000029
1580.000000 0.000029
1581.000000 0.000028
1582.000000 0.000027
1583.000000 0.000027
1584.000000 0.000026
1585.000000 0.000026
1586.000000 0.000025
1587.000000 0.000025
1588.000000 0.000024
1589.000000 0.000024
1590.000000 0.000023
1591.000000 0.000023
1592.000000 0.000022
1593.000000 0.000022
1594.000000 0.000021
1595.000000 0.000021
1596.000000 0.000021
1597.000000 0.000020
1598.000000 0.000020
1599.000000 0.000019
1600.000000 0.000019
1601.000000 0.000018
1602.000000 0.000018
1603.000000 0.000018
1604.000000 0.000017
1605.000000 0.000017
1606.000000 0.000017
1607.000000 0.000016
1608.000000 0.000016
1609.000000 0.000016
1610.000000 0.000015
1611.000000 0.000015
1612.000000 0.000015
1613.000000 0.000014
1614.000000 0.000014
1615.000000 0.000014
1616.000000 0.000013
1617.000000 0.000013
1618.000000 0.000013
1619.000000 0.000012
1620.000000 0.000012
1621.000000 0.000012
1622.000000 0.000012
1623.000000 0.000011
1624.000000 0.000011
1625.000000 0.000011
1626.000000 0.000010
1627.000000 0.000010
1628.000000 0.000010
1629.000000 0.000010
1630.000000 0.000009
1631.000000 0.000009
1632.000000 0.000009
1633.000000 0.000009
1634.000000 0.000009
1635.000000 0.000008
1636.000000 0.000008
1637.000000 0.000008
1638.000000 0.000008
1639.000000 0.000008
1640.000000 0.000007
1641.000000 0.000007
1642.000000 0.000007
1643.000000 0.000007
1644.000000 0.000007
1645.000000 0.000006
1646.000000 0.000006
1647.000000 0.000006
1648.000000 0.000006
1649.000000 0.000006
1650.000000 0.000006
1651.000000 0.000006
1652.000000 0.000005
1653.000000 0.000005
1654.000000 0.000005
1655.000000 0.000005
1656.000000 0.000005
1657.000000 0.000005
1658.000000 0.000005
1659.000000 0.000004
1660.000000 0.000004
1661.000000 0.000004
1662.000000 0.000004
1663.000000 0.000004
1664.000000 0.000004
1665.000000 0.000004
1666.000000 0.000004
1667.000000 0.000004
1668.000000 0.000003
1669.000000 0.000003
1670.000000 0.000003
1671.000000 0.000003
1672.000000 0.000003
1673.000000 0.000003
1674.000000 0.000003
1675.000000 0.000003
1676.000000 0.000003
1677.000000 0.000003
1678.000000 0.000003
1679.000000 0.000002
1680.000000 0.000002
1681.000000 0.000002
1682.000000 0.000002
1683.000000 0.000002
1684.000000 0.000002
1685.000000 0.000002
1686.000000 0.000002
1687.000000 0.000002
1688.000000 0.000002
1689.000000 0.000002
1690.000000 0.000002
1691.000000 0.000002
1692.000000 0.000002
1693.000000 0.000002
1694.000000 0.000002
1695.000000 0.000001
1696.000000 0.000001
1697.000000 0.000001
1698.000000 0.000001
1699.000000 0.000001
1700.000000 0.000001
1701.000000 0.000001
1702.000000 0.000001
1703.000000 0.000001
1704.000000 0.000001
1705.000000 0.000001
1706.000000 0.000001
1707.000000 0.000001
1708.000000 0.000001
1709.000000 0.000001
1710.000000 0.000001
1711.000000 0.000001
1712.000000 0.000001
1713.000000 0.000001
1714.000000 0.000001
1715.000000 0.000001
1716.000000 0.000001
1717.000000 0.000001
1718.000000 0.000001
1719.000000 0.000001
1720.000000 0.000001
1721.000000 0.000001
1722.000000 0.000001
1723.000000 0.000001
1724.000000 0.000001
1725.000000 0.000000
1726.000000 0.000000
1727.000000 0.000000
1728.000000 0.000000
1729.000000 0.000000
1730.000000 0.000000
1731.000000 0.000000
1732.000000 0.000000
1733.000000 0.000000
1734.000000 0.000000
1735.000000 0.000000
1736.000000 0.000000
1737.000000 0.000000
1738.000000 0.000000
1739.000000 0.000000
1740.000000 0.000000
1741.000000 0.000000
1742.000000 0.000000
1743.000000 0.000000
1744.000000 0.000000
1745.000000 0.000000
1746.000000 0.000000
1747.000000 0.000000
1748.000000 0.000000
1749.000000 0.000000
1750.000000 0.000000
1751.000000 0.000000
1752.000000 0.000000
1753.000000 0.000000
1754.000000 0.000000
1755.000000 0.000000
1756.000000 0.000000
1757.000000 0.000000
1758.000000 0.000000
1759.000000 0.000000
1760.000000 0.000000
1761.000000 0.000000
1762.000000 0.000000
1763.000000 0.000000
1764.000000 0.000000
1765.000000 0.000000
1766.000000 0.000000
1767.000000 0.000000
1768.000000 0.000000
1769.000000 0.000000
1770.000000 0.000000
1771.000000 0.000000
1772.000000 0.000000
1773.000000 0.000000
1774.000000 0.000000
1775.000000 0.000000
1776.000000 0.000000
1777.000000 0.000000
1778.000000 0.000000
1779.000000 0.000000
1780.000000 0.000000
1781.000000 0.000000
1782.000000 0.000000
1783.000000 0.000000
1784.000000 0.000000
1785.000000 0.000000
1786.000000 0.000000
1787.000000 0.000000
1788.000000 0.000000
1789.000000 0.000000
1790.000000 0.000000
1791.000000 0.000000
1792.000000 0.000000
1793.000000 0.000000
1794.000000 0.000000
1795.000000 0.000000
1796.000000 0.000000
1797.000000 0.000000
1798.000000 0.000000
1799.000000 0.000000
1800.000000 0.000000
1801.000000 0.000000
1802.000000 0.000000
1803.000000 0.000000
1804.000000 0.000000
1805.000000 0.000000
1806.000000 0.000000
1807.000000 0.000000
1808.000000 0.000000
1809.000000 0.000000
1810.000000 0.000000
1811.000000 0.000000
1812.000000 0.000000
1813.000000 0.000000
1814.000000 0.000000
1815.000000 0.000000
1816.000000 0.000000
1817.000000 0.000000
1818.000000 0.000000
1819.000000 0.000000
1820.000000 0.000000
1821.000000 0.000000
1822.000000 0.000000
1823.000000 0.000000
1824.000000 0.000000
1825.000000 0.000000
1826.000000 0.000000
1827.000000 0.000000
1828.000000 0.000000
1829.000000 0.000000
1830.000000 0.000000
1831.000000 0.000000
1832.000000 0.000000
1833.000000 0.000000
1834.000000 0.000000
1835.000000 0.000000
1836.000000 0.000000
1837.000000 0.000000
1838.000000 0.000000
1839.000000 0.000000
1840.000000 0.000000
1841.000000 0.000000
1842.000000 0.000000
1843.000000 0.000000
1844.000000 0.000000
1845.000000 0.000000
1846.000000 0.000000
1847.000000 0.000000
1848.000000 0.000000
1849.000000 0.000000
1850.000000 0.000000
1851.000000 0.000000
1852.000000 0.000000
1853.000000 0.000000
1854.000000 0.000000
1855.000000 0.000000
1856.000000 0.000000
1857.000000 0.000000
1858.000000 0.000000
1859.000000 0.000000
1860.000000 0.000000
1861.000000 0.000000
1862.000000 0.000000
1863.000000 0.000000
1864.000000 0.000000
1865.000000 0.000000
1866.000000 0.000000
1867.000000 0.000000
1868.000000 0.000000
1869.000000 0.000000
1870.000000 0.000000
1871.000000 0.000000
1872.000000 0.000000
1873.000000 0.000000
1874.000000 0.000000
1875.000000 0.000000
1876.000000 0.000000
1877.000000 0.000000
1878.000000 0.000000
1879.000000 0.000000
1880.000000 0.000000
1881.000000 0.000000
1882.000000 0.000000
1883.000000 0.000000
1884.000000 0.000000
1885.000000 0.000000
1886.000000 0.000000
1887.000000 0.000000
1888.000000 0.000000
1889.000000 0.000000
1890.000000 0.000000
1891.000000 0.000000
1892.000000 0.000000
1893.000000 0.000000
1894.000000 0.000000
1895.000000 0.000000
1896.000000 0.000000
1897.000000 0.000000
1898.000000 0.000000
1899.000000 0.000000
1900.000000 0.000000
1901.000000 0.000000
1902.000000 0.000000
1903.000000 0.000000
1904.000000 0.000000
1905.000000 0.000000
1906.000000 0.000000
1907.000000 0.000000
1908.000000 0.000000
1909.000000 0.000000
1910.000000 0.000000
1911.000000 0.000000
1912.000000 0.000000
1913.000000 0.000000
1914.000000 0.000000
1915.000000 0.000000
1916.000000 0.000000
1917.000000 0.000000
1918.000000 0.000000
1919.000000 0.000000
1920.000000 0.000000
1921.000000 0.000000
1922.000000 0.000000
1923.000000 0.000000
1924.000000 0.000000
1925.000000 0.000000
1926.000000 0.000000
1927.000000 0.000000
1928.000000 0.000000
1929.000000 0.000000
1930.000000 0.000000
1931.000000 0.000000
1932.000000 0.000000
1933.000000 0.000000
1934.000000 0.000000
1935.000000 0.000000
1936.000000 0.000000
1937.000000 0.000000
1938.000000 0.000000
1939.000000 0.000000
1940.000000 0.000000
1941.000000 0.000000
1942.000000 0.000000
1943.000000 0.000000
1944.000000 0.000000
1945.000000 0.000000
1946.000000 0.000000
1947.000000 0.000000
1948.000000 0.000000
1949.000000 0.000000
1950.000000 0.000000
1951.000000 0.000000
1952.000000 0.000000
1953.000000 0.000000
1954.000000 0.000000
1955.000000 0.000000
1956.000000 0.000000
1957.000000 0.000000
1958.000000 0.000000
1959.000000 0.000000
1960.000000 0.000000
1961.000000 0.000000
1962.000000 0.000000
1963.000000 0.000000
1964.000000 0.000000
1965.000000 0.000000
1966.000000 0.000000
1967.000000 0.000000
1968.000000 0.000000
1969.000000 0.000000
1970.000000 0.000000
1971.000000 0.000000
1972.000000 0.000000
1973.000000 0.000000
1974.000000 0.000000
1975.000000 0.000000
1976.000000 0.000000
1977.000000 0.000000
1978.000000 0.000000
1979.000000 0.000000
1980.000000 0.000000
1981.000000 0.000000
1982.000000 0.000000
1983.000000 0.000000
1984.000000 0.000000
1985.000000 0.000000
1986.000000 0.000000
1987.000000 0.000000
1988.000000 0.000000
1989.000000 0.000000
1990.000000 0.000000
1991.000000 0.000000
1992.000000 0.000000
1993.000000 0.000000
1994.000000 0.000000
1995.000000 0.000000
1996.000000 0.000000
1997.000000 0.000000
1998.000000 0.000000
1999.000000 0.000000
2000.000000 0.000000
