n lam mean variance std
2000 0.790000 1000.493045 19185.023353 138.510012
bin_midpoint probability
1.000000 0.000000
2.000000 0.000000
3.000000 0.000000
4.000000 0.000000
5.000000 0.000000
6.000000 0.000000
7.000000 0.000000
8.000000 0.000000
9.000000 0.000000
10.000000 0.000000
11.000000 0.000000
12.000000 0.000000
13.000000 0.000000
14.000000 0.000000
15.000000 0.000000
16.000000 0.000000
17.000000 0.000000
18.000000 0.000000
19.000000 0.000000
20.000000 0.000000
21.000000 0.000000
22.000000 0.000000
23.000000 0.000000
24.000000 0.000000
25.000000 0.000000
26.000000 0.000000
27.000000 0.000000
28.000000 0.000000
29.000000 0.000000
30.000000 0.000000
31.000000 0.000000
32.000000 0.000000
33.000000 0.000000
34.000000 0.000000
35.000000 0.000000
36.000000 0.000000
37.000000 0.000000
38.000000 0.000000
39.000000 0.000000
40.000000 0.000000
41.000000 0.000000
42.000000 0.000000
43.000000 0.000000
44.000000 0.000000
45.000000 0.000000
46.000000 0.000000
47.000000 0.000000
48.000000 0.000000
49.000000 0.000000
50.000000 0.000000
51.000000 0.000000
52.000000 0.000000
53.000000 0.000000
54.000000 0.000000
55.000000 0.000000
56.000000 0.000000
57.000000 0.000000
58.000000 0.000000
59.000000 0.000000
60.000000 0.000000
61.000000 0.000000
62.000000 0.000000
63.000000 0.000000
64.000000 0.000000
65.000000 0.000000
66.000000 0.000000
67.000000 0.000000
68.000000 0.000000
69.000000 0.000000
70.000000 0.000000
71.000000 0.000000
72.000000 0.000000
73.000000 0.000000
74.000000 0.000000
75.000000 0.000000
76.000000 0.000000
77.000000 0.000000
78.000000 0.000000
79.000000 0.000000
80.000000 0.000000
81.000000 0.000000
82.000000 0.000000
83.000000 0.000000
84.000000 0.000000
85.000000 0.000000
86.000000 0.000000
87.000000 0.000000
88.000000 0.000000
89.000000 0.000000
90.000000 0.000000
91.000000 0.000000
92.000000 0.000000
93.000000 0.000000
94.000000 0.000000
95.000000 0.000000
96.000000 0.000000
97.000000 0.000000
98.000000 0.000000
99.000000 0.000000
100.000000 0.000000
101.000000 0.000000
102.000000 0.000000
103.000000 0.000000
104.000000 0.000000
105.000000 0.000000
106.000000 0.000000
107.000000 0.000000
108.000000 0.000000
109.000000 0.000000
110.000000 0.000000
111.000000 0.000000
112.000000 0.000000
113.000000 0.000000
114.000000 0.000000
115.000000 0.000000
116.000000 0.000000
117.000000 0.000000
118.000000 0.000000
119.000000 0.000000
120.000000 0.000000
121.000000 0.000000
122.000000 0.000000
123.000000 0.000000
124.000000 0.000000
125.000000 0.000000
126.000000 0.000000
127.000000 0.000000
128.000000 0.000000
129.000000 0.000000
130.000000 0.000000
131.000000 0.000000
132.000000 0.000000
133.000000 0.000000
134.000000 0.000000
135.000000 0.000000
136.000000 0.000000
137.000000 0.000000
138.000000 0.000000
139.000000 0.000000
140.000000 0.000000
141.000000 0.000000
142.000000 0.000000
143.000000 0.000000
144.000000 0.000000
145.000000 0.000000
146.000000 0.000000
147.000000 0.000000
148.000000 0.000000
149.000000 0.000000
150.000000 0.000000
151.000000 0.000000
152.000000 0.000000
153.000000 0.000000
154.000000 0.000000
155.000000 0.000000
156.000000 0.000000
157.000000 0.000000
158.000000 0.000000
159.000000 0.000000
160.000000 0.000000
161.000000 0.000000
162.000000 0.000000
163.000000 0.000000
164.000000 0.000000
165.000000 0.000000
166.000000 0.000000
167.000000 0.000000
168.000000 0.000000
169.000000 0.000000
170.000000 0.000000
171.000000 0.000000
172.000000 0.000000
173.000000 0.000000
174.000000 0.000000
175.000000 0.000000
176.000000 0.000000
177.000000 0.000000
178.000000 0.000000
179.000000 0.000000
180.000000 0.000000
181.000000 0.000000
182.000000 0.000000
183.000000 0.000000
184.000000 0.000000
185.000000 0.000000
186.000000 0.000000
187.000000 0.000000
188.000000 0.000000
189.000000 0.000000
190.000000 0.000000
191.000000 0.000000
192.000000 0.000000
193.000000 0.000000
194.000000 0.000000
195.000000 0.000000
196.000000 0.000000
197.000000 0.000000
198.000000 0.000000
199.000000 0.000000
200.000000 0.000000
201.000000 0.000000
202.000000 0.000000
203.000000 0.000000
204.000000 0.000000
205.000000 0.000000
206.000000 0.000000
207.000000 0.000000
208.000000 0.000000
209.000000 0.000000
210.000000 0.000000
211.000000 0.000000
212.000000 0.000000
213.000000 0.000000
214.000000 0.000000
215.000000 0.000000
216.000000 0.000000
217.000000 0.000000
218.000000 0.000000
219.000000 0.000000
220.000000 0.000000
221.000000 0.000000
222.000000 0.000000
223.000000 0.000000
224.000000 0.000000
225.000000 0.000000
226.000000 0.000000
227.000000 0.000000
228.000000 0.000000
229.000000 0.000000
230.000000 0.000000
231.000000 0.000000
232.000000 0.000000
233.000000 0.000000
234.000000 0.000000
235.000000 0.000000
236.000000 0.000000
237.000000 0.000000
238.000000 0.000000
239.000000 0.000000
240.000000 0.000000
241.000000 0.000000
242.000000 0.000000
243.000000 0.000000
244.000000 0.000000
245.000000 0.000000
246.000000 0.000000
247.000000 0.000000
248.000000 0.000000
249.000000 0.000000
250.000000 0.000000
251.000000 0.000000
252.000000 0.000000
253.000000 0.000000
254.000000 0.000000
255.000000 0.000000
256.000000 0.000000
257.000000 0.000000
258.000000 0.000000
259.000000 0.000000
260.000000 0.000000
261.000000 0.000000
262.000000 0.000000
263.000000 0.000000
264.000000 0.000000
265.000000 0.000000
266.000000 0.000000
267.000000 0.000000
268.000000 0.000000
269.000000 0.000000
270.000000 0.000000
271.000000 0.000000
272.000000 0.000000
273.000000 0.000000
274.000000 0.000000
275.000000 0.000000
276.000000 0.000000
277.000000 0.000000
278.000000 0.000000
279.000000 0.000000
280.000000 0.000000
281.000000 0.000000
282.000000 0.000000
283.000000 0.000000
284.000000 0.000000
285.000000 0.000000
286.000000 0.000000
287.000000 0.000000
288.000000 0.000000
289.000000 0.000000
290.000000 0.000000
291.000000 0.000000
292.000000 0.000000
293.000000 0.000000
294.000000 0.000000
295.000000 0.000000
296.000000 0.000000
297.000000 0.000000
298.000000 0.000000
299.000000 0.000000
300.000000 0.000000
301.000000 0.000000
302.000000 0.000000
303.000000 0.000000
304.000000 0.000000
305.000000 0.000000
306.000000 0.000000
307.000000 0.000000
308.000000 0.000000
309.000000 0.000000
310.000000 0.000000
311.000000 0.000000
312.000000 0.000000
313.000000 0.000000
314.000000 0.000000
315.000000 0.000000
316.000000 0.000000
317.000000 0.000000
318.000000 0.000000
319.000000 0.000000
320.000000 0.000000
321.000000 0.000000
322.000000 0.000000
323.000000 0.000000
324.000000 0.000000
325.000000 0.000000
326.000000 0.000000
327.000000 0.000000
328.000000 0.000000
329.000000 0.000000
330.000000 0.000000
331.000000 0.000000
332.000000 0.000000
333.000000 0.000000
334.000000 0.000000
335.000000 0.000000
336.000000 0.000000
337.000000 0.000000
338.000000 0.000000
339.000000 0.000000
340.000000 0.000000
341.000000 0.000000
342.000000 0.000000
343.000000 0.000000
344.000000 0.000000
345.000000 0.000000
346.000000 0.000000
347.000000 0.000000
348.000000 0.000000
349.000000 0.000000
350.000000 0.000000
351.000000 0.000000
352.000000 0.000000
353.000000 0.000000
354.000000 0.000000
355.000000 0.000000
356.000000 0.000000
357.000000 0.000000
358.000000 0.000000
359.000000 0.000000
360.000000 0.000000
361.000000 0.000000
362.000000 0.000000
363.000000 0.000000
364.000000 0.000000
365.000000 0.000000
366.000000 0.000000
367.000000 0.000000
368.000000 0.000000
369.000000 0.000000
370.000000 0.000000
371.000000 0.000000
372.000000 0.000000
373.000000 0.000000
374.000000 0.000000
375.000000 0.000000
376.000000 0.000000
377.000000 0.000000
378.000000 0.000000
379.000000 0.000000
380.000000 0.000000
381.000000 0.000000
382.000000 0.000000
383.000000 0.000000
384.000000 0.000000
385.000000 0.000000
386.000000 0.000000
387.000000 0.000000
388.000000 0.000000
389.000000 0.000000
390.000000 0.000000
391.000000 0.000000
392.000000 0.000000
393.000000 0.000000
394.000000 0.000000
395.000000 0.000000
396.000000 0.000000
397.000000 0.000000
398.000000 0.000000
399.000000 0.000000
400.000000 0.000000
401.000000 0.000000
402.000000 0.000000
403.000000 0.000000
404.000000 0.000000
405.000000 0.000000
406.000000 0.000000
407.000000 0.000000
408.000000 0.000000
409.000000 0.000000
410.000000 0.000000
411.000000 0.000000
412.000000 0.000000
413.000000 0.000000
414.000000 0.000000
415.000000 0.000000
416.000000 0.000000
417.000000 0.000000
418.000000 0.000000
419.000000 0.000000
420.000000 0.000000
421.000000 0.000000
422.000000 0.000000
423.000000 0.000000
424.000000 0.000000
425.000000 0.000000
426.000000 0.000000
427.000000 0.000000
428.000000 0.000000
429.000000 0.000000
430.000000 0.000000
431.000000 0.000000
432.000000 0.000000
433.000000 0.000000
434.000000 0.000000
435.000000 0.000000
436.000000 0.000000
437.000000 0.000000
438.000000 0.000000
439.000000 0.000000
440.000000 0.000000
441.000000 0.000000
442.000000 0.000000
443.000000 0.000000
444.000000 0.000000
445.000000 0.000000
446.000000 0.000000
447.000000 0.000000
448.000000 0.000000
449.000000 0.000000
450.000000 0.000000
451.000000 0.000000
452.000000 0.000000
453.000000 0.000000
454.000000 0.000000
455.000000 0.000000
456.000000 0.000000
457.000000 0.000000
458.000000 0.000000
459.000000 0.000000
460.000000 0.000000
461.000000 0.000000
462.000000 0.000000
463.000000 0.000000
464.000000 0.000000
465.000000 0.000000
466.000000 0.000000
467.000000 0.000000
468.000000 0.000000
469.000000 0.000000
470.000000 0.000000
471.000000 0.000001
472.000000 0.000001
473.000000 0.000001
474.000000 0.000001
475.000000 0.000001
476.000000 0.000001
477.000000 0.000001
478.000000 0.000001
479.000000 0.000001
480.000000 0.000001
481.000000 0.000001
482.000000 0.000001
483.000000 0.000001
484.000000 0.000001
485.000000 0.000001
486.000000 0.000001
487.000000 0.000001
488.000000 0.000001
489.000000 0.000001
490.000000 0.000001
491.000000 0.000001
492.000000 0.000001
493.000000 0.000001
494.000000 0.000001
495.000000 0.000001
496.000000 0.000001
497.000000 0.000001
498.000000 0.000001
499.000000 0.000002
500.000000 0.000002
501.000000 0.000002
502.000000 0.000002
503.000000 0.000002
504.000000 0.000002
505.000000 0.000002
506.000000 0.000002
507.000000 0.000002
508.000000 0.000002
509.000000 0.000002
510.000000 0.000002
511.000000 0.000002
512.000000 0.000003
513.000000 0.000003
514.000000 0.000003
515.000000 0.000003
516.000000 0.000003
517.000000 0.000003
518.000000 0.000003
519.000000 0.000003
520.000000 0.000003
521.000000 0.000003
522.000000 0.000004
523.000000 0.000004
524.000000 0.000004
525.000000 0.000004
526.000000 0.000004
527.000000 0.000004
528.000000 0.000004
529.000000 0.000004
530.000000 0.000005
531.000000 0.000005
532.000000 0.000005
533.000000 0.000005
534.000000 0.000005
535.000000 0.000005
536.000000 0.000006
537.000000 0.000006
538.000000 0.000006
539.000000 0.000006
540.000000 0.000006
541.000000 0.000007
542.000000 0.000007
543.000000 0.000007
544.000000 0.000007
545.000000 0.000007
546.000000 0.000008
547.000000 0.000008
548.000000 0.000008
549.000000 0.000008
550.000000 0.000009
551.000000 0.000009
552.000000 0.000009
553.000000 0.000010
554.000000 0.000010
555.000000 0.000010
556.000000 0.000011
557.000000 0.000011
558.000000 0.000011
559.000000 0.000012
560.000000 0.000012
561.000000 0.000012
562.000000 0.000013
563.000000 0.000013
564.000000 0.000013
565.000000 0.000014
566.000000 0.000014
567.000000 0.000014
568.000000 0.000015
569.000000 0.000015
570.000000 0.000016
571.000000 0.000016
572.000000 0.000017
573.000000 0.000017
574.000000 0.000018
575.000000 0.000018
576.000000 0.000019
577.000000 0.000019
578.000000 0.000020
579.000000 0.000020
580.000000 0.000021
581.000000 0.000021
582.000000 0.000022
583.000000 0.000023
584.000000 0.000023
585.000000 0.000024
586.000000 0.000025
587.000000 0.000025
588.000000 0.000026
589.000000 0.000027
590.000000 0.000027
591.000000 0.000028
592.000000 0.000029
593.000000 0.000029
594.000000 0.000030
595.000000 0.000031
596.000000 0.000032
597.000000 0.000033
598.000000 0.000033
599.000000 0.000034
600.000000 0.000035
601.000000 0.000036
602.000000 0.000037
603.000000 0.000038
604.000000 0.000039
605.000000 0.000040
606.000000 0.000041
607.000000 0.000042
608.000000 0.000043
609.000000 0.000044
610.000000 0.000045
611.000000 0.000046
612.000000 0.000047
613.000000 0.000048
614.000000 0.000050
615.000000 0.000051
616.000000 0.000052
617.000000 0.000053
618.000000 0.000055
619.000000 0.000056
620.000000 0.000057
621.000000 0.000058
622.000000 0.000060
623.000000 0.000061
624.000000 0.000063
625.000000 0.000064
626.000000 0.000066
627.000000 0.000067
628.000000 0.000069
629.000000 0.000070
630.000000 0.000072
631.000000 0.000074
632.000000 0.000075
633.000000 0.000077
634.000000 0.000078
635.000000 0.000080
636.000000 0.000082
637.000000 0.000084
638.000000 0.000086
639.000000 0.000087
640.000000 0.000089
641.000000 0.000091
642.000000 0.000093
643.000000 0.000095
644.000000 0.000097
645.000000 0.000099
646.000000 0.000101
647.000000 0.000104
648.000000 0.000106
649.000000 0.000108
650.000000 0.000110
651.000000 0.000112
652.000000 0.000115
653.000000 0.000117
654.000000 0.000120
655.000000 0.000122
656.000000 0.000125
657.000000 0.000127
658.000000 0.000130
659.000000 0.000132
660.000000 0.000135
661.000000 0.000137
662.000000 0.000140
663.000000 0.000143
664.000000 0.000146
665.000000 0.000149
666.000000 0.000152
667.000000 0.000154
668.000000 0.000157
669.000000 0.000161
670.000000 0.000164
671.000000 0.000167
672.000000 0.000170
673.000000 0.000173
674.000000 0.000176
675.000000 0.000180
676.000000 0.000183
677.000000 0.000186
678.000000 0.000190
679.000000 0.000194
680.000000 0.000197
681.000000 0.000201
682.000000 0.000204
683.000000 0.000208
684.000000 0.000212
685.000000 0.000216
686.000000 0.000219
687.000000 0.000223
688.000000 0.000227
689.000000 0.000231
690.000000 0.000235
691.000000 0.000240
692.000000 0.000243
693.000000 0.000248
694.000000 0.000252
695.000000 0.000256
696.000000 0.000261
697.000000 0.000265
698.000000 0.000270
699.000000 0.000274
700.000000 0.000279
701.000000 0.000283
702.000000 0.000288
703.000000 0.000293
704.000000 0.000298
705.000000 0.000303
706.000000 0.000308
707.000000 0.000313
708.000000 0.000318
709.000000 0.000323
710.000000 0.000328
711.000000 0.000333
712.000000 0.000339
713.000000 0.000344
714.000000 0.000350
715.000000 0.000355
716.000000 0.000361
717.000000 0.000366
718.000000 0.000372
719.000000 0.000378
720.000000 0.000383
721.000000 0.000390
722.000000 0.000395
723.000000 0.000402
724.000000 0.000407
725.000000 0.000414
726.000000 0.000420
727.000000 0.000426
728.000000 0.000432
729.000000 0.000439
730.000000 0.000445
731.000000 0.000452
732.000000 0.000458
733.000000 0.000465
734.000000 0.000471
735.000000 0.000478
736.000000 0.000485
737.000000 0.000492
738.000000 0.000499
739.000000 0.000506
740.000000 0.000513
741.000000 0.000519
742.000000 0.000528
743.000000 0.000534
744.000000 0.000542
745.000000 0.000549
746.000000 0.000557
747.000000 0.000564
748.000000 0.000572
749.000000 0.000580
750.000000 0.000588
751.000000 0.000595
752.000000 0.000603
753.000000 0.000611
754.000000 0.000619
755.000000 0.000627
756.000000 0.000636
757.000000 0.000644
758.000000 0.000652
759.000000 0.000660
760.000000 0.000668
761.000000 0.000677
762.000000 0.000685
763.000000 0.000695
764.000000 0.000702
765.000000 0.000712
766.000000 0.000720
767.000000 0.000729
768.000000 0.000738
769.000000 0.000746
770.000000 0.000755
771.000000 0.000765
772.000000 0.000774
773.000000 0.000783
774.000000 0.000792
775.000000 0.000802
776.000000 0.000811
777.000000 0.000820
778.000000 0.000830
779.000000 0.000840
780.000000 0.000849
781.000000 0.000859
782.000000 0.000869
783.000000 0.000878
784.000000 0.000889
785.000000 0.000897
786.000000 0.000908
787.000000 0.000918
788.000000 0.000928
789.000000 0.000937
790.000000 0.000948
791.000000 0.000958
792.000000 0.000969
793.000000 0.000979
794.000000 0.000990
795.000000 0.000998
796.000000 0.001011
797.000000 0.001020
798.000000 0.001031
799.000000 0.001041
800.000000 0.001053
801.000000 0.001063
802.000000 0.001074
803.000000 0.001086
804.000000 0.001095
805.000000 0.001107
806.000000 0.001118
807.000000 0.001129
808.000000 0.001139
809.000000 0.001152
810.000000 0.001161
811.000000 0.001173
812.000000 0.001185
813.000000 0.001195
814.000000 0.001206
815.000000 0.001218
816.000000 0.001229
817.000000 0.001242
818.000000 0.001251
819.000000 0.001264
820.000000 0.001273
821.000000 0.001288
822.000000 0.001298
823.000000 0.001309
824.000000 0.001322
825.000000 0.001333
826.000000 0.001345
827.000000 0.001356
828.000000 0.001369
829.000000 0.001379
830.000000 0.001392
831.000000 0.001403
832.000000 0.001416
833.000000 0.001426
834.000000 0.001440
835.000000 0.001451
836.000000 0.001463
837.000000 0.001474
838.000000 0.001487
839.000000 0.001497
840.000000 0.001511
841.000000 0.001523
842.000000 0.001535
843.000000 0.001546
844.000000 0.001558
845.000000 0.001571
846.000000 0.001582
847.000000 0.001597
848.000000 0.001604
849.000000 0.001619
850.000000 0.001630
851.000000 0.001644
852.000000 0.001654
853.000000 0.001668
854.000000 0.001678
855.000000 0.001692
856.000000 0.001703
857.000000 0.001716
858.000000 0.001726
859.000000 0.001741
860.000000 0.001751
861.000000 0.001764
862.000000 0.001775
863.000000 0.001788
864.000000 0.001797
865.000000 0.001811
866.000000 0.001826
867.000000 0.001833
868.000000 0.001848
869.000000 0.001858
870.000000 0.001871
871.000000 0.001882
872.000000 0.001897
873.000000 0.001905
874.000000 0.001917
875.000000 0.001930
876.000000 0.001942
877.000000 0.001952
878.000000 0.001966
879.000000 0.001976
880.000000 0.001989
881.000000 0.002000
882.000000 0.002012
883.000000 0.002022
884.000000 0.002036
885.000000 0.002045
886.000000 0.002056
887.000000 0.002070
888.000000 0.002079
889.000000 0.002090
890.000000 0.002102
891.000000 0.002117
892.000000 0.002122
893.000000 0.002136
894.000000 0.002146
895.000000 0.002158
896.000000 0.002169
897.000000 0.002181
898.000000 0.002189
899.000000 0.002200
900.000000 0.002212
901.000000 0.002223
902.000000 0.002232
903.000000 0.002245
904.000000 0.002253
905.000000 0.002266
906.000000 0.002274
907.000000 0.002284
908.000000 0.002296
909.000000 0.002306
910.000000 0.002316
911.000000 0.002324
912.000000 0.002337
913.000000 0.002344
914.000000 0.002357
915.000000 0.002364
916.000000 0.002376
917.000000 0.002382
918.000000 0.002392
919.000000 0.002402
920.000000 0.002415
921.000000 0.002420
922.000000 0.002431
923.000000 0.002438
924.000000 0.002449
925.000000 0.002456
926.000000 0.002469
927.000000 0.002472
928.000000 0.002483
929.000000 0.002493
930.000000 0.002501
931.000000 0.002509
932.000000 0.002516
933.000000 0.002527
934.000000 0.002533
935.000000 0.002542
936.000000 0.002548
937.000000 0.002558
938.000000 0.002563
939.000000 0.002574
940.000000 0.002579
941.000000 0.002588
942.000000 0.002592
943.000000 0.002600
944.000000 0.002609
945.000000 0.002619
946.000000 0.002618
947.000000 0.002630
948.000000 0.002634
949.000000 0.002640
950.000000 0.002650
951.000000 0.002656
952.000000 0.002660
953.000000 0.002665
954.000000 0.002675
955.000000 0.002677
956.000000 0.002686
957.000000 0.002689
958.000000 0.002697
959.000000 0.002700
960.000000 0.002707
961.000000 0.002710
962.000000 0.002718
963.000000 0.002721
964.000000 0.002727
965.000000 0.002729
966.000000 0.002736
967.000000 0.002738
968.000000 0.002742
969.000000 0.002748
970.000000 0.002753
971.000000 0.002754
972.000000 0.002759
973.000000 0.002763
974.000000 0.002765
975.000000 0.002773
976.000000 0.002772
977.000000 0.002777
978.000000 0.002777
979.000000 0.002785
980.000000 0.002784
981.000000 0.002789
982.000000 0.002789
983.000000 0.002794
984.000000 0.002794
985.000000 0.002798
986.000000 0.002798
987.000000 0.002802
988.000000 0.002802
989.000000 0.002805
990.000000 0.002804
991.000000 0.002806
992.000000 0.002809
993.000000 0.002811
994.000000 0.002810
995.000000 0.002809
996.000000 0.002812
997.000000 0.002808
998.000000 0.002813
999.000000 0.002813
1000.000000 0.002813
1001.000000 0.002812
1002.000000 0.002813
1003.000000 0.002811
1004.000000 0.002813
1005.000000 0.002811
1006.000000 0.002811
1007.000000 0.002809
1008.000000 0.002810
1009.000000 0.002807
1010.000000 0.002808
1011.000000 0.002804
1012.000000 0.002804
1013.000000 0.002803
1014.000000 0.002801
1015.000000 0.002798
1016.000000 0.002796
1017.000000 0.002796
1018.000000 0.002793
1019.000000 0.002791
1020.000000 0.002786
1021.000000 0.002786
1022.000000 0.002778
1023.000000 0.002783
1024.000000 0.002777
1025.000000 0.002771
1026.000000 0.002769
1027.000000 0.002767
1028.000000 0.002762
1029.000000 0.002761
1030.000000 0.002756
1031.000000 0.002753
1032.000000 0.002746
1033.000000 0.002743
1034.000000 0.002740
1035.000000 0.002736
1036.000000 0.002730
1037.000000 0.002725
1038.000000 0.002722
1039.000000 0.002715
1040.000000 0.002712
1041.000000 0.002705
1042.000000 0.002703
1043.000000 0.002694
1044.000000 0.002691
1045.000000 0.002683
1046.000000 0.002679
1047.000000 0.002669
1048.000000 0.002670
1049.000000 0.002661
1050.000000 0.002653
1051.000000 0.002647
1052.000000 0.002643
1053.000000 0.002634
1054.000000 0.002630
1055.000000 0.002622
1056.000000 0.002616
1057.000000 0.002607
1058.000000 0.002601
1059.000000 0.002595
1060.000000 0.002586
1061.000000 0.002581
1062.000000 0.002571
1063.000000 0.002566
1064.000000 0.002556
1065.000000 0.002550
1066.000000 0.002540
1067.000000 0.002535
1068.000000 0.002524
1069.000000 0.002518
1070.000000 0.002507
1071.000000 0.002501
1072.000000 0.002493
1073.000000 0.002484
1074.000000 0.002473
1075.000000 0.002466
1076.000000 0.002455
1077.000000 0.002449
1078.000000 0.002440
1079.000000 0.002428
1080.000000 0.002422
1081.000000 0.002411
1082.000000 0.002404
1083.000000 0.002393
1084.000000 0.002385
1085.000000 0.002373
1086.000000 0.002367
1087.000000 0.002354
1088.000000 0.002346
1089.000000 0.002334
1090.000000 0.002326
1091.000000 0.002316
1092.000000 0.002306
1093.000000 0.002294
1094.000000 0.002286
1095.000000 0.002273
1096.000000 0.002264
1097.000000 0.002256
1098.000000 0.002244
1099.000000 0.002231
1100.000000 0.002221
1101.000000 0.002211
1102.000000 0.002202
1103.000000 0.002192
1104.000000 0.002177
1105.000000 0.002170
1106.000000 0.002156
1107.000000 0.002148
1108.000000 0.002135
1109.000000 0.002125
1110.000000 0.002113
1111.000000 0.002103
1112.000000 0.002090
1113.000000 0.002081
1114.000000 0.002068
1115.000000 0.002058
1116.000000 0.002046
1117.000000 0.002034
1118.000000 0.002022
1119.000000 0.002012
1120.000000 0.001999
1121.000000 0.001988
1122.000000 0.001977
1123.000000 0.001964
1124.000000 0.001953
1125.000000 0.001941
1126.000000 0.001929
1127.000000 0.001919
1128.000000 0.001908
1129.000000 0.001892
1130.000000 0.001883
1131.000000 0.001870
1132.000000 0.001860
1133.000000 0.001847
1134.000000 0.001835
1135.000000 0.001823
1136.000000 0.001812
1137.000000 0.001798
1138.000000 0.001788
1139.000000 0.001775
1140.000000 0.001765
1141.000000 0.001751
1142.000000 0.001738
1143.000000 0.001727
1144.000000 0.001714
1145.000000 0.001703
1146.000000 0.001691
1147.000000 0.001680
1148.000000 0.001666
1149.000000 0.001655
1150.000000 0.001642
1151.000000 0.001632
1152.000000 0.001618
1153.000000 0.001607
1154.000000 0.001594
1155.000000 0.001582
1156.000000 0.001570
1157.000000 0.001560
1158.000000 0.001545
1159.000000 0.001535
1160.000000 0.001522
1161.000000 0.001511
1162.000000 0.001498
1163.000000 0.001486
1164.000000 0.001475
1165.000000 0.001462
1166.000000 0.001451
1167.000000 0.001438
1168.000000 0.001427
1169.000000 0.001414
1170.000000 0.001405
1171.000000 0.001391
1172.000000 0.001380
1173.000000 0.001367
1174.000000 0.001356
1175.000000 0.001344
1176.000000 0.001334
1177.000000 0.001320
1178.000000 0.001310
1179.000000 0.001297
1180.000000 0.001286
1181.000000 0.001275
1182.000000 0.001264
1183.000000 0.001251
1184.000000 0.001240
1185.000000 0.001230
1186.000000 0.001217
1187.000000 0.001207
1188.000000 0.001195
1189.000000 0.001185
1190.000000 0.001172
1191.000000 0.001162
1192.000000 0.001150
1193.000000 0.001139
1194.000000 0.001128
1195.000000 0.001119
1196.000000 0.001106
1197.000000 0.001096
1198.000000 0.001084
1199.000000 0.001074
1200.000000 0.001064
1201.000000 0.001053
1202.000000 0.001041
1203.000000 0.001032
1204.000000 0.001020
1205.000000 0.001009
1206.000000 0.001001
1207.000000 0.000989
1208.000000 0.000979
1209.000000 0.000968
1210.000000 0.000959
1211.000000 0.000948
1212.000000 0.000938
1213.000000 0.000928
1214.000000 0.000918
1215.000000 0.000907
1216.000000 0.000898
1217.000000 0.000888
1218.000000 0.000878
1219.000000 0.000869
1220.000000 0.000859
1221.000000 0.000848
1222.000000 0.000840
1223.000000 0.000829
1224.000000 0.000820
1225.000000 0.000811
1226.000000 0.000801
1227.000000 0.000792
1228.000000 0.000782
1229.000000 0.000774
1230.000000 0.000765
1231.000000 0.000756
1232.000000 0.000746
1233.000000 0.000738
1234.000000 0.000728
1235.000000 0.000720
1236.000000 0.000711
1237.000000 0.000702
1238.000000 0.000694
1239.000000 0.000686
1240.000000 0.000676
1241.000000 0.000668
1242.000000 0.000660
1243.000000 0.000652
1244.000000 0.000643
1245.000000 0.000636
1246.000000 0.000627
1247.000000 0.000618
1248.000000 0.000612
1249.000000 0.000603
1250.000000 0.000596
1251.000000 0.000587
1252.000000 0.000580
1253.000000 0.000572
1254.000000 0.000565
1255.000000 0.000557
1256.000000 0.000550
1257.000000 0.000542
1258.000000 0.000535
1259.000000 0.000527
1260.000000 0.000521
1261.000000 0.000513
1262.000000 0.000506
1263.000000 0.000499
1264.000000 0.000492
1265.000000 0.000484
1266.000000 0.000479
1267.000000 0.000472
1268.000000 0.000464
1269.000000 0.000459
1270.000000 0.000451
1271.000000 0.000445
1272.000000 0.000439
1273.000000 0.000433
1274.000000 0.000426
1275.000000 0.000420
1276.000000 0.000413
1277.000000 0.000407
1278.000000 0.000401
1279.000000 0.000396
1280.000000 0.000389
1281.000000 0.000384
1282.000000 0.000377
1283.000000 0.000372
1284.000000 0.000366
1285.000000 0.000361
1286.000000 0.000354
1287.000000 0.000350
1288.000000 0.000345
1289.000000 0.000338
1290.000000 0.000334
1291.000000 0.000328
1292.000000 0.000323
1293.000000 0.000318
1294.000000 0.000313
1295.000000 0.000307
1296.000000 0.000303
1297.000000 0.000298
1298.000000 0.000293
1299.000000 0.000288
1300.000000 0.000284
1301.000000 0.000279
1302.000000 0.000274
1303.000000 0.000269
1304.000000 0.000265
1305.000000 0.000261
1306.000000 0.000257
1307.000000 0.000252
1308.000000 0.000248
1309.000000 0.000244
1310.000000 0.000239
1311.000000 0.000235
1312.000000 0.000231
1313.000000 0.000227
1314.000000 0.000223
1315.000000 0.000220
1316.000000 0.000215
1317.000000 0.000212
1318.000000 0.000208
1319.000000 0.000204
1320.000000 0.000200
1321.000000 0.000197
1322.000000 0.000193
1323.000000 0.000190
1324.000000 0.000186
1325.000000 0.000183
1326.000000 0.000180
1327.000000 0.000176
1328.000000 0.000173
1329.000000 0.000170
1330.000000 0.000167
1331.000000 0.000163
1332.000000 0.000161
1333.000000 0.000157
1334.000000 0.000155
1335.000000 0.000152
1336.000000 0.000149
1337.000000 0.000146
1338.000000 0.000143
1339.000000 0.000140
1340.000000 0.000138
1341.000000 0.000135
1342.000000 0.000132
1343.000000 0.000129
1344.000000 0.000127
1345.000000 0.000124
1346.000000 0.000122
1347.000000 0.000120
1348.000000 0.000117
1349.000000 0.000115
1350.000000 0.000113
1351.000000 0.000110
1352.000000 0.000108
1353.000000 0.000106
1354.000000 0.000104
1355.000000 0.000101
1356.000000 0.000099
1357.000000 0.000097
1358.000000 0.000095
1359.000000 0.000093
1360.000000 0.000091
1361.000000 0.000089
1362.000000 0.000087
1363.000000 0.000086
1364.000000 0.000084
1365.000000 0.000082
1366.000000 0.000080
1367.000000 0.000078
1368.000000 0.000077
1369.000000 0.000075
1370.000000 0.000073
1371.000000 0.000072
1372.000000 0.000070
1373.000000 0.000069
1374.000000 0.000067
1375.000000 0.000066
1376.000000 0.000064
1377.000000 0.000063
1378.000000 0.000061
1379.000000 0.000060
1380.000000 0.000059
1381.000000 0.000057
1382.000000 0.000056
1383.000000 0.000055
1384.000000 0.000053
1385.000000 0.000052
1386.000000 0.000051
1387.000000 0.000050
1388.000000 0.000048
1389.000000 0.000047
1390.000000 0.000046
1391.000000 0.000045
1392.000000 0.000044
1393.000000 0.000043
1394.000000 0.000042
1395.000000 0.000041
1396.000000 0.000040
1397.000000 0.000039
1398.000000 0.000038
1399.000000 0.000037
1400.000000 0.000036
1401.000000 0.000035
1402.000000 0.000034
1403.000000 0.000033
1404.000000 0.000033
1405.000000 0.000032
1406.000000 0.000031
1407.000000 0.000030
1408.000000 0.000029
1409.000000 0.000029
1410.000000 0.000028
1411.000000 0.000027
1412.000000 0.000026
1413.000000 0.000026
1414.000000 0.000025
1415.000000 0.000025
1416.000000 0.000024
1417.000000 0.000023
1418.000000 0.000023
1419.000000 0.000022
1420.000000 0.000021
1421.000000 0.000021
1422.000000 0.000020
1423.000000 0.000020
1424.000000 0.000019
1425.000000 0.000019
1426.000000 0.000018
1427.000000 0.000018
1428.000000 0.000017
1429.000000 0.000017
1430.000000 0.000016
1431.000000 0.000016
1432.000000 0.000015
1433.000000 0.000015
1434.000000 0.000015
1435.000000 0.000014
1436.000000 0.000014
1437.000000 0.000013
1438.000000 0.000013
1439.000000 0.000013
1440.000000 0.000012
1441.000000 0.000012
1442.000000 0.000011
1443.000000 0.000011
1444.000000 0.000011
1445.000000 0.000010
1446.000000 0.000010
1447.000000 0.000010
1448.000000 0.000010
1449.000000 0.000009
1450.000000 0.000009
1451.000000 0.000009
1452.000000 0.000009
1453.000000 0.000008
1454.000000 0.000008
1455.000000 0.000008
1456.000000 0.000008
1457.000000 0.000007
1458.000000 0.000007
1459.000000 0.000007
1460.000000 0.000007
1461.000000 0.000006
1462.000000 0.000006
1463.000000 0.000006
1464.000000 0.000006
1465.000000 0.000006
1466.000000 0.000005
1467.000000 0.000005
1468.000000 0.000005
1469.000000 0.000005
1470.000000 0.000005
1471.000000 0.000005
1472.000000 0.000004
1473.000000 0.000004
1474.000000 0.000004
1475.000000 0.000004
1476.000000 0.000004
1477.000000 0.000004
1478.000000 0.000004
1479.000000 0.000004
1480.000000 0.000003
1481.000000 0.000003
1482.000000 0.000003
1483.000000 0.000003
1484.000000 0.000003
1485.000000 0.000003
1486.000000 0.000003
1487.000000 0.000003
1488.000000 0.000003
1489.000000 0.000002
1490.000000 0.000002
1491.000000 0.000002
1492.000000 0.000002
1493.000000 0.000002
1494.000000 0.000002
1495.000000 0.000002
1496.000000 0.000002
1497.000000 0.000002
1498.000000 0.000002
1499.000000 0.000002
1500.000000 0.000002
1501.000000 0.000002
1502.000000 0.000002
1503.000000 0.000001
1504.000000 0.000001
1505.000000 0.000001
1506.000000 0.000001
1507.000000 0.000001
1508.000000 0.000001
1509.000000 0.000001
1510.000000 0.000001
1511.000000 0.000001
1512.000000 0.000001
1513.000000 0.000001
1514.000000 0.000001
1515.000000 0.000001
1516.000000 0.000001
1517.000000 0.000001
1518.000000 0.000001
1519.000000 0.000001
1520.000000 0.000001
1521.000000 0.000001
1522.000000 0.000001
1523.000000 0.000001
1524.000000 0.000001
1525.000000 0.000001
1526.000000 0.000001
1527.000000 0.000001
1528.000000 0.000001
1529.000000 0.000001
1530.000000 0.000001
1531.000000 0.000000
1532.000000 0.000000
1533.000000 0.000000
1534.000000 0.000000
1535.000000 0.000000
1536.000000 0.000000
1537.000000 0.000000
1538.000000 0.000000
1539.000000 0.000000
1540.000000 0.000000
1541.000000 0.000000
1542.000000 0.000000
1543.000000 0.000000
1544.000000 0.000000
1545.000000 0.000000
1546.000000 0.000000
1547.000000 0.000000
1548.000000 0.000000
1549.000000 0.000000
1550.000000 0.000000
1551.000000 0.000000
1552.000000 0.000000
1553.000000 0.000000
1554.000000 0.000000
1555.000000 0.000000
1556.000000 0.000000
1557.000000 0.000000
1558.000000 0.000000
1559.000000 0.000000
1560.000000 0.000000
1561.000000 0.000000
1562.000000 0.000000
1563.000000 0.000000
1564.000000 0.000000
1565.000000 0.000000
1566.000000 0.000000
1567.000000 0.000000
1568.000000 0.000000
1569.000000 0.000000
1570.000000 0.000000
1571.000000 0.000000
1572.000000 0.000000
1573.000000 0.000000
1574.000000 0.000000
1575.000000 0.000000
1576.000000 0.000000
1577.000000 0.000000
1578.000000 0.000000
1579.000000 0.000000
1580.000000 0.000000
1581.000000 0.000000
1582.000000 0.000000
1583.000000 0.000000
1584.000000 0.000000
1585.000000 0.000000
1586.000000 0.000000
1587.000000 0.000000
1588.000000 0.000000
1589.000000 0.000000
1590.000000 0.000000
1591.000000 0.000000
1592.000000 0.000000
1593.000000 0.000000
1594.000000 0.000000
1595.000000 0.000000
1596.000000 0.000000
1597.000000 0.000000
1598.000000 0.000000
1599.000000 0.000000
1600.000000 0.000000
1601.000000 0.000000
1602.000000 0.000000
1603.000000 0.000000
1604.000000 0.000000
1605.000000 0.000000
1606.000000 0.000000
1607.000000 0.000000
1608.000000 0.000000
1609.000000 0.000000
1610.000000 0.000000
1611.000000 0.000000
1612.000000 0.000000
1613.000000 0.000000
1614.000000 0.000000
1615.000000 0.000000
1616.000000 0.000000
1617.000000 0.000000
1618.000000 0.000000
1619.000000 0.000000
1620.000000 0.000000
1621.000000 0.000000
1622.000000 0.000000
1623.000000 0.000000
1624.000000 0.000000
1625.000000 0.000000
1626.000000 0.000000
1627.000000 0.000000
1628.000000 0.000000
1629.000000 0.000000
1630.000000 0.000000
1631.000000 0.000000
1632.000000 0.000000
1633.000000 0.000000
1634.000000 0.000000
1635.000000 0.000000
1636.000000 0.000000
1637.000000 0.000000
1638.000000 0.000000
1639.000000 0.000000
1640.000000 0.000000
1641.000000 0.000000
1642.000000 0.000000
1643.000000 0.000000
1644.000000 0.000000
1645.000000 0.000000
1646.000000 0.000000
1647.000000 0.000000
1648.000000 0.000000
1649.000000 0.000000
1650.000000 0.000000
1651.000000 0.000000
1652.000000 0.000000
1653.000000 0.000000
1654.000000 0.000000
1655.000000 0.000000
1656.000000 0.000000
1657.000000 0.000000
1658.000000 0.000000
1659.000000 0.000000
1660.000000 0.000000
1661.000000 0.000000
1662.000000 0.000000
1663.000000 0.000000
1664.000000 0.000000
1665.000000 0.000000
1666.000000 0.000000
1667.000000 0.000000
1668.000000 0.000000
1669.000000 0.000000
1670.000000 0.000000
1671.000000 0.000000
1672.000000 0.000000
1673.000000 0.000000
1674.000000 0.000000
1675.000000 0.000000
1676.000000 0.000000
1677.000000 0.000000
1678.000000 0.000000
1679.000000 0.000000
1680.000000 0.000000
1681.000000 0.000000
1682.000000 0.000000
1683.000000 0.000000
1684.000000 0.000000
1685.000000 0.000000
1686.000000 0.000000
1687.000000 0.000000
1688.000000 0.000000
1689.000000 0.000000
1690.000000 0.000000
1691.000000 0.000000
1692.000000 0.000000
1693.000000 0.000000
1694.000000 0.000000
1695.000000 0.000000
1696.000000 0.000000
1697.000000 0.000000
1698.000000 0.000000
1699.000000 0.000000
1700.000000 0.000000
1701.000000 0.000000
1702.000000 0.000000
1703.000000 0.000000
1704.000000 0.000000
1705.000000 0.000000
1706.000000 0.000000
1707.000000 0.000000
1708.000000 0.000000
1709.000000 0.000000
1710.000000 0.000000
1711.000000 0.000000
1712.000000 0.000000
1713.000000 0.000000
1714.000000 0.000000
1715.000000 0.000000
1716.000000 0.000000
1717.000000 0.000000
1718.000000 0.000000
1719.000000 0.000000
1720.000000 0.000000
1721.000000 0.000000
1722.000000 0.000000
1723.000000 0.000000
1724.000000 0.000000
1725.000000 0.000000
1726.000000 0.000000
1727.000000 0.000000
1728.000000 0.000000
1729.000000 0.000000
1730.000000 0.000000
1731.000000 0.000000
1732.000000 0.000000
1733.000000 0.000000
1734.000000 0.000000
1735.000000 0.000000
1736.000000 0.000000
1737.000000 0.000000
1738.000000 0.000000
1739.000000 0.000000
1740.000000 0.000000
1741.000000 0.000000
1742.000000 0.000000
1743.000000 0.000000
1744.000000 0.000000
1745.000000 0.000000
1746.000000 0.000000
1747.000000 0.000000
1748.000000 0.000000
1749.000000 0.000000
1750.000000 0.000000
1751.000000 0.000000
1752.000000 0.000000
1753.000000 0.000000
1754.000000 0.000000
1755.000000 0.000000
1756.000000 0.000000
1757.000000 0.000000
1758.000000 0.000000
1759.000000 0.000000
1760.000000 0.000000
1761.000000 0.000000
1762.000000 0.000000
1763.000000 0.000000
1764.000000 0.000000
1765.000000 0.000000
1766.000000 0.000000
1767.000000 0.000000
1768.000000 0.000000
1769.000000 0.000000
1770.000000 0.000000
1771.000000 0.000000
1772.000000 0.000000
1773.000000 0.000000
1774.000000 0.000000
1775.000000 0.000000
1776.000000 0.000000
1777.000000 0.000000
1778.000000 0.000000
1779.000000 0.000000
1780.000000 0.000000
1781.000000 0.000000
1782.000000 0.000000
1783.000000 0.000000
1784.000000 0.000000
1785.000000 0.000000
1786.000000 0.000000
1787.000000 0.000000
1788.000000 0.000000
1789.000000 0.000000
1790.000000 0.000000
1791.000000 0.000000
1792.000000 0.000000
1793.000000 0.000000
1794.000000 0.000000
1795.000000 0.000000
1796.000000 0.000000
1797.000000 0.000000
1798.000000 0.000000
1799.000000 0.000000
1800.000000 0.000000
1801.000000 0.000000
1802.000000 0.000000
1803.000000 0.000000
1804.000000 0.000000
1805.000000 0.000000
1806.000000 0.000000
1807.000000 0.000000
1808.000000 0.000000
1809.000000 0.000000
1810.000000 0.000000
1811.000000 0.000000
1812.000000 0.000000
1813.000000 0.000000
1814.000000 0.000000
1815.000000 0.000000
1816.000000 0.000000
1817.000000 0.000000
1818.000000 0.000000
1819.000000 0.000000
1820.000000 0.000000
1821.000000 0.000000
1822.000000 0.000000
1823.000000 0.000000
1824.000000 0.000000
1825.000000 0.000000
1826.000000 0.000000
1827.000000 0.000000
1828.000000 0.000000
1829.000000 0.000000
1830.000000 0.000000
1831.000000 0.000000
1832.000000 0.000000
1833.000000 0.000000
1834.000000 0.000000
1835.000000 0.000000
1836.000000 0.000000
1837.000000 0.000000
1838.000000 0.000000
1839.000000 0.000000
1840.000000 0.000000
1841.000000 0.000000
1842.000000 0.000000
1843.000000 0.000000
1844.000000 0.000000
1845.000000 0.000000
1846.000000 0.000000
1847.000000 0.000000
1848.000000 0.000000
1849.000000 0.000000
1850.000000 0.000000
1851.000000 0.000000
1852.000000 0.000000
1853.000000 0.000000
1854.000000 0.000000
1855.000000 0.000000
1856.000000 0.000000
1857.000000 0.000000
1858.000000 0.000000
1859.000000 0.000000
1860.000000 0.000000
1861.000000 0.000000
1862.000000 0.000000
1863.000000 0.000000
1864.000000 0.000000
1865.000000 0.000000
1866.000000 0.000000
1867.000000 0.000000
1868.000000 0.000000
1869.000000 0.000000
1870.000000 0.000000
1871.000000 0.000000
1872.000000 0.000000
1873.000000 0.000000
1874.000000 0.000000
1875.000000 0.000000
1876.000000 0.000000
1877.000000 0.000000
1878.000000 0.000000
1879.000000 0.000000
1880.000000 0.000000
1881.000000 0.000000
1882.000000 0.000000
1883.000000 0.000000
1884.000000 0.000000
1885.000000 0.000000
1886.000000 0.000000
1887.000000 0.000000
1888.000000 0.000000
1889.000000 0.000000
1890.000000 0.000000
1891.000000 0.000000
1892.000000 0.000000
1893.000000 0.000000
1894.000000 0.000000
1895.000000 0.000000
1896.000000 0.000000
1897.000000 0.000000
1898.000000 0.000000
1899.000000 0.000000
1900.000000 0.000000
1901.000000 0.000000
1902.000000 0.000000
1903.000000 0.000000
1904.000000 0.000000
1905.000000 0.000000
1906.000000 0.000000
1907.000000 0.000000
1908.000000 0.000000
1909.000000 0.000000
1910.000000 0.000000
1911.000000 0.000000
1912.000000 0.000000
1913.000000 0.000000
1914.000000 0.000000
1915.000000 0.000000
1916.000000 0.000000
1917.000000 0.000000
1918.000000 0.000000
1919.000000 0.000000
1920.000000 0.000000
1921.000000 0.000000
1922.000000 0.000000
1923.000000 0.000000
1924.000000 0.000000
1925.000000 0.000000
1926.000000 0.000000
1927.000000 0.000000
1928.000000 0.000000
1929.000000 0.000000
1930.000000 0.000000
1931.000000 0.000000
1932.000000 0.000000
1933.000000 0.000000
1934.000000 0.000000
1935.000000 0.000000
1936.000000 0.000000
1937.000000 0.000000
1938.000000 0.000000
1939.000000 0.000000
1940.000000 0.000000
1941.000000 0.000000
1942.000000 0.000000
1943.000000 0.000000
1944.000000 0.000000
1945.000000 0.000000
1946.000000 0.000000
1947.000000 0.000000
1948.000000 0.000000
1949.000000 0.000000
1950.000000 0.000000
1951.000000 0.000000
1952.000000 0.000000
1953.000000 0.000000
1954.000000 0.000000
1955.000000 0.000000
1956.000000 0.000000
1957.000000 0.000000
1958.000000 0.000000
1959.000000 0.000000
1960.000000 0.000000
1961.000000 0.000000
1962.000000 0.000000
1963.000000 0.000000
1964.000000 0.000000
1965.000000 0.000000
1966.000000 0.000000
1967.000000 0.000000
1968.000000 0.000000
1969.000000 0.000000
1970.000000 0.000000
1971.000000 0.000000
1972.000000 0.000000
1973.000000 0.000000
1974.000000 0.000000
1975.000000 0.000000
1976.000000 0.000000
1977.000000 0.000000
1978.000000 0.000000
1979.000000 0.000000
1980.000000 0.000000
1981.000000 0.000000
1982.000000 0.000000
1983.000000 0.000000
1984.000000 0.000000
1985.000000 0.000000
1986.000000 0.000000
1987.000000 0.000000
1988.000000 0.000000
1989.000000 0.000000
1990.000000 0.000000
1991.000000 0.000000
1992.000000 0.000000
1993.000000 0.000000
1994.000000 0.000000
1995.000000 0.000000
1996.000000 0.000000
1997.000000 0.000000
1998.000000 0.000000
1999.000000 0.000000
2000.000000 0.000000
