n lam mean variance std
2000 0.650000 1000.465081 34180.356876 184.879304
bin_midpoint probability
1.000000 0.000000
2.000000 0.000000
3.000000 0.000000
4.000000 0.000000
5.000000 0.000000
6.000000 0.000000
7.000000 0.000000
8.000000 0.000000
9.000000 0.000000
10.000000 0.000000
11.000000 0.000000
12.000000 0.000000
13.000000 0.000000
14.000000 0.000000
15.000000 0.000000
16.000000 0.000000
17.000000 0.000000
18.000000 0.000000
19.000000 0.000000
20.000000 0.000000
21.000000 0.000000
22.000000 0.000000
23.000000 0.000000
24.000000 0.000000
25.000000 0.000000
26.000000 0.000000
27.000000 0.000000
28.000000 0.000000
29.000000 0.000000
30.000000 0.000000
31.000000 0.000000
32.000000 0.000000
33.000000 0.000000
34.000000 0.000000
35.000000 0.000000
36.000000 0.000000
37.000000 0.000000
38.000000 0.000000
39.000000 0.000000
40.000000 0.000000
41.000000 0.000000
42.000000 0.000000
43.000000 0.000000
44.000000 0.000000
45.000000 0.000000
46.000000 0.000000
47.000000 0.000000
48.000000 0.000000
49.000000 0.000000
50.000000 0.000000
51.000000 0.000000
52.000000 0.000000
53.000000 0.000000
54.000000 0.000000
55.000000 0.000000
56.000000 0.000000
57.000000 0.000000
58.000000 0.000000
59.000000 0.000000
60.000000 0.000000
61.000000 0.000000
62.000000 0.000000
63.000000 0.000000
64.000000 0.000000
65.000000 0.000000
66.000000 0.000000
67.000000 0.000000
68.000000 0.000000
69.000000 0.000000
70.000000 0.000000
71.000000 0.000000
72.000000 0.000000
73.000000 0.000000
74.000000 0.000000
75.000000 0.000000
76.000000 0.000000
77.000000 0.000000
78.000000 0.000000
79.000000 0.000000
80.000000 0.000000
81.000000 0.000000
82.000000 0.000000
83.000000 0.000000
84.000000 0.000000
85.000000 0.000000
86.000000 0.000000
87.000000 0.000000
88.000000 0.000000
89.000000 0.000000
90.000000 0.000000
91.000000 0.000000
92.000000 0.000000
93.000000 0.000000
94.000000 0.000000
95.000000 0.000000
96.000000 0.000000
97.000000 0.000000
98.000000 0.000000
99.000000 0.000000
100.000000 0.000000
101.000000 0.000000
102.000000 0.000000
103.000000 0.000000
104.000000 0.000000
105.000000 0.000000
106.000000 0.000000
107.000000 0.000000
108.000000 0.000000
109.000000 0.000000
110.000000 0.000000
111.000000 0.000000
112.000000 0.000000
113.000000 0.000000
114.000000 0.000000
115.000000 0.000000
116.000000 0.000000
117.000000 0.000000
118.000000 0.000000
119.000000 0.000000
120.000000 0.000000
121.000000 0.000000
122.000000 0.000000
123.000000 0.000000
124.000000 0.000000
125.000000 0.000000
126.000000 0.000000
127.000000 0.000000
128.000000 0.000000
129.000000 0.000000
130.000000 0.000000
131.000000 0.000000
132.000000 0.000000
133.000000 0.000000
134.000000 0.000000
135.000000 0.000000
136.000000 0.000000
137.000000 0.000000
138.000000 0.000000
139.000000 0.000000
140.000000 0.000000
141.000000 0.000000
142.000000 0.000000
143.000000 0.000000
144.000000 0.000000
145.000000 0.000000
146.000000 0.000000
147.000000 0.000000
148.000000 0.000000
149.000000 0.000000
150.000000 0.000000
151.000000 0.000000
152.000000 0.000000
153.000000 0.000000
154.000000 0.000000
155.000000 0.000000
156.000000 0.000000
157.000000 0.000000
158.000000 0.000000
159.000000 0.000000
160.000000 0.000000
161.000000 0.000000
162.000000 0.000000
163.000000 0.000000
164.000000 0.000000
165.000000 0.000000
166.000000 0.000000
167.000000 0.000000
168.000000 0.000000
169.000000 0.000000
170.000000 0.000000
171.000000 0.000000
172.000000 0.000000
173.000000 0.000000
174.000000 0.000000
175.000000 0.000000
176.000000 0.000000
177.000000 0.000000
178.000000 0.000000
179.000000 0.000000
180.000000 0.000000
181.000000 0.000000
182.000000 0.000000
183.000000 0.000000
184.000000 0.000000
185.000000 0.000000
186.000000 0.000000
187.000000 0.000000
188.000000 0.000000
189.000000 0.000000
190.000000 0.000000
191.000000 0.000000
192.000000 0.000000
193.000000 0.000000
194.000000 0.000000
195.000000 0.000000
196.000000 0.000000
197.000000 0.000000
198.000000 0.000000
199.000000 0.000000
200.000000 0.000000
201.000000 0.000000
202.000000 0.000000
203.000000 0.000000
204.000000 0.000000
205.000000 0.000000
206.000000 0.000000
207.000000 0.000000
208.000000 0.000000
209.000000 0.000000
210.000000 0.000000
211.000000 0.000000
212.000000 0.000000
213.000000 0.000000
214.000000 0.000000
215.000000 0.000000
216.000000 0.000000
217.000000 0.000000
218.000000 0.000000
219.000000 0.000000
220.000000 0.000000
221.000000 0.000000
222.000000 0.000000
223.000000 0.000000
224.000000 0.000000
225.000000 0.000000
226.000000 0.000000
227.000000 0.000000
228.000000 0.000000
229.000000 0.000000
230.000000 0.000000
231.000000 0.000000
232.000000 0.000000
233.000000 0.000000
234.000000 0.000000
235.000000 0.000000
236.000000 0.000000
237.000000 0.000000
238.000000 0.000000
239.000000 0.000000
240.000000 0.000000
241.000000 0.000000
242.000000 0.000000
243.000000 0.000000
244.000000 0.000000
245.000000 0.000000
246.000000 0.000000
247.000000 0.000000
248.000000 0.000000
249.000000 0.000000
250.000000 0.000000
251.000000 0.000000
252.000000 0.000000
253.000000 0.000000
254.000000 0.000000
255.000000 0.000000
256.000000 0.000000
257.000000 0.000000
258.000000 0.000000
259.000000 0.000000
260.000000 0.000000
261.000000 0.000000
262.000000 0.000000
263.000000 0.000000
264.000000 0.000000
265.000000 0.000000
266.000000 0.000000
267.000000 0.000000
268.000000 0.000000
269.000000 0.000000
270.000000 0.000000
271.000000 0.000000
272.000000 0.000000
273.000000 0.000000
274.000000 0.000000
275.000000 0.000000
276.000000 0.000000
277.000000 0.000000
278.000000 0.000000
279.000000 0.000000
280.000000 0.000000
281.000000 0.000000
282.000000 0.000000
283.000000 0.000000
284.000000 0.000000
285.000000 0.000000
286.000000 0.000000
287.000000 0.000000
288.000000 0.000000
289.000000 0.000000
290.000000 0.000000
291.000000 0.000000
292.000000 0.000000
293.000000 0.000000
294.000000 0.000000
295.000000 0.000000
296.000000 0.000000
297.000000 0.000000
298.000000 0.000000
299.000000 0.000000
300.000000 0.000000
301.000000 0.000000
302.000000 0.000000
303.000000 0.000000
304.000000 0.000000
305.000000 0.000000
306.000000 0.000000
307.000000 0.000000
308.000000 0.000000
309.000000 0.000000
310.000000 0.000000
311.000000 0.000000
312.000000 0.000000
313.000000 0.000000
314.000000 0.000000
315.000000 0.000000
316.000000 0.000000
317.000000 0.000000
318.000000 0.000000
319.000000 0.000000
320.000000 0.000000
321.000000 0.000000
322.000000 0.000000
323.000000 0.000000
324.000000 0.000000
325.000000 0.000000
326.000000 0.000000
327.000000 0.000000
328.000000 0.000000
329.000000 0.000000
330.000000 0.000000
331.000000 0.000000
332.000000 0.000000
333.000000 0.000000
334.000000 0.000000
335.000000 0.000000
336.000000 0.000000
337.000000 0.000000
338.000000 0.000000
339.000000 0.000000
340.000000 0.000000
341.000000 0.000000
342.000000 0.000001
343.000000 0.000001
344.000000 0.000001
345.000000 0.000001
346.000000 0.000001
347.000000 0.000001
348.000000 0.000001
349.000000 0.000001
350.000000 0.000001
351.000000 0.000001
352.000000 0.000001
353.000000 0.000001
354.000000 0.000001
355.000000 0.000001
356.000000 0.000001
357.000000 0.000001
358.000000 0.000001
359.000000 0.000001
360.000000 0.000001
361.000000 0.000001
362.000000 0.000001
363.000000 0.000001
364.000000 0.000001
365.000000 0.000001
366.000000 0.000001
367.000000 0.000001
368.000000 0.000001
369.000000 0.000001
370.000000 0.000001
371.000000 0.000001
372.000000 0.000002
373.000000 0.000002
374.000000 0.000002
375.000000 0.000002
376.000000 0.000002
377.000000 0.000002
378.000000 0.000002
379.000000 0.000002
380.000000 0.000002
381.000000 0.000002
382.000000 0.000002
383.000000 0.000002
384.000000 0.000002
385.000000 0.000002
386.000000 0.000002
387.000000 0.000002
388.000000 0.000003
389.000000 0.000003
390.000000 0.000003
391.000000 0.000003
392.000000 0.000003
393.000000 0.000003
394.000000 0.000003
395.000000 0.000003
396.000000 0.000003
397.000000 0.000003
398.000000 0.000003
399.000000 0.000004
400.000000 0.000004
401.000000 0.000004
402.000000 0.000004
403.000000 0.000004
404.000000 0.000004
405.000000 0.000004
406.000000 0.000004
407.000000 0.000005
408.000000 0.000005
409.000000 0.000005
410.000000 0.000005
411.000000 0.000005
412.000000 0.000005
413.000000 0.000005
414.000000 0.000005
415.000000 0.000006
416.000000 0.000006
417.000000 0.000006
418.000000 0.000006
419.000000 0.000006
420.000000 0.000006
421.000000 0.000007
422.000000 0.000007
423.000000 0.000007
424.000000 0.000007
425.000000 0.000007
426.000000 0.000008
427.000000 0.000008
428.000000 0.000008
429.000000 0.000008
430.000000 0.000008
431.000000 0.000009
432.000000 0.000009
433.000000 0.000009
434.000000 0.000009
435.000000 0.000010
436.000000 0.000010
437.000000 0.000010
438.000000 0.000010
439.000000 0.000011
440.000000 0.000011
441.000000 0.000011
442.000000 0.000012
443.000000 0.000012
444.000000 0.000012
445.000000 0.000012
446.000000 0.000013
447.000000 0.000013
448.000000 0.000013
449.000000 0.000014
450.000000 0.000014
451.000000 0.000014
452.000000 0.000015
453.000000 0.000015
454.000000 0.000015
455.000000 0.000016
456.000000 0.000016
457.000000 0.000017
458.000000 0.000017
459.000000 0.000017
460.000000 0.000018
461.000000 0.000018
462.000000 0.000019
463.000000 0.000019
464.000000 0.000019
465.000000 0.000020
466.000000 0.000020
467.000000 0.000021
468.000000 0.000021
469.000000 0.000022
470.000000 0.000022
471.000000 0.000023
472.000000 0.000023
473.000000 0.000024
474.000000 0.000024
475.000000 0.000025
476.000000 0.000025
477.000000 0.000026
478.000000 0.000027
479.000000 0.000027
480.000000 0.000028
481.000000 0.000028
482.000000 0.000029
483.000000 0.000030
484.000000 0.000030
485.000000 0.000031
486.000000 0.000031
487.000000 0.000032
488.000000 0.000033
489.000000 0.000033
490.000000 0.000034
491.000000 0.000035
492.000000 0.000035
493.000000 0.000036
494.000000 0.000037
495.000000 0.000038
496.000000 0.000039
497.000000 0.000039
498.000000 0.000040
499.000000 0.000041
500.000000 0.000042
501.000000 0.000043
502.000000 0.000043
503.000000 0.000044
504.000000 0.000045
505.000000 0.000046
506.000000 0.000047
507.000000 0.000048
508.000000 0.000049
509.000000 0.000050
510.000000 0.000051
511.000000 0.000052
512.000000 0.000053
513.000000 0.000053
514.000000 0.000055
515.000000 0.000056
516.000000 0.000057
517.000000 0.000058
518.000000 0.000059
519.000000 0.000060
520.000000 0.000061
521.000000 0.000062
522.000000 0.000063
523.000000 0.000064
524.000000 0.000065
525.000000 0.000067
526.000000 0.000068
527.000000 0.000069
528.000000 0.000070
529.000000 0.000071
530.000000 0.000073
531.000000 0.000074
532.000000 0.000075
533.000000 0.000077
534.000000 0.000078
535.000000 0.000080
536.000000 0.000081
537.000000 0.000082
538.000000 0.000084
539.000000 0.000085
540.000000 0.000086
541.000000 0.000088
542.000000 0.000089
543.000000 0.000091
544.000000 0.000092
545.000000 0.000094
546.000000 0.000095
547.000000 0.000097
548.000000 0.000099
549.000000 0.000100
550.000000 0.000102
551.000000 0.000104
552.000000 0.000105
553.000000 0.000107
554.000000 0.000109
555.000000 0.000110
556.000000 0.000112
557.000000 0.000114
558.000000 0.000116
559.000000 0.000117
560.000000 0.000119
561.000000 0.000121
562.000000 0.000123
563.000000 0.000125
564.000000 0.000127
565.000000 0.000129
566.000000 0.000131
567.000000 0.000133
568.000000 0.000135
569.000000 0.000137
570.000000 0.000139
571.000000 0.000141
572.000000 0.000143
573.000000 0.000145
574.000000 0.000147
575.000000 0.000150
576.000000 0.000152
577.000000 0.000154
578.000000 0.000156
579.000000 0.000159
580.000000 0.000161
581.000000 0.000163
582.000000 0.000166
583.000000 0.000167
584.000000 0.000171
585.000000 0.000173
586.000000 0.000175
587.000000 0.000178
588.000000 0.000180
589.000000 0.000182
590.000000 0.000185
591.000000 0.000188
592.000000 0.000190
593.000000 0.000193
594.000000 0.000195
595.000000 0.000198
596.000000 0.000200
597.000000 0.000204
598.000000 0.000206
599.000000 0.000208
600.000000 0.000212
601.000000 0.000214
602.000000 0.000217
603.000000 0.000220
604.000000 0.000223
605.000000 0.000227
606.000000 0.000228
607.000000 0.000232
608.000000 0.000235
609.000000 0.000237
610.000000 0.000241
611.000000 0.000244
612.000000 0.000248
613.000000 0.000250
614.000000 0.000253
615.000000 0.000257
616.000000 0.000260
617.000000 0.000263
618.000000 0.000266
619.000000 0.000270
620.000000 0.000273
621.000000 0.000277
622.000000 0.000280
623.000000 0.000283
624.000000 0.000287
625.000000 0.000290
626.000000 0.000294
627.000000 0.000296
628.000000 0.000301
629.000000 0.000304
630.000000 0.000308
631.000000 0.000312
632.000000 0.000314
633.000000 0.000319
634.000000 0.000322
635.000000 0.000326
636.000000 0.000330
637.000000 0.000333
638.000000 0.000337
639.000000 0.000341
640.000000 0.000345
641.000000 0.000349
642.000000 0.000353
643.000000 0.000357
644.000000 0.000361
645.000000 0.000365
646.000000 0.000369
647.000000 0.000374
648.000000 0.000376
649.000000 0.000381
650.000000 0.000385
651.000000 0.000389
652.000000 0.000394
653.000000 0.000397
654.000000 0.000403
655.000000 0.000406
656.000000 0.000411
657.000000 0.000415
658.000000 0.000419
659.000000 0.000424
660.000000 0.000428
661.000000 0.000433
662.000000 0.000437
663.000000 0.000442
664.000000 0.000446
665.000000 0.000451
666.000000 0.000455
667.000000 0.000460
668.000000 0.000465
669.000000 0.000468
670.000000 0.000474
671.000000 0.000478
672.000000 0.000483
673.000000 0.000488
674.000000 0.000492
675.000000 0.000498
676.000000 0.000502
677.000000 0.000507
678.000000 0.000513
679.000000 0.000516
680.000000 0.000523
681.000000 0.000527
682.000000 0.000532
683.000000 0.000536
684.000000 0.000542
685.000000 0.000548
686.000000 0.000552
687.000000 0.000557
688.000000 0.000562
689.000000 0.000568
690.000000 0.000572
691.000000 0.000579
692.000000 0.000583
693.000000 0.000588
694.000000 0.000594
695.000000 0.000598
696.000000 0.000606
697.000000 0.000608
698.000000 0.000616
699.000000 0.000621
700.000000 0.000625
701.000000 0.000632
702.000000 0.000636
703.000000 0.000643
704.000000 0.000647
705.000000 0.000653
706.000000 0.000660
707.000000 0.000664
708.000000 0.000670
709.000000 0.000676
710.000000 0.000682
711.000000 0.000687
712.000000 0.000694
713.000000 0.000698
714.000000 0.000704
715.000000 0.000710
716.000000 0.000715
717.000000 0.000723
718.000000 0.000726
719.000000 0.000734
720.000000 0.000739
721.000000 0.000744
722.000000 0.000752
723.000000 0.000756
724.000000 0.000764
725.000000 0.000768
726.000000 0.000774
727.000000 0.000781
728.000000 0.000786
729.000000 0.000793
730.000000 0.000799
731.000000 0.000805
732.000000 0.000810
733.000000 0.000817
734.000000 0.000823
735.000000 0.000829
736.000000 0.000835
737.000000 0.000842
738.000000 0.000848
739.000000 0.000852
740.000000 0.000861
741.000000 0.000866
742.000000 0.000872
743.000000 0.000879
744.000000 0.000884
745.000000 0.000892
746.000000 0.000897
747.000000 0.000904
748.000000 0.000910
749.000000 0.000916
750.000000 0.000923
751.000000 0.000929
752.000000 0.000935
753.000000 0.000941
754.000000 0.000949
755.000000 0.000954
756.000000 0.000961
757.000000 0.000967
758.000000 0.000974
759.000000 0.000981
760.000000 0.000985
761.000000 0.000994
762.000000 0.000999
763.000000 0.001006
764.000000 0.001013
765.000000 0.001018
766.000000 0.001026
767.000000 0.001031
768.000000 0.001038
769.000000 0.001045
770.000000 0.001051
771.000000 0.001058
772.000000 0.001065
773.000000 0.001071
774.000000 0.001077
775.000000 0.001084
776.000000 0.001090
777.000000 0.001098
778.000000 0.001103
779.000000 0.001111
780.000000 0.001118
781.000000 0.001121
782.000000 0.001131
783.000000 0.001135
784.000000 0.001144
785.000000 0.001150
786.000000 0.001155
787.000000 0.001164
788.000000 0.001167
789.000000 0.001177
790.000000 0.001182
791.000000 0.001188
792.000000 0.001196
793.000000 0.001202
794.000000 0.001209
795.000000 0.001214
796.000000 0.001222
797.000000 0.001229
798.000000 0.001235
799.000000 0.001241
800.000000 0.001248
801.000000 0.001255
802.000000 0.001260
803.000000 0.001269
804.000000 0.001274
805.000000 0.001280
806.000000 0.001288
807.000000 0.001293
808.000000 0.001302
809.000000 0.001305
810.000000 0.001314
811.000000 0.001320
812.000000 0.001326
813.000000 0.001333
814.000000 0.001338
815.000000 0.001347
816.000000 0.001351
817.000000 0.001359
818.000000 0.001366
819.000000 0.001372
820.000000 0.001377
821.000000 0.001384
822.000000 0.001391
823.000000 0.001396
824.000000 0.001405
825.000000 0.001409
826.000000 0.001416
827.000000 0.001422
828.000000 0.001429
829.000000 0.001437
830.000000 0.001439
831.000000 0.001449
832.000000 0.001454
833.000000 0.001459
834.000000 0.001467
835.000000 0.001471
836.000000 0.001480
837.000000 0.001484
838.000000 0.001492
839.000000 0.001498
840.000000 0.001502
841.000000 0.001510
842.000000 0.001516
843.000000 0.001522
844.000000 0.001527
845.000000 0.001535
846.000000 0.001539
847.000000 0.001546
848.000000 0.001551
849.000000 0.001558
850.000000 0.001565
851.000000 0.001568
852.000000 0.001577
853.000000 0.001581
854.000000 0.001587
855.000000 0.001593
856.000000 0.001598
857.000000 0.001606
858.000000 0.001610
859.000000 0.001617
860.000000 0.001622
861.000000 0.001627
862.000000 0.001635
863.000000 0.001638
864.000000 0.001645
865.000000 0.001650
866.000000 0.001655
867.000000 0.001663
868.000000 0.001666
869.000000 0.001673
870.000000 0.001677
871.000000 0.001683
872.000000 0.001688
873.000000 0.001694
874.000000 0.001700
875.000000 0.001704
876.000000 0.001710
877.000000 0.001714
878.000000 0.001722
879.000000 0.001724
880.000000 0.001732
881.000000 0.001736
882.000000 0.001740
883.000000 0.001747
884.000000 0.001750
885.000000 0.001756
886.000000 0.001760
887.000000 0.001766
888.000000 0.001772
889.000000 0.001775
890.000000 0.001781
891.000000 0.001786
892.000000 0.001789
893.000000 0.001795
894.000000 0.001800
895.000000 0.001805
896.000000 0.001809
897.000000 0.001814
898.000000 0.001818
899.000000 0.001823
900.000000 0.001826
901.000000 0.001833
902.000000 0.001836
903.000000 0.001840
904.000000 0.001846
905.000000 0.001847
906.000000 0.001855
907.000000 0.001857
908.000000 0.001863
909.000000 0.001868
910.000000 0.001869
911.000000 0.001875
912.000000 0.001877
913.000000 0.001883
914.000000 0.001887
915.000000 0.001890
916.000000 0.001895
917.000000 0.001899
918.000000 0.001901
919.000000 0.001906
920.000000 0.001909
921.000000 0.001913
922.000000 0.001918
923.000000 0.001920
924.000000 0.001924
925.000000 0.001927
926.000000 0.001931
927.000000 0.001936
928.000000 0.001937
929.000000 0.001942
930.000000 0.001946
931.000000 0.001946
932.000000 0.001953
933.000000 0.001953
934.000000 0.001958
935.000000 0.001961
936.000000 0.001963
937.000000 0.001968
938.000000 0.001968
939.000000 0.001973
940.000000 0.001976
941.000000 0.001978
942.000000 0.001981
943.000000 0.001985
944.000000 0.001986
945.000000 0.001990
946.000000 0.001992
947.000000 0.001995
948.000000 0.001998
949.000000 0.001998
950.000000 0.002003
951.000000 0.002004
952.000000 0.002006
953.000000 0.002011
954.000000 0.002010
955.000000 0.002014
956.000000 0.002016
957.000000 0.002017
958.000000 0.002022
959.000000 0.002021
960.000000 0.002025
961.000000 0.002026
962.000000 0.002027
963.000000 0.002031
964.000000 0.002030
965.000000 0.002034
966.000000 0.002036
967.000000 0.002036
968.000000 0.002039
969.000000 0.002040
970.000000 0.002040
971.000000 0.002043
972.000000 0.002043
973.000000 0.002046
974.000000 0.002047
975.000000 0.002047
976.000000 0.002050
977.000000 0.002049
978.000000 0.002052
979.000000 0.002053
980.000000 0.002053
981.000000 0.002056
982.000000 0.002056
983.000000 0.002055
984.000000 0.002058
985.000000 0.002057
986.000000 0.002060
987.000000 0.002060
988.000000 0.002059
989.000000 0.002062
990.000000 0.002059
991.000000 0.002062
992.000000 0.002063
993.000000 0.002062
994.000000 0.002064
995.000000 0.002063
996.000000 0.002062
997.000000 0.002064
998.000000 0.002063
999.000000 0.002065
1000.000000 0.002064
1001.000000 0.002063
1002.000000 0.002065
1003.000000 0.002062
1004.000000 0.002064
1005.000000 0.002064
1006.000000 0.002062
1007.000000 0.002064
1008.000000 0.002063
1009.000000 0.002061
1010.000000 0.002062
1011.000000 0.002060
1012.000000 0.002062
1013.000000 0.002060
1014.000000 0.002059
1015.000000 0.002060
1016.000000 0.002056
1017.000000 0.002058
1018.000000 0.002057
1019.000000 0.002055
1020.000000 0.002056
1021.000000 0.002054
1022.000000 0.002051
1023.000000 0.002052
1024.000000 0.002050
1025.000000 0.002051
1026.000000 0.002048
1027.000000 0.002046
1028.000000 0.002047
1029.000000 0.002042
1030.000000 0.002044
1031.000000 0.002041
1032.000000 0.002039
1033.000000 0.002039
1034.000000 0.002036
1035.000000 0.002034
1036.000000 0.002033
1037.000000 0.002031
1038.000000 0.002030
1039.000000 0.002028
1040.000000 0.002025
1041.000000 0.002025
1042.000000 0.002020
1043.000000 0.002021
1044.000000 0.002018
1045.000000 0.002015
1046.000000 0.002015
1047.000000 0.002011
1048.000000 0.002008
1049.000000 0.002007
1050.000000 0.002004
1051.000000 0.002003
1052.000000 0.001999
1053.000000 0.001997
1054.000000 0.001996
1055.000000 0.001990
1056.000000 0.001991
1057.000000 0.001986
1058.000000 0.001983
1059.000000 0.001982
1060.000000 0.001979
1061.000000 0.001974
1062.000000 0.001972
1063.000000 0.001969
1064.000000 0.001968
1065.000000 0.001964
1066.000000 0.001960
1067.000000 0.001959
1068.000000 0.001952
1069.000000 0.001952
1070.000000 0.001948
1071.000000 0.001944
1072.000000 0.001943
1073.000000 0.001937
1074.000000 0.001934
1075.000000 0.001931
1076.000000 0.001927
1077.000000 0.001926
1078.000000 0.001920
1079.000000 0.001917
1080.000000 0.001914
1081.000000 0.001907
1082.000000 0.001907
1083.000000 0.001901
1084.000000 0.001898
1085.000000 0.001895
1086.000000 0.001890
1087.000000 0.001886
1088.000000 0.001882
1089.000000 0.001878
1090.000000 0.001875
1091.000000 0.001870
1092.000000 0.001865
1093.000000 0.001863
1094.000000 0.001856
1095.000000 0.001855
1096.000000 0.001848
1097.000000 0.001844
1098.000000 0.001842
1099.000000 0.001836
1100.000000 0.001831
1101.000000 0.001826
1102.000000 0.001822
1103.000000 0.001819
1104.000000 0.001813
1105.000000 0.001809
1106.000000 0.001805
1107.000000 0.001798
1108.000000 0.001795
1109.000000 0.001790
1110.000000 0.001785
1111.000000 0.001781
1112.000000 0.001776
1113.000000 0.001770
1114.000000 0.001766
1115.000000 0.001760
1116.000000 0.001757
1117.000000 0.001750
1118.000000 0.001745
1119.000000 0.001742
1120.000000 0.001734
1121.000000 0.001731
1122.000000 0.001725
1123.000000 0.001720
1124.000000 0.001716
1125.000000 0.001709
1126.000000 0.001704
1127.000000 0.001699
1128.000000 0.001693
1129.000000 0.001689
1130.000000 0.001683
1131.000000 0.001677
1132.000000 0.001673
1133.000000 0.001665
1134.000000 0.001662
1135.000000 0.001655
1136.000000 0.001649
1137.000000 0.001646
1138.000000 0.001638
1139.000000 0.001633
1140.000000 0.001627
1141.000000 0.001621
1142.000000 0.001617
1143.000000 0.001609
1144.000000 0.001604
1145.000000 0.001600
1146.000000 0.001591
1147.000000 0.001588
1148.000000 0.001580
1149.000000 0.001575
1150.000000 0.001570
1151.000000 0.001563
1152.000000 0.001557
1153.000000 0.001551
1154.000000 0.001546
1155.000000 0.001541
1156.000000 0.001533
1157.000000 0.001527
1158.000000 0.001522
1159.000000 0.001514
1160.000000 0.001510
1161.000000 0.001503
1162.000000 0.001497
1163.000000 0.001491
1164.000000 0.001484
1165.000000 0.001479
1166.000000 0.001472
1167.000000 0.001466
1168.000000 0.001460
1169.000000 0.001453
1170.000000 0.001447
1171.000000 0.001442
1172.000000 0.001434
1173.000000 0.001429
1174.000000 0.001422
1175.000000 0.001416
1176.000000 0.001410
1177.000000 0.001403
1178.000000 0.001396
1179.000000 0.001390
1180.000000 0.001384
1181.000000 0.001378
1182.000000 0.001371
1183.000000 0.001364
1184.000000 0.001359
1185.000000 0.001351
1186.000000 0.001346
1187.000000 0.001339
1188.000000 0.001332
1189.000000 0.001327
1190.000000 0.001319
1191.000000 0.001313
1192.000000 0.001306
1193.000000 0.001300
1194.000000 0.001294
1195.000000 0.001287
1196.000000 0.001280
1197.000000 0.001275
1198.000000 0.001266
1199.000000 0.001262
1200.000000 0.001254
1201.000000 0.001247
1202.000000 0.001242
1203.000000 0.001234
1204.000000 0.001228
1205.000000 0.001221
1206.000000 0.001215
1207.000000 0.001209
1208.000000 0.001201
1209.000000 0.001195
1210.000000 0.001189
1211.000000 0.001181
1212.000000 0.001176
1213.000000 0.001168
1214.000000 0.001163
1215.000000 0.001157
1216.000000 0.001149
1217.000000 0.001143
1218.000000 0.001135
1219.000000 0.001130
1220.000000 0.001124
1221.000000 0.001116
1222.000000 0.001110
1223.000000 0.001103
1224.000000 0.001096
1225.000000 0.001091
1226.000000 0.001083
1227.000000 0.001077
1228.000000 0.001071
1229.000000 0.001064
1230.000000 0.001058
1231.000000 0.001050
1232.000000 0.001045
1233.000000 0.001038
1234.000000 0.001031
1235.000000 0.001025
1236.000000 0.001019
1237.000000 0.001011
1238.000000 0.001006
1239.000000 0.000999
1240.000000 0.000993
1241.000000 0.000986
1242.000000 0.000980
1243.000000 0.000973
1244.000000 0.000967
1245.000000 0.000961
1246.000000 0.000954
1247.000000 0.000947
1248.000000 0.000941
1249.000000 0.000935
1250.000000 0.000928
1251.000000 0.000922
1252.000000 0.000916
1253.000000 0.000909
1254.000000 0.000904
1255.000000 0.000897
1256.000000 0.000891
1257.000000 0.000884
1258.000000 0.000878
1259.000000 0.000872
1260.000000 0.000866
1261.000000 0.000859
1262.000000 0.000854
1263.000000 0.000846
1264.000000 0.000841
1265.000000 0.000835
1266.000000 0.000829
1267.000000 0.000823
1268.000000 0.000816
1269.000000 0.000811
1270.000000 0.000804
1271.000000 0.000798
1272.000000 0.000793
1273.000000 0.000786
1274.000000 0.000780
1275.000000 0.000775
1276.000000 0.000768
1277.000000 0.000763
1278.000000 0.000756
1279.000000 0.000751
1280.000000 0.000745
1281.000000 0.000738
1282.000000 0.000733
1283.000000 0.000726
1284.000000 0.000721
1285.000000 0.000716
1286.000000 0.000709
1287.000000 0.000704
1288.000000 0.000698
1289.000000 0.000692
1290.000000 0.000687
1291.000000 0.000681
1292.000000 0.000676
1293.000000 0.000670
1294.000000 0.000664
1295.000000 0.000659
1296.000000 0.000653
1297.000000 0.000648
1298.000000 0.000642
1299.000000 0.000636
1300.000000 0.000631
1301.000000 0.000626
1302.000000 0.000620
1303.000000 0.000615
1304.000000 0.000609
1305.000000 0.000604
1306.000000 0.000599
1307.000000 0.000593
1308.000000 0.000588
1309.000000 0.000582
1310.000000 0.000578
1311.000000 0.000573
1312.000000 0.000567
1313.000000 0.000562
1314.000000 0.000557
1315.000000 0.000551
1316.000000 0.000547
1317.000000 0.000541
1318.000000 0.000537
1319.000000 0.000532
1320.000000 0.000526
1321.000000 0.000522
1322.000000 0.000516
1323.000000 0.000512
1324.000000 0.000507
1325.000000 0.000502
1326.000000 0.000497
1327.000000 0.000492
1328.000000 0.000487
1329.000000 0.000483
1330.000000 0.000478
1331.000000 0.000473
1332.000000 0.000469
1333.000000 0.000464
1334.000000 0.000460
1335.000000 0.000455
1336.000000 0.000450
1337.000000 0.000446
1338.000000 0.000441
1339.000000 0.000437
1340.000000 0.000432
1341.000000 0.000428
1342.000000 0.000423
1343.000000 0.000419
1344.000000 0.000415
1345.000000 0.000410
1346.000000 0.000406
1347.000000 0.000402
1348.000000 0.000397
1349.000000 0.000393
1350.000000 0.000389
1351.000000 0.000385
1352.000000 0.000381
1353.000000 0.000377
1354.000000 0.000372
1355.000000 0.000369
1356.000000 0.000364
1357.000000 0.000361
1358.000000 0.000357
1359.000000 0.000352
1360.000000 0.000349
1361.000000 0.000345
1362.000000 0.000341
1363.000000 0.000337
1364.000000 0.000333
1365.000000 0.000330
1366.000000 0.000326
1367.000000 0.000322
1368.000000 0.000318
1369.000000 0.000315
1370.000000 0.000311
1371.000000 0.000307
1372.000000 0.000304
1373.000000 0.000300
1374.000000 0.000297
1375.000000 0.000293
1376.000000 0.000290
1377.000000 0.000286
1378.000000 0.000283
1379.000000 0.000280
1380.000000 0.000276
1381.000000 0.000273
1382.000000 0.000269
1383.000000 0.000266
1384.000000 0.000263
1385.000000 0.000260
1386.000000 0.000256
1387.000000 0.000253
1388.000000 0.000250
1389.000000 0.000247
1390.000000 0.000244
1391.000000 0.000241
1392.000000 0.000238
1393.000000 0.000235
1394.000000 0.000232
1395.000000 0.000229
1396.000000 0.000226
1397.000000 0.000223
1398.000000 0.000220
1399.000000 0.000217
1400.000000 0.000214
1401.000000 0.000212
1402.000000 0.000209
1403.000000 0.000206
1404.000000 0.000203
1405.000000 0.000201
1406.000000 0.000198
1407.000000 0.000195
1408.000000 0.000193
1409.000000 0.000190
1410.000000 0.000187
1411.000000 0.000185
1412.000000 0.000182
1413.000000 0.000180
1414.000000 0.000177
1415.000000 0.000175
1416.000000 0.000172
1417.000000 0.000170
1418.000000 0.000168
1419.000000 0.000165
1420.000000 0.000163
1421.000000 0.000161
1422.000000 0.000158
1423.000000 0.000156
1424.000000 0.000154
1425.000000 0.000152
1426.000000 0.000149
1427.000000 0.000147
1428.000000 0.000145
1429.000000 0.000143
1430.000000 0.000141
1431.000000 0.000139
1432.000000 0.000137
1433.000000 0.000135
1434.000000 0.000133
1435.000000 0.000131
1436.000000 0.000129
1437.000000 0.000127
1438.000000 0.000125
1439.000000 0.000123
1440.000000 0.000121
1441.000000 0.000119
1442.000000 0.000117
1443.000000 0.000116
1444.000000 0.000114
1445.000000 0.000112
1446.000000 0.000110
1447.000000 0.000108
1448.000000 0.000107
1449.000000 0.000105
1450.000000 0.000103
1451.000000 0.000102
1452.000000 0.000100
1453.000000 0.000098
1454.000000 0.000097
1455.000000 0.000095
1456.000000 0.000094
1457.000000 0.000092
1458.000000 0.000091
1459.000000 0.000089
1460.000000 0.000088
1461.000000 0.000086
1462.000000 0.000085
1463.000000 0.000083
1464.000000 0.000082
1465.000000 0.000081
1466.000000 0.000079
1467.000000 0.000078
1468.000000 0.000077
1469.000000 0.000075
1470.000000 0.000074
1471.000000 0.000073
1472.000000 0.000071
1473.000000 0.000070
1474.000000 0.000069
1475.000000 0.000068
1476.000000 0.000067
1477.000000 0.000065
1478.000000 0.000064
1479.000000 0.000063
1480.000000 0.000062
1481.000000 0.000061
1482.000000 0.000060
1483.000000 0.000059
1484.000000 0.000058
1485.000000 0.000057
1486.000000 0.000055
1487.000000 0.000054
1488.000000 0.000053
1489.000000 0.000052
1490.000000 0.000051
1491.000000 0.000051
1492.000000 0.000050
1493.000000 0.000049
1494.000000 0.000048
1495.000000 0.000047
1496.000000 0.000046
1497.000000 0.000045
1498.000000 0.000044
1499.000000 0.000043
1500.000000 0.000042
1501.000000 0.000042
1502.000000 0.000041
1503.000000 0.000040
1504.000000 0.000039
1505.000000 0.000038
1506.000000 0.000038
1507.000000 0.000037
1508.000000 0.000036
1509.000000 0.000035
1510.000000 0.000035
1511.000000 0.000034
1512.000000 0.000033
1513.000000 0.000033
1514.000000 0.000032
1515.000000 0.000031
1516.000000 0.000031
1517.000000 0.000030
1518.000000 0.000029
1519.000000 0.000029
1520.000000 0.000028
1521.000000 0.000028
1522.000000 0.000027
1523.000000 0.000026
1524.000000 0.000026
1525.000000 0.000025
1526.000000 0.000025
1527.000000 0.000024
1528.000000 0.000024
1529.000000 0.000023
1530.000000 0.000023
1531.000000 0.000022
1532.000000 0.000022
1533.000000 0.000021
1534.000000 0.000021
1535.000000 0.000020
1536.000000 0.000020
1537.000000 0.000019
1538.000000 0.000019
1539.000000 0.000019
1540.000000 0.000018
1541.000000 0.000018
1542.000000 0.000017
1543.000000 0.000017
1544.000000 0.000017
1545.000000 0.000016
1546.000000 0.000016
1547.000000 0.000015
1548.000000 0.000015
1549.000000 0.000015
1550.000000 0.000014
1551.000000 0.000014
1552.000000 0.000014
1553.000000 0.000013
1554.000000 0.000013
1555.000000 0.000013
1556.000000 0.000012
1557.000000 0.000012
1558.000000 0.000012
1559.000000 0.000012
1560.000000 0.000011
1561.000000 0.000011
1562.000000 0.000011
1563.000000 0.000010
1564.000000 0.000010
1565.000000 0.000010
1566.000000 0.000010
1567.000000 0.000009
1568.000000 0.000009
1569.000000 0.000009
1570.000000 0.000009
1571.000000 0.000008
1572.000000 0.000008
1573.000000 0.000008
1574.000000 0.000008
1575.000000 0.000008
1576.000000 0.000007
1577.000000 0.000007
1578.000000 0.000007
1579.000000 0.000007
1580.000000 0.000007
1581.000000 0.000006
1582.000000 0.000006
1583.000000 0.000006
1584.000000 0.000006
1585.000000 0.000006
1586.000000 0.000006
1587.000000 0.000005
1588.000000 0.000005
1589.000000 0.000005
1590.000000 0.000005
1591.000000 0.000005
1592.000000 0.000005
1593.000000 0.000005
1594.000000 0.000005
1595.000000 0.000004
1596.000000 0.000004
1597.000000 0.000004
1598.000000 0.000004
1599.000000 0.000004
1600.000000 0.000004
1601.000000 0.000004
1602.000000 0.000004
1603.000000 0.000003
1604.000000 0.000003
1605.000000 0.000003
1606.000000 0.000003
1607.000000 0.000003
1608.000000 0.000003
1609.000000 0.000003
1610.000000 0.000003
1611.000000 0.000003
1612.000000 0.000003
1613.000000 0.000003
1614.000000 0.000002
1615.000000 0.000002
1616.000000 0.000002
1617.000000 0.000002
1618.000000 0.000002
1619.000000 0.000002
1620.000000 0.000002
1621.000000 0.000002
1622.000000 0.000002
1623.000000 0.000002
1624.000000 0.000002
1625.000000 0.000002
1626.000000 0.000002
1627.000000 0.000002
1628.000000 0.000002
1629.000000 0.000002
1630.000000 0.000001
1631.000000 0.000001
1632.000000 0.000001
1633.000000 0.000001
1634.000000 0.000001
1635.000000 0.000001
1636.000000 0.000001
1637.000000 0.000001
1638.000000 0.000001
1639.000000 0.000001
1640.000000 0.000001
1641.000000 0.000001
1642.000000 0.000001
1643.000000 0.000001
1644.000000 0.000001
1645.000000 0.000001
1646.000000 0.000001
1647.000000 0.000001
1648.000000 0.000001
1649.000000 0.000001
1650.000000 0.000001
1651.000000 0.000001
1652.000000 0.000001
1653.000000 0.000001
1654.000000 0.000001
1655.000000 0.000001
1656.000000 0.000001
1657.000000 0.000001
1658.000000 0.000001
1659.000000 0.000001
1660.000000 0.000000
1661.000000 0.000000
1662.000000 0.000000
1663.000000 0.000000
1664.000000 0.000000
1665.000000 0.000000
1666.000000 0.000000
1667.000000 0.000000
1668.000000 0.000000
1669.000000 0.000000
1670.000000 0.000000
1671.000000 0.000000
1672.000000 0.000000
1673.000000 0.000000
1674.000000 0.000000
1675.000000 0.000000
1676.000000 0.000000
1677.000000 0.000000
1678.000000 0.000000
1679.000000 0.000000
1680.000000 0.000000
1681.000000 0.000000
1682.000000 0.000000
1683.000000 0.000000
1684.000000 0.000000
1685.000000 0.000000
1686.000000 0.000000
1687.000000 0.000000
1688.000000 0.000000
1689.000000 0.000000
1690.000000 0.000000
1691.000000 0.000000
1692.000000 0.000000
1693.000000 0.000000
1694.000000 0.000000
1695.000000 0.000000
1696.000000 0.000000
1697.000000 0.000000
1698.000000 0.000000
1699.000000 0.000000
1700.000000 0.000000
1701.000000 0.000000
1702.000000 0.000000
1703.000000 0.000000
1704.000000 0.000000
1705.000000 0.000000
1706.000000 0.000000
1707.000000 0.000000
1708.000000 0.000000
1709.000000 0.000000
1710.000000 0.000000
1711.000000 0.000000
1712.000000 0.000000
1713.000000 0.000000
1714.000000 0.000000
1715.000000 0.000000
1716.000000 0.000000
1717.000000 0.000000
1718.000000 0.000000
1719.000000 0.000000
1720.000000 0.000000
1721.000000 0.000000
1722.000000 0.000000
1723.000000 0.000000
1724.000000 0.000000
1725.000000 0.000000
1726.000000 0.000000
1727.000000 0.000000
1728.000000 0.000000
1729.000000 0.000000
1730.000000 0.000000
1731.000000 0.000000
1732.000000 0.000000
1733.000000 0.000000
1734.000000 0.000000
1735.000000 0.000000
1736.000000 0.000000
1737.000000 0.000000
1738.000000 0.000000
1739.000000 0.000000
1740.000000 0.000000
1741.000000 0.000000
1742.000000 0.000000
1743.000000 0.000000
1744.000000 0.000000
1745.000000 0.000000
1746.000000 0.000000
1747.000000 0.000000
1748.000000 0.000000
1749.000000 0.000000
1750.000000 0.000000
1751.000000 0.000000
1752.000000 0.000000
1753.000000 0.000000
1754.000000 0.000000
1755.000000 0.000000
1756.000000 0.000000
1757.000000 0.000000
1758.000000 0.000000
1759.000000 0.000000
1760.000000 0.000000
1761.000000 0.000000
1762.000000 0.000000
1763.000000 0.000000
1764.000000 0.000000
1765.000000 0.000000
1766.000000 0.000000
1767.000000 0.000000
1768.000000 0.000000
1769.000000 0.000000
1770.000000 0.000000
1771.000000 0.000000
1772.000000 0.000000
1773.000000 0.000000
1774.000000 0.000000
1775.000000 0.000000
1776.000000 0.000000
1777.000000 0.000000
1778.000000 0.000000
1779.000000 0.000000
1780.000000 0.000000
1781.000000 0.000000
1782.000000 0.000000
1783.000000 0.000000
1784.000000 0.000000
1785.000000 0.000000
1786.000000 0.000000
1787.000000 0.000000
1788.000000 0.000000
1789.000000 0.000000
1790.000000 0.000000
1791.000000 0.000000
1792.000000 0.000000
1793.000000 0.000000
1794.000000 0.000000
1795.000000 0.000000
1796.000000 0.000000
1797.000000 0.000000
1798.000000 0.000000
1799.000000 0.000000
1800.000000 0.000000
1801.000000 0.000000
1802.000000 0.000000
1803.000000 0.000000
1804.000000 0.000000
1805.000000 0.000000
1806.000000 0.000000
1807.000000 0.000000
1808.000000 0.000000
1809.000000 0.000000
1810.000000 0.000000
1811.000000 0.000000
1812.000000 0.000000
1813.000000 0.000000
1814.000000 0.000000
1815.000000 0.000000
1816.000000 0.000000
1817.000000 0.000000
1818.000000 0.000000
1819.000000 0.000000
1820.000000 0.000000
1821.000000 0.000000
1822.000000 0.000000
1823.000000 0.000000
1824.000000 0.000000
1825.000000 0.000000
1826.000000 0.000000
1827.000000 0.000000
1828.000000 0.000000
1829.000000 0.000000
1830.000000 0.000000
1831.000000 0.000000
1832.000000 0.000000
1833.000000 0.000000
1834.000000 0.000000
1835.000000 0.000000
1836.000000 0.000000
1837.000000 0.000000
1838.000000 0.000000
1839.000000 0.000000
1840.000000 0.000000
1841.000000 0.000000
1842.000000 0.000000
1843.000000 0.000000
1844.000000 0.000000
1845.000000 0.000000
1846.000000 0.000000
1847.000000 0.000000
1848.000000 0.000000
1849.000000 0.000000
1850.000000 0.000000
1851.000000 0.000000
1852.000000 0.000000
1853.000000 0.000000
1854.000000 0.000000
1855.000000 0.000000
1856.000000 0.000000
1857.000000 0.000000
1858.000000 0.000000
1859.000000 0.000000
1860.000000 0.000000
1861.000000 0.000000
1862.000000 0.000000
1863.000000 0.000000
1864.000000 0.000000
1865.000000 0.000000
1866.000000 0.000000
1867.000000 0.000000
1868.000000 0.000000
1869.000000 0.000000
1870.000000 0.000000
1871.000000 0.000000
1872.000000 0.000000
1873.000000 0.000000
1874.000000 0.000000
1875.000000 0.000000
1876.000000 0.000000
1877.000000 0.000000
1878.000000 0.000000
1879.000000 0.000000
1880.000000 0.000000
1881.000000 0.000000
1882.000000 0.000000
1883.000000 0.000000
1884.000000 0.000000
1885.000000 0.000000
1886.000000 0.000000
1887.000000 0.000000
1888.000000 0.000000
1889.000000 0.000000
1890.000000 0.000000
1891.000000 0.000000
1892.000000 0.000000
1893.000000 0.000000
1894.000000 0.000000
1895.000000 0.000000
1896.000000 0.000000
1897.000000 0.000000
1898.000000 0.000000
1899.000000 0.000000
1900.000000 0.000000
1901.000000 0.000000
1902.000000 0.000000
1903.000000 0.000000
1904.000000 0.000000
1905.000000 0.000000
1906.000000 0.000000
1907.000000 0.000000
1908.000000 0.000000
1909.000000 0.000000
1910.000000 0.000000
1911.000000 0.000000
1912.000000 0.000000
1913.000000 0.000000
1914.000000 0.000000
1915.000000 0.000000
1916.000000 0.000000
1917.000000 0.000000
1918.000000 0.000000
1919.000000 0.000000
1920.000000 0.000000
1921.000000 0.000000
1922.000000 0.000000
1923.000000 0.000000
1924.000000 0.000000
1925.000000 0.000000
1926.000000 0.000000
1927.000000 0.000000
1928.000000 0.000000
1929.000000 0.000000
1930.000000 0.000000
1931.000000 0.000000
1932.000000 0.000000
1933.000000 0.000000
1934.000000 0.000000
1935.000000 0.000000
1936.000000 0.000000
1937.000000 0.000000
1938.000000 0.000000
1939.000000 0.000000
1940.000000 0.000000
1941.000000 0.000000
1942.000000 0.000000
1943.000000 0.000000
1944.000000 0.000000
1945.000000 0.000000
1946.000000 0.000000
1947.000000 0.000000
1948.000000 0.000000
1949.000000 0.000000
1950.000000 0.000000
1951.000000 0.000000
1952.000000 0.000000
1953.000000 0.000000
1954.000000 0.000000
1955.000000 0.000000
1956.000000 0.000000
1957.000000 0.000000
1958.000000 0.000000
1959.000000 0.000000
1960.000000 0.000000
1961.000000 0.000000
1962.000000 0.000000
1963.000000 0.000000
1964.000000 0.000000
1965.000000 0.000000
1966.000000 0.000000
1967.000000 0.000000
1968.000000 0.000000
1969.000000 0.000000
1970.000000 0.000000
1971.000000 0.000000
1972.000000 0.000000
1973.000000 0.000000
1974.000000 0.000000
1975.000000 0.000000
1976.000000 0.000000
1977.000000 0.000000
1978.000000 0.000000
1979.000000 0.000000
1980.000000 0.000000
1981.000000 0.000000
1982.000000 0.000000
1983.000000 0.000000
1984.000000 0.000000
1985.000000 0.000000
1986.000000 0.000000
1987.000000 0.000000
1988.000000 0.000000
1989.000000 0.000000
1990.000000 0.000000
1991.000000 0.000000
1992.000000 0.000000
1993.000000 0.000000
1994.000000 0.000000
1995.000000 0.000000
1996.000000 0.000000
1997.000000 0.000000
1998.000000 0.000000
1999.000000 0.000000
2000.000000 0.000000
