n lam mean variance std
2000 0.040000 1000.500000 132564.069544 364.093490
bin_midpoint probability
1.000000 0.000000
2.000000 0.000000
3.000000 0.000000
4.000000 0.000000
5.000000 0.000000
6.000000 0.000000
7.000000 0.000000
8.000000 0.000000
9.000000 0.000000
10.000000 0.000000
11.000000 0.000000
12.000000 0.000000
13.000000 0.000000
14.000000 0.000000
15.000000 0.000000
16.000000 0.000000
17.000000 0.000000
18.000000 0.000000
19.000000 0.000000
20.000000 0.000000
21.000000 0.000000
22.000000 0.000000
23.000000 0.000000
24.000000 0.000001
25.000000 0.000001
26.000000 0.000001
27.000000 0.000001
28.000000 0.000001
29.000000 0.000001
30.000000 0.000001
31.000000 0.000001
32.000000 0.000001
33.000000 0.000002
34.000000 0.000002
35.000000 0.000002
36.000000 0.000002
37.000000 0.000002
38.000000 0.000003
39.000000 0.000003
40.000000 0.000003
41.000000 0.000004
42.000000 0.000004
43.000000 0.000004
44.000000 0.000004
45.000000 0.000005
46.000000 0.000005
47.000000 0.000006
48.000000 0.000006
49.000000 0.000006
50.000000 0.000007
51.000000 0.000007
52.000000 0.000008
53.000000 0.000008
54.000000 0.000009
55.000000 0.000009
56.000000 0.000010
57.000000 0.000010
58.000000 0.000011
59.000000 0.000011
60.000000 0.000012
61.000000 0.000012
62.000000 0.000013
63.000000 0.000013
64.000000 0.000014
65.000000 0.000015
66.000000 0.000015
67.000000 0.000016
68.000000 0.000016
69.000000 0.000017
70.000000 0.000018
71.000000 0.000018
72.000000 0.000019
73.000000 0.000019
74.000000 0.000020
75.000000 0.000021
76.000000 0.000021
77.000000 0.000022
78.000000 0.000022
79.000000 0.000023
80.000000 0.000024
81.000000 0.000024
82.000000 0.000025
83.000000 0.000026
84.000000 0.000026
85.000000 0.000027
86.000000 0.000028
87.000000 0.000028
88.000000 0.000029
89.000000 0.000030
90.000000 0.000030
91.000000 0.000031
92.000000 0.000031
93.000000 0.000032
94.000000 0.000033
95.000000 0.000033
96.000000 0.000034
97.000000 0.000035
98.000000 0.000035
99.000000 0.000036
100.000000 0.000037
101.000000 0.000037
102.000000 0.000038
103.000000 0.000039
104.000000 0.000040
105.000000 0.000040
106.000000 0.000041
107.000000 0.000042
108.000000 0.000042
109.000000 0.000043
110.000000 0.000044
111.000000 0.000044
112.000000 0.000045
113.000000 0.000046
114.000000 0.000046
115.000000 0.000047
116.000000 0.000048
117.000000 0.000049
118.000000 0.000049
119.000000 0.000050
120.000000 0.000051
121.000000 0.000051
122.000000 0.000052
123.000000 0.000053
124.000000 0.000054
125.000000 0.000054
126.000000 0.000055
127.000000 0.000056
128.000000 0.000056
129.000000 0.000057
130.000000 0.000058
131.000000 0.000059
132.000000 0.000059
133.000000 0.000060
134.000000 0.000061
135.000000 0.000062
136.000000 0.000062
137.000000 0.000063
138.000000 0.000064
139.000000 0.000065
140.000000 0.000065
141.000000 0.000066
142.000000 0.000067
143.000000 0.000068
144.000000 0.000068
145.000000 0.000069
146.000000 0.000070
147.000000 0.000071
148.000000 0.000071
149.000000 0.000072
150.000000 0.000073
151.000000 0.000074
152.000000 0.000074
153.000000 0.000075
154.000000 0.000076
155.000000 0.000077
156.000000 0.000078
157.000000 0.000078
158.000000 0.000079
159.000000 0.000080
160.000000 0.000081
161.000000 0.000082
162.000000 0.000082
163.000000 0.000083
164.000000 0.000084
165.000000 0.000085
166.000000 0.000086
167.000000 0.000086
168.000000 0.000087
169.000000 0.000088
170.000000 0.000089
171.000000 0.000090
172.000000 0.000090
173.000000 0.000091
174.000000 0.000092
175.000000 0.000093
176.000000 0.000094
177.000000 0.000094
178.000000 0.000095
179.000000 0.000096
180.000000 0.000097
181.000000 0.000098
182.000000 0.000099
183.000000 0.000099
184.000000 0.000100
185.000000 0.000101
186.000000 0.000102
187.000000 0.000103
188.000000 0.000104
189.000000 0.000105
190.000000 0.000105
191.000000 0.000106
192.000000 0.000107
193.000000 0.000108
194.000000 0.000109
195.000000 0.000110
196.000000 0.000111
197.000000 0.000111
198.000000 0.000112
199.000000 0.000113
200.000000 0.000114
201.000000 0.000115
202.000000 0.000116
203.000000 0.000117
204.000000 0.000118
205.000000 0.000119
206.000000 0.000119
207.000000 0.000120
208.000000 0.000121
209.000000 0.000122
210.000000 0.000123
211.000000 0.000124
212.000000 0.000125
213.000000 0.000126
214.000000 0.000127
215.000000 0.000127
216.000000 0.000128
217.000000 0.000129
218.000000 0.000130
219.000000 0.000131
220.000000 0.000132
221.000000 0.000133
222.000000 0.000134
223.000000 0.000135
224.000000 0.000136
225.000000 0.000137
226.000000 0.000138
227.000000 0.000139
228.000000 0.000140
229.000000 0.000140
230.000000 0.000141
231.000000 0.000142
232.000000 0.000143
233.000000 0.000144
234.000000 0.000145
235.000000 0.000146
236.000000 0.000147
237.000000 0.000148
238.000000 0.000149
239.000000 0.000150
240.000000 0.000151
241.000000 0.000152
242.000000 0.000153
243.000000 0.000154
244.000000 0.000155
245.000000 0.000156
246.000000 0.000157
247.000000 0.000158
248.000000 0.000159
249.000000 0.000160
250.000000 0.000161
251.000000 0.000162
252.000000 0.000163
253.000000 0.000164
254.000000 0.000165
255.000000 0.000166
256.000000 0.000167
257.000000 0.000168
258.000000 0.000169
259.000000 0.000170
260.000000 0.000171
261.000000 0.000172
262.000000 0.000173
263.000000 0.000174
264.000000 0.000175
265.000000 0.000176
266.000000 0.000177
267.000000 0.000178
268.000000 0.000179
269.000000 0.000180
270.000000 0.000181
271.000000 0.000182
272.000000 0.000183
273.000000 0.000184
274.000000 0.000185
275.000000 0.000186
276.000000 0.000187
277.000000 0.000188
278.000000 0.000189
279.000000 0.000190
280.000000 0.000191
281.000000 0.000192
282.000000 0.000193
283.000000 0.000195
284.000000 0.000196
285.000000 0.000197
286.000000 0.000198
287.000000 0.000199
288.000000 0.000200
289.000000 0.000201
290.000000 0.000202
291.000000 0.000203
292.000000 0.000204
293.000000 0.000205
294.000000 0.000206
295.000000 0.000207
296.000000 0.000209
297.000000 0.000210
298.000000 0.000211
299.000000 0.000212
300.000000 0.000213
301.000000 0.000214
302.000000 0.000215
303.000000 0.000216
304.000000 0.000217
305.000000 0.000218
306.000000 0.000220
307.000000 0.000221
308.000000 0.000222
309.000000 0.000223
310.000000 0.000224
311.000000 0.000225
312.000000 0.000226
313.000000 0.000227
314.000000 0.000229
315.000000 0.000230
316.000000 0.000231
317.000000 0.000232
318.000000 0.000233
319.000000 0.000234
320.000000 0.000235
321.000000 0.000237
322.000000 0.000238
323.000000 0.000239
324.000000 0.000240
325.000000 0.000241
326.000000 0.000242
327.000000 0.000243
328.000000 0.000245
329.000000 0.000246
330.000000 0.000247
331.000000 0.000248
332.000000 0.000249
333.000000 0.000250
334.000000 0.000252
335.000000 0.000253
336.000000 0.000254
337.000000 0.000255
338.000000 0.000256
339.000000 0.000258
340.000000 0.000259
341.000000 0.000260
342.000000 0.000261
343.000000 0.000262
344.000000 0.000264
345.000000 0.000265
346.000000 0.000266
347.000000 0.000267
348.000000 0.000268
349.000000 0.000270
350.000000 0.000271
351.000000 0.000272
352.000000 0.000273
353.000000 0.000274
354.000000 0.000276
355.000000 0.000277
356.000000 0.000278
357.000000 0.000279
358.000000 0.000281
359.000000 0.000282
360.000000 0.000283
361.000000 0.000284
362.000000 0.000285
363.000000 0.000287
364.000000 0.000288
365.000000 0.000289
366.000000 0.000290
367.000000 0.000292
368.000000 0.000293
369.000000 0.000294
370.000000 0.000295
371.000000 0.000297
372.000000 0.000298
373.000000 0.000299
374.000000 0.000300
375.000000 0.000302
376.000000 0.000303
377.000000 0.000304
378.000000 0.000306
379.000000 0.000307
380.000000 0.000308
381.000000 0.000309
382.000000 0.000311
383.000000 0.000312
384.000000 0.000313
385.000000 0.000314
386.000000 0.000316
387.000000 0.000317
388.000000 0.000318
389.000000 0.000320
390.000000 0.000321
391.000000 0.000322
392.000000 0.000324
393.000000 0.000325
394.000000 0.000326
395.000000 0.000327
396.000000 0.000329
397.000000 0.000330
398.000000 0.000331
399.000000 0.000333
400.000000 0.000334
401.000000 0.000335
402.000000 0.000337
403.000000 0.000338
404.000000 0.000339
405.000000 0.000341
406.000000 0.000342
407.000000 0.000343
408.000000 0.000345
409.000000 0.000346
410.000000 0.000347
411.000000 0.000349
412.000000 0.000350
413.000000 0.000351
414.000000 0.000353
415.000000 0.000354
416.000000 0.000355
417.000000 0.000357
418.000000 0.000358
419.000000 0.000359
420.000000 0.000361
421.000000 0.000362
422.000000 0.000363
423.000000 0.000365
424.000000 0.000366
425.000000 0.000368
426.000000 0.000369
427.000000 0.000370
428.000000 0.000372
429.000000 0.000373
430.000000 0.000374
431.000000 0.000376
432.000000 0.000377
433.000000 0.000378
434.000000 0.000380
435.000000 0.000381
436.000000 0.000383
437.000000 0.000384
438.000000 0.000385
439.000000 0.000387
440.000000 0.000388
441.000000 0.000390
442.000000 0.000391
443.000000 0.000392
444.000000 0.000394
445.000000 0.000395
446.000000 0.000397
447.000000 0.000398
448.000000 0.000399
449.000000 0.000401
450.000000 0.000402
451.000000 0.000404
452.000000 0.000405
453.000000 0.000406
454.000000 0.000408
455.000000 0.000409
456.000000 0.000411
457.000000 0.000412
458.000000 0.000414
459.000000 0.000415
460.000000 0.000416
461.000000 0.000418
462.000000 0.000419
463.000000 0.000421
464.000000 0.000422
465.000000 0.000424
466.000000 0.000425
467.000000 0.000426
468.000000 0.000428
469.000000 0.000429
470.000000 0.000431
471.000000 0.000432
472.000000 0.000434
473.000000 0.000435
474.000000 0.000437
475.000000 0.000438
476.000000 0.000439
477.000000 0.000441
478.000000 0.000442
479.000000 0.000444
480.000000 0.000445
481.000000 0.000447
482.000000 0.000448
483.000000 0.000450
484.000000 0.000451
485.000000 0.000453
486.000000 0.000454
487.000000 0.000455
488.000000 0.000457
489.000000 0.000458
490.000000 0.000460
491.000000 0.000461
492.000000 0.000463
493.000000 0.000464
494.000000 0.000466
495.000000 0.000467
496.000000 0.000469
497.000000 0.000470
498.000000 0.000472
499.000000 0.000473
500.000000 0.000475
501.000000 0.000476
502.000000 0.000478
503.000000 0.000479
504.000000 0.000481
505.000000 0.000482
506.000000 0.000484
507.000000 0.000485
508.000000 0.000487
509.000000 0.000488
510.000000 0.000490
511.000000 0.000491
512.000000 0.000493
513.000000 0.000494
514.000000 0.000496
515.000000 0.000497
516.000000 0.000499
517.000000 0.000500
518.000000 0.000502
519.000000 0.000503
520.000000 0.000505
521.000000 0.000506
522.000000 0.000508
523.000000 0.000509
524.000000 0.000511
525.000000 0.000512
526.000000 0.000514
527.000000 0.000515
528.000000 0.000517
529.000000 0.000518
530.000000 0.000520
531.000000 0.000521
532.000000 0.000523
533.000000 0.000524
534.000000 0.000526
535.000000 0.000527
536.000000 0.000529
537.000000 0.000530
538.000000 0.000532
539.000000 0.000533
540.000000 0.000535
541.000000 0.000536
542.000000 0.000538
543.000000 0.000539
544.000000 0.000541
545.000000 0.000542
546.000000 0.000544
547.000000 0.000546
548.000000 0.000547
549.000000 0.000549
550.000000 0.000550
551.000000 0.000552
552.000000 0.000553
553.000000 0.000555
554.000000 0.000556
555.000000 0.000558
556.000000 0.000559
557.000000 0.000561
558.000000 0.000562
559.000000 0.000564
560.000000 0.000565
561.000000 0.000567
562.000000 0.000569
563.000000 0.000570
564.000000 0.000572
565.000000 0.000573
566.000000 0.000575
567.000000 0.000576
568.000000 0.000578
569.000000 0.000579
570.000000 0.000581
571.000000 0.000582
572.000000 0.000584
573.000000 0.000585
574.000000 0.000587
575.000000 0.000589
576.000000 0.000590
577.000000 0.000592
578.000000 0.000593
579.000000 0.000595
580.000000 0.000596
581.000000 0.000598
582.000000 0.000599
583.000000 0.000601
584.000000 0.000602
585.000000 0.000604
586.000000 0.000606
587.000000 0.000607
588.000000 0.000609
589.000000 0.000610
590.000000 0.000612
591.000000 0.000613
592.000000 0.000615
593.000000 0.000616
594.000000 0.000618
595.000000 0.000619
596.000000 0.000621
597.000000 0.000623
598.000000 0.000624
599.000000 0.000626
600.000000 0.000627
601.000000 0.000629
602.000000 0.000630
603.000000 0.000632
604.000000 0.000633
605.000000 0.000635
606.000000 0.000636
607.000000 0.000638
608.000000 0.000639
609.000000 0.000641
610.000000 0.000643
611.000000 0.000644
612.000000 0.000646
613.000000 0.000647
614.000000 0.000649
615.000000 0.000650
616.000000 0.000652
617.000000 0.000653
618.000000 0.000655
619.000000 0.000656
620.000000 0.000658
621.000000 0.000660
622.000000 0.000661
623.000000 0.000663
624.000000 0.000664
625.000000 0.000666
626.000000 0.000667
627.000000 0.000669
628.000000 0.000670
629.000000 0.000672
630.000000 0.000673
631.000000 0.000675
632.000000 0.000676
633.000000 0.000678
634.000000 0.000679
635.000000 0.000681
636.000000 0.000682
637.000000 0.000684
638.000000 0.000686
639.000000 0.000687
640.000000 0.000689
641.000000 0.000690
642.000000 0.000692
643.000000 0.000693
644.000000 0.000695
645.000000 0.000696
646.000000 0.000698
647.000000 0.000699
648.000000 0.000701
649.000000 0.000702
650.000000 0.000704
651.000000 0.000705
652.000000 0.000707
653.000000 0.000708
654.000000 0.000710
655.000000 0.000711
656.000000 0.000713
657.000000 0.000714
658.000000 0.000716
659.000000 0.000717
660.000000 0.000719
661.000000 0.000720
662.000000 0.000722
663.000000 0.000723
664.000000 0.000725
665.000000 0.000726
666.000000 0.000728
667.000000 0.000729
668.000000 0.000731
669.000000 0.000732
670.000000 0.000734
671.000000 0.000735
672.000000 0.000737
673.000000 0.000738
674.000000 0.000740
675.000000 0.000741
676.000000 0.000743
677.000000 0.000744
678.000000 0.000746
679.000000 0.000747
680.000000 0.000749
681.000000 0.000750
682.000000 0.000752
683.000000 0.000753
684.000000 0.000755
685.000000 0.000756
686.000000 0.000757
687.000000 0.000759
688.000000 0.000760
689.000000 0.000762
690.000000 0.000763
691.000000 0.000765
692.000000 0.000766
693.000000 0.000768
694.000000 0.000769
695.000000 0.000771
696.000000 0.000772
697.000000 0.000773
698.000000 0.000775
699.000000 0.000776
700.000000 0.000778
701.000000 0.000779
702.000000 0.000781
703.000000 0.000782
704.000000 0.000784
705.000000 0.000785
706.000000 0.000786
707.000000 0.000788
708.000000 0.000789
709.000000 0.000791
710.000000 0.000792
711.000000 0.000794
712.000000 0.000795
713.000000 0.000796
714.000000 0.000798
715.000000 0.000799
716.000000 0.000801
717.000000 0.000802
718.000000 0.000803
719.000000 0.000805
720.000000 0.000806
721.000000 0.000808
722.000000 0.000809
723.000000 0.000810
724.000000 0.000812
725.000000 0.000813
726.000000 0.000814
727.000000 0.000816
728.000000 0.000817
729.000000 0.000819
730.000000 0.000820
731.000000 0.000821
732.000000 0.000823
733.000000 0.000824
734.000000 0.000825
735.000000 0.000827
736.000000 0.000828
737.000000 0.000829
738.000000 0.000831
739.000000 0.000832
740.000000 0.000833
741.000000 0.000835
742.000000 0.000836
743.000000 0.000837
744.000000 0.000839
745.000000 0.000840
746.000000 0.000841
747.000000 0.000843
748.000000 0.000844
749.000000 0.000845
750.000000 0.000847
751.000000 0.000848
752.000000 0.000849
753.000000 0.000851
754.000000 0.000852
755.000000 0.000853
756.000000 0.000854
757.000000 0.000856
758.000000 0.000857
759.000000 0.000858
760.000000 0.000860
761.000000 0.000861
762.000000 0.000862
763.000000 0.000863
764.000000 0.000865
765.000000 0.000866
766.000000 0.000867
767.000000 0.000868
768.000000 0.000870
769.000000 0.000871
770.000000 0.000872
771.000000 0.000873
772.000000 0.000875
773.000000 0.000876
774.000000 0.000877
775.000000 0.000878
776.000000 0.000880
777.000000 0.000881
778.000000 0.000882
779.000000 0.000883
780.000000 0.000884
781.000000 0.000886
782.000000 0.000887
783.000000 0.000888
784.000000 0.000889
785.000000 0.000890
786.000000 0.000892
787.000000 0.000893
788.000000 0.000894
789.000000 0.000895
790.000000 0.000896
791.000000 0.000898
792.000000 0.000899
793.000000 0.000900
794.000000 0.000901
795.000000 0.000902
796.000000 0.000903
797.000000 0.000904
798.000000 0.000906
799.000000 0.000907
800.000000 0.000908
801.000000 0.000909
802.000000 0.000910
803.000000 0.000911
804.000000 0.000912
805.000000 0.000913
806.000000 0.000915
807.000000 0.000916
808.000000 0.000917
809.000000 0.000918
810.000000 0.000919
811.000000 0.000920
812.000000 0.000921
813.000000 0.000922
814.000000 0.000923
815.000000 0.000924
816.000000 0.000925
817.000000 0.000926
818.000000 0.000927
819.000000 0.000928
820.000000 0.000930
821.000000 0.000931
822.000000 0.000932
823.000000 0.000933
824.000000 0.000934
825.000000 0.000935
826.000000 0.000936
827.000000 0.000937
828.000000 0.000938
829.000000 0.000939
830.000000 0.000940
831.000000 0.000941
832.000000 0.000942
833.000000 0.000943
834.000000 0.000944
835.000000 0.000945
836.000000 0.000946
837.000000 0.000947
838.000000 0.000948
839.000000 0.000948
840.000000 0.000949
841.000000 0.000950
842.000000 0.000951
843.000000 0.000952
844.000000 0.000953
845.000000 0.000954
846.000000 0.000955
847.000000 0.000956
848.000000 0.000957
849.000000 0.000958
850.000000 0.000959
851.000000 0.000960
852.000000 0.000960
853.000000 0.000961
854.000000 0.000962
855.000000 0.000963
856.000000 0.000964
857.000000 0.000965
858.000000 0.000966
859.000000 0.000966
860.000000 0.000967
861.000000 0.000968
862.000000 0.000969
863.000000 0.000970
864.000000 0.000971
865.000000 0.000972
866.000000 0.000972
867.000000 0.000973
868.000000 0.000974
869.000000 0.000975
870.000000 0.000976
871.000000 0.000976
872.000000 0.000977
873.000000 0.000978
874.000000 0.000979
875.000000 0.000979
876.000000 0.000980
877.000000 0.000981
878.000000 0.000982
879.000000 0.000982
880.000000 0.000983
881.000000 0.000984
882.000000 0.000985
883.000000 0.000985
884.000000 0.000986
885.000000 0.000987
886.000000 0.000988
887.000000 0.000988
888.000000 0.000989
889.000000 0.000990
890.000000 0.000990
891.000000 0.000991
892.000000 0.000992
893.000000 0.000992
894.000000 0.000993
895.000000 0.000994
896.000000 0.000994
897.000000 0.000995
898.000000 0.000996
899.000000 0.000996
900.000000 0.000997
901.000000 0.000997
902.000000 0.000998
903.000000 0.000999
904.000000 0.000999
905.000000 0.001000
906.000000 0.001000
907.000000 0.001001
908.000000 0.001002
909.000000 0.001002
910.000000 0.001003
911.000000 0.001003
912.000000 0.001004
913.000000 0.001004
914.000000 0.001005
915.000000 0.001006
916.000000 0.001006
917.000000 0.001007
918.000000 0.001007
919.000000 0.001008
920.000000 0.001008
921.000000 0.001009
922.000000 0.001009
923.000000 0.001010
924.000000 0.001010
925.000000 0.001011
926.000000 0.001011
927.000000 0.001012
928.000000 0.001012
929.000000 0.001012
930.000000 0.001013
931.000000 0.001013
932.000000 0.001014
933.000000 0.001014
934.000000 0.001015
935.000000 0.001015
936.000000 0.001015
937.000000 0.001016
938.000000 0.001016
939.000000 0.001017
940.000000 0.001017
941.000000 0.001017
942.000000 0.001018
943.000000 0.001018
944.000000 0.001019
945.000000 0.001019
946.000000 0.001019
947.000000 0.001020
948.000000 0.001020
949.000000 0.001020
950.000000 0.001021
951.000000 0.001021
952.000000 0.001021
953.000000 0.001022
954.000000 0.001022
955.000000 0.001022
956.000000 0.001022
957.000000 0.001023
958.000000 0.001023
959.000000 0.001023
960.000000 0.001024
961.000000 0.001024
962.000000 0.001024
963.000000 0.001024
964.000000 0.001024
965.000000 0.001025
966.000000 0.001025
967.000000 0.001025
968.000000 0.001025
969.000000 0.001026
970.000000 0.001026
971.000000 0.001026
972.000000 0.001026
973.000000 0.001026
974.000000 0.001027
975.000000 0.001027
976.000000 0.001027
977.000000 0.001027
978.000000 0.001027
979.000000 0.001027
980.000000 0.001027
981.000000 0.001028
982.000000 0.001028
983.000000 0.001028
984.000000 0.001028
985.000000 0.001028
986.000000 0.001028
987.000000 0.001028
988.000000 0.001028
989.000000 0.001028
990.000000 0.001028
991.000000 0.001028
992.000000 0.001029
993.000000 0.001029
994.000000 0.001029
995.000000 0.001029
996.000000 0.001029
997.000000 0.001029
998.000000 0.001029
999.000000 0.001029
1000.000000 0.001029
1001.000000 0.001029
1002.000000 0.001029
1003.000000 0.001029
1004.000000 0.001029
1005.000000 0.001029
1006.000000 0.001029
1007.000000 0.001029
1008.000000 0.001029
1009.000000 0.001029
1010.000000 0.001028
1011.000000 0.001028
1012.000000 0.001028
1013.000000 0.001028
1014.000000 0.001028
1015.000000 0.001028
1016.000000 0.001028
1017.000000 0.001028
1018.000000 0.001028
1019.000000 0.001028
1020.000000 0.001028
1021.000000 0.001027
1022.000000 0.001027
1023.000000 0.001027
1024.000000 0.001027
1025.000000 0.001027
1026.000000 0.001027
1027.000000 0.001027
1028.000000 0.001026
1029.000000 0.001026
1030.000000 0.001026
1031.000000 0.001026
1032.000000 0.001026
1033.000000 0.001025
1034.000000 0.001025
1035.000000 0.001025
1036.000000 0.001025
1037.000000 0.001024
1038.000000 0.001024
1039.000000 0.001024
1040.000000 0.001024
1041.000000 0.001024
1042.000000 0.001023
1043.000000 0.001023
1044.000000 0.001023
1045.000000 0.001022
1046.000000 0.001022
1047.000000 0.001022
1048.000000 0.001022
1049.000000 0.001021
1050.000000 0.001021
1051.000000 0.001021
1052.000000 0.001020
1053.000000 0.001020
1054.000000 0.001020
1055.000000 0.001019
1056.000000 0.001019
1057.000000 0.001019
1058.000000 0.001018
1059.000000 0.001018
1060.000000 0.001017
1061.000000 0.001017
1062.000000 0.001017
1063.000000 0.001016
1064.000000 0.001016
1065.000000 0.001015
1066.000000 0.001015
1067.000000 0.001015
1068.000000 0.001014
1069.000000 0.001014
1070.000000 0.001013
1071.000000 0.001013
1072.000000 0.001012
1073.000000 0.001012
1074.000000 0.001012
1075.000000 0.001011
1076.000000 0.001011
1077.000000 0.001010
1078.000000 0.001010
1079.000000 0.001009
1080.000000 0.001009
1081.000000 0.001008
1082.000000 0.001008
1083.000000 0.001007
1084.000000 0.001007
1085.000000 0.001006
1086.000000 0.001006
1087.000000 0.001005
1088.000000 0.001004
1089.000000 0.001004
1090.000000 0.001003
1091.000000 0.001003
1092.000000 0.001002
1093.000000 0.001002
1094.000000 0.001001
1095.000000 0.001000
1096.000000 0.001000
1097.000000 0.000999
1098.000000 0.000999
1099.000000 0.000998
1100.000000 0.000997
1101.000000 0.000997
1102.000000 0.000996
1103.000000 0.000996
1104.000000 0.000995
1105.000000 0.000994
1106.000000 0.000994
1107.000000 0.000993
1108.000000 0.000992
1109.000000 0.000992
1110.000000 0.000991
1111.000000 0.000990
1112.000000 0.000990
1113.000000 0.000989
1114.000000 0.000988
1115.000000 0.000988
1116.000000 0.000987
1117.000000 0.000986
1118.000000 0.000985
1119.000000 0.000985
1120.000000 0.000984
1121.000000 0.000983
1122.000000 0.000982
1123.000000 0.000982
1124.000000 0.000981
1125.000000 0.000980
1126.000000 0.000979
1127.000000 0.000979
1128.000000 0.000978
1129.000000 0.000977
1130.000000 0.000976
1131.000000 0.000976
1132.000000 0.000975
1133.000000 0.000974
1134.000000 0.000973
1135.000000 0.000972
1136.000000 0.000972
1137.000000 0.000971
1138.000000 0.000970
1139.000000 0.000969
1140.000000 0.000968
1141.000000 0.000967
1142.000000 0.000966
1143.000000 0.000966
1144.000000 0.000965
1145.000000 0.000964
1146.000000 0.000963
1147.000000 0.000962
1148.000000 0.000961
1149.000000 0.000960
1150.000000 0.000960
1151.000000 0.000959
1152.000000 0.000958
1153.000000 0.000957
1154.000000 0.000956
1155.000000 0.000955
1156.000000 0.000954
1157.000000 0.000953
1158.000000 0.000952
1159.000000 0.000951
1160.000000 0.000950
1161.000000 0.000949
1162.000000 0.000948
1163.000000 0.000948
1164.000000 0.000947
1165.000000 0.000946
1166.000000 0.000945
1167.000000 0.000944
1168.000000 0.000943
1169.000000 0.000942
1170.000000 0.000941
1171.000000 0.000940
1172.000000 0.000939
1173.000000 0.000938
1174.000000 0.000937
1175.000000 0.000936
1176.000000 0.000935
1177.000000 0.000934
1178.000000 0.000933
1179.000000 0.000932
1180.000000 0.000931
1181.000000 0.000930
1182.000000 0.000928
1183.000000 0.000927
1184.000000 0.000926
1185.000000 0.000925
1186.000000 0.000924
1187.000000 0.000923
1188.000000 0.000922
1189.000000 0.000921
1190.000000 0.000920
1191.000000 0.000919
1192.000000 0.000918
1193.000000 0.000917
1194.000000 0.000916
1195.000000 0.000915
1196.000000 0.000913
1197.000000 0.000912
1198.000000 0.000911
1199.000000 0.000910
1200.000000 0.000909
1201.000000 0.000908
1202.000000 0.000907
1203.000000 0.000906
1204.000000 0.000904
1205.000000 0.000903
1206.000000 0.000902
1207.000000 0.000901
1208.000000 0.000900
1209.000000 0.000899
1210.000000 0.000898
1211.000000 0.000896
1212.000000 0.000895
1213.000000 0.000894
1214.000000 0.000893
1215.000000 0.000892
1216.000000 0.000890
1217.000000 0.000889
1218.000000 0.000888
1219.000000 0.000887
1220.000000 0.000886
1221.000000 0.000884
1222.000000 0.000883
1223.000000 0.000882
1224.000000 0.000881
1225.000000 0.000880
1226.000000 0.000878
1227.000000 0.000877
1228.000000 0.000876
1229.000000 0.000875
1230.000000 0.000873
1231.000000 0.000872
1232.000000 0.000871
1233.000000 0.000870
1234.000000 0.000868
1235.000000 0.000867
1236.000000 0.000866
1237.000000 0.000865
1238.000000 0.000863
1239.000000 0.000862
1240.000000 0.000861
1241.000000 0.000860
1242.000000 0.000858
1243.000000 0.000857
1244.000000 0.000856
1245.000000 0.000854
1246.000000 0.000853
1247.000000 0.000852
1248.000000 0.000851
1249.000000 0.000849
1250.000000 0.000848
1251.000000 0.000847
1252.000000 0.000845
1253.000000 0.000844
1254.000000 0.000843
1255.000000 0.000841
1256.000000 0.000840
1257.000000 0.000839
1258.000000 0.000837
1259.000000 0.000836
1260.000000 0.000835
1261.000000 0.000833
1262.000000 0.000832
1263.000000 0.000831
1264.000000 0.000829
1265.000000 0.000828
1266.000000 0.000827
1267.000000 0.000825
1268.000000 0.000824
1269.000000 0.000823
1270.000000 0.000821
1271.000000 0.000820
1272.000000 0.000819
1273.000000 0.000817
1274.000000 0.000816
1275.000000 0.000814
1276.000000 0.000813
1277.000000 0.000812
1278.000000 0.000810
1279.000000 0.000809
1280.000000 0.000808
1281.000000 0.000806
1282.000000 0.000805
1283.000000 0.000803
1284.000000 0.000802
1285.000000 0.000801
1286.000000 0.000799
1287.000000 0.000798
1288.000000 0.000796
1289.000000 0.000795
1290.000000 0.000794
1291.000000 0.000792
1292.000000 0.000791
1293.000000 0.000789
1294.000000 0.000788
1295.000000 0.000786
1296.000000 0.000785
1297.000000 0.000784
1298.000000 0.000782
1299.000000 0.000781
1300.000000 0.000779
1301.000000 0.000778
1302.000000 0.000776
1303.000000 0.000775
1304.000000 0.000773
1305.000000 0.000772
1306.000000 0.000771
1307.000000 0.000769
1308.000000 0.000768
1309.000000 0.000766
1310.000000 0.000765
1311.000000 0.000763
1312.000000 0.000762
1313.000000 0.000760
1314.000000 0.000759
1315.000000 0.000757
1316.000000 0.000756
1317.000000 0.000755
1318.000000 0.000753
1319.000000 0.000752
1320.000000 0.000750
1321.000000 0.000749
1322.000000 0.000747
1323.000000 0.000746
1324.000000 0.000744
1325.000000 0.000743
1326.000000 0.000741
1327.000000 0.000740
1328.000000 0.000738
1329.000000 0.000737
1330.000000 0.000735
1331.000000 0.000734
1332.000000 0.000732
1333.000000 0.000731
1334.000000 0.000729
1335.000000 0.000728
1336.000000 0.000726
1337.000000 0.000725
1338.000000 0.000723
1339.000000 0.000722
1340.000000 0.000720
1341.000000 0.000719
1342.000000 0.000717
1343.000000 0.000716
1344.000000 0.000714
1345.000000 0.000713
1346.000000 0.000711
1347.000000 0.000710
1348.000000 0.000708
1349.000000 0.000707
1350.000000 0.000705
1351.000000 0.000704
1352.000000 0.000702
1353.000000 0.000701
1354.000000 0.000699
1355.000000 0.000698
1356.000000 0.000696
1357.000000 0.000695
1358.000000 0.000693
1359.000000 0.000692
1360.000000 0.000690
1361.000000 0.000689
1362.000000 0.000687
1363.000000 0.000686
1364.000000 0.000684
1365.000000 0.000682
1366.000000 0.000681
1367.000000 0.000679
1368.000000 0.000678
1369.000000 0.000676
1370.000000 0.000675
1371.000000 0.000673
1372.000000 0.000672
1373.000000 0.000670
1374.000000 0.000669
1375.000000 0.000667
1376.000000 0.000666
1377.000000 0.000664
1378.000000 0.000663
1379.000000 0.000661
1380.000000 0.000660
1381.000000 0.000658
1382.000000 0.000656
1383.000000 0.000655
1384.000000 0.000653
1385.000000 0.000652
1386.000000 0.000650
1387.000000 0.000649
1388.000000 0.000647
1389.000000 0.000646
1390.000000 0.000644
1391.000000 0.000643
1392.000000 0.000641
1393.000000 0.000639
1394.000000 0.000638
1395.000000 0.000636
1396.000000 0.000635
1397.000000 0.000633
1398.000000 0.000632
1399.000000 0.000630
1400.000000 0.000629
1401.000000 0.000627
1402.000000 0.000626
1403.000000 0.000624
1404.000000 0.000623
1405.000000 0.000621
1406.000000 0.000619
1407.000000 0.000618
1408.000000 0.000616
1409.000000 0.000615
1410.000000 0.000613
1411.000000 0.000612
1412.000000 0.000610
1413.000000 0.000609
1414.000000 0.000607
1415.000000 0.000606
1416.000000 0.000604
1417.000000 0.000602
1418.000000 0.000601
1419.000000 0.000599
1420.000000 0.000598
1421.000000 0.000596
1422.000000 0.000595
1423.000000 0.000593
1424.000000 0.000592
1425.000000 0.000590
1426.000000 0.000589
1427.000000 0.000587
1428.000000 0.000585
1429.000000 0.000584
1430.000000 0.000582
1431.000000 0.000581
1432.000000 0.000579
1433.000000 0.000578
1434.000000 0.000576
1435.000000 0.000575
1436.000000 0.000573
1437.000000 0.000572
1438.000000 0.000570
1439.000000 0.000569
1440.000000 0.000567
1441.000000 0.000565
1442.000000 0.000564
1443.000000 0.000562
1444.000000 0.000561
1445.000000 0.000559
1446.000000 0.000558
1447.000000 0.000556
1448.000000 0.000555
1449.000000 0.000553
1450.000000 0.000552
1451.000000 0.000550
1452.000000 0.000549
1453.000000 0.000547
1454.000000 0.000546
1455.000000 0.000544
1456.000000 0.000542
1457.000000 0.000541
1458.000000 0.000539
1459.000000 0.000538
1460.000000 0.000536
1461.000000 0.000535
1462.000000 0.000533
1463.000000 0.000532
1464.000000 0.000530
1465.000000 0.000529
1466.000000 0.000527
1467.000000 0.000526
1468.000000 0.000524
1469.000000 0.000523
1470.000000 0.000521
1471.000000 0.000520
1472.000000 0.000518
1473.000000 0.000517
1474.000000 0.000515
1475.000000 0.000514
1476.000000 0.000512
1477.000000 0.000511
1478.000000 0.000509
1479.000000 0.000508
1480.000000 0.000506
1481.000000 0.000505
1482.000000 0.000503
1483.000000 0.000502
1484.000000 0.000500
1485.000000 0.000499
1486.000000 0.000497
1487.000000 0.000496
1488.000000 0.000494
1489.000000 0.000493
1490.000000 0.000491
1491.000000 0.000490
1492.000000 0.000488
1493.000000 0.000487
1494.000000 0.000485
1495.000000 0.000484
1496.000000 0.000482
1497.000000 0.000481
1498.000000 0.000479
1499.000000 0.000478
1500.000000 0.000476
1501.000000 0.000475
1502.000000 0.000473
1503.000000 0.000472
1504.000000 0.000470
1505.000000 0.000469
1506.000000 0.000467
1507.000000 0.000466
1508.000000 0.000464
1509.000000 0.000463
1510.000000 0.000461
1511.000000 0.000460
1512.000000 0.000458
1513.000000 0.000457
1514.000000 0.000455
1515.000000 0.000454
1516.000000 0.000453
1517.000000 0.000451
1518.000000 0.000450
1519.000000 0.000448
1520.000000 0.000447
1521.000000 0.000445
1522.000000 0.000444
1523.000000 0.000442
1524.000000 0.000441
1525.000000 0.000439
1526.000000 0.000438
1527.000000 0.000437
1528.000000 0.000435
1529.000000 0.000434
1530.000000 0.000432
1531.000000 0.000431
1532.000000 0.000429
1533.000000 0.000428
1534.000000 0.000426
1535.000000 0.000425
1536.000000 0.000424
1537.000000 0.000422
1538.000000 0.000421
1539.000000 0.000419
1540.000000 0.000418
1541.000000 0.000416
1542.000000 0.000415
1543.000000 0.000414
1544.000000 0.000412
1545.000000 0.000411
1546.000000 0.000409
1547.000000 0.000408
1548.000000 0.000406
1549.000000 0.000405
1550.000000 0.000404
1551.000000 0.000402
1552.000000 0.000401
1553.000000 0.000399
1554.000000 0.000398
1555.000000 0.000397
1556.000000 0.000395
1557.000000 0.000394
1558.000000 0.000392
1559.000000 0.000391
1560.000000 0.000390
1561.000000 0.000388
1562.000000 0.000387
1563.000000 0.000385
1564.000000 0.000384
1565.000000 0.000383
1566.000000 0.000381
1567.000000 0.000380
1568.000000 0.000378
1569.000000 0.000377
1570.000000 0.000376
1571.000000 0.000374
1572.000000 0.000373
1573.000000 0.000372
1574.000000 0.000370
1575.000000 0.000369
1576.000000 0.000368
1577.000000 0.000366
1578.000000 0.000365
1579.000000 0.000363
1580.000000 0.000362
1581.000000 0.000361
1582.000000 0.000359
1583.000000 0.000358
1584.000000 0.000357
1585.000000 0.000355
1586.000000 0.000354
1587.000000 0.000353
1588.000000 0.000351
1589.000000 0.000350
1590.000000 0.000349
1591.000000 0.000347
1592.000000 0.000346
1593.000000 0.000345
1594.000000 0.000343
1595.000000 0.000342
1596.000000 0.000341
1597.000000 0.000339
1598.000000 0.000338
1599.000000 0.000337
1600.000000 0.000335
1601.000000 0.000334
1602.000000 0.000333
1603.000000 0.000331
1604.000000 0.000330
1605.000000 0.000329
1606.000000 0.000327
1607.000000 0.000326
1608.000000 0.000325
1609.000000 0.000324
1610.000000 0.000322
1611.000000 0.000321
1612.000000 0.000320
1613.000000 0.000318
1614.000000 0.000317
1615.000000 0.000316
1616.000000 0.000314
1617.000000 0.000313
1618.000000 0.000312
1619.000000 0.000311
1620.000000 0.000309
1621.000000 0.000308
1622.000000 0.000307
1623.000000 0.000306
1624.000000 0.000304
1625.000000 0.000303
1626.000000 0.000302
1627.000000 0.000300
1628.000000 0.000299
1629.000000 0.000298
1630.000000 0.000297
1631.000000 0.000295
1632.000000 0.000294
1633.000000 0.000293
1634.000000 0.000292
1635.000000 0.000290
1636.000000 0.000289
1637.000000 0.000288
1638.000000 0.000287
1639.000000 0.000285
1640.000000 0.000284
1641.000000 0.000283
1642.000000 0.000282
1643.000000 0.000281
1644.000000 0.000279
1645.000000 0.000278
1646.000000 0.000277
1647.000000 0.000276
1648.000000 0.000274
1649.000000 0.000273
1650.000000 0.000272
1651.000000 0.000271
1652.000000 0.000270
1653.000000 0.000268
1654.000000 0.000267
1655.000000 0.000266
1656.000000 0.000265
1657.000000 0.000264
1658.000000 0.000262
1659.000000 0.000261
1660.000000 0.000260
1661.000000 0.000259
1662.000000 0.000258
1663.000000 0.000256
1664.000000 0.000255
1665.000000 0.000254
1666.000000 0.000253
1667.000000 0.000252
1668.000000 0.000250
1669.000000 0.000249
1670.000000 0.000248
1671.000000 0.000247
1672.000000 0.000246
1673.000000 0.000245
1674.000000 0.000243
1675.000000 0.000242
1676.000000 0.000241
1677.000000 0.000240
1678.000000 0.000239
1679.000000 0.000238
1680.000000 0.000237
1681.000000 0.000235
1682.000000 0.000234
1683.000000 0.000233
1684.000000 0.000232
1685.000000 0.000231
1686.000000 0.000230
1687.000000 0.000229
1688.000000 0.000227
1689.000000 0.000226
1690.000000 0.000225
1691.000000 0.000224
1692.000000 0.000223
1693.000000 0.000222
1694.000000 0.000221
1695.000000 0.000220
1696.000000 0.000218
1697.000000 0.000217
1698.000000 0.000216
1699.000000 0.000215
1700.000000 0.000214
1701.000000 0.000213
1702.000000 0.000212
1703.000000 0.000211
1704.000000 0.000210
1705.000000 0.000209
1706.000000 0.000207
1707.000000 0.000206
1708.000000 0.000205
1709.000000 0.000204
1710.000000 0.000203
1711.000000 0.000202
1712.000000 0.000201
1713.000000 0.000200
1714.000000 0.000199
1715.000000 0.000198
1716.000000 0.000197
1717.000000 0.000196
1718.000000 0.000195
1719.000000 0.000193
1720.000000 0.000192
1721.000000 0.000191
1722.000000 0.000190
1723.000000 0.000189
1724.000000 0.000188
1725.000000 0.000187
1726.000000 0.000186
1727.000000 0.000185
1728.000000 0.000184
1729.000000 0.000183
1730.000000 0.000182
1731.000000 0.000181
1732.000000 0.000180
1733.000000 0.000179
1734.000000 0.000178
1735.000000 0.000177
1736.000000 0.000176
1737.000000 0.000175
1738.000000 0.000174
1739.000000 0.000173
1740.000000 0.000172
1741.000000 0.000171
1742.000000 0.000170
1743.000000 0.000169
1744.000000 0.000168
1745.000000 0.000167
1746.000000 0.000166
1747.000000 0.000165
1748.000000 0.000164
1749.000000 0.000163
1750.000000 0.000162
1751.000000 0.000161
1752.000000 0.000160
1753.000000 0.000159
1754.000000 0.000158
1755.000000 0.000157
1756.000000 0.000156
1757.000000 0.000155
1758.000000 0.000154
1759.000000 0.000153
1760.000000 0.000152
1761.000000 0.000151
1762.000000 0.000150
1763.000000 0.000149
1764.000000 0.000148
1765.000000 0.000147
1766.000000 0.000146
1767.000000 0.000145
1768.000000 0.000144
1769.000000 0.000143
1770.000000 0.000142
1771.000000 0.000141
1772.000000 0.000140
1773.000000 0.000140
1774.000000 0.000139
1775.000000 0.000138
1776.000000 0.000137
1777.000000 0.000136
1778.000000 0.000135
1779.000000 0.000134
1780.000000 0.000133
1781.000000 0.000132
1782.000000 0.000131
1783.000000 0.000130
1784.000000 0.000129
1785.000000 0.000128
1786.000000 0.000127
1787.000000 0.000127
1788.000000 0.000126
1789.000000 0.000125
1790.000000 0.000124
1791.000000 0.000123
1792.000000 0.000122
1793.000000 0.000121
1794.000000 0.000120
1795.000000 0.000119
1796.000000 0.000119
1797.000000 0.000118
1798.000000 0.000117
1799.000000 0.000116
1800.000000 0.000115
1801.000000 0.000114
1802.000000 0.000113
1803.000000 0.000112
1804.000000 0.000111
1805.000000 0.000111
1806.000000 0.000110
1807.000000 0.000109
1808.000000 0.000108
1809.000000 0.000107
1810.000000 0.000106
1811.000000 0.000105
1812.000000 0.000105
1813.000000 0.000104
1814.000000 0.000103
1815.000000 0.000102
1816.000000 0.000101
1817.000000 0.000100
1818.000000 0.000099
1819.000000 0.000099
1820.000000 0.000098
1821.000000 0.000097
1822.000000 0.000096
1823.000000 0.000095
1824.000000 0.000094
1825.000000 0.000094
1826.000000 0.000093
1827.000000 0.000092
1828.000000 0.000091
1829.000000 0.000090
1830.000000 0.000090
1831.000000 0.000089
1832.000000 0.000088
1833.000000 0.000087
1834.000000 0.000086
1835.000000 0.000086
1836.000000 0.000085
1837.000000 0.000084
1838.000000 0.000083
1839.000000 0.000082
1840.000000 0.000082
1841.000000 0.000081
1842.000000 0.000080
1843.000000 0.000079
1844.000000 0.000078
1845.000000 0.000078
1846.000000 0.000077
1847.000000 0.000076
1848.000000 0.000075
1849.000000 0.000074
1850.000000 0.000074
1851.000000 0.000073
1852.000000 0.000072
1853.000000 0.000071
1854.000000 0.000071
1855.000000 0.000070
1856.000000 0.000069
1857.000000 0.000068
1858.000000 0.000068
1859.000000 0.000067
1860.000000 0.000066
1861.000000 0.000065
1862.000000 0.000065
1863.000000 0.000064
1864.000000 0.000063
1865.000000 0.000062
1866.000000 0.000062
1867.000000 0.000061
1868.000000 0.000060
1869.000000 0.000059
1870.000000 0.000059
1871.000000 0.000058
1872.000000 0.000057
1873.000000 0.000056
1874.000000 0.000056
1875.000000 0.000055
1876.000000 0.000054
1877.000000 0.000054
1878.000000 0.000053
1879.000000 0.000052
1880.000000 0.000051
1881.000000 0.000051
1882.000000 0.000050
1883.000000 0.000049
1884.000000 0.000049
1885.000000 0.000048
1886.000000 0.000047
1887.000000 0.000046
1888.000000 0.000046
1889.000000 0.000045
1890.000000 0.000044
1891.000000 0.000044
1892.000000 0.000043
1893.000000 0.000042
1894.000000 0.000042
1895.000000 0.000041
1896.000000 0.000040
1897.000000 0.000040
1898.000000 0.000039
1899.000000 0.000038
1900.000000 0.000037
1901.000000 0.000037
1902.000000 0.000036
1903.000000 0.000035
1904.000000 0.000035
1905.000000 0.000034
1906.000000 0.000033
1907.000000 0.000033
1908.000000 0.000032
1909.000000 0.000031
1910.000000 0.000031
1911.000000 0.000030
1912.000000 0.000030
1913.000000 0.000029
1914.000000 0.000028
1915.000000 0.000028
1916.000000 0.000027
1917.000000 0.000026
1918.000000 0.000026
1919.000000 0.000025
1920.000000 0.000024
1921.000000 0.000024
1922.000000 0.000023
1923.000000 0.000022
1924.000000 0.000022
1925.000000 0.000021
1926.000000 0.000021
1927.000000 0.000020
1928.000000 0.000019
1929.000000 0.000019
1930.000000 0.000018
1931.000000 0.000018
1932.000000 0.000017
1933.000000 0.000016
1934.000000 0.000016
1935.000000 0.000015
1936.000000 0.000015
1937.000000 0.000014
1938.000000 0.000013
1939.000000 0.000013
1940.000000 0.000012
1941.000000 0.000012
1942.000000 0.000011
1943.000000 0.000011
1944.000000 0.000010
1945.000000 0.000010
1946.000000 0.000009
1947.000000 0.000009
1948.000000 0.000008
1949.000000 0.000008
1950.000000 0.000007
1951.000000 0.000007
1952.000000 0.000006
1953.000000 0.000006
1954.000000 0.000006
1955.000000 0.000005
1956.000000 0.000005
1957.000000 0.000004
1958.000000 0.000004
1959.000000 0.000004
1960.000000 0.000004
1961.000000 0.000003
1962.000000 0.000003
1963.000000 0.000003
1964.000000 0.000002
1965.000000 0.000002
1966.000000 0.000002
1967.000000 0.000002
1968.000000 0.000002
1969.000000 0.000001
1970.000000 0.000001
1971.000000 0.000001
1972.000000 0.000001
1973.000000 0.000001
1974.000000 0.000001
1975.000000 0.000001
1976.000000 0.000001
1977.000000 0.000001
1978.000000 0.000000
1979.000000 0.000000
1980.000000 0.000000
1981.000000 0.000000
1982.000000 0.000000
1983.000000 0.000000
1984.000000 0.000000
1985.000000 0.000000
1986.000000 0.000000
1987.000000 0.000000
1988.000000 0.000000
1989.000000 0.000000
1990.000000 0.000000
1991.000000 0.000000
1992.000000 0.000000
1993.000000 0.000000
1994.000000 0.000000
1995.000000 0.000000
1996.000000 0.000000
1997.000000 0.000000
1998.000000 0.000000
1999.000000 0.000000
2000.000000 0.000000
