n lam mean variance std
2000 0.540000 1000.486410 47508.335470 217.964069
bin_midpoint probability
1.000000 0.000000
2.000000 0.000000
3.000000 0.000000
4.000000 0.000000
5.000000 0.000000
6.000000 0.000000
7.000000 0.000000
8.000000 0.000000
9.000000 0.000000
10.000000 0.000000
11.000000 0.000000
12.000000 0.000000
13.000000 0.000000
14.000000 0.000000
15.000000 0.000000
16.000000 0.000000
17.000000 0.000000
18.000000 0.000000
19.000000 0.000000
20.000000 0.000000
21.000000 0.000000
22.000000 0.000000
23.000000 0.000000
24.000000 0.000000
25.000000 0.000000
26.000000 0.000000
27.000000 0.000000
28.000000 0.000000
29.000000 0.000000
30.000000 0.000000
31.000000 0.000000
32.000000 0.000000
33.000000 0.000000
34.000000 0.000000
35.000000 0.000000
36.000000 0.000000
37.000000 0.000000
38.000000 0.000000
39.000000 0.000000
40.000000 0.000000
41.000000 0.000000
42.000000 0.000000
43.000000 0.000000
44.000000 0.000000
45.000000 0.000000
46.000000 0.000000
47.000000 0.000000
48.000000 0.000000
49.000000 0.000000
50.000000 0.000000
51.000000 0.000000
52.000000 0.000000
53.000000 0.000000
54.000000 0.000000
55.000000 0.000000
56.000000 0.000000
57.000000 0.000000
58.000000 0.000000
59.000000 0.000000
60.000000 0.000000
61.000000 0.000000
62.000000 0.000000
63.000000 0.000000
64.000000 0.000000
65.000000 0.000000
66.000000 0.000000
67.000000 0.000000
68.000000 0.000000
69.000000 0.000000
70.000000 0.000000
71.000000 0.000000
72.000000 0.000000
73.000000 0.000000
74.000000 0.000000
75.000000 0.000000
76.000000 0.000000
77.000000 0.000000
78.000000 0.000000
79.000000 0.000000
80.000000 0.000000
81.000000 0.000000
82.000000 0.000000
83.000000 0.000000
84.000000 0.000000
85.000000 0.000000
86.000000 0.000000
87.000000 0.000000
88.000000 0.000000
89.000000 0.000000
90.000000 0.000000
91.000000 0.000000
92.000000 0.000000
93.000000 0.000000
94.000000 0.000000
95.000000 0.000000
96.000000 0.000000
97.000000 0.000000
98.000000 0.000000
99.000000 0.000000
100.000000 0.000000
101.000000 0.000000
102.000000 0.000000
103.000000 0.000000
104.000000 0.000000
105.000000 0.000000
106.000000 0.000000
107.000000 0.000000
108.000000 0.000000
109.000000 0.000000
110.000000 0.000000
111.000000 0.000000
112.000000 0.000000
113.000000 0.000000
114.000000 0.000000
115.000000 0.000000
116.000000 0.000000
117.000000 0.000000
118.000000 0.000000
119.000000 0.000000
120.000000 0.000000
121.000000 0.000000
122.000000 0.000000
123.000000 0.000000
124.000000 0.000000
125.000000 0.000000
126.000000 0.000000
127.000000 0.000000
128.000000 0.000000
129.000000 0.000000
130.000000 0.000000
131.000000 0.000000
132.000000 0.000000
133.000000 0.000000
134.000000 0.000000
135.000000 0.000000
136.000000 0.000000
137.000000 0.000000
138.000000 0.000000
139.000000 0.000000
140.000000 0.000000
141.000000 0.000000
142.000000 0.000000
143.000000 0.000000
144.000000 0.000000
145.000000 0.000000
146.000000 0.000000
147.000000 0.000000
148.000000 0.000000
149.000000 0.000000
150.000000 0.000000
151.000000 0.000000
152.000000 0.000000
153.000000 0.000000
154.000000 0.000000
155.000000 0.000000
156.000000 0.000000
157.000000 0.000000
158.000000 0.000000
159.000000 0.000000
160.000000 0.000000
161.000000 0.000000
162.000000 0.000000
163.000000 0.000000
164.000000 0.000000
165.000000 0.000000
166.000000 0.000000
167.000000 0.000000
168.000000 0.000000
169.000000 0.000000
170.000000 0.000000
171.000000 0.000000
172.000000 0.000000
173.000000 0.000000
174.000000 0.000000
175.000000 0.000000
176.000000 0.000000
177.000000 0.000000
178.000000 0.000000
179.000000 0.000000
180.000000 0.000000
181.000000 0.000000
182.000000 0.000000
183.000000 0.000000
184.000000 0.000000
185.000000 0.000000
186.000000 0.000000
187.000000 0.000000
188.000000 0.000000
189.000000 0.000000
190.000000 0.000000
191.000000 0.000000
192.000000 0.000000
193.000000 0.000000
194.000000 0.000000
195.000000 0.000000
196.000000 0.000000
197.000000 0.000000
198.000000 0.000000
199.000000 0.000000
200.000000 0.000000
201.000000 0.000000
202.000000 0.000000
203.000000 0.000000
204.000000 0.000000
205.000000 0.000000
206.000000 0.000000
207.000000 0.000000
208.000000 0.000000
209.000000 0.000000
210.000000 0.000000
211.000000 0.000000
212.000000 0.000000
213.000000 0.000000
214.000000 0.000000
215.000000 0.000000
216.000000 0.000000
217.000000 0.000000
218.000000 0.000000
219.000000 0.000000
220.000000 0.000000
221.000000 0.000000
222.000000 0.000000
223.000000 0.000000
224.000000 0.000000
225.000000 0.000000
226.000000 0.000000
227.000000 0.000000
228.000000 0.000000
229.000000 0.000000
230.000000 0.000000
231.000000 0.000000
232.000000 0.000000
233.000000 0.000000
234.000000 0.000000
235.000000 0.000000
236.000000 0.000000
237.000000 0.000000
238.000000 0.000000
239.000000 0.000000
240.000000 0.000000
241.000000 0.000000
242.000000 0.000000
243.000000 0.000000
244.000000 0.000000
245.000000 0.000000
246.000000 0.000000
247.000000 0.000000
248.000000 0.000000
249.000000 0.000000
250.000000 0.000000
251.000000 0.000000
252.000000 0.000000
253.000000 0.000000
254.000000 0.000000
255.000000 0.000000
256.000000 0.000000
257.000000 0.000000
258.000000 0.000000
259.000000 0.000000
260.000000 0.000000
261.000000 0.000000
262.000000 0.000000
263.000000 0.000000
264.000000 0.000001
265.000000 0.000001
266.000000 0.000001
267.000000 0.000001
268.000000 0.000001
269.000000 0.000001
270.000000 0.000001
271.000000 0.000001
272.000000 0.000001
273.000000 0.000001
274.000000 0.000001
275.000000 0.000001
276.000000 0.000001
277.000000 0.000001
278.000000 0.000001
279.000000 0.000001
280.000000 0.000001
281.000000 0.000001
282.000000 0.000001
283.000000 0.000001
284.000000 0.000001
285.000000 0.000001
286.000000 0.000001
287.000000 0.000001
288.000000 0.000001
289.000000 0.000001
290.000000 0.000001
291.000000 0.000001
292.000000 0.000001
293.000000 0.000001
294.000000 0.000002
295.000000 0.000002
296.000000 0.000002
297.000000 0.000002
298.000000 0.000002
299.000000 0.000002
300.000000 0.000002
301.000000 0.000002
302.000000 0.000002
303.000000 0.000002
304.000000 0.000002
305.000000 0.000002
306.000000 0.000002
307.000000 0.000002
308.000000 0.000002
309.000000 0.000002
310.000000 0.000003
311.000000 0.000003
312.000000 0.000003
313.000000 0.000003
314.000000 0.000003
315.000000 0.000003
316.000000 0.000003
317.000000 0.000003
318.000000 0.000003
319.000000 0.000003
320.000000 0.000003
321.000000 0.000004
322.000000 0.000004
323.000000 0.000004
324.000000 0.000004
325.000000 0.000004
326.000000 0.000004
327.000000 0.000004
328.000000 0.000004
329.000000 0.000004
330.000000 0.000005
331.000000 0.000005
332.000000 0.000005
333.000000 0.000005
334.000000 0.000005
335.000000 0.000005
336.000000 0.000005
337.000000 0.000006
338.000000 0.000006
339.000000 0.000006
340.000000 0.000006
341.000000 0.000006
342.000000 0.000006
343.000000 0.000007
344.000000 0.000007
345.000000 0.000007
346.000000 0.000007
347.000000 0.000007
348.000000 0.000007
349.000000 0.000008
350.000000 0.000008
351.000000 0.000008
352.000000 0.000008
353.000000 0.000008
354.000000 0.000009
355.000000 0.000009
356.000000 0.000009
357.000000 0.000009
358.000000 0.000010
359.000000 0.000010
360.000000 0.000010
361.000000 0.000010
362.000000 0.000011
363.000000 0.000011
364.000000 0.000011
365.000000 0.000011
366.000000 0.000012
367.000000 0.000012
368.000000 0.000012
369.000000 0.000012
370.000000 0.000013
371.000000 0.000013
372.000000 0.000013
373.000000 0.000014
374.000000 0.000014
375.000000 0.000014
376.000000 0.000015
377.000000 0.000015
378.000000 0.000015
379.000000 0.000016
380.000000 0.000016
381.000000 0.000016
382.000000 0.000017
383.000000 0.000017
384.000000 0.000017
385.000000 0.000018
386.000000 0.000018
387.000000 0.000019
388.000000 0.000019
389.000000 0.000019
390.000000 0.000020
391.000000 0.000020
392.000000 0.000021
393.000000 0.000021
394.000000 0.000021
395.000000 0.000022
396.000000 0.000022
397.000000 0.000023
398.000000 0.000023
399.000000 0.000024
400.000000 0.000024
401.000000 0.000025
402.000000 0.000025
403.000000 0.000026
404.000000 0.000026
405.000000 0.000027
406.000000 0.000027
407.000000 0.000028
408.000000 0.000028
409.000000 0.000029
410.000000 0.000030
411.000000 0.000030
412.000000 0.000031
413.000000 0.000031
414.000000 0.000032
415.000000 0.000032
416.000000 0.000033
417.000000 0.000034
418.000000 0.000034
419.000000 0.000035
420.000000 0.000036
421.000000 0.000036
422.000000 0.000037
423.000000 0.000038
424.000000 0.000038
425.000000 0.000039
426.000000 0.000040
427.000000 0.000040
428.000000 0.000041
429.000000 0.000042
430.000000 0.000043
431.000000 0.000043
432.000000 0.000044
433.000000 0.000045
434.000000 0.000046
435.000000 0.000047
436.000000 0.000048
437.000000 0.000048
438.000000 0.000049
439.000000 0.000050
440.000000 0.000051
441.000000 0.000052
442.000000 0.000053
443.000000 0.000053
444.000000 0.000054
445.000000 0.000055
446.000000 0.000056
447.000000 0.000057
448.000000 0.000058
449.000000 0.000059
450.000000 0.000060
451.000000 0.000061
452.000000 0.000062
453.000000 0.000063
454.000000 0.000064
455.000000 0.000065
456.000000 0.000066
457.000000 0.000067
458.000000 0.000068
459.000000 0.000069
460.000000 0.000070
461.000000 0.000072
462.000000 0.000073
463.000000 0.000074
464.000000 0.000075
465.000000 0.000076
466.000000 0.000077
467.000000 0.000078
468.000000 0.000080
469.000000 0.000081
470.000000 0.000082
471.000000 0.000083
472.000000 0.000085
473.000000 0.000086
474.000000 0.000087
475.000000 0.000088
476.000000 0.000090
477.000000 0.000091
478.000000 0.000093
479.000000 0.000094
480.000000 0.000095
481.000000 0.000096
482.000000 0.000098
483.000000 0.000099
484.000000 0.000101
485.000000 0.000102
486.000000 0.000104
487.000000 0.000105
488.000000 0.000107
489.000000 0.000108
490.000000 0.000110
491.000000 0.000111
492.000000 0.000113
493.000000 0.000114
494.000000 0.000116
495.000000 0.000118
496.000000 0.000119
497.000000 0.000121
498.000000 0.000122
499.000000 0.000124
500.000000 0.000126
501.000000 0.000127
502.000000 0.000129
503.000000 0.000131
504.000000 0.000132
505.000000 0.000134
506.000000 0.000136
507.000000 0.000138
508.000000 0.000139
509.000000 0.000141
510.000000 0.000143
511.000000 0.000145
512.000000 0.000147
513.000000 0.000149
514.000000 0.000150
515.000000 0.000153
516.000000 0.000154
517.000000 0.000156
518.000000 0.000158
519.000000 0.000160
520.000000 0.000162
521.000000 0.000164
522.000000 0.000166
523.000000 0.000168
524.000000 0.000170
525.000000 0.000172
526.000000 0.000174
527.000000 0.000177
528.000000 0.000179
529.000000 0.000181
530.000000 0.000183
531.000000 0.000185
532.000000 0.000188
533.000000 0.000189
534.000000 0.000192
535.000000 0.000194
536.000000 0.000196
537.000000 0.000198
538.000000 0.000201
539.000000 0.000203
540.000000 0.000205
541.000000 0.000208
542.000000 0.000210
543.000000 0.000213
544.000000 0.000215
545.000000 0.000217
546.000000 0.000220
547.000000 0.000222
548.000000 0.000225
549.000000 0.000227
550.000000 0.000229
551.000000 0.000232
552.000000 0.000235
553.000000 0.000237
554.000000 0.000240
555.000000 0.000242
556.000000 0.000245
557.000000 0.000247
558.000000 0.000250
559.000000 0.000253
560.000000 0.000255
561.000000 0.000258
562.000000 0.000261
563.000000 0.000263
564.000000 0.000266
565.000000 0.000269
566.000000 0.000272
567.000000 0.000274
568.000000 0.000277
569.000000 0.000280
570.000000 0.000283
571.000000 0.000286
572.000000 0.000289
573.000000 0.000292
574.000000 0.000294
575.000000 0.000297
576.000000 0.000300
577.000000 0.000303
578.000000 0.000306
579.000000 0.000310
580.000000 0.000312
581.000000 0.000316
582.000000 0.000318
583.000000 0.000322
584.000000 0.000324
585.000000 0.000327
586.000000 0.000331
587.000000 0.000333
588.000000 0.000337
589.000000 0.000340
590.000000 0.000343
591.000000 0.000347
592.000000 0.000350
593.000000 0.000353
594.000000 0.000356
595.000000 0.000359
596.000000 0.000363
597.000000 0.000366
598.000000 0.000370
599.000000 0.000372
600.000000 0.000377
601.000000 0.000379
602.000000 0.000383
603.000000 0.000386
604.000000 0.000390
605.000000 0.000393
606.000000 0.000397
607.000000 0.000400
608.000000 0.000404
609.000000 0.000406
610.000000 0.000411
611.000000 0.000414
612.000000 0.000417
613.000000 0.000421
614.000000 0.000425
615.000000 0.000428
616.000000 0.000432
617.000000 0.000435
618.000000 0.000440
619.000000 0.000442
620.000000 0.000447
621.000000 0.000450
622.000000 0.000453
623.000000 0.000458
624.000000 0.000461
625.000000 0.000466
626.000000 0.000468
627.000000 0.000473
628.000000 0.000476
629.000000 0.000480
630.000000 0.000484
631.000000 0.000487
632.000000 0.000491
633.000000 0.000495
634.000000 0.000499
635.000000 0.000504
636.000000 0.000506
637.000000 0.000512
638.000000 0.000514
639.000000 0.000519
640.000000 0.000523
641.000000 0.000527
642.000000 0.000531
643.000000 0.000535
644.000000 0.000538
645.000000 0.000543
646.000000 0.000547
647.000000 0.000551
648.000000 0.000555
649.000000 0.000558
650.000000 0.000563
651.000000 0.000567
652.000000 0.000572
653.000000 0.000575
654.000000 0.000580
655.000000 0.000583
656.000000 0.000587
657.000000 0.000592
658.000000 0.000596
659.000000 0.000600
660.000000 0.000605
661.000000 0.000608
662.000000 0.000613
663.000000 0.000616
664.000000 0.000622
665.000000 0.000625
666.000000 0.000630
667.000000 0.000634
668.000000 0.000638
669.000000 0.000643
670.000000 0.000646
671.000000 0.000651
672.000000 0.000656
673.000000 0.000660
674.000000 0.000664
675.000000 0.000669
676.000000 0.000673
677.000000 0.000677
678.000000 0.000681
679.000000 0.000686
680.000000 0.000691
681.000000 0.000695
682.000000 0.000698
683.000000 0.000704
684.000000 0.000708
685.000000 0.000712
686.000000 0.000717
687.000000 0.000722
688.000000 0.000726
689.000000 0.000730
690.000000 0.000734
691.000000 0.000739
692.000000 0.000744
693.000000 0.000748
694.000000 0.000754
695.000000 0.000757
696.000000 0.000763
697.000000 0.000766
698.000000 0.000770
699.000000 0.000776
700.000000 0.000779
701.000000 0.000785
702.000000 0.000788
703.000000 0.000794
704.000000 0.000798
705.000000 0.000802
706.000000 0.000808
707.000000 0.000811
708.000000 0.000816
709.000000 0.000821
710.000000 0.000826
711.000000 0.000830
712.000000 0.000833
713.000000 0.000840
714.000000 0.000843
715.000000 0.000850
716.000000 0.000852
717.000000 0.000858
718.000000 0.000862
719.000000 0.000867
720.000000 0.000871
721.000000 0.000877
722.000000 0.000880
723.000000 0.000886
724.000000 0.000890
725.000000 0.000893
726.000000 0.000901
727.000000 0.000903
728.000000 0.000908
729.000000 0.000914
730.000000 0.000918
731.000000 0.000922
732.000000 0.000926
733.000000 0.000933
734.000000 0.000936
735.000000 0.000941
736.000000 0.000946
737.000000 0.000949
738.000000 0.000956
739.000000 0.000958
740.000000 0.000966
741.000000 0.000967
742.000000 0.000975
743.000000 0.000977
744.000000 0.000983
745.000000 0.000988
746.000000 0.000992
747.000000 0.000996
748.000000 0.001002
749.000000 0.001006
750.000000 0.001011
751.000000 0.001014
752.000000 0.001020
753.000000 0.001026
754.000000 0.001028
755.000000 0.001033
756.000000 0.001038
757.000000 0.001042
758.000000 0.001047
759.000000 0.001052
760.000000 0.001056
761.000000 0.001061
762.000000 0.001065
763.000000 0.001071
764.000000 0.001073
765.000000 0.001082
766.000000 0.001082
767.000000 0.001089
768.000000 0.001092
769.000000 0.001098
770.000000 0.001103
771.000000 0.001106
772.000000 0.001111
773.000000 0.001117
774.000000 0.001119
775.000000 0.001126
776.000000 0.001129
777.000000 0.001135
778.000000 0.001137
779.000000 0.001142
780.000000 0.001148
781.000000 0.001150
782.000000 0.001157
783.000000 0.001159
784.000000 0.001165
785.000000 0.001169
786.000000 0.001174
787.000000 0.001177
788.000000 0.001184
789.000000 0.001185
790.000000 0.001192
791.000000 0.001195
792.000000 0.001201
793.000000 0.001204
794.000000 0.001209
795.000000 0.001214
796.000000 0.001218
797.000000 0.001221
798.000000 0.001227
799.000000 0.001230
800.000000 0.001236
801.000000 0.001237
802.000000 0.001245
803.000000 0.001247
804.000000 0.001252
805.000000 0.001256
806.000000 0.001258
807.000000 0.001266
808.000000 0.001268
809.000000 0.001274
810.000000 0.001276
811.000000 0.001283
812.000000 0.001284
813.000000 0.001290
814.000000 0.001294
815.000000 0.001298
816.000000 0.001302
817.000000 0.001306
818.000000 0.001311
819.000000 0.001314
820.000000 0.001318
821.000000 0.001324
822.000000 0.001327
823.000000 0.001330
824.000000 0.001334
825.000000 0.001339
826.000000 0.001341
827.000000 0.001347
828.000000 0.001350
829.000000 0.001354
830.000000 0.001358
831.000000 0.001363
832.000000 0.001366
833.000000 0.001368
834.000000 0.001377
835.000000 0.001375
836.000000 0.001381
837.000000 0.001386
838.000000 0.001389
839.000000 0.001393
840.000000 0.001395
841.000000 0.001402
842.000000 0.001403
843.000000 0.001407
844.000000 0.001412
845.000000 0.001416
846.000000 0.001419
847.000000 0.001422
848.000000 0.001426
849.000000 0.001430
850.000000 0.001433
851.000000 0.001438
852.000000 0.001439
853.000000 0.001444
854.000000 0.001448
855.000000 0.001451
856.000000 0.001454
857.000000 0.001459
858.000000 0.001461
859.000000 0.001465
860.000000 0.001467
861.000000 0.001474
862.000000 0.001473
863.000000 0.001477
864.000000 0.001483
865.000000 0.001484
866.000000 0.001488
867.000000 0.001491
868.000000 0.001496
869.000000 0.001498
870.000000 0.001501
871.000000 0.001505
872.000000 0.001508
873.000000 0.001510
874.000000 0.001515
875.000000 0.001515
876.000000 0.001522
877.000000 0.001523
878.000000 0.001527
879.000000 0.001528
880.000000 0.001533
881.000000 0.001535
882.000000 0.001539
883.000000 0.001542
884.000000 0.001545
885.000000 0.001548
886.000000 0.001549
887.000000 0.001553
888.000000 0.001557
889.000000 0.001557
890.000000 0.001562
891.000000 0.001565
892.000000 0.001566
893.000000 0.001569
894.000000 0.001573
895.000000 0.001576
896.000000 0.001577
897.000000 0.001582
898.000000 0.001583
899.000000 0.001586
900.000000 0.001588
901.000000 0.001592
902.000000 0.001592
903.000000 0.001599
904.000000 0.001597
905.000000 0.001603
906.000000 0.001602
907.000000 0.001606
908.000000 0.001609
909.000000 0.001610
910.000000 0.001615
911.000000 0.001614
912.000000 0.001618
913.000000 0.001620
914.000000 0.001621
915.000000 0.001625
916.000000 0.001626
917.000000 0.001629
918.000000 0.001632
919.000000 0.001631
920.000000 0.001637
921.000000 0.001637
922.000000 0.001639
923.000000 0.001642
924.000000 0.001643
925.000000 0.001645
926.000000 0.001649
927.000000 0.001648
928.000000 0.001653
929.000000 0.001652
930.000000 0.001657
931.000000 0.001656
932.000000 0.001659
933.000000 0.001661
934.000000 0.001661
935.000000 0.001665
936.000000 0.001666
937.000000 0.001668
938.000000 0.001667
939.000000 0.001672
940.000000 0.001671
941.000000 0.001676
942.000000 0.001675
943.000000 0.001679
944.000000 0.001677
945.000000 0.001681
946.000000 0.001682
947.000000 0.001684
948.000000 0.001684
949.000000 0.001687
950.000000 0.001687
951.000000 0.001689
952.000000 0.001690
953.000000 0.001692
954.000000 0.001691
955.000000 0.001694
956.000000 0.001696
957.000000 0.001696
958.000000 0.001696
959.000000 0.001700
960.000000 0.001699
961.000000 0.001699
962.000000 0.001703
963.000000 0.001701
964.000000 0.001706
965.000000 0.001701
966.000000 0.001710
967.000000 0.001703
968.000000 0.001709
969.000000 0.001709
970.000000 0.001710
971.000000 0.001708
972.000000 0.001714
973.000000 0.001710
974.000000 0.001714
975.000000 0.001713
976.000000 0.001714
977.000000 0.001715
978.000000 0.001714
979.000000 0.001718
980.000000 0.001715
981.000000 0.001716
982.000000 0.001719
983.000000 0.001717
984.000000 0.001717
985.000000 0.001720
986.000000 0.001717
987.000000 0.001721
988.000000 0.001718
989.000000 0.001722
990.000000 0.001717
991.000000 0.001725
992.000000 0.001717
993.000000 0.001724
994.000000 0.001718
995.000000 0.001725
996.000000 0.001720
997.000000 0.001723
998.000000 0.001721
999.000000 0.001724
1000.000000 0.001720
1001.000000 0.001724
1002.000000 0.001722
1003.000000 0.001720
1004.000000 0.001724
1005.000000 0.001720
1006.000000 0.001722
1007.000000 0.001721
1008.000000 0.001721
1009.000000 0.001719
1010.000000 0.001724
1011.000000 0.001718
1012.000000 0.001723
1013.000000 0.001717
1014.000000 0.001721
1015.000000 0.001717
1016.000000 0.001721
1017.000000 0.001713
1018.000000 0.001724
1019.000000 0.001712
1020.000000 0.001720
1021.000000 0.001713
1022.000000 0.001719
1023.000000 0.001714
1024.000000 0.001716
1025.000000 0.001712
1026.000000 0.001715
1027.000000 0.001711
1028.000000 0.001714
1029.000000 0.001711
1030.000000 0.001708
1031.000000 0.001712
1032.000000 0.001705
1033.000000 0.001710
1034.000000 0.001705
1035.000000 0.001707
1036.000000 0.001703
1037.000000 0.001707
1038.000000 0.001700
1039.000000 0.001705
1040.000000 0.001698
1041.000000 0.001701
1042.000000 0.001697
1043.000000 0.001699
1044.000000 0.001692
1045.000000 0.001700
1046.000000 0.001691
1047.000000 0.001695
1048.000000 0.001690
1049.000000 0.001692
1050.000000 0.001687
1051.000000 0.001690
1052.000000 0.001686
1053.000000 0.001685
1054.000000 0.001683
1055.000000 0.001680
1056.000000 0.001682
1057.000000 0.001675
1058.000000 0.001681
1059.000000 0.001672
1060.000000 0.001677
1061.000000 0.001671
1062.000000 0.001672
1063.000000 0.001667
1064.000000 0.001671
1065.000000 0.001663
1066.000000 0.001666
1067.000000 0.001661
1068.000000 0.001662
1069.000000 0.001659
1070.000000 0.001658
1071.000000 0.001652
1072.000000 0.001657
1073.000000 0.001648
1074.000000 0.001652
1075.000000 0.001647
1076.000000 0.001646
1077.000000 0.001644
1078.000000 0.001640
1079.000000 0.001641
1080.000000 0.001636
1081.000000 0.001637
1082.000000 0.001632
1083.000000 0.001633
1084.000000 0.001625
1085.000000 0.001631
1086.000000 0.001621
1087.000000 0.001625
1088.000000 0.001618
1089.000000 0.001618
1090.000000 0.001614
1091.000000 0.001615
1092.000000 0.001610
1093.000000 0.001610
1094.000000 0.001605
1095.000000 0.001603
1096.000000 0.001601
1097.000000 0.001599
1098.000000 0.001594
1099.000000 0.001596
1100.000000 0.001589
1101.000000 0.001587
1102.000000 0.001588
1103.000000 0.001582
1104.000000 0.001582
1105.000000 0.001577
1106.000000 0.001577
1107.000000 0.001571
1108.000000 0.001571
1109.000000 0.001566
1110.000000 0.001566
1111.000000 0.001558
1112.000000 0.001561
1113.000000 0.001553
1114.000000 0.001554
1115.000000 0.001550
1116.000000 0.001547
1117.000000 0.001543
1118.000000 0.001543
1119.000000 0.001537
1120.000000 0.001537
1121.000000 0.001533
1122.000000 0.001528
1123.000000 0.001527
1124.000000 0.001521
1125.000000 0.001520
1126.000000 0.001517
1127.000000 0.001514
1128.000000 0.001510
1129.000000 0.001509
1130.000000 0.001503
1131.000000 0.001503
1132.000000 0.001497
1133.000000 0.001496
1134.000000 0.001490
1135.000000 0.001488
1136.000000 0.001485
1137.000000 0.001482
1138.000000 0.001477
1139.000000 0.001477
1140.000000 0.001470
1141.000000 0.001469
1142.000000 0.001464
1143.000000 0.001461
1144.000000 0.001458
1145.000000 0.001454
1146.000000 0.001451
1147.000000 0.001446
1148.000000 0.001445
1149.000000 0.001438
1150.000000 0.001438
1151.000000 0.001431
1152.000000 0.001430
1153.000000 0.001426
1154.000000 0.001423
1155.000000 0.001418
1156.000000 0.001416
1157.000000 0.001410
1158.000000 0.001408
1159.000000 0.001404
1160.000000 0.001400
1161.000000 0.001396
1162.000000 0.001393
1163.000000 0.001389
1164.000000 0.001386
1165.000000 0.001380
1166.000000 0.001379
1167.000000 0.001373
1168.000000 0.001369
1169.000000 0.001366
1170.000000 0.001361
1171.000000 0.001358
1172.000000 0.001353
1173.000000 0.001351
1174.000000 0.001346
1175.000000 0.001343
1176.000000 0.001337
1177.000000 0.001336
1178.000000 0.001328
1179.000000 0.001327
1180.000000 0.001322
1181.000000 0.001317
1182.000000 0.001314
1183.000000 0.001310
1184.000000 0.001306
1185.000000 0.001302
1186.000000 0.001298
1187.000000 0.001294
1188.000000 0.001289
1189.000000 0.001286
1190.000000 0.001282
1191.000000 0.001277
1192.000000 0.001273
1193.000000 0.001269
1194.000000 0.001264
1195.000000 0.001260
1196.000000 0.001256
1197.000000 0.001252
1198.000000 0.001247
1199.000000 0.001243
1200.000000 0.001240
1201.000000 0.001234
1202.000000 0.001232
1203.000000 0.001225
1204.000000 0.001222
1205.000000 0.001217
1206.000000 0.001213
1207.000000 0.001209
1208.000000 0.001204
1209.000000 0.001200
1210.000000 0.001196
1211.000000 0.001191
1212.000000 0.001187
1213.000000 0.001183
1214.000000 0.001178
1215.000000 0.001174
1216.000000 0.001169
1217.000000 0.001165
1218.000000 0.001160
1219.000000 0.001155
1220.000000 0.001152
1221.000000 0.001146
1222.000000 0.001143
1223.000000 0.001138
1224.000000 0.001133
1225.000000 0.001129
1226.000000 0.001124
1227.000000 0.001120
1228.000000 0.001116
1229.000000 0.001111
1230.000000 0.001106
1231.000000 0.001102
1232.000000 0.001097
1233.000000 0.001093
1234.000000 0.001089
1235.000000 0.001084
1236.000000 0.001080
1237.000000 0.001074
1238.000000 0.001070
1239.000000 0.001065
1240.000000 0.001061
1241.000000 0.001056
1242.000000 0.001052
1243.000000 0.001047
1244.000000 0.001042
1245.000000 0.001038
1246.000000 0.001033
1247.000000 0.001029
1248.000000 0.001024
1249.000000 0.001020
1250.000000 0.001014
1251.000000 0.001011
1252.000000 0.001005
1253.000000 0.001001
1254.000000 0.000996
1255.000000 0.000992
1256.000000 0.000987
1257.000000 0.000983
1258.000000 0.000978
1259.000000 0.000973
1260.000000 0.000968
1261.000000 0.000965
1262.000000 0.000959
1263.000000 0.000955
1264.000000 0.000950
1265.000000 0.000945
1266.000000 0.000941
1267.000000 0.000936
1268.000000 0.000932
1269.000000 0.000927
1270.000000 0.000922
1271.000000 0.000918
1272.000000 0.000913
1273.000000 0.000907
1274.000000 0.000905
1275.000000 0.000898
1276.000000 0.000895
1277.000000 0.000889
1278.000000 0.000886
1279.000000 0.000880
1280.000000 0.000876
1281.000000 0.000871
1282.000000 0.000867
1283.000000 0.000862
1284.000000 0.000858
1285.000000 0.000853
1286.000000 0.000848
1287.000000 0.000843
1288.000000 0.000839
1289.000000 0.000835
1290.000000 0.000830
1291.000000 0.000826
1292.000000 0.000821
1293.000000 0.000816
1294.000000 0.000811
1295.000000 0.000807
1296.000000 0.000802
1297.000000 0.000798
1298.000000 0.000793
1299.000000 0.000789
1300.000000 0.000784
1301.000000 0.000780
1302.000000 0.000775
1303.000000 0.000771
1304.000000 0.000765
1305.000000 0.000762
1306.000000 0.000756
1307.000000 0.000753
1308.000000 0.000748
1309.000000 0.000744
1310.000000 0.000739
1311.000000 0.000734
1312.000000 0.000731
1313.000000 0.000725
1314.000000 0.000721
1315.000000 0.000717
1316.000000 0.000713
1317.000000 0.000708
1318.000000 0.000704
1319.000000 0.000699
1320.000000 0.000695
1321.000000 0.000690
1322.000000 0.000686
1323.000000 0.000682
1324.000000 0.000677
1325.000000 0.000673
1326.000000 0.000668
1327.000000 0.000664
1328.000000 0.000660
1329.000000 0.000655
1330.000000 0.000652
1331.000000 0.000646
1332.000000 0.000643
1333.000000 0.000638
1334.000000 0.000634
1335.000000 0.000630
1336.000000 0.000625
1337.000000 0.000621
1338.000000 0.000617
1339.000000 0.000613
1340.000000 0.000608
1341.000000 0.000604
1342.000000 0.000600
1343.000000 0.000596
1344.000000 0.000592
1345.000000 0.000587
1346.000000 0.000584
1347.000000 0.000579
1348.000000 0.000575
1349.000000 0.000571
1350.000000 0.000567
1351.000000 0.000563
1352.000000 0.000559
1353.000000 0.000555
1354.000000 0.000550
1355.000000 0.000547
1356.000000 0.000542
1357.000000 0.000538
1358.000000 0.000535
1359.000000 0.000530
1360.000000 0.000527
1361.000000 0.000522
1362.000000 0.000519
1363.000000 0.000515
1364.000000 0.000511
1365.000000 0.000507
1366.000000 0.000503
1367.000000 0.000499
1368.000000 0.000495
1369.000000 0.000492
1370.000000 0.000488
1371.000000 0.000484
1372.000000 0.000480
1373.000000 0.000476
1374.000000 0.000472
1375.000000 0.000469
1376.000000 0.000465
1377.000000 0.000461
1378.000000 0.000457
1379.000000 0.000454
1380.000000 0.000450
1381.000000 0.000446
1382.000000 0.000443
1383.000000 0.000439
1384.000000 0.000435
1385.000000 0.000432
1386.000000 0.000428
1387.000000 0.000425
1388.000000 0.000421
1389.000000 0.000418
1390.000000 0.000414
1391.000000 0.000410
1392.000000 0.000407
1393.000000 0.000403
1394.000000 0.000400
1395.000000 0.000396
1396.000000 0.000393
1397.000000 0.000390
1398.000000 0.000386
1399.000000 0.000383
1400.000000 0.000379
1401.000000 0.000376
1402.000000 0.000373
1403.000000 0.000369
1404.000000 0.000366
1405.000000 0.000363
1406.000000 0.000360
1407.000000 0.000356
1408.000000 0.000353
1409.000000 0.000350
1410.000000 0.000347
1411.000000 0.000343
1412.000000 0.000340
1413.000000 0.000337
1414.000000 0.000334
1415.000000 0.000331
1416.000000 0.000328
1417.000000 0.000325
1418.000000 0.000321
1419.000000 0.000318
1420.000000 0.000315
1421.000000 0.000312
1422.000000 0.000309
1423.000000 0.000306
1424.000000 0.000303
1425.000000 0.000300
1426.000000 0.000297
1427.000000 0.000294
1428.000000 0.000291
1429.000000 0.000289
1430.000000 0.000286
1431.000000 0.000283
1432.000000 0.000280
1433.000000 0.000278
1434.000000 0.000274
1435.000000 0.000272
1436.000000 0.000269
1437.000000 0.000266
1438.000000 0.000264
1439.000000 0.000261
1440.000000 0.000258
1441.000000 0.000255
1442.000000 0.000253
1443.000000 0.000250
1444.000000 0.000247
1445.000000 0.000245
1446.000000 0.000242
1447.000000 0.000240
1448.000000 0.000237
1449.000000 0.000234
1450.000000 0.000232
1451.000000 0.000229
1452.000000 0.000227
1453.000000 0.000224
1454.000000 0.000222
1455.000000 0.000219
1456.000000 0.000217
1457.000000 0.000215
1458.000000 0.000213
1459.000000 0.000210
1460.000000 0.000208
1461.000000 0.000205
1462.000000 0.000203
1463.000000 0.000201
1464.000000 0.000198
1465.000000 0.000196
1466.000000 0.000194
1467.000000 0.000192
1468.000000 0.000189
1469.000000 0.000187
1470.000000 0.000185
1471.000000 0.000183
1472.000000 0.000181
1473.000000 0.000179
1474.000000 0.000176
1475.000000 0.000174
1476.000000 0.000172
1477.000000 0.000170
1478.000000 0.000168
1479.000000 0.000166
1480.000000 0.000164
1481.000000 0.000162
1482.000000 0.000160
1483.000000 0.000158
1484.000000 0.000156
1485.000000 0.000154
1486.000000 0.000152
1487.000000 0.000150
1488.000000 0.000149
1489.000000 0.000147
1490.000000 0.000145
1491.000000 0.000143
1492.000000 0.000141
1493.000000 0.000139
1494.000000 0.000138
1495.000000 0.000136
1496.000000 0.000134
1497.000000 0.000132
1498.000000 0.000131
1499.000000 0.000129
1500.000000 0.000127
1501.000000 0.000126
1502.000000 0.000124
1503.000000 0.000122
1504.000000 0.000121
1505.000000 0.000119
1506.000000 0.000117
1507.000000 0.000116
1508.000000 0.000114
1509.000000 0.000113
1510.000000 0.000111
1511.000000 0.000110
1512.000000 0.000108
1513.000000 0.000107
1514.000000 0.000105
1515.000000 0.000104
1516.000000 0.000102
1517.000000 0.000101
1518.000000 0.000099
1519.000000 0.000098
1520.000000 0.000097
1521.000000 0.000095
1522.000000 0.000094
1523.000000 0.000092
1524.000000 0.000091
1525.000000 0.000090
1526.000000 0.000088
1527.000000 0.000087
1528.000000 0.000086
1529.000000 0.000085
1530.000000 0.000083
1531.000000 0.000082
1532.000000 0.000081
1533.000000 0.000080
1534.000000 0.000078
1535.000000 0.000077
1536.000000 0.000076
1537.000000 0.000075
1538.000000 0.000074
1539.000000 0.000073
1540.000000 0.000072
1541.000000 0.000070
1542.000000 0.000069
1543.000000 0.000068
1544.000000 0.000067
1545.000000 0.000066
1546.000000 0.000065
1547.000000 0.000064
1548.000000 0.000063
1549.000000 0.000062
1550.000000 0.000061
1551.000000 0.000060
1552.000000 0.000059
1553.000000 0.000058
1554.000000 0.000057
1555.000000 0.000056
1556.000000 0.000055
1557.000000 0.000054
1558.000000 0.000053
1559.000000 0.000053
1560.000000 0.000052
1561.000000 0.000051
1562.000000 0.000050
1563.000000 0.000049
1564.000000 0.000048
1565.000000 0.000047
1566.000000 0.000047
1567.000000 0.000046
1568.000000 0.000045
1569.000000 0.000044
1570.000000 0.000043
1571.000000 0.000043
1572.000000 0.000042
1573.000000 0.000041
1574.000000 0.000040
1575.000000 0.000040
1576.000000 0.000039
1577.000000 0.000038
1578.000000 0.000038
1579.000000 0.000037
1580.000000 0.000036
1581.000000 0.000036
1582.000000 0.000035
1583.000000 0.000034
1584.000000 0.000034
1585.000000 0.000033
1586.000000 0.000032
1587.000000 0.000032
1588.000000 0.000031
1589.000000 0.000031
1590.000000 0.000030
1591.000000 0.000029
1592.000000 0.000029
1593.000000 0.000028
1594.000000 0.000028
1595.000000 0.000027
1596.000000 0.000027
1597.000000 0.000026
1598.000000 0.000026
1599.000000 0.000025
1600.000000 0.000025
1601.000000 0.000024
1602.000000 0.000024
1603.000000 0.000023
1604.000000 0.000023
1605.000000 0.000022
1606.000000 0.000022
1607.000000 0.000021
1608.000000 0.000021
1609.000000 0.000021
1610.000000 0.000020
1611.000000 0.000020
1612.000000 0.000019
1613.000000 0.000019
1614.000000 0.000018
1615.000000 0.000018
1616.000000 0.000018
1617.000000 0.000017
1618.000000 0.000017
1619.000000 0.000017
1620.000000 0.000016
1621.000000 0.000016
1622.000000 0.000016
1623.000000 0.000015
1624.000000 0.000015
1625.000000 0.000015
1626.000000 0.000014
1627.000000 0.000014
1628.000000 0.000014
1629.000000 0.000013
1630.000000 0.000013
1631.000000 0.000013
1632.000000 0.000012
1633.000000 0.000012
1634.000000 0.000012
1635.000000 0.000012
1636.000000 0.000011
1637.000000 0.000011
1638.000000 0.000011
1639.000000 0.000011
1640.000000 0.000010
1641.000000 0.000010
1642.000000 0.000010
1643.000000 0.000010
1644.000000 0.000009
1645.000000 0.000009
1646.000000 0.000009
1647.000000 0.000009
1648.000000 0.000008
1649.000000 0.000008
1650.000000 0.000008
1651.000000 0.000008
1652.000000 0.000008
1653.000000 0.000007
1654.000000 0.000007
1655.000000 0.000007
1656.000000 0.000007
1657.000000 0.000007
1658.000000 0.000007
1659.000000 0.000006
1660.000000 0.000006
1661.000000 0.000006
1662.000000 0.000006
1663.000000 0.000006
1664.000000 0.000006
1665.000000 0.000005
1666.000000 0.000005
1667.000000 0.000005
1668.000000 0.000005
1669.000000 0.000005
1670.000000 0.000005
1671.000000 0.000005
1672.000000 0.000004
1673.000000 0.000004
1674.000000 0.000004
1675.000000 0.000004
1676.000000 0.000004
1677.000000 0.000004
1678.000000 0.000004
1679.000000 0.000004
1680.000000 0.000004
1681.000000 0.000003
1682.000000 0.000003
1683.000000 0.000003
1684.000000 0.000003
1685.000000 0.000003
1686.000000 0.000003
1687.000000 0.000003
1688.000000 0.000003
1689.000000 0.000003
1690.000000 0.000003
1691.000000 0.000003
1692.000000 0.000002
1693.000000 0.000002
1694.000000 0.000002
1695.000000 0.000002
1696.000000 0.000002
1697.000000 0.000002
1698.000000 0.000002
1699.000000 0.000002
1700.000000 0.000002
1701.000000 0.000002
1702.000000 0.000002
1703.000000 0.000002
1704.000000 0.000002
1705.000000 0.000002
1706.000000 0.000002
1707.000000 0.000002
1708.000000 0.000001
1709.000000 0.000001
1710.000000 0.000001
1711.000000 0.000001
1712.000000 0.000001
1713.000000 0.000001
1714.000000 0.000001
1715.000000 0.000001
1716.000000 0.000001
1717.000000 0.000001
1718.000000 0.000001
1719.000000 0.000001
1720.000000 0.000001
1721.000000 0.000001
1722.000000 0.000001
1723.000000 0.000001
1724.000000 0.000001
1725.000000 0.000001
1726.000000 0.000001
1727.000000 0.000001
1728.000000 0.000001
1729.000000 0.000001
1730.000000 0.000001
1731.000000 0.000001
1732.000000 0.000001
1733.000000 0.000001
1734.000000 0.000001
1735.000000 0.000001
1736.000000 0.000001
1737.000000 0.000001
1738.000000 0.000000
1739.000000 0.000000
1740.000000 0.000000
1741.000000 0.000000
1742.000000 0.000000
1743.000000 0.000000
1744.000000 0.000000
1745.000000 0.000000
1746.000000 0.000000
1747.000000 0.000000
1748.000000 0.000000
1749.000000 0.000000
1750.000000 0.000000
1751.000000 0.000000
1752.000000 0.000000
1753.000000 0.000000
1754.000000 0.000000
1755.000000 0.000000
1756.000000 0.000000
1757.000000 0.000000
1758.000000 0.000000
1759.000000 0.000000
1760.000000 0.000000
1761.000000 0.000000
1762.000000 0.000000
1763.000000 0.000000
1764.000000 0.000000
1765.000000 0.000000
1766.000000 0.000000
1767.000000 0.000000
1768.000000 0.000000
1769.000000 0.000000
1770.000000 0.000000
1771.000000 0.000000
1772.000000 0.000000
1773.000000 0.000000
1774.000000 0.000000
1775.000000 0.000000
1776.000000 0.000000
1777.000000 0.000000
1778.000000 0.000000
1779.000000 0.000000
1780.000000 0.000000
1781.000000 0.000000
1782.000000 0.000000
1783.000000 0.000000
1784.000000 0.000000
1785.000000 0.000000
1786.000000 0.000000
1787.000000 0.000000
1788.000000 0.000000
1789.000000 0.000000
1790.000000 0.000000
1791.000000 0.000000
1792.000000 0.000000
1793.000000 0.000000
1794.000000 0.000000
1795.000000 0.000000
1796.000000 0.000000
1797.000000 0.000000
1798.000000 0.000000
1799.000000 0.000000
1800.000000 0.000000
1801.000000 0.000000
1802.000000 0.000000
1803.000000 0.000000
1804.000000 0.000000
1805.000000 0.000000
1806.000000 0.000000
1807.000000 0.000000
1808.000000 0.000000
1809.000000 0.000000
1810.000000 0.000000
1811.000000 0.000000
1812.000000 0.000000
1813.000000 0.000000
1814.000000 0.000000
1815.000000 0.000000
1816.000000 0.000000
1817.000000 0.000000
1818.000000 0.000000
1819.000000 0.000000
1820.000000 0.000000
1821.000000 0.000000
1822.000000 0.000000
1823.000000 0.000000
1824.000000 0.000000
1825.000000 0.000000
1826.000000 0.000000
1827.000000 0.000000
1828.000000 0.000000
1829.000000 0.000000
1830.000000 0.000000
1831.000000 0.000000
1832.000000 0.000000
1833.000000 0.000000
1834.000000 0.000000
1835.000000 0.000000
1836.000000 0.000000
1837.000000 0.000000
1838.000000 0.000000
1839.000000 0.000000
1840.000000 0.000000
1841.000000 0.000000
1842.000000 0.000000
1843.000000 0.000000
1844.000000 0.000000
1845.000000 0.000000
1846.000000 0.000000
1847.000000 0.000000
1848.000000 0.000000
1849.000000 0.000000
1850.000000 0.000000
1851.000000 0.000000
1852.000000 0.000000
1853.000000 0.000000
1854.000000 0.000000
1855.000000 0.000000
1856.000000 0.000000
1857.000000 0.000000
1858.000000 0.000000
1859.000000 0.000000
1860.000000 0.000000
1861.000000 0.000000
1862.000000 0.000000
1863.000000 0.000000
1864.000000 0.000000
1865.000000 0.000000
1866.000000 0.000000
1867.000000 0.000000
1868.000000 0.000000
1869.000000 0.000000
1870.000000 0.000000
1871.000000 0.000000
1872.000000 0.000000
1873.000000 0.000000
1874.000000 0.000000
1875.000000 0.000000
1876.000000 0.000000
1877.000000 0.000000
1878.000000 0.000000
1879.000000 0.000000
1880.000000 0.000000
1881.000000 0.000000
1882.000000 0.000000
1883.000000 0.000000
1884.000000 0.000000
1885.000000 0.000000
1886.000000 0.000000
1887.000000 0.000000
1888.000000 0.000000
1889.000000 0.000000
1890.000000 0.000000
1891.000000 0.000000
1892.000000 0.000000
1893.000000 0.000000
1894.000000 0.000000
1895.000000 0.000000
1896.000000 0.000000
1897.000000 0.000000
1898.000000 0.000000
1899.000000 0.000000
1900.000000 0.000000
1901.000000 0.000000
1902.000000 0.000000
1903.000000 0.000000
1904.000000 0.000000
1905.000000 0.000000
1906.000000 0.000000
1907.000000 0.000000
1908.000000 0.000000
1909.000000 0.000000
1910.000000 0.000000
1911.000000 0.000000
1912.000000 0.000000
1913.000000 0.000000
1914.000000 0.000000
1915.000000 0.000000
1916.000000 0.000000
1917.000000 0.000000
1918.000000 0.000000
1919.000000 0.000000
1920.000000 0.000000
1921.000000 0.000000
1922.000000 0.000000
1923.000000 0.000000
1924.000000 0.000000
1925.000000 0.000000
1926.000000 0.000000
1927.000000 0.000000
1928.000000 0.000000
1929.000000 0.000000
1930.000000 0.000000
1931.000000 0.000000
1932.000000 0.000000
1933.000000 0.000000
1934.000000 0.000000
1935.000000 0.000000
1936.000000 0.000000
1937.000000 0.000000
1938.000000 0.000000
1939.000000 0.000000
1940.000000 0.000000
1941.000000 0.000000
1942.000000 0.000000
1943.000000 0.000000
1944.000000 0.000000
1945.000000 0.000000
1946.000000 0.000000
1947.000000 0.000000
1948.000000 0.000000
1949.000000 0.000000
1950.000000 0.000000
1951.000000 0.000000
1952.000000 0.000000
1953.000000 0.000000
1954.000000 0.000000
1955.000000 0.000000
1956.000000 0.000000
1957.000000 0.000000
1958.000000 0.000000
1959.000000 0.000000
1960.000000 0.000000
1961.000000 0.000000
1962.000000 0.000000
1963.000000 0.000000
1964.000000 0.000000
1965.000000 0.000000
1966.000000 0.000000
1967.000000 0.000000
1968.000000 0.000000
1969.000000 0.000000
1970.000000 0.000000
1971.000000 0.000000
1972.000000 0.000000
1973.000000 0.000000
1974.000000 0.000000
1975.000000 0.000000
1976.000000 0.000000
1977.000000 0.000000
1978.000000 0.000000
1979.000000 0.000000
1980.000000 0.000000
1981.000000 0.000000
1982.000000 0.000000
1983.000000 0.000000
1984.000000 0.000000
1985.000000 0.000000
1986.000000 0.000000
1987.000000 0.000000
1988.000000 0.000000
1989.000000 0.000000
1990.000000 0.000000
1991.000000 0.000000
1992.000000 0.000000
1993.000000 0.000000
1994.000000 0.000000
1995.000000 0.000000
1996.000000 0.000000
1997.000000 0.000000
1998.000000 0.000000
1999.000000 0.000000
2000.000000 0.000000
