n lam mean variance std
2000 0.030000 1000.494849 134785.075810 367.130870
bin_midpoint probability
1.000000 0.000000
2.000000 0.000000
3.000000 0.000000
4.000000 0.000000
5.000000 0.000000
6.000000 0.000000
7.000000 0.000000
8.000000 0.000000
9.000000 0.000000
10.000000 0.000000
11.000000 0.000000
12.000000 0.000000
13.000000 0.000000
14.000000 0.000000
15.000000 0.000000
16.000000 0.000000
17.000000 0.000000
18.000000 0.000000
19.000000 0.000000
20.000000 0.000001
21.000000 0.000001
22.000000 0.000001
23.000000 0.000001
24.000000 0.000001
25.000000 0.000001
26.000000 0.000001
27.000000 0.000002
28.000000 0.000002
29.000000 0.000002
30.000000 0.000002
31.000000 0.000003
32.000000 0.000003
33.000000 0.000003
34.000000 0.000004
35.000000 0.000004
36.000000 0.000004
37.000000 0.000005
38.000000 0.000005
39.000000 0.000006
40.000000 0.000006
41.000000 0.000006
42.000000 0.000007
43.000000 0.000007
44.000000 0.000008
45.000000 0.000008
46.000000 0.000009
47.000000 0.000009
48.000000 0.000010
49.000000 0.000011
50.000000 0.000011
51.000000 0.000012
52.000000 0.000012
53.000000 0.000013
54.000000 0.000013
55.000000 0.000014
56.000000 0.000015
57.000000 0.000015
58.000000 0.000016
59.000000 0.000016
60.000000 0.000017
61.000000 0.000018
62.000000 0.000018
63.000000 0.000019
64.000000 0.000019
65.000000 0.000020
66.000000 0.000021
67.000000 0.000021
68.000000 0.000022
69.000000 0.000022
70.000000 0.000023
71.000000 0.000024
72.000000 0.000024
73.000000 0.000025
74.000000 0.000025
75.000000 0.000026
76.000000 0.000027
77.000000 0.000027
78.000000 0.000028
79.000000 0.000029
80.000000 0.000029
81.000000 0.000030
82.000000 0.000031
83.000000 0.000031
84.000000 0.000032
85.000000 0.000032
86.000000 0.000033
87.000000 0.000034
88.000000 0.000034
89.000000 0.000035
90.000000 0.000036
91.000000 0.000036
92.000000 0.000037
93.000000 0.000038
94.000000 0.000038
95.000000 0.000039
96.000000 0.000040
97.000000 0.000040
98.000000 0.000041
99.000000 0.000042
100.000000 0.000042
101.000000 0.000043
102.000000 0.000044
103.000000 0.000044
104.000000 0.000045
105.000000 0.000046
106.000000 0.000046
107.000000 0.000047
108.000000 0.000048
109.000000 0.000048
110.000000 0.000049
111.000000 0.000050
112.000000 0.000050
113.000000 0.000051
114.000000 0.000052
115.000000 0.000053
116.000000 0.000053
117.000000 0.000054
118.000000 0.000055
119.000000 0.000055
120.000000 0.000056
121.000000 0.000057
122.000000 0.000057
123.000000 0.000058
124.000000 0.000059
125.000000 0.000060
126.000000 0.000060
127.000000 0.000061
128.000000 0.000062
129.000000 0.000063
130.000000 0.000063
131.000000 0.000064
132.000000 0.000065
133.000000 0.000065
134.000000 0.000066
135.000000 0.000067
136.000000 0.000068
137.000000 0.000068
138.000000 0.000069
139.000000 0.000070
140.000000 0.000071
141.000000 0.000071
142.000000 0.000072
143.000000 0.000073
144.000000 0.000074
145.000000 0.000074
146.000000 0.000075
147.000000 0.000076
148.000000 0.000077
149.000000 0.000077
150.000000 0.000078
151.000000 0.000079
152.000000 0.000080
153.000000 0.000081
154.000000 0.000081
155.000000 0.000082
156.000000 0.000083
157.000000 0.000084
158.000000 0.000084
159.000000 0.000085
160.000000 0.000086
161.000000 0.000087
162.000000 0.000088
163.000000 0.000088
164.000000 0.000089
165.000000 0.000090
166.000000 0.000091
167.000000 0.000092
168.000000 0.000092
169.000000 0.000093
170.000000 0.000094
171.000000 0.000095
172.000000 0.000096
173.000000 0.000096
174.000000 0.000097
175.000000 0.000098
176.000000 0.000099
177.000000 0.000100
178.000000 0.000101
179.000000 0.000101
180.000000 0.000102
181.000000 0.000103
182.000000 0.000104
183.000000 0.000105
184.000000 0.000106
185.000000 0.000106
186.000000 0.000107
187.000000 0.000108
188.000000 0.000109
189.000000 0.000110
190.000000 0.000111
191.000000 0.000111
192.000000 0.000112
193.000000 0.000113
194.000000 0.000114
195.000000 0.000115
196.000000 0.000116
197.000000 0.000117
198.000000 0.000117
199.000000 0.000118
200.000000 0.000119
201.000000 0.000120
202.000000 0.000121
203.000000 0.000122
204.000000 0.000123
205.000000 0.000124
206.000000 0.000124
207.000000 0.000125
208.000000 0.000126
209.000000 0.000127
210.000000 0.000128
211.000000 0.000129
212.000000 0.000130
213.000000 0.000131
214.000000 0.000132
215.000000 0.000133
216.000000 0.000133
217.000000 0.000134
218.000000 0.000135
219.000000 0.000136
220.000000 0.000137
221.000000 0.000138
222.000000 0.000139
223.000000 0.000140
224.000000 0.000141
225.000000 0.000142
226.000000 0.000143
227.000000 0.000144
228.000000 0.000144
229.000000 0.000145
230.000000 0.000146
231.000000 0.000147
232.000000 0.000148
233.000000 0.000149
234.000000 0.000150
235.000000 0.000151
236.000000 0.000152
237.000000 0.000153
238.000000 0.000154
239.000000 0.000155
240.000000 0.000156
241.000000 0.000157
242.000000 0.000158
243.000000 0.000159
244.000000 0.000160
245.000000 0.000161
246.000000 0.000162
247.000000 0.000163
248.000000 0.000164
249.000000 0.000164
250.000000 0.000165
251.000000 0.000166
252.000000 0.000167
253.000000 0.000168
254.000000 0.000169
255.000000 0.000170
256.000000 0.000171
257.000000 0.000172
258.000000 0.000173
259.000000 0.000174
260.000000 0.000175
261.000000 0.000176
262.000000 0.000177
263.000000 0.000178
264.000000 0.000179
265.000000 0.000180
266.000000 0.000181
267.000000 0.000182
268.000000 0.000183
269.000000 0.000184
270.000000 0.000186
271.000000 0.000187
272.000000 0.000188
273.000000 0.000189
274.000000 0.000190
275.000000 0.000191
276.000000 0.000192
277.000000 0.000193
278.000000 0.000194
279.000000 0.000195
280.000000 0.000196
281.000000 0.000197
282.000000 0.000198
283.000000 0.000199
284.000000 0.000200
285.000000 0.000201
286.000000 0.000202
287.000000 0.000203
288.000000 0.000204
289.000000 0.000205
290.000000 0.000206
291.000000 0.000208
292.000000 0.000209
293.000000 0.000210
294.000000 0.000211
295.000000 0.000212
296.000000 0.000213
297.000000 0.000214
298.000000 0.000215
299.000000 0.000216
300.000000 0.000217
301.000000 0.000218
302.000000 0.000219
303.000000 0.000221
304.000000 0.000222
305.000000 0.000223
306.000000 0.000224
307.000000 0.000225
308.000000 0.000226
309.000000 0.000227
310.000000 0.000228
311.000000 0.000229
312.000000 0.000230
313.000000 0.000232
314.000000 0.000233
315.000000 0.000234
316.000000 0.000235
317.000000 0.000236
318.000000 0.000237
319.000000 0.000238
320.000000 0.000239
321.000000 0.000241
322.000000 0.000242
323.000000 0.000243
324.000000 0.000244
325.000000 0.000245
326.000000 0.000246
327.000000 0.000247
328.000000 0.000249
329.000000 0.000250
330.000000 0.000251
331.000000 0.000252
332.000000 0.000253
333.000000 0.000254
334.000000 0.000256
335.000000 0.000257
336.000000 0.000258
337.000000 0.000259
338.000000 0.000260
339.000000 0.000261
340.000000 0.000263
341.000000 0.000264
342.000000 0.000265
343.000000 0.000266
344.000000 0.000267
345.000000 0.000269
346.000000 0.000270
347.000000 0.000271
348.000000 0.000272
349.000000 0.000273
350.000000 0.000275
351.000000 0.000276
352.000000 0.000277
353.000000 0.000278
354.000000 0.000279
355.000000 0.000281
356.000000 0.000282
357.000000 0.000283
358.000000 0.000284
359.000000 0.000285
360.000000 0.000287
361.000000 0.000288
362.000000 0.000289
363.000000 0.000290
364.000000 0.000292
365.000000 0.000293
366.000000 0.000294
367.000000 0.000295
368.000000 0.000296
369.000000 0.000298
370.000000 0.000299
371.000000 0.000300
372.000000 0.000301
373.000000 0.000303
374.000000 0.000304
375.000000 0.000305
376.000000 0.000306
377.000000 0.000308
378.000000 0.000309
379.000000 0.000310
380.000000 0.000311
381.000000 0.000313
382.000000 0.000314
383.000000 0.000315
384.000000 0.000316
385.000000 0.000318
386.000000 0.000319
387.000000 0.000320
388.000000 0.000322
389.000000 0.000323
390.000000 0.000324
391.000000 0.000325
392.000000 0.000327
393.000000 0.000328
394.000000 0.000329
395.000000 0.000331
396.000000 0.000332
397.000000 0.000333
398.000000 0.000334
399.000000 0.000336
400.000000 0.000337
401.000000 0.000338
402.000000 0.000340
403.000000 0.000341
404.000000 0.000342
405.000000 0.000344
406.000000 0.000345
407.000000 0.000346
408.000000 0.000348
409.000000 0.000349
410.000000 0.000350
411.000000 0.000352
412.000000 0.000353
413.000000 0.000354
414.000000 0.000355
415.000000 0.000357
416.000000 0.000358
417.000000 0.000359
418.000000 0.000361
419.000000 0.000362
420.000000 0.000363
421.000000 0.000365
422.000000 0.000366
423.000000 0.000368
424.000000 0.000369
425.000000 0.000370
426.000000 0.000372
427.000000 0.000373
428.000000 0.000374
429.000000 0.000376
430.000000 0.000377
431.000000 0.000378
432.000000 0.000380
433.000000 0.000381
434.000000 0.000382
435.000000 0.000384
436.000000 0.000385
437.000000 0.000387
438.000000 0.000388
439.000000 0.000389
440.000000 0.000391
441.000000 0.000392
442.000000 0.000393
443.000000 0.000395
444.000000 0.000396
445.000000 0.000398
446.000000 0.000399
447.000000 0.000400
448.000000 0.000402
449.000000 0.000403
450.000000 0.000404
451.000000 0.000406
452.000000 0.000407
453.000000 0.000409
454.000000 0.000410
455.000000 0.000411
456.000000 0.000413
457.000000 0.000414
458.000000 0.000416
459.000000 0.000417
460.000000 0.000418
461.000000 0.000420
462.000000 0.000421
463.000000 0.000423
464.000000 0.000424
465.000000 0.000426
466.000000 0.000427
467.000000 0.000428
468.000000 0.000430
469.000000 0.000431
470.000000 0.000433
471.000000 0.000434
472.000000 0.000435
473.000000 0.000437
474.000000 0.000438
475.000000 0.000440
476.000000 0.000441
477.000000 0.000443
478.000000 0.000444
479.000000 0.000446
480.000000 0.000447
481.000000 0.000448
482.000000 0.000450
483.000000 0.000451
484.000000 0.000453
485.000000 0.000454
486.000000 0.000456
487.000000 0.000457
488.000000 0.000458
489.000000 0.000460
490.000000 0.000461
491.000000 0.000463
492.000000 0.000464
493.000000 0.000466
494.000000 0.000467
495.000000 0.000469
496.000000 0.000470
497.000000 0.000472
498.000000 0.000473
499.000000 0.000475
500.000000 0.000476
501.000000 0.000477
502.000000 0.000479
503.000000 0.000480
504.000000 0.000482
505.000000 0.000483
506.000000 0.000485
507.000000 0.000486
508.000000 0.000488
509.000000 0.000489
510.000000 0.000491
511.000000 0.000492
512.000000 0.000494
513.000000 0.000495
514.000000 0.000497
515.000000 0.000498
516.000000 0.000500
517.000000 0.000501
518.000000 0.000503
519.000000 0.000504
520.000000 0.000505
521.000000 0.000507
522.000000 0.000508
523.000000 0.000510
524.000000 0.000511
525.000000 0.000513
526.000000 0.000514
527.000000 0.000516
528.000000 0.000517
529.000000 0.000519
530.000000 0.000520
531.000000 0.000522
532.000000 0.000523
533.000000 0.000525
534.000000 0.000526
535.000000 0.000528
536.000000 0.000529
537.000000 0.000531
538.000000 0.000532
539.000000 0.000534
540.000000 0.000535
541.000000 0.000537
542.000000 0.000538
543.000000 0.000540
544.000000 0.000541
545.000000 0.000543
546.000000 0.000544
547.000000 0.000546
548.000000 0.000547
549.000000 0.000549
550.000000 0.000550
551.000000 0.000552
552.000000 0.000553
553.000000 0.000555
554.000000 0.000556
555.000000 0.000558
556.000000 0.000559
557.000000 0.000561
558.000000 0.000563
559.000000 0.000564
560.000000 0.000566
561.000000 0.000567
562.000000 0.000569
563.000000 0.000570
564.000000 0.000572
565.000000 0.000573
566.000000 0.000575
567.000000 0.000576
568.000000 0.000578
569.000000 0.000579
570.000000 0.000581
571.000000 0.000582
572.000000 0.000584
573.000000 0.000585
574.000000 0.000587
575.000000 0.000588
576.000000 0.000590
577.000000 0.000591
578.000000 0.000593
579.000000 0.000594
580.000000 0.000596
581.000000 0.000597
582.000000 0.000599
583.000000 0.000600
584.000000 0.000602
585.000000 0.000604
586.000000 0.000605
587.000000 0.000607
588.000000 0.000608
589.000000 0.000610
590.000000 0.000611
591.000000 0.000613
592.000000 0.000614
593.000000 0.000616
594.000000 0.000617
595.000000 0.000619
596.000000 0.000620
597.000000 0.000622
598.000000 0.000623
599.000000 0.000625
600.000000 0.000626
601.000000 0.000628
602.000000 0.000629
603.000000 0.000631
604.000000 0.000632
605.000000 0.000634
606.000000 0.000635
607.000000 0.000637
608.000000 0.000638
609.000000 0.000640
610.000000 0.000642
611.000000 0.000643
612.000000 0.000645
613.000000 0.000646
614.000000 0.000648
615.000000 0.000649
616.000000 0.000651
617.000000 0.000652
618.000000 0.000654
619.000000 0.000655
620.000000 0.000657
621.000000 0.000658
622.000000 0.000660
623.000000 0.000661
624.000000 0.000663
625.000000 0.000664
626.000000 0.000666
627.000000 0.000667
628.000000 0.000669
629.000000 0.000670
630.000000 0.000672
631.000000 0.000673
632.000000 0.000675
633.000000 0.000676
634.000000 0.000678
635.000000 0.000679
636.000000 0.000681
637.000000 0.000682
638.000000 0.000684
639.000000 0.000685
640.000000 0.000687
641.000000 0.000688
642.000000 0.000690
643.000000 0.000691
644.000000 0.000693
645.000000 0.000694
646.000000 0.000696
647.000000 0.000697
648.000000 0.000699
649.000000 0.000700
650.000000 0.000702
651.000000 0.000703
652.000000 0.000705
653.000000 0.000706
654.000000 0.000708
655.000000 0.000709
656.000000 0.000711
657.000000 0.000712
658.000000 0.000714
659.000000 0.000715
660.000000 0.000717
661.000000 0.000718
662.000000 0.000720
663.000000 0.000721
664.000000 0.000723
665.000000 0.000724
666.000000 0.000726
667.000000 0.000727
668.000000 0.000728
669.000000 0.000730
670.000000 0.000731
671.000000 0.000733
672.000000 0.000734
673.000000 0.000736
674.000000 0.000737
675.000000 0.000739
676.000000 0.000740
677.000000 0.000742
678.000000 0.000743
679.000000 0.000745
680.000000 0.000746
681.000000 0.000747
682.000000 0.000749
683.000000 0.000750
684.000000 0.000752
685.000000 0.000753
686.000000 0.000755
687.000000 0.000756
688.000000 0.000758
689.000000 0.000759
690.000000 0.000760
691.000000 0.000762
692.000000 0.000763
693.000000 0.000765
694.000000 0.000766
695.000000 0.000768
696.000000 0.000769
697.000000 0.000770
698.000000 0.000772
699.000000 0.000773
700.000000 0.000775
701.000000 0.000776
702.000000 0.000777
703.000000 0.000779
704.000000 0.000780
705.000000 0.000782
706.000000 0.000783
707.000000 0.000785
708.000000 0.000786
709.000000 0.000787
710.000000 0.000789
711.000000 0.000790
712.000000 0.000791
713.000000 0.000793
714.000000 0.000794
715.000000 0.000796
716.000000 0.000797
717.000000 0.000798
718.000000 0.000800
719.000000 0.000801
720.000000 0.000803
721.000000 0.000804
722.000000 0.000805
723.000000 0.000807
724.000000 0.000808
725.000000 0.000809
726.000000 0.000811
727.000000 0.000812
728.000000 0.000813
729.000000 0.000815
730.000000 0.000816
731.000000 0.000817
732.000000 0.000819
733.000000 0.000820
734.000000 0.000821
735.000000 0.000823
736.000000 0.000824
737.000000 0.000825
738.000000 0.000827
739.000000 0.000828
740.000000 0.000829
741.000000 0.000831
742.000000 0.000832
743.000000 0.000833
744.000000 0.000835
745.000000 0.000836
746.000000 0.000837
747.000000 0.000839
748.000000 0.000840
749.000000 0.000841
750.000000 0.000842
751.000000 0.000844
752.000000 0.000845
753.000000 0.000846
754.000000 0.000848
755.000000 0.000849
756.000000 0.000850
757.000000 0.000851
758.000000 0.000853
759.000000 0.000854
760.000000 0.000855
761.000000 0.000856
762.000000 0.000858
763.000000 0.000859
764.000000 0.000860
765.000000 0.000861
766.000000 0.000863
767.000000 0.000864
768.000000 0.000865
769.000000 0.000866
770.000000 0.000868
771.000000 0.000869
772.000000 0.000870
773.000000 0.000871
774.000000 0.000872
775.000000 0.000874
776.000000 0.000875
777.000000 0.000876
778.000000 0.000877
779.000000 0.000878
780.000000 0.000880
781.000000 0.000881
782.000000 0.000882
783.000000 0.000883
784.000000 0.000884
785.000000 0.000885
786.000000 0.000887
787.000000 0.000888
788.000000 0.000889
789.000000 0.000890
790.000000 0.000891
791.000000 0.000892
792.000000 0.000894
793.000000 0.000895
794.000000 0.000896
795.000000 0.000897
796.000000 0.000898
797.000000 0.000899
798.000000 0.000900
799.000000 0.000901
800.000000 0.000903
801.000000 0.000904
802.000000 0.000905
803.000000 0.000906
804.000000 0.000907
805.000000 0.000908
806.000000 0.000909
807.000000 0.000910
808.000000 0.000911
809.000000 0.000912
810.000000 0.000913
811.000000 0.000914
812.000000 0.000916
813.000000 0.000917
814.000000 0.000918
815.000000 0.000919
816.000000 0.000920
817.000000 0.000921
818.000000 0.000922
819.000000 0.000923
820.000000 0.000924
821.000000 0.000925
822.000000 0.000926
823.000000 0.000927
824.000000 0.000928
825.000000 0.000929
826.000000 0.000930
827.000000 0.000931
828.000000 0.000932
829.000000 0.000933
830.000000 0.000934
831.000000 0.000935
832.000000 0.000936
833.000000 0.000937
834.000000 0.000938
835.000000 0.000939
836.000000 0.000940
837.000000 0.000941
838.000000 0.000942
839.000000 0.000942
840.000000 0.000943
841.000000 0.000944
842.000000 0.000945
843.000000 0.000946
844.000000 0.000947
845.000000 0.000948
846.000000 0.000949
847.000000 0.000950
848.000000 0.000951
849.000000 0.000952
850.000000 0.000952
851.000000 0.000953
852.000000 0.000954
853.000000 0.000955
854.000000 0.000956
855.000000 0.000957
856.000000 0.000958
857.000000 0.000959
858.000000 0.000959
859.000000 0.000960
860.000000 0.000961
861.000000 0.000962
862.000000 0.000963
863.000000 0.000964
864.000000 0.000964
865.000000 0.000965
866.000000 0.000966
867.000000 0.000967
868.000000 0.000968
869.000000 0.000968
870.000000 0.000969
871.000000 0.000970
872.000000 0.000971
873.000000 0.000971
874.000000 0.000972
875.000000 0.000973
876.000000 0.000974
877.000000 0.000974
878.000000 0.000975
879.000000 0.000976
880.000000 0.000977
881.000000 0.000977
882.000000 0.000978
883.000000 0.000979
884.000000 0.000979
885.000000 0.000980
886.000000 0.000981
887.000000 0.000982
888.000000 0.000982
889.000000 0.000983
890.000000 0.000984
891.000000 0.000984
892.000000 0.000985
893.000000 0.000986
894.000000 0.000986
895.000000 0.000987
896.000000 0.000988
897.000000 0.000988
898.000000 0.000989
899.000000 0.000989
900.000000 0.000990
901.000000 0.000991
902.000000 0.000991
903.000000 0.000992
904.000000 0.000992
905.000000 0.000993
906.000000 0.000994
907.000000 0.000994
908.000000 0.000995
909.000000 0.000995
910.000000 0.000996
911.000000 0.000996
912.000000 0.000997
913.000000 0.000997
914.000000 0.000998
915.000000 0.000999
916.000000 0.000999
917.000000 0.001000
918.000000 0.001000
919.000000 0.001001
920.000000 0.001001
921.000000 0.001002
922.000000 0.001002
923.000000 0.001003
924.000000 0.001003
925.000000 0.001004
926.000000 0.001004
927.000000 0.001004
928.000000 0.001005
929.000000 0.001005
930.000000 0.001006
931.000000 0.001006
932.000000 0.001007
933.000000 0.001007
934.000000 0.001008
935.000000 0.001008
936.000000 0.001008
937.000000 0.001009
938.000000 0.001009
939.000000 0.001010
940.000000 0.001010
941.000000 0.001010
942.000000 0.001011
943.000000 0.001011
944.000000 0.001011
945.000000 0.001012
946.000000 0.001012
947.000000 0.001012
948.000000 0.001013
949.000000 0.001013
950.000000 0.001013
951.000000 0.001014
952.000000 0.001014
953.000000 0.001014
954.000000 0.001015
955.000000 0.001015
956.000000 0.001015
957.000000 0.001015
958.000000 0.001016
959.000000 0.001016
960.000000 0.001016
961.000000 0.001016
962.000000 0.001017
963.000000 0.001017
964.000000 0.001017
965.000000 0.001017
966.000000 0.001018
967.000000 0.001018
968.000000 0.001018
969.000000 0.001018
970.000000 0.001018
971.000000 0.001019
972.000000 0.001019
973.000000 0.001019
974.000000 0.001019
975.000000 0.001019
976.000000 0.001019
977.000000 0.001020
978.000000 0.001020
979.000000 0.001020
980.000000 0.001020
981.000000 0.001020
982.000000 0.001020
983.000000 0.001020
984.000000 0.001021
985.000000 0.001021
986.000000 0.001021
987.000000 0.001021
988.000000 0.001021
989.000000 0.001021
990.000000 0.001021
991.000000 0.001021
992.000000 0.001021
993.000000 0.001021
994.000000 0.001021
995.000000 0.001021
996.000000 0.001021
997.000000 0.001021
998.000000 0.001021
999.000000 0.001021
1000.000000 0.001021
1001.000000 0.001021
1002.000000 0.001021
1003.000000 0.001021
1004.000000 0.001021
1005.000000 0.001021
1006.000000 0.001021
1007.000000 0.001021
1008.000000 0.001021
1009.000000 0.001021
1010.000000 0.001021
1011.000000 0.001021
1012.000000 0.001021
1013.000000 0.001021
1014.000000 0.001021
1015.000000 0.001021
1016.000000 0.001021
1017.000000 0.001021
1018.000000 0.001020
1019.000000 0.001020
1020.000000 0.001020
1021.000000 0.001020
1022.000000 0.001020
1023.000000 0.001020
1024.000000 0.001020
1025.000000 0.001019
1026.000000 0.001019
1027.000000 0.001019
1028.000000 0.001019
1029.000000 0.001019
1030.000000 0.001019
1031.000000 0.001018
1032.000000 0.001018
1033.000000 0.001018
1034.000000 0.001018
1035.000000 0.001018
1036.000000 0.001017
1037.000000 0.001017
1038.000000 0.001017
1039.000000 0.001017
1040.000000 0.001016
1041.000000 0.001016
1042.000000 0.001016
1043.000000 0.001016
1044.000000 0.001015
1045.000000 0.001015
1046.000000 0.001015
1047.000000 0.001015
1048.000000 0.001014
1049.000000 0.001014
1050.000000 0.001014
1051.000000 0.001013
1052.000000 0.001013
1053.000000 0.001013
1054.000000 0.001012
1055.000000 0.001012
1056.000000 0.001012
1057.000000 0.001011
1058.000000 0.001011
1059.000000 0.001011
1060.000000 0.001010
1061.000000 0.001010
1062.000000 0.001009
1063.000000 0.001009
1064.000000 0.001009
1065.000000 0.001008
1066.000000 0.001008
1067.000000 0.001008
1068.000000 0.001007
1069.000000 0.001007
1070.000000 0.001006
1071.000000 0.001006
1072.000000 0.001005
1073.000000 0.001005
1074.000000 0.001004
1075.000000 0.001004
1076.000000 0.001004
1077.000000 0.001003
1078.000000 0.001003
1079.000000 0.001002
1080.000000 0.001002
1081.000000 0.001001
1082.000000 0.001001
1083.000000 0.001000
1084.000000 0.001000
1085.000000 0.000999
1086.000000 0.000999
1087.000000 0.000998
1088.000000 0.000997
1089.000000 0.000997
1090.000000 0.000996
1091.000000 0.000996
1092.000000 0.000995
1093.000000 0.000995
1094.000000 0.000994
1095.000000 0.000994
1096.000000 0.000993
1097.000000 0.000992
1098.000000 0.000992
1099.000000 0.000991
1100.000000 0.000991
1101.000000 0.000990
1102.000000 0.000989
1103.000000 0.000989
1104.000000 0.000988
1105.000000 0.000987
1106.000000 0.000987
1107.000000 0.000986
1108.000000 0.000986
1109.000000 0.000985
1110.000000 0.000984
1111.000000 0.000984
1112.000000 0.000983
1113.000000 0.000982
1114.000000 0.000982
1115.000000 0.000981
1116.000000 0.000980
1117.000000 0.000979
1118.000000 0.000979
1119.000000 0.000978
1120.000000 0.000977
1121.000000 0.000977
1122.000000 0.000976
1123.000000 0.000975
1124.000000 0.000974
1125.000000 0.000974
1126.000000 0.000973
1127.000000 0.000972
1128.000000 0.000971
1129.000000 0.000971
1130.000000 0.000970
1131.000000 0.000969
1132.000000 0.000968
1133.000000 0.000968
1134.000000 0.000967
1135.000000 0.000966
1136.000000 0.000965
1137.000000 0.000964
1138.000000 0.000963
1139.000000 0.000963
1140.000000 0.000962
1141.000000 0.000961
1142.000000 0.000960
1143.000000 0.000959
1144.000000 0.000959
1145.000000 0.000958
1146.000000 0.000957
1147.000000 0.000956
1148.000000 0.000955
1149.000000 0.000954
1150.000000 0.000953
1151.000000 0.000952
1152.000000 0.000952
1153.000000 0.000951
1154.000000 0.000950
1155.000000 0.000949
1156.000000 0.000948
1157.000000 0.000947
1158.000000 0.000946
1159.000000 0.000945
1160.000000 0.000944
1161.000000 0.000943
1162.000000 0.000942
1163.000000 0.000942
1164.000000 0.000941
1165.000000 0.000940
1166.000000 0.000939
1167.000000 0.000938
1168.000000 0.000937
1169.000000 0.000936
1170.000000 0.000935
1171.000000 0.000934
1172.000000 0.000933
1173.000000 0.000932
1174.000000 0.000931
1175.000000 0.000930
1176.000000 0.000929
1177.000000 0.000928
1178.000000 0.000927
1179.000000 0.000926
1180.000000 0.000925
1181.000000 0.000924
1182.000000 0.000923
1183.000000 0.000922
1184.000000 0.000921
1185.000000 0.000920
1186.000000 0.000919
1187.000000 0.000918
1188.000000 0.000917
1189.000000 0.000916
1190.000000 0.000914
1191.000000 0.000913
1192.000000 0.000912
1193.000000 0.000911
1194.000000 0.000910
1195.000000 0.000909
1196.000000 0.000908
1197.000000 0.000907
1198.000000 0.000906
1199.000000 0.000905
1200.000000 0.000904
1201.000000 0.000903
1202.000000 0.000901
1203.000000 0.000900
1204.000000 0.000899
1205.000000 0.000898
1206.000000 0.000897
1207.000000 0.000896
1208.000000 0.000895
1209.000000 0.000894
1210.000000 0.000892
1211.000000 0.000891
1212.000000 0.000890
1213.000000 0.000889
1214.000000 0.000888
1215.000000 0.000887
1216.000000 0.000885
1217.000000 0.000884
1218.000000 0.000883
1219.000000 0.000882
1220.000000 0.000881
1221.000000 0.000880
1222.000000 0.000878
1223.000000 0.000877
1224.000000 0.000876
1225.000000 0.000875
1226.000000 0.000874
1227.000000 0.000872
1228.000000 0.000871
1229.000000 0.000870
1230.000000 0.000869
1231.000000 0.000868
1232.000000 0.000866
1233.000000 0.000865
1234.000000 0.000864
1235.000000 0.000863
1236.000000 0.000861
1237.000000 0.000860
1238.000000 0.000859
1239.000000 0.000858
1240.000000 0.000856
1241.000000 0.000855
1242.000000 0.000854
1243.000000 0.000853
1244.000000 0.000851
1245.000000 0.000850
1246.000000 0.000849
1247.000000 0.000848
1248.000000 0.000846
1249.000000 0.000845
1250.000000 0.000844
1251.000000 0.000842
1252.000000 0.000841
1253.000000 0.000840
1254.000000 0.000839
1255.000000 0.000837
1256.000000 0.000836
1257.000000 0.000835
1258.000000 0.000833
1259.000000 0.000832
1260.000000 0.000831
1261.000000 0.000829
1262.000000 0.000828
1263.000000 0.000827
1264.000000 0.000825
1265.000000 0.000824
1266.000000 0.000823
1267.000000 0.000821
1268.000000 0.000820
1269.000000 0.000819
1270.000000 0.000817
1271.000000 0.000816
1272.000000 0.000815
1273.000000 0.000813
1274.000000 0.000812
1275.000000 0.000811
1276.000000 0.000809
1277.000000 0.000808
1278.000000 0.000807
1279.000000 0.000805
1280.000000 0.000804
1281.000000 0.000803
1282.000000 0.000801
1283.000000 0.000800
1284.000000 0.000798
1285.000000 0.000797
1286.000000 0.000796
1287.000000 0.000794
1288.000000 0.000793
1289.000000 0.000791
1290.000000 0.000790
1291.000000 0.000789
1292.000000 0.000787
1293.000000 0.000786
1294.000000 0.000785
1295.000000 0.000783
1296.000000 0.000782
1297.000000 0.000780
1298.000000 0.000779
1299.000000 0.000777
1300.000000 0.000776
1301.000000 0.000775
1302.000000 0.000773
1303.000000 0.000772
1304.000000 0.000770
1305.000000 0.000769
1306.000000 0.000768
1307.000000 0.000766
1308.000000 0.000765
1309.000000 0.000763
1310.000000 0.000762
1311.000000 0.000760
1312.000000 0.000759
1313.000000 0.000758
1314.000000 0.000756
1315.000000 0.000755
1316.000000 0.000753
1317.000000 0.000752
1318.000000 0.000750
1319.000000 0.000749
1320.000000 0.000747
1321.000000 0.000746
1322.000000 0.000745
1323.000000 0.000743
1324.000000 0.000742
1325.000000 0.000740
1326.000000 0.000739
1327.000000 0.000737
1328.000000 0.000736
1329.000000 0.000734
1330.000000 0.000733
1331.000000 0.000731
1332.000000 0.000730
1333.000000 0.000728
1334.000000 0.000727
1335.000000 0.000726
1336.000000 0.000724
1337.000000 0.000723
1338.000000 0.000721
1339.000000 0.000720
1340.000000 0.000718
1341.000000 0.000717
1342.000000 0.000715
1343.000000 0.000714
1344.000000 0.000712
1345.000000 0.000711
1346.000000 0.000709
1347.000000 0.000708
1348.000000 0.000706
1349.000000 0.000705
1350.000000 0.000703
1351.000000 0.000702
1352.000000 0.000700
1353.000000 0.000699
1354.000000 0.000697
1355.000000 0.000696
1356.000000 0.000694
1357.000000 0.000693
1358.000000 0.000691
1359.000000 0.000690
1360.000000 0.000688
1361.000000 0.000687
1362.000000 0.000685
1363.000000 0.000684
1364.000000 0.000682
1365.000000 0.000681
1366.000000 0.000679
1367.000000 0.000678
1368.000000 0.000676
1369.000000 0.000675
1370.000000 0.000673
1371.000000 0.000672
1372.000000 0.000670
1373.000000 0.000669
1374.000000 0.000667
1375.000000 0.000666
1376.000000 0.000664
1377.000000 0.000663
1378.000000 0.000661
1379.000000 0.000660
1380.000000 0.000658
1381.000000 0.000657
1382.000000 0.000655
1383.000000 0.000654
1384.000000 0.000652
1385.000000 0.000651
1386.000000 0.000649
1387.000000 0.000648
1388.000000 0.000646
1389.000000 0.000645
1390.000000 0.000643
1391.000000 0.000642
1392.000000 0.000640
1393.000000 0.000638
1394.000000 0.000637
1395.000000 0.000635
1396.000000 0.000634
1397.000000 0.000632
1398.000000 0.000631
1399.000000 0.000629
1400.000000 0.000628
1401.000000 0.000626
1402.000000 0.000625
1403.000000 0.000623
1404.000000 0.000622
1405.000000 0.000620
1406.000000 0.000619
1407.000000 0.000617
1408.000000 0.000616
1409.000000 0.000614
1410.000000 0.000613
1411.000000 0.000611
1412.000000 0.000610
1413.000000 0.000608
1414.000000 0.000607
1415.000000 0.000605
1416.000000 0.000603
1417.000000 0.000602
1418.000000 0.000600
1419.000000 0.000599
1420.000000 0.000597
1421.000000 0.000596
1422.000000 0.000594
1423.000000 0.000593
1424.000000 0.000591
1425.000000 0.000590
1426.000000 0.000588
1427.000000 0.000587
1428.000000 0.000585
1429.000000 0.000584
1430.000000 0.000582
1431.000000 0.000581
1432.000000 0.000579
1433.000000 0.000578
1434.000000 0.000576
1435.000000 0.000575
1436.000000 0.000573
1437.000000 0.000572
1438.000000 0.000570
1439.000000 0.000569
1440.000000 0.000567
1441.000000 0.000566
1442.000000 0.000564
1443.000000 0.000563
1444.000000 0.000561
1445.000000 0.000559
1446.000000 0.000558
1447.000000 0.000556
1448.000000 0.000555
1449.000000 0.000553
1450.000000 0.000552
1451.000000 0.000550
1452.000000 0.000549
1453.000000 0.000547
1454.000000 0.000546
1455.000000 0.000544
1456.000000 0.000543
1457.000000 0.000541
1458.000000 0.000540
1459.000000 0.000538
1460.000000 0.000537
1461.000000 0.000535
1462.000000 0.000534
1463.000000 0.000532
1464.000000 0.000531
1465.000000 0.000529
1466.000000 0.000528
1467.000000 0.000526
1468.000000 0.000525
1469.000000 0.000523
1470.000000 0.000522
1471.000000 0.000520
1472.000000 0.000519
1473.000000 0.000517
1474.000000 0.000516
1475.000000 0.000514
1476.000000 0.000513
1477.000000 0.000511
1478.000000 0.000510
1479.000000 0.000508
1480.000000 0.000507
1481.000000 0.000505
1482.000000 0.000504
1483.000000 0.000502
1484.000000 0.000501
1485.000000 0.000500
1486.000000 0.000498
1487.000000 0.000497
1488.000000 0.000495
1489.000000 0.000494
1490.000000 0.000492
1491.000000 0.000491
1492.000000 0.000489
1493.000000 0.000488
1494.000000 0.000486
1495.000000 0.000485
1496.000000 0.000483
1497.000000 0.000482
1498.000000 0.000480
1499.000000 0.000479
1500.000000 0.000477
1501.000000 0.000476
1502.000000 0.000474
1503.000000 0.000473
1504.000000 0.000472
1505.000000 0.000470
1506.000000 0.000469
1507.000000 0.000467
1508.000000 0.000466
1509.000000 0.000464
1510.000000 0.000463
1511.000000 0.000461
1512.000000 0.000460
1513.000000 0.000458
1514.000000 0.000457
1515.000000 0.000456
1516.000000 0.000454
1517.000000 0.000453
1518.000000 0.000451
1519.000000 0.000450
1520.000000 0.000448
1521.000000 0.000447
1522.000000 0.000445
1523.000000 0.000444
1524.000000 0.000443
1525.000000 0.000441
1526.000000 0.000440
1527.000000 0.000438
1528.000000 0.000437
1529.000000 0.000435
1530.000000 0.000434
1531.000000 0.000433
1532.000000 0.000431
1533.000000 0.000430
1534.000000 0.000428
1535.000000 0.000427
1536.000000 0.000426
1537.000000 0.000424
1538.000000 0.000423
1539.000000 0.000421
1540.000000 0.000420
1541.000000 0.000418
1542.000000 0.000417
1543.000000 0.000416
1544.000000 0.000414
1545.000000 0.000413
1546.000000 0.000411
1547.000000 0.000410
1548.000000 0.000409
1549.000000 0.000407
1550.000000 0.000406
1551.000000 0.000404
1552.000000 0.000403
1553.000000 0.000402
1554.000000 0.000400
1555.000000 0.000399
1556.000000 0.000398
1557.000000 0.000396
1558.000000 0.000395
1559.000000 0.000393
1560.000000 0.000392
1561.000000 0.000391
1562.000000 0.000389
1563.000000 0.000388
1564.000000 0.000387
1565.000000 0.000385
1566.000000 0.000384
1567.000000 0.000382
1568.000000 0.000381
1569.000000 0.000380
1570.000000 0.000378
1571.000000 0.000377
1572.000000 0.000376
1573.000000 0.000374
1574.000000 0.000373
1575.000000 0.000372
1576.000000 0.000370
1577.000000 0.000369
1578.000000 0.000368
1579.000000 0.000366
1580.000000 0.000365
1581.000000 0.000363
1582.000000 0.000362
1583.000000 0.000361
1584.000000 0.000359
1585.000000 0.000358
1586.000000 0.000357
1587.000000 0.000355
1588.000000 0.000354
1589.000000 0.000353
1590.000000 0.000351
1591.000000 0.000350
1592.000000 0.000349
1593.000000 0.000348
1594.000000 0.000346
1595.000000 0.000345
1596.000000 0.000344
1597.000000 0.000342
1598.000000 0.000341
1599.000000 0.000340
1600.000000 0.000338
1601.000000 0.000337
1602.000000 0.000336
1603.000000 0.000334
1604.000000 0.000333
1605.000000 0.000332
1606.000000 0.000331
1607.000000 0.000329
1608.000000 0.000328
1609.000000 0.000327
1610.000000 0.000325
1611.000000 0.000324
1612.000000 0.000323
1613.000000 0.000322
1614.000000 0.000320
1615.000000 0.000319
1616.000000 0.000318
1617.000000 0.000316
1618.000000 0.000315
1619.000000 0.000314
1620.000000 0.000313
1621.000000 0.000311
1622.000000 0.000310
1623.000000 0.000309
1624.000000 0.000308
1625.000000 0.000306
1626.000000 0.000305
1627.000000 0.000304
1628.000000 0.000303
1629.000000 0.000301
1630.000000 0.000300
1631.000000 0.000299
1632.000000 0.000298
1633.000000 0.000296
1634.000000 0.000295
1635.000000 0.000294
1636.000000 0.000293
1637.000000 0.000291
1638.000000 0.000290
1639.000000 0.000289
1640.000000 0.000288
1641.000000 0.000287
1642.000000 0.000285
1643.000000 0.000284
1644.000000 0.000283
1645.000000 0.000282
1646.000000 0.000281
1647.000000 0.000279
1648.000000 0.000278
1649.000000 0.000277
1650.000000 0.000276
1651.000000 0.000274
1652.000000 0.000273
1653.000000 0.000272
1654.000000 0.000271
1655.000000 0.000270
1656.000000 0.000269
1657.000000 0.000267
1658.000000 0.000266
1659.000000 0.000265
1660.000000 0.000264
1661.000000 0.000263
1662.000000 0.000261
1663.000000 0.000260
1664.000000 0.000259
1665.000000 0.000258
1666.000000 0.000257
1667.000000 0.000256
1668.000000 0.000254
1669.000000 0.000253
1670.000000 0.000252
1671.000000 0.000251
1672.000000 0.000250
1673.000000 0.000249
1674.000000 0.000247
1675.000000 0.000246
1676.000000 0.000245
1677.000000 0.000244
1678.000000 0.000243
1679.000000 0.000242
1680.000000 0.000241
1681.000000 0.000239
1682.000000 0.000238
1683.000000 0.000237
1684.000000 0.000236
1685.000000 0.000235
1686.000000 0.000234
1687.000000 0.000233
1688.000000 0.000232
1689.000000 0.000230
1690.000000 0.000229
1691.000000 0.000228
1692.000000 0.000227
1693.000000 0.000226
1694.000000 0.000225
1695.000000 0.000224
1696.000000 0.000223
1697.000000 0.000222
1698.000000 0.000221
1699.000000 0.000219
1700.000000 0.000218
1701.000000 0.000217
1702.000000 0.000216
1703.000000 0.000215
1704.000000 0.000214
1705.000000 0.000213
1706.000000 0.000212
1707.000000 0.000211
1708.000000 0.000210
1709.000000 0.000209
1710.000000 0.000208
1711.000000 0.000206
1712.000000 0.000205
1713.000000 0.000204
1714.000000 0.000203
1715.000000 0.000202
1716.000000 0.000201
1717.000000 0.000200
1718.000000 0.000199
1719.000000 0.000198
1720.000000 0.000197
1721.000000 0.000196
1722.000000 0.000195
1723.000000 0.000194
1724.000000 0.000193
1725.000000 0.000192
1726.000000 0.000191
1727.000000 0.000190
1728.000000 0.000189
1729.000000 0.000188
1730.000000 0.000187
1731.000000 0.000186
1732.000000 0.000184
1733.000000 0.000183
1734.000000 0.000182
1735.000000 0.000181
1736.000000 0.000180
1737.000000 0.000179
1738.000000 0.000178
1739.000000 0.000177
1740.000000 0.000176
1741.000000 0.000175
1742.000000 0.000174
1743.000000 0.000173
1744.000000 0.000172
1745.000000 0.000171
1746.000000 0.000170
1747.000000 0.000169
1748.000000 0.000168
1749.000000 0.000167
1750.000000 0.000166
1751.000000 0.000165
1752.000000 0.000164
1753.000000 0.000164
1754.000000 0.000163
1755.000000 0.000162
1756.000000 0.000161
1757.000000 0.000160
1758.000000 0.000159
1759.000000 0.000158
1760.000000 0.000157
1761.000000 0.000156
1762.000000 0.000155
1763.000000 0.000154
1764.000000 0.000153
1765.000000 0.000152
1766.000000 0.000151
1767.000000 0.000150
1768.000000 0.000149
1769.000000 0.000148
1770.000000 0.000147
1771.000000 0.000146
1772.000000 0.000145
1773.000000 0.000144
1774.000000 0.000144
1775.000000 0.000143
1776.000000 0.000142
1777.000000 0.000141
1778.000000 0.000140
1779.000000 0.000139
1780.000000 0.000138
1781.000000 0.000137
1782.000000 0.000136
1783.000000 0.000135
1784.000000 0.000134
1785.000000 0.000133
1786.000000 0.000132
1787.000000 0.000132
1788.000000 0.000131
1789.000000 0.000130
1790.000000 0.000129
1791.000000 0.000128
1792.000000 0.000127
1793.000000 0.000126
1794.000000 0.000125
1795.000000 0.000124
1796.000000 0.000124
1797.000000 0.000123
1798.000000 0.000122
1799.000000 0.000121
1800.000000 0.000120
1801.000000 0.000119
1802.000000 0.000118
1803.000000 0.000117
1804.000000 0.000117
1805.000000 0.000116
1806.000000 0.000115
1807.000000 0.000114
1808.000000 0.000113
1809.000000 0.000112
1810.000000 0.000111
1811.000000 0.000111
1812.000000 0.000110
1813.000000 0.000109
1814.000000 0.000108
1815.000000 0.000107
1816.000000 0.000106
1817.000000 0.000106
1818.000000 0.000105
1819.000000 0.000104
1820.000000 0.000103
1821.000000 0.000102
1822.000000 0.000101
1823.000000 0.000101
1824.000000 0.000100
1825.000000 0.000099
1826.000000 0.000098
1827.000000 0.000097
1828.000000 0.000096
1829.000000 0.000096
1830.000000 0.000095
1831.000000 0.000094
1832.000000 0.000093
1833.000000 0.000092
1834.000000 0.000092
1835.000000 0.000091
1836.000000 0.000090
1837.000000 0.000089
1838.000000 0.000088
1839.000000 0.000088
1840.000000 0.000087
1841.000000 0.000086
1842.000000 0.000085
1843.000000 0.000084
1844.000000 0.000084
1845.000000 0.000083
1846.000000 0.000082
1847.000000 0.000081
1848.000000 0.000081
1849.000000 0.000080
1850.000000 0.000079
1851.000000 0.000078
1852.000000 0.000077
1853.000000 0.000077
1854.000000 0.000076
1855.000000 0.000075
1856.000000 0.000074
1857.000000 0.000074
1858.000000 0.000073
1859.000000 0.000072
1860.000000 0.000071
1861.000000 0.000071
1862.000000 0.000070
1863.000000 0.000069
1864.000000 0.000068
1865.000000 0.000068
1866.000000 0.000067
1867.000000 0.000066
1868.000000 0.000065
1869.000000 0.000065
1870.000000 0.000064
1871.000000 0.000063
1872.000000 0.000063
1873.000000 0.000062
1874.000000 0.000061
1875.000000 0.000060
1876.000000 0.000060
1877.000000 0.000059
1878.000000 0.000058
1879.000000 0.000057
1880.000000 0.000057
1881.000000 0.000056
1882.000000 0.000055
1883.000000 0.000055
1884.000000 0.000054
1885.000000 0.000053
1886.000000 0.000053
1887.000000 0.000052
1888.000000 0.000051
1889.000000 0.000050
1890.000000 0.000050
1891.000000 0.000049
1892.000000 0.000048
1893.000000 0.000048
1894.000000 0.000047
1895.000000 0.000046
1896.000000 0.000046
1897.000000 0.000045
1898.000000 0.000044
1899.000000 0.000044
1900.000000 0.000043
1901.000000 0.000042
1902.000000 0.000042
1903.000000 0.000041
1904.000000 0.000040
1905.000000 0.000040
1906.000000 0.000039
1907.000000 0.000038
1908.000000 0.000038
1909.000000 0.000037
1910.000000 0.000036
1911.000000 0.000036
1912.000000 0.000035
1913.000000 0.000034
1914.000000 0.000034
1915.000000 0.000033
1916.000000 0.000032
1917.000000 0.000032
1918.000000 0.000031
1919.000000 0.000031
1920.000000 0.000030
1921.000000 0.000029
1922.000000 0.000029
1923.000000 0.000028
1924.000000 0.000027
1925.000000 0.000027
1926.000000 0.000026
1927.000000 0.000025
1928.000000 0.000025
1929.000000 0.000024
1930.000000 0.000024
1931.000000 0.000023
1932.000000 0.000022
1933.000000 0.000022
1934.000000 0.000021
1935.000000 0.000021
1936.000000 0.000020
1937.000000 0.000019
1938.000000 0.000019
1939.000000 0.000018
1940.000000 0.000018
1941.000000 0.000017
1942.000000 0.000016
1943.000000 0.000016
1944.000000 0.000015
1945.000000 0.000015
1946.000000 0.000014
1947.000000 0.000013
1948.000000 0.000013
1949.000000 0.000012
1950.000000 0.000012
1951.000000 0.000011
1952.000000 0.000011
1953.000000 0.000010
1954.000000 0.000009
1955.000000 0.000009
1956.000000 0.000008
1957.000000 0.000008
1958.000000 0.000007
1959.000000 0.000007
1960.000000 0.000006
1961.000000 0.000006
1962.000000 0.000006
1963.000000 0.000005
1964.000000 0.000005
1965.000000 0.000004
1966.000000 0.000004
1967.000000 0.000004
1968.000000 0.000003
1969.000000 0.000003
1970.000000 0.000003
1971.000000 0.000002
1972.000000 0.000002
1973.000000 0.000002
1974.000000 0.000002
1975.000000 0.000001
1976.000000 0.000001
1977.000000 0.000001
1978.000000 0.000001
1979.000000 0.000001
1980.000000 0.000001
1981.000000 0.000001
1982.000000 0.000000
1983.000000 0.000000
1984.000000 0.000000
1985.000000 0.000000
1986.000000 0.000000
1987.000000 0.000000
1988.000000 0.000000
1989.000000 0.000000
1990.000000 0.000000
1991.000000 0.000000
1992.000000 0.000000
1993.000000 0.000000
1994.000000 0.000000
1995.000000 0.000000
1996.000000 0.000000
1997.000000 0.000000
1998.000000 0.000000
1999.000000 0.000000
2000.000000 0.000000
