n lam mean variance std
2000 0.470000 1000.503009 56813.734916 238.356319
bin_midpoint probability
1.000000 0.000000
2.000000 0.000000
3.000000 0.000000
4.000000 0.000000
5.000000 0.000000
6.000000 0.000000
7.000000 0.000000
8.000000 0.000000
9.000000 0.000000
10.000000 0.000000
11.000000 0.000000
12.000000 0.000000
13.000000 0.000000
14.000000 0.000000
15.000000 0.000000
16.000000 0.000000
17.000000 0.000000
18.000000 0.000000
19.000000 0.000000
20.000000 0.000000
21.000000 0.000000
22.000000 0.000000
23.000000 0.000000
24.000000 0.000000
25.000000 0.000000
26.000000 0.000000
27.000000 0.000000
28.000000 0.000000
29.000000 0.000000
30.000000 0.000000
31.000000 0.000000
32.000000 0.000000
33.000000 0.000000
34.000000 0.000000
35.000000 0.000000
36.000000 0.000000
37.000000 0.000000
38.000000 0.000000
39.000000 0.000000
40.000000 0.000000
41.000000 0.000000
42.000000 0.000000
43.000000 0.000000
44.000000 0.000000
45.000000 0.000000
46.000000 0.000000
47.000000 0.000000
48.000000 0.000000
49.000000 0.000000
50.000000 0.000000
51.000000 0.000000
52.000000 0.000000
53.000000 0.000000
54.000000 0.000000
55.000000 0.000000
56.000000 0.000000
57.000000 0.000000
58.000000 0.000000
59.000000 0.000000
60.000000 0.000000
61.000000 0.000000
62.000000 0.000000
63.000000 0.000000
64.000000 0.000000
65.000000 0.000000
66.000000 0.000000
67.000000 0.000000
68.000000 0.000000
69.000000 0.000000
70.000000 0.000000
71.000000 0.000000
72.000000 0.000000
73.000000 0.000000
74.000000 0.000000
75.000000 0.000000
76.000000 0.000000
77.000000 0.000000
78.000000 0.000000
79.000000 0.000000
80.000000 0.000000
81.000000 0.000000
82.000000 0.000000
83.000000 0.000000
84.000000 0.000000
85.000000 0.000000
86.000000 0.000000
87.000000 0.000000
88.000000 0.000000
89.000000 0.000000
90.000000 0.000000
91.000000 0.000000
92.000000 0.000000
93.000000 0.000000
94.000000 0.000000
95.000000 0.000000
96.000000 0.000000
97.000000 0.000000
98.000000 0.000000
99.000000 0.000000
100.000000 0.000000
101.000000 0.000000
102.000000 0.000000
103.000000 0.000000
104.000000 0.000000
105.000000 0.000000
106.000000 0.000000
107.000000 0.000000
108.000000 0.000000
109.000000 0.000000
110.000000 0.000000
111.000000 0.000000
112.000000 0.000000
113.000000 0.000000
114.000000 0.000000
115.000000 0.000000
116.000000 0.000000
117.000000 0.000000
118.000000 0.000000
119.000000 0.000000
120.000000 0.000000
121.000000 0.000000
122.000000 0.000000
123.000000 0.000000
124.000000 0.000000
125.000000 0.000000
126.000000 0.000000
127.000000 0.000000
128.000000 0.000000
129.000000 0.000000
130.000000 0.000000
131.000000 0.000000
132.000000 0.000000
133.000000 0.000000
134.000000 0.000000
135.000000 0.000000
136.000000 0.000000
137.000000 0.000000
138.000000 0.000000
139.000000 0.000000
140.000000 0.000000
141.000000 0.000000
142.000000 0.000000
143.000000 0.000000
144.000000 0.000000
145.000000 0.000000
146.000000 0.000000
147.000000 0.000000
148.000000 0.000000
149.000000 0.000000
150.000000 0.000000
151.000000 0.000000
152.000000 0.000000
153.000000 0.000000
154.000000 0.000000
155.000000 0.000000
156.000000 0.000000
157.000000 0.000000
158.000000 0.000000
159.000000 0.000000
160.000000 0.000000
161.000000 0.000000
162.000000 0.000000
163.000000 0.000000
164.000000 0.000000
165.000000 0.000000
166.000000 0.000000
167.000000 0.000000
168.000000 0.000000
169.000000 0.000000
170.000000 0.000000
171.000000 0.000000
172.000000 0.000000
173.000000 0.000000
174.000000 0.000000
175.000000 0.000000
176.000000 0.000000
177.000000 0.000000
178.000000 0.000000
179.000000 0.000000
180.000000 0.000000
181.000000 0.000000
182.000000 0.000000
183.000000 0.000000
184.000000 0.000000
185.000000 0.000000
186.000000 0.000000
187.000000 0.000000
188.000000 0.000000
189.000000 0.000000
190.000000 0.000000
191.000000 0.000000
192.000000 0.000000
193.000000 0.000000
194.000000 0.000000
195.000000 0.000000
196.000000 0.000000
197.000000 0.000000
198.000000 0.000000
199.000000 0.000000
200.000000 0.000000
201.000000 0.000000
202.000000 0.000000
203.000000 0.000000
204.000000 0.000000
205.000000 0.000000
206.000000 0.000000
207.000000 0.000000
208.000000 0.000000
209.000000 0.000000
210.000000 0.000000
211.000000 0.000000
212.000000 0.000000
213.000000 0.000000
214.000000 0.000000
215.000000 0.000000
216.000000 0.000000
217.000000 0.000000
218.000000 0.000000
219.000000 0.000000
220.000000 0.000000
221.000000 0.000001
222.000000 0.000001
223.000000 0.000001
224.000000 0.000001
225.000000 0.000001
226.000000 0.000001
227.000000 0.000001
228.000000 0.000001
229.000000 0.000001
230.000000 0.000001
231.000000 0.000001
232.000000 0.000001
233.000000 0.000001
234.000000 0.000001
235.000000 0.000001
236.000000 0.000001
237.000000 0.000001
238.000000 0.000001
239.000000 0.000001
240.000000 0.000001
241.000000 0.000001
242.000000 0.000001
243.000000 0.000001
244.000000 0.000001
245.000000 0.000001
246.000000 0.000001
247.000000 0.000001
248.000000 0.000001
249.000000 0.000001
250.000000 0.000002
251.000000 0.000002
252.000000 0.000002
253.000000 0.000002
254.000000 0.000002
255.000000 0.000002
256.000000 0.000002
257.000000 0.000002
258.000000 0.000002
259.000000 0.000002
260.000000 0.000002
261.000000 0.000002
262.000000 0.000002
263.000000 0.000002
264.000000 0.000002
265.000000 0.000002
266.000000 0.000003
267.000000 0.000003
268.000000 0.000003
269.000000 0.000003
270.000000 0.000003
271.000000 0.000003
272.000000 0.000003
273.000000 0.000003
274.000000 0.000003
275.000000 0.000003
276.000000 0.000003
277.000000 0.000004
278.000000 0.000004
279.000000 0.000004
280.000000 0.000004
281.000000 0.000004
282.000000 0.000004
283.000000 0.000004
284.000000 0.000004
285.000000 0.000005
286.000000 0.000005
287.000000 0.000005
288.000000 0.000005
289.000000 0.000005
290.000000 0.000005
291.000000 0.000005
292.000000 0.000005
293.000000 0.000006
294.000000 0.000006
295.000000 0.000006
296.000000 0.000006
297.000000 0.000006
298.000000 0.000006
299.000000 0.000007
300.000000 0.000007
301.000000 0.000007
302.000000 0.000007
303.000000 0.000007
304.000000 0.000007
305.000000 0.000008
306.000000 0.000008
307.000000 0.000008
308.000000 0.000008
309.000000 0.000008
310.000000 0.000009
311.000000 0.000009
312.000000 0.000009
313.000000 0.000009
314.000000 0.000010
315.000000 0.000010
316.000000 0.000010
317.000000 0.000010
318.000000 0.000011
319.000000 0.000011
320.000000 0.000011
321.000000 0.000011
322.000000 0.000012
323.000000 0.000012
324.000000 0.000012
325.000000 0.000012
326.000000 0.000013
327.000000 0.000013
328.000000 0.000013
329.000000 0.000014
330.000000 0.000014
331.000000 0.000014
332.000000 0.000015
333.000000 0.000015
334.000000 0.000015
335.000000 0.000016
336.000000 0.000016
337.000000 0.000016
338.000000 0.000017
339.000000 0.000017
340.000000 0.000017
341.000000 0.000018
342.000000 0.000018
343.000000 0.000018
344.000000 0.000019
345.000000 0.000019
346.000000 0.000020
347.000000 0.000020
348.000000 0.000020
349.000000 0.000021
350.000000 0.000021
351.000000 0.000022
352.000000 0.000022
353.000000 0.000023
354.000000 0.000023
355.000000 0.000024
356.000000 0.000024
357.000000 0.000024
358.000000 0.000025
359.000000 0.000025
360.000000 0.000026
361.000000 0.000026
362.000000 0.000027
363.000000 0.000027
364.000000 0.000028
365.000000 0.000028
366.000000 0.000029
367.000000 0.000030
368.000000 0.000030
369.000000 0.000031
370.000000 0.000031
371.000000 0.000032
372.000000 0.000032
373.000000 0.000033
374.000000 0.000034
375.000000 0.000034
376.000000 0.000035
377.000000 0.000035
378.000000 0.000036
379.000000 0.000037
380.000000 0.000037
381.000000 0.000038
382.000000 0.000039
383.000000 0.000039
384.000000 0.000040
385.000000 0.000041
386.000000 0.000042
387.000000 0.000042
388.000000 0.000043
389.000000 0.000044
390.000000 0.000044
391.000000 0.000045
392.000000 0.000046
393.000000 0.000047
394.000000 0.000048
395.000000 0.000048
396.000000 0.000049
397.000000 0.000050
398.000000 0.000051
399.000000 0.000052
400.000000 0.000052
401.000000 0.000053
402.000000 0.000054
403.000000 0.000055
404.000000 0.000056
405.000000 0.000057
406.000000 0.000058
407.000000 0.000058
408.000000 0.000059
409.000000 0.000060
410.000000 0.000061
411.000000 0.000062
412.000000 0.000063
413.000000 0.000064
414.000000 0.000065
415.000000 0.000066
416.000000 0.000067
417.000000 0.000068
418.000000 0.000069
419.000000 0.000070
420.000000 0.000071
421.000000 0.000072
422.000000 0.000073
423.000000 0.000075
424.000000 0.000076
425.000000 0.000077
426.000000 0.000078
427.000000 0.000079
428.000000 0.000080
429.000000 0.000081
430.000000 0.000082
431.000000 0.000084
432.000000 0.000085
433.000000 0.000086
434.000000 0.000087
435.000000 0.000089
436.000000 0.000090
437.000000 0.000091
438.000000 0.000092
439.000000 0.000093
440.000000 0.000095
441.000000 0.000096
442.000000 0.000097
443.000000 0.000098
444.000000 0.000100
445.000000 0.000101
446.000000 0.000103
447.000000 0.000104
448.000000 0.000105
449.000000 0.000107
450.000000 0.000108
451.000000 0.000109
452.000000 0.000111
453.000000 0.000112
454.000000 0.000114
455.000000 0.000115
456.000000 0.000117
457.000000 0.000118
458.000000 0.000120
459.000000 0.000121
460.000000 0.000123
461.000000 0.000124
462.000000 0.000126
463.000000 0.000128
464.000000 0.000129
465.000000 0.000131
466.000000 0.000132
467.000000 0.000134
468.000000 0.000135
469.000000 0.000137
470.000000 0.000139
471.000000 0.000141
472.000000 0.000142
473.000000 0.000144
474.000000 0.000146
475.000000 0.000147
476.000000 0.000149
477.000000 0.000151
478.000000 0.000153
479.000000 0.000154
480.000000 0.000157
481.000000 0.000157
482.000000 0.000160
483.000000 0.000162
484.000000 0.000164
485.000000 0.000165
486.000000 0.000167
487.000000 0.000169
488.000000 0.000171
489.000000 0.000173
490.000000 0.000175
491.000000 0.000177
492.000000 0.000179
493.000000 0.000181
494.000000 0.000183
495.000000 0.000185
496.000000 0.000187
497.000000 0.000189
498.000000 0.000191
499.000000 0.000193
500.000000 0.000195
501.000000 0.000197
502.000000 0.000199
503.000000 0.000201
504.000000 0.000203
505.000000 0.000206
506.000000 0.000207
507.000000 0.000210
508.000000 0.000212
509.000000 0.000214
510.000000 0.000216
511.000000 0.000218
512.000000 0.000221
513.000000 0.000223
514.000000 0.000225
515.000000 0.000227
516.000000 0.000230
517.000000 0.000232
518.000000 0.000235
519.000000 0.000236
520.000000 0.000239
521.000000 0.000241
522.000000 0.000244
523.000000 0.000246
524.000000 0.000249
525.000000 0.000251
526.000000 0.000253
527.000000 0.000256
528.000000 0.000258
529.000000 0.000261
530.000000 0.000263
531.000000 0.000266
532.000000 0.000268
533.000000 0.000271
534.000000 0.000273
535.000000 0.000276
536.000000 0.000278
537.000000 0.000281
538.000000 0.000284
539.000000 0.000286
540.000000 0.000289
541.000000 0.000291
542.000000 0.000294
543.000000 0.000297
544.000000 0.000299
545.000000 0.000302
546.000000 0.000304
547.000000 0.000307
548.000000 0.000310
549.000000 0.000313
550.000000 0.000315
551.000000 0.000318
552.000000 0.000321
553.000000 0.000323
554.000000 0.000327
555.000000 0.000329
556.000000 0.000332
557.000000 0.000335
558.000000 0.000338
559.000000 0.000341
560.000000 0.000343
561.000000 0.000347
562.000000 0.000349
563.000000 0.000352
564.000000 0.000355
565.000000 0.000358
566.000000 0.000361
567.000000 0.000364
568.000000 0.000367
569.000000 0.000370
570.000000 0.000373
571.000000 0.000376
572.000000 0.000379
573.000000 0.000381
574.000000 0.000385
575.000000 0.000387
576.000000 0.000392
577.000000 0.000394
578.000000 0.000397
579.000000 0.000400
580.000000 0.000403
581.000000 0.000406
582.000000 0.000409
583.000000 0.000413
584.000000 0.000416
585.000000 0.000419
586.000000 0.000422
587.000000 0.000425
588.000000 0.000428
589.000000 0.000432
590.000000 0.000434
591.000000 0.000439
592.000000 0.000440
593.000000 0.000445
594.000000 0.000447
595.000000 0.000451
596.000000 0.000454
597.000000 0.000457
598.000000 0.000461
599.000000 0.000464
600.000000 0.000466
601.000000 0.000471
602.000000 0.000473
603.000000 0.000478
604.000000 0.000481
605.000000 0.000484
606.000000 0.000487
607.000000 0.000490
608.000000 0.000495
609.000000 0.000497
610.000000 0.000501
611.000000 0.000505
612.000000 0.000508
613.000000 0.000511
614.000000 0.000515
615.000000 0.000518
616.000000 0.000523
617.000000 0.000524
618.000000 0.000529
619.000000 0.000532
620.000000 0.000535
621.000000 0.000539
622.000000 0.000542
623.000000 0.000546
624.000000 0.000549
625.000000 0.000553
626.000000 0.000557
627.000000 0.000559
628.000000 0.000564
629.000000 0.000567
630.000000 0.000571
631.000000 0.000574
632.000000 0.000577
633.000000 0.000582
634.000000 0.000585
635.000000 0.000587
636.000000 0.000593
637.000000 0.000596
638.000000 0.000599
639.000000 0.000603
640.000000 0.000607
641.000000 0.000610
642.000000 0.000613
643.000000 0.000618
644.000000 0.000621
645.000000 0.000624
646.000000 0.000629
647.000000 0.000631
648.000000 0.000636
649.000000 0.000640
650.000000 0.000643
651.000000 0.000647
652.000000 0.000650
653.000000 0.000655
654.000000 0.000657
655.000000 0.000662
656.000000 0.000665
657.000000 0.000669
658.000000 0.000673
659.000000 0.000677
660.000000 0.000679
661.000000 0.000685
662.000000 0.000687
663.000000 0.000692
664.000000 0.000695
665.000000 0.000699
666.000000 0.000703
667.000000 0.000705
668.000000 0.000711
669.000000 0.000714
670.000000 0.000718
671.000000 0.000722
672.000000 0.000725
673.000000 0.000729
674.000000 0.000733
675.000000 0.000736
676.000000 0.000741
677.000000 0.000744
678.000000 0.000748
679.000000 0.000752
680.000000 0.000755
681.000000 0.000759
682.000000 0.000763
683.000000 0.000768
684.000000 0.000771
685.000000 0.000774
686.000000 0.000779
687.000000 0.000782
688.000000 0.000785
689.000000 0.000790
690.000000 0.000794
691.000000 0.000797
692.000000 0.000802
693.000000 0.000806
694.000000 0.000808
695.000000 0.000813
696.000000 0.000816
697.000000 0.000821
698.000000 0.000824
699.000000 0.000828
700.000000 0.000831
701.000000 0.000836
702.000000 0.000840
703.000000 0.000843
704.000000 0.000847
705.000000 0.000851
706.000000 0.000855
707.000000 0.000858
708.000000 0.000862
709.000000 0.000866
710.000000 0.000871
711.000000 0.000873
712.000000 0.000878
713.000000 0.000881
714.000000 0.000885
715.000000 0.000889
716.000000 0.000892
717.000000 0.000897
718.000000 0.000901
719.000000 0.000903
720.000000 0.000908
721.000000 0.000911
722.000000 0.000917
723.000000 0.000919
724.000000 0.000924
725.000000 0.000926
726.000000 0.000931
727.000000 0.000934
728.000000 0.000938
729.000000 0.000941
730.000000 0.000947
731.000000 0.000949
732.000000 0.000954
733.000000 0.000956
734.000000 0.000961
735.000000 0.000965
736.000000 0.000968
737.000000 0.000972
738.000000 0.000974
739.000000 0.000980
740.000000 0.000983
741.000000 0.000985
742.000000 0.000991
743.000000 0.000995
744.000000 0.000997
745.000000 0.001003
746.000000 0.001004
747.000000 0.001010
748.000000 0.001012
749.000000 0.001017
750.000000 0.001020
751.000000 0.001024
752.000000 0.001028
753.000000 0.001031
754.000000 0.001034
755.000000 0.001039
756.000000 0.001041
757.000000 0.001047
758.000000 0.001048
759.000000 0.001054
760.000000 0.001057
761.000000 0.001059
762.000000 0.001064
763.000000 0.001067
764.000000 0.001072
765.000000 0.001075
766.000000 0.001077
767.000000 0.001083
768.000000 0.001084
769.000000 0.001089
770.000000 0.001094
771.000000 0.001096
772.000000 0.001099
773.000000 0.001103
774.000000 0.001106
775.000000 0.001111
776.000000 0.001112
777.000000 0.001119
778.000000 0.001120
779.000000 0.001124
780.000000 0.001128
781.000000 0.001131
782.000000 0.001135
783.000000 0.001138
784.000000 0.001142
785.000000 0.001145
786.000000 0.001148
787.000000 0.001152
788.000000 0.001155
789.000000 0.001159
790.000000 0.001162
791.000000 0.001164
792.000000 0.001170
793.000000 0.001171
794.000000 0.001175
795.000000 0.001180
796.000000 0.001182
797.000000 0.001185
798.000000 0.001189
799.000000 0.001193
800.000000 0.001196
801.000000 0.001197
802.000000 0.001201
803.000000 0.001208
804.000000 0.001207
805.000000 0.001212
806.000000 0.001214
807.000000 0.001219
808.000000 0.001222
809.000000 0.001225
810.000000 0.001227
811.000000 0.001231
812.000000 0.001235
813.000000 0.001237
814.000000 0.001241
815.000000 0.001243
816.000000 0.001248
817.000000 0.001252
818.000000 0.001252
819.000000 0.001254
820.000000 0.001262
821.000000 0.001262
822.000000 0.001266
823.000000 0.001266
824.000000 0.001274
825.000000 0.001275
826.000000 0.001277
827.000000 0.001278
828.000000 0.001287
829.000000 0.001285
830.000000 0.001290
831.000000 0.001291
832.000000 0.001295
833.000000 0.001300
834.000000 0.001301
835.000000 0.001303
836.000000 0.001307
837.000000 0.001311
838.000000 0.001312
839.000000 0.001316
840.000000 0.001317
841.000000 0.001322
842.000000 0.001326
843.000000 0.001326
844.000000 0.001328
845.000000 0.001335
846.000000 0.001335
847.000000 0.001337
848.000000 0.001340
849.000000 0.001345
850.000000 0.001348
851.000000 0.001348
852.000000 0.001351
853.000000 0.001356
854.000000 0.001357
855.000000 0.001358
856.000000 0.001365
857.000000 0.001362
858.000000 0.001369
859.000000 0.001369
860.000000 0.001372
861.000000 0.001377
862.000000 0.001376
863.000000 0.001381
864.000000 0.001384
865.000000 0.001386
866.000000 0.001386
867.000000 0.001391
868.000000 0.001393
869.000000 0.001395
870.000000 0.001397
871.000000 0.001401
872.000000 0.001403
873.000000 0.001406
874.000000 0.001405
875.000000 0.001411
876.000000 0.001411
877.000000 0.001414
878.000000 0.001417
879.000000 0.001418
880.000000 0.001420
881.000000 0.001427
882.000000 0.001423
883.000000 0.001428
884.000000 0.001429
885.000000 0.001431
886.000000 0.001436
887.000000 0.001433
888.000000 0.001439
889.000000 0.001443
890.000000 0.001443
891.000000 0.001443
892.000000 0.001448
893.000000 0.001449
894.000000 0.001451
895.000000 0.001452
896.000000 0.001455
897.000000 0.001458
898.000000 0.001460
899.000000 0.001459
900.000000 0.001462
901.000000 0.001466
902.000000 0.001466
903.000000 0.001469
904.000000 0.001469
905.000000 0.001472
906.000000 0.001475
907.000000 0.001474
908.000000 0.001478
909.000000 0.001479
910.000000 0.001480
911.000000 0.001487
912.000000 0.001483
913.000000 0.001484
914.000000 0.001491
915.000000 0.001489
916.000000 0.001491
917.000000 0.001491
918.000000 0.001497
919.000000 0.001496
920.000000 0.001497
921.000000 0.001497
922.000000 0.001503
923.000000 0.001502
924.000000 0.001503
925.000000 0.001503
926.000000 0.001509
927.000000 0.001507
928.000000 0.001512
929.000000 0.001510
930.000000 0.001511
931.000000 0.001515
932.000000 0.001513
933.000000 0.001517
934.000000 0.001518
935.000000 0.001518
936.000000 0.001524
937.000000 0.001520
938.000000 0.001521
939.000000 0.001528
940.000000 0.001523
941.000000 0.001526
942.000000 0.001527
943.000000 0.001530
944.000000 0.001531
945.000000 0.001530
946.000000 0.001531
947.000000 0.001534
948.000000 0.001536
949.000000 0.001534
950.000000 0.001536
951.000000 0.001539
952.000000 0.001537
953.000000 0.001540
954.000000 0.001539
955.000000 0.001542
956.000000 0.001540
957.000000 0.001543
958.000000 0.001547
959.000000 0.001545
960.000000 0.001542
961.000000 0.001548
962.000000 0.001549
963.000000 0.001546
964.000000 0.001549
965.000000 0.001549
966.000000 0.001551
967.000000 0.001552
968.000000 0.001549
969.000000 0.001553
970.000000 0.001551
971.000000 0.001554
972.000000 0.001552
973.000000 0.001554
974.000000 0.001555
975.000000 0.001558
976.000000 0.001556
977.000000 0.001554
978.000000 0.001558
979.000000 0.001557
980.000000 0.001558
981.000000 0.001556
982.000000 0.001558
983.000000 0.001562
984.000000 0.001560
985.000000 0.001556
986.000000 0.001561
987.000000 0.001562
988.000000 0.001558
989.000000 0.001561
990.000000 0.001560
991.000000 0.001562
992.000000 0.001562
993.000000 0.001558
994.000000 0.001562
995.000000 0.001563
996.000000 0.001563
997.000000 0.001562
998.000000 0.001562
999.000000 0.001560
1000.000000 0.001564
1001.000000 0.001560
1002.000000 0.001562
1003.000000 0.001560
1004.000000 0.001563
1005.000000 0.001563
1006.000000 0.001561
1007.000000 0.001558
1008.000000 0.001564
1009.000000 0.001561
1010.000000 0.001560
1011.000000 0.001562
1012.000000 0.001561
1013.000000 0.001560
1014.000000 0.001561
1015.000000 0.001558
1016.000000 0.001559
1017.000000 0.001560
1018.000000 0.001557
1019.000000 0.001557
1020.000000 0.001561
1021.000000 0.001557
1022.000000 0.001558
1023.000000 0.001557
1024.000000 0.001555
1025.000000 0.001557
1026.000000 0.001554
1027.000000 0.001555
1028.000000 0.001554
1029.000000 0.001553
1030.000000 0.001554
1031.000000 0.001553
1032.000000 0.001550
1033.000000 0.001553
1034.000000 0.001550
1035.000000 0.001549
1036.000000 0.001551
1037.000000 0.001549
1038.000000 0.001547
1039.000000 0.001547
1040.000000 0.001546
1041.000000 0.001544
1042.000000 0.001547
1043.000000 0.001542
1044.000000 0.001542
1045.000000 0.001545
1046.000000 0.001539
1047.000000 0.001542
1048.000000 0.001539
1049.000000 0.001539
1050.000000 0.001537
1051.000000 0.001536
1052.000000 0.001535
1053.000000 0.001536
1054.000000 0.001531
1055.000000 0.001533
1056.000000 0.001531
1057.000000 0.001530
1058.000000 0.001528
1059.000000 0.001527
1060.000000 0.001525
1061.000000 0.001528
1062.000000 0.001522
1063.000000 0.001522
1064.000000 0.001524
1065.000000 0.001521
1066.000000 0.001516
1067.000000 0.001520
1068.000000 0.001517
1069.000000 0.001514
1070.000000 0.001516
1071.000000 0.001509
1072.000000 0.001511
1073.000000 0.001511
1074.000000 0.001509
1075.000000 0.001506
1076.000000 0.001505
1077.000000 0.001505
1078.000000 0.001503
1079.000000 0.001499
1080.000000 0.001499
1081.000000 0.001499
1082.000000 0.001496
1083.000000 0.001494
1084.000000 0.001493
1085.000000 0.001491
1086.000000 0.001490
1087.000000 0.001487
1088.000000 0.001484
1089.000000 0.001487
1090.000000 0.001484
1091.000000 0.001478
1092.000000 0.001481
1093.000000 0.001478
1094.000000 0.001474
1095.000000 0.001475
1096.000000 0.001472
1097.000000 0.001469
1098.000000 0.001470
1099.000000 0.001466
1100.000000 0.001466
1101.000000 0.001461
1102.000000 0.001461
1103.000000 0.001460
1104.000000 0.001456
1105.000000 0.001453
1106.000000 0.001455
1107.000000 0.001451
1108.000000 0.001450
1109.000000 0.001445
1110.000000 0.001445
1111.000000 0.001443
1112.000000 0.001441
1113.000000 0.001435
1114.000000 0.001439
1115.000000 0.001434
1116.000000 0.001430
1117.000000 0.001433
1118.000000 0.001427
1119.000000 0.001424
1120.000000 0.001423
1121.000000 0.001423
1122.000000 0.001416
1123.000000 0.001418
1124.000000 0.001413
1125.000000 0.001412
1126.000000 0.001409
1127.000000 0.001408
1128.000000 0.001406
1129.000000 0.001401
1130.000000 0.001400
1131.000000 0.001398
1132.000000 0.001395
1133.000000 0.001391
1134.000000 0.001391
1135.000000 0.001387
1136.000000 0.001386
1137.000000 0.001383
1138.000000 0.001379
1139.000000 0.001379
1140.000000 0.001375
1141.000000 0.001371
1142.000000 0.001372
1143.000000 0.001369
1144.000000 0.001363
1145.000000 0.001363
1146.000000 0.001361
1147.000000 0.001355
1148.000000 0.001355
1149.000000 0.001351
1150.000000 0.001349
1151.000000 0.001347
1152.000000 0.001342
1153.000000 0.001343
1154.000000 0.001338
1155.000000 0.001335
1156.000000 0.001333
1157.000000 0.001330
1158.000000 0.001325
1159.000000 0.001326
1160.000000 0.001320
1161.000000 0.001319
1162.000000 0.001316
1163.000000 0.001312
1164.000000 0.001311
1165.000000 0.001306
1166.000000 0.001303
1167.000000 0.001302
1168.000000 0.001299
1169.000000 0.001294
1170.000000 0.001294
1171.000000 0.001290
1172.000000 0.001286
1173.000000 0.001284
1174.000000 0.001282
1175.000000 0.001277
1176.000000 0.001275
1177.000000 0.001270
1178.000000 0.001269
1179.000000 0.001266
1180.000000 0.001261
1181.000000 0.001261
1182.000000 0.001256
1183.000000 0.001253
1184.000000 0.001251
1185.000000 0.001246
1186.000000 0.001243
1187.000000 0.001242
1188.000000 0.001237
1189.000000 0.001235
1190.000000 0.001232
1191.000000 0.001227
1192.000000 0.001225
1193.000000 0.001222
1194.000000 0.001217
1195.000000 0.001216
1196.000000 0.001213
1197.000000 0.001208
1198.000000 0.001206
1199.000000 0.001202
1200.000000 0.001198
1201.000000 0.001196
1202.000000 0.001191
1203.000000 0.001189
1204.000000 0.001186
1205.000000 0.001180
1206.000000 0.001181
1207.000000 0.001175
1208.000000 0.001171
1209.000000 0.001170
1210.000000 0.001165
1211.000000 0.001161
1212.000000 0.001159
1213.000000 0.001154
1214.000000 0.001152
1215.000000 0.001149
1216.000000 0.001144
1217.000000 0.001141
1218.000000 0.001138
1219.000000 0.001134
1220.000000 0.001132
1221.000000 0.001128
1222.000000 0.001123
1223.000000 0.001122
1224.000000 0.001118
1225.000000 0.001113
1226.000000 0.001110
1227.000000 0.001106
1228.000000 0.001103
1229.000000 0.001100
1230.000000 0.001094
1231.000000 0.001093
1232.000000 0.001090
1233.000000 0.001084
1234.000000 0.001083
1235.000000 0.001078
1236.000000 0.001075
1237.000000 0.001071
1238.000000 0.001067
1239.000000 0.001063
1240.000000 0.001062
1241.000000 0.001056
1242.000000 0.001053
1243.000000 0.001049
1244.000000 0.001046
1245.000000 0.001042
1246.000000 0.001038
1247.000000 0.001034
1248.000000 0.001033
1249.000000 0.001028
1250.000000 0.001023
1251.000000 0.001020
1252.000000 0.001016
1253.000000 0.001013
1254.000000 0.001009
1255.000000 0.001004
1256.000000 0.001003
1257.000000 0.000999
1258.000000 0.000992
1259.000000 0.000992
1260.000000 0.000987
1261.000000 0.000982
1262.000000 0.000980
1263.000000 0.000975
1264.000000 0.000971
1265.000000 0.000969
1266.000000 0.000964
1267.000000 0.000960
1268.000000 0.000957
1269.000000 0.000953
1270.000000 0.000949
1271.000000 0.000945
1272.000000 0.000941
1273.000000 0.000939
1274.000000 0.000933
1275.000000 0.000931
1276.000000 0.000928
1277.000000 0.000923
1278.000000 0.000919
1279.000000 0.000916
1280.000000 0.000911
1281.000000 0.000908
1282.000000 0.000905
1283.000000 0.000898
1284.000000 0.000897
1285.000000 0.000894
1286.000000 0.000888
1287.000000 0.000886
1288.000000 0.000881
1289.000000 0.000878
1290.000000 0.000874
1291.000000 0.000870
1292.000000 0.000865
1293.000000 0.000863
1294.000000 0.000859
1295.000000 0.000855
1296.000000 0.000851
1297.000000 0.000847
1298.000000 0.000844
1299.000000 0.000839
1300.000000 0.000836
1301.000000 0.000832
1302.000000 0.000828
1303.000000 0.000824
1304.000000 0.000821
1305.000000 0.000816
1306.000000 0.000813
1307.000000 0.000810
1308.000000 0.000803
1309.000000 0.000802
1310.000000 0.000798
1311.000000 0.000792
1312.000000 0.000790
1313.000000 0.000786
1314.000000 0.000782
1315.000000 0.000779
1316.000000 0.000774
1317.000000 0.000770
1318.000000 0.000768
1319.000000 0.000763
1320.000000 0.000759
1321.000000 0.000755
1322.000000 0.000752
1323.000000 0.000748
1324.000000 0.000743
1325.000000 0.000740
1326.000000 0.000738
1327.000000 0.000733
1328.000000 0.000729
1329.000000 0.000726
1330.000000 0.000721
1331.000000 0.000718
1332.000000 0.000715
1333.000000 0.000710
1334.000000 0.000706
1335.000000 0.000704
1336.000000 0.000698
1337.000000 0.000695
1338.000000 0.000692
1339.000000 0.000687
1340.000000 0.000685
1341.000000 0.000680
1342.000000 0.000677
1343.000000 0.000673
1344.000000 0.000669
1345.000000 0.000665
1346.000000 0.000662
1347.000000 0.000658
1348.000000 0.000655
1349.000000 0.000650
1350.000000 0.000647
1351.000000 0.000644
1352.000000 0.000639
1353.000000 0.000635
1354.000000 0.000633
1355.000000 0.000628
1356.000000 0.000625
1357.000000 0.000622
1358.000000 0.000617
1359.000000 0.000613
1360.000000 0.000611
1361.000000 0.000606
1362.000000 0.000603
1363.000000 0.000600
1364.000000 0.000595
1365.000000 0.000593
1366.000000 0.000588
1367.000000 0.000585
1368.000000 0.000581
1369.000000 0.000578
1370.000000 0.000574
1371.000000 0.000571
1372.000000 0.000567
1373.000000 0.000564
1374.000000 0.000559
1375.000000 0.000556
1376.000000 0.000553
1377.000000 0.000549
1378.000000 0.000546
1379.000000 0.000543
1380.000000 0.000538
1381.000000 0.000535
1382.000000 0.000533
1383.000000 0.000528
1384.000000 0.000524
1385.000000 0.000522
1386.000000 0.000518
1387.000000 0.000514
1388.000000 0.000511
1389.000000 0.000507
1390.000000 0.000505
1391.000000 0.000501
1392.000000 0.000497
1393.000000 0.000494
1394.000000 0.000491
1395.000000 0.000487
1396.000000 0.000484
1397.000000 0.000480
1398.000000 0.000478
1399.000000 0.000474
1400.000000 0.000470
1401.000000 0.000468
1402.000000 0.000464
1403.000000 0.000461
1404.000000 0.000458
1405.000000 0.000454
1406.000000 0.000451
1407.000000 0.000449
1408.000000 0.000444
1409.000000 0.000441
1410.000000 0.000438
1411.000000 0.000435
1412.000000 0.000431
1413.000000 0.000429
1414.000000 0.000425
1415.000000 0.000422
1416.000000 0.000419
1417.000000 0.000415
1418.000000 0.000413
1419.000000 0.000409
1420.000000 0.000406
1421.000000 0.000403
1422.000000 0.000400
1423.000000 0.000397
1424.000000 0.000394
1425.000000 0.000391
1426.000000 0.000388
1427.000000 0.000385
1428.000000 0.000382
1429.000000 0.000379
1430.000000 0.000375
1431.000000 0.000372
1432.000000 0.000370
1433.000000 0.000366
1434.000000 0.000363
1435.000000 0.000362
1436.000000 0.000358
1437.000000 0.000355
1438.000000 0.000352
1439.000000 0.000349
1440.000000 0.000346
1441.000000 0.000344
1442.000000 0.000340
1443.000000 0.000338
1444.000000 0.000335
1445.000000 0.000332
1446.000000 0.000329
1447.000000 0.000326
1448.000000 0.000324
1449.000000 0.000321
1450.000000 0.000318
1451.000000 0.000315
1452.000000 0.000313
1453.000000 0.000310
1454.000000 0.000308
1455.000000 0.000304
1456.000000 0.000302
1457.000000 0.000299
1458.000000 0.000296
1459.000000 0.000294
1460.000000 0.000292
1461.000000 0.000289
1462.000000 0.000286
1463.000000 0.000284
1464.000000 0.000281
1465.000000 0.000278
1466.000000 0.000276
1467.000000 0.000273
1468.000000 0.000271
1469.000000 0.000268
1470.000000 0.000266
1471.000000 0.000263
1472.000000 0.000260
1473.000000 0.000258
1474.000000 0.000256
1475.000000 0.000253
1476.000000 0.000251
1477.000000 0.000249
1478.000000 0.000246
1479.000000 0.000244
1480.000000 0.000241
1481.000000 0.000239
1482.000000 0.000237
1483.000000 0.000234
1484.000000 0.000232
1485.000000 0.000230
1486.000000 0.000228
1487.000000 0.000225
1488.000000 0.000223
1489.000000 0.000221
1490.000000 0.000218
1491.000000 0.000216
1492.000000 0.000214
1493.000000 0.000212
1494.000000 0.000210
1495.000000 0.000207
1496.000000 0.000205
1497.000000 0.000203
1498.000000 0.000201
1499.000000 0.000199
1500.000000 0.000197
1501.000000 0.000195
1502.000000 0.000193
1503.000000 0.000191
1504.000000 0.000189
1505.000000 0.000187
1506.000000 0.000185
1507.000000 0.000183
1508.000000 0.000181
1509.000000 0.000179
1510.000000 0.000177
1511.000000 0.000175
1512.000000 0.000173
1513.000000 0.000171
1514.000000 0.000169
1515.000000 0.000167
1516.000000 0.000165
1517.000000 0.000164
1518.000000 0.000162
1519.000000 0.000160
1520.000000 0.000158
1521.000000 0.000156
1522.000000 0.000154
1523.000000 0.000153
1524.000000 0.000151
1525.000000 0.000149
1526.000000 0.000147
1527.000000 0.000146
1528.000000 0.000144
1529.000000 0.000142
1530.000000 0.000141
1531.000000 0.000139
1532.000000 0.000137
1533.000000 0.000136
1534.000000 0.000134
1535.000000 0.000132
1536.000000 0.000131
1537.000000 0.000129
1538.000000 0.000128
1539.000000 0.000126
1540.000000 0.000124
1541.000000 0.000123
1542.000000 0.000121
1543.000000 0.000120
1544.000000 0.000118
1545.000000 0.000117
1546.000000 0.000115
1547.000000 0.000114
1548.000000 0.000113
1549.000000 0.000111
1550.000000 0.000110
1551.000000 0.000108
1552.000000 0.000107
1553.000000 0.000105
1554.000000 0.000104
1555.000000 0.000103
1556.000000 0.000101
1557.000000 0.000100
1558.000000 0.000099
1559.000000 0.000097
1560.000000 0.000096
1561.000000 0.000095
1562.000000 0.000093
1563.000000 0.000092
1564.000000 0.000091
1565.000000 0.000090
1566.000000 0.000088
1567.000000 0.000087
1568.000000 0.000086
1569.000000 0.000085
1570.000000 0.000084
1571.000000 0.000082
1572.000000 0.000081
1573.000000 0.000080
1574.000000 0.000079
1575.000000 0.000078
1576.000000 0.000077
1577.000000 0.000076
1578.000000 0.000074
1579.000000 0.000073
1580.000000 0.000073
1581.000000 0.000071
1582.000000 0.000070
1583.000000 0.000069
1584.000000 0.000068
1585.000000 0.000067
1586.000000 0.000066
1587.000000 0.000065
1588.000000 0.000064
1589.000000 0.000063
1590.000000 0.000062
1591.000000 0.000061
1592.000000 0.000060
1593.000000 0.000059
1594.000000 0.000059
1595.000000 0.000058
1596.000000 0.000057
1597.000000 0.000056
1598.000000 0.000055
1599.000000 0.000054
1600.000000 0.000053
1601.000000 0.000052
1602.000000 0.000052
1603.000000 0.000051
1604.000000 0.000050
1605.000000 0.000049
1606.000000 0.000048
1607.000000 0.000047
1608.000000 0.000047
1609.000000 0.000046
1610.000000 0.000045
1611.000000 0.000044
1612.000000 0.000044
1613.000000 0.000043
1614.000000 0.000042
1615.000000 0.000042
1616.000000 0.000041
1617.000000 0.000040
1618.000000 0.000039
1619.000000 0.000039
1620.000000 0.000038
1621.000000 0.000037
1622.000000 0.000037
1623.000000 0.000036
1624.000000 0.000036
1625.000000 0.000035
1626.000000 0.000034
1627.000000 0.000034
1628.000000 0.000033
1629.000000 0.000032
1630.000000 0.000032
1631.000000 0.000031
1632.000000 0.000031
1633.000000 0.000030
1634.000000 0.000030
1635.000000 0.000029
1636.000000 0.000028
1637.000000 0.000028
1638.000000 0.000027
1639.000000 0.000027
1640.000000 0.000026
1641.000000 0.000026
1642.000000 0.000025
1643.000000 0.000025
1644.000000 0.000024
1645.000000 0.000024
1646.000000 0.000023
1647.000000 0.000023
1648.000000 0.000023
1649.000000 0.000022
1650.000000 0.000022
1651.000000 0.000021
1652.000000 0.000021
1653.000000 0.000020
1654.000000 0.000020
1655.000000 0.000020
1656.000000 0.000019
1657.000000 0.000019
1658.000000 0.000018
1659.000000 0.000018
1660.000000 0.000018
1661.000000 0.000017
1662.000000 0.000017
1663.000000 0.000017
1664.000000 0.000016
1665.000000 0.000016
1666.000000 0.000016
1667.000000 0.000015
1668.000000 0.000015
1669.000000 0.000015
1670.000000 0.000014
1671.000000 0.000014
1672.000000 0.000014
1673.000000 0.000013
1674.000000 0.000013
1675.000000 0.000013
1676.000000 0.000012
1677.000000 0.000012
1678.000000 0.000012
1679.000000 0.000012
1680.000000 0.000011
1681.000000 0.000011
1682.000000 0.000011
1683.000000 0.000011
1684.000000 0.000010
1685.000000 0.000010
1686.000000 0.000010
1687.000000 0.000010
1688.000000 0.000009
1689.000000 0.000009
1690.000000 0.000009
1691.000000 0.000009
1692.000000 0.000009
1693.000000 0.000008
1694.000000 0.000008
1695.000000 0.000008
1696.000000 0.000008
1697.000000 0.000007
1698.000000 0.000007
1699.000000 0.000007
1700.000000 0.000007
1701.000000 0.000007
1702.000000 0.000007
1703.000000 0.000006
1704.000000 0.000006
1705.000000 0.000006
1706.000000 0.000006
1707.000000 0.000006
1708.000000 0.000006
1709.000000 0.000005
1710.000000 0.000005
1711.000000 0.000005
1712.000000 0.000005
1713.000000 0.000005
1714.000000 0.000005
1715.000000 0.000005
1716.000000 0.000005
1717.000000 0.000004
1718.000000 0.000004
1719.000000 0.000004
1720.000000 0.000004
1721.000000 0.000004
1722.000000 0.000004
1723.000000 0.000004
1724.000000 0.000004
1725.000000 0.000003
1726.000000 0.000003
1727.000000 0.000003
1728.000000 0.000003
1729.000000 0.000003
1730.000000 0.000003
1731.000000 0.000003
1732.000000 0.000003
1733.000000 0.000003
1734.000000 0.000003
1735.000000 0.000003
1736.000000 0.000003
1737.000000 0.000002
1738.000000 0.000002
1739.000000 0.000002
1740.000000 0.000002
1741.000000 0.000002
1742.000000 0.000002
1743.000000 0.000002
1744.000000 0.000002
1745.000000 0.000002
1746.000000 0.000002
1747.000000 0.000002
1748.000000 0.000002
1749.000000 0.000002
1750.000000 0.000002
1751.000000 0.000002
1752.000000 0.000001
1753.000000 0.000001
1754.000000 0.000001
1755.000000 0.000001
1756.000000 0.000001
1757.000000 0.000001
1758.000000 0.000001
1759.000000 0.000001
1760.000000 0.000001
1761.000000 0.000001
1762.000000 0.000001
1763.000000 0.000001
1764.000000 0.000001
1765.000000 0.000001
1766.000000 0.000001
1767.000000 0.000001
1768.000000 0.000001
1769.000000 0.000001
1770.000000 0.000001
1771.000000 0.000001
1772.000000 0.000001
1773.000000 0.000001
1774.000000 0.000001
1775.000000 0.000001
1776.000000 0.000001
1777.000000 0.000001
1778.000000 0.000001
1779.000000 0.000001
1780.000000 0.000001
1781.000000 0.000000
1782.000000 0.000000
1783.000000 0.000000
1784.000000 0.000000
1785.000000 0.000000
1786.000000 0.000000
1787.000000 0.000000
1788.000000 0.000000
1789.000000 0.000000
1790.000000 0.000000
1791.000000 0.000000
1792.000000 0.000000
1793.000000 0.000000
1794.000000 0.000000
1795.000000 0.000000
1796.000000 0.000000
1797.000000 0.000000
1798.000000 0.000000
1799.000000 0.000000
1800.000000 0.000000
1801.000000 0.000000
1802.000000 0.000000
1803.000000 0.000000
1804.000000 0.000000
1805.000000 0.000000
1806.000000 0.000000
1807.000000 0.000000
1808.000000 0.000000
1809.000000 0.000000
1810.000000 0.000000
1811.000000 0.000000
1812.000000 0.000000
1813.000000 0.000000
1814.000000 0.000000
1815.000000 0.000000
1816.000000 0.000000
1817.000000 0.000000
1818.000000 0.000000
1819.000000 0.000000
1820.000000 0.000000
1821.000000 0.000000
1822.000000 0.000000
1823.000000 0.000000
1824.000000 0.000000
1825.000000 0.000000
1826.000000 0.000000
1827.000000 0.000000
1828.000000 0.000000
1829.000000 0.000000
1830.000000 0.000000
1831.000000 0.000000
1832.000000 0.000000
1833.000000 0.000000
1834.000000 0.000000
1835.000000 0.000000
1836.000000 0.000000
1837.000000 0.000000
1838.000000 0.000000
1839.000000 0.000000
1840.000000 0.000000
1841.000000 0.000000
1842.000000 0.000000
1843.000000 0.000000
1844.000000 0.000000
1845.000000 0.000000
1846.000000 0.000000
1847.000000 0.000000
1848.000000 0.000000
1849.000000 0.000000
1850.000000 0.000000
1851.000000 0.000000
1852.000000 0.000000
1853.000000 0.000000
1854.000000 0.000000
1855.000000 0.000000
1856.000000 0.000000
1857.000000 0.000000
1858.000000 0.000000
1859.000000 0.000000
1860.000000 0.000000
1861.000000 0.000000
1862.000000 0.000000
1863.000000 0.000000
1864.000000 0.000000
1865.000000 0.000000
1866.000000 0.000000
1867.000000 0.000000
1868.000000 0.000000
1869.000000 0.000000
1870.000000 0.000000
1871.000000 0.000000
1872.000000 0.000000
1873.000000 0.000000
1874.000000 0.000000
1875.000000 0.000000
1876.000000 0.000000
1877.000000 0.000000
1878.000000 0.000000
1879.000000 0.000000
1880.000000 0.000000
1881.000000 0.000000
1882.000000 0.000000
1883.000000 0.000000
1884.000000 0.000000
1885.000000 0.000000
1886.000000 0.000000
1887.000000 0.000000
1888.000000 0.000000
1889.000000 0.000000
1890.000000 0.000000
1891.000000 0.000000
1892.000000 0.000000
1893.000000 0.000000
1894.000000 0.000000
1895.000000 0.000000
1896.000000 0.000000
1897.000000 0.000000
1898.000000 0.000000
1899.000000 0.000000
1900.000000 0.000000
1901.000000 0.000000
1902.000000 0.000000
1903.000000 0.000000
1904.000000 0.000000
1905.000000 0.000000
1906.000000 0.000000
1907.000000 0.000000
1908.000000 0.000000
1909.000000 0.000000
1910.000000 0.000000
1911.000000 0.000000
1912.000000 0.000000
1913.000000 0.000000
1914.000000 0.000000
1915.000000 0.000000
1916.000000 0.000000
1917.000000 0.000000
1918.000000 0.000000
1919.000000 0.000000
1920.000000 0.000000
1921.000000 0.000000
1922.000000 0.000000
1923.000000 0.000000
1924.000000 0.000000
1925.000000 0.000000
1926.000000 0.000000
1927.000000 0.000000
1928.000000 0.000000
1929.000000 0.000000
1930.000000 0.000000
1931.000000 0.000000
1932.000000 0.000000
1933.000000 0.000000
1934.000000 0.000000
1935.000000 0.000000
1936.000000 0.000000
1937.000000 0.000000
1938.000000 0.000000
1939.000000 0.000000
1940.000000 0.000000
1941.000000 0.000000
1942.000000 0.000000
1943.000000 0.000000
1944.000000 0.000000
1945.000000 0.000000
1946.000000 0.000000
1947.000000 0.000000
1948.000000 0.000000
1949.000000 0.000000
1950.000000 0.000000
1951.000000 0.000000
1952.000000 0.000000
1953.000000 0.000000
1954.000000 0.000000
1955.000000 0.000000
1956.000000 0.000000
1957.000000 0.000000
1958.000000 0.000000
1959.000000 0.000000
1960.000000 0.000000
1961.000000 0.000000
1962.000000 0.000000
1963.000000 0.000000
1964.000000 0.000000
1965.000000 0.000000
1966.000000 0.000000
1967.000000 0.000000
1968.000000 0.000000
1969.000000 0.000000
1970.000000 0.000000
1971.000000 0.000000
1972.000000 0.000000
1973.000000 0.000000
1974.000000 0.000000
1975.000000 0.000000
1976.000000 0.000000
1977.000000 0.000000
1978.000000 0.000000
1979.000000 0.000000
1980.000000 0.000000
1981.000000 0.000000
1982.000000 0.000000
1983.000000 0.000000
1984.000000 0.000000
1985.000000 0.000000
1986.000000 0.000000
1987.000000 0.000000
1988.000000 0.000000
1989.000000 0.000000
1990.000000 0.000000
1991.000000 0.000000
1992.000000 0.000000
1993.000000 0.000000
1994.000000 0.000000
1995.000000 0.000000
1996.000000 0.000000
1997.000000 0.000000
1998.000000 0.000000
1999.000000 0.000000
2000.000000 0.000000
