n lam mean variance std
2000 0.380000 1000.487104 69847.774177 264.287295
bin_midpoint probability
1.000000 0.000000
2.000000 0.000000
3.000000 0.000000
4.000000 0.000000
5.000000 0.000000
6.000000 0.000000
7.000000 0.000000
8.000000 0.000000
9.000000 0.000000
10.000000 0.000000
11.000000 0.000000
12.000000 0.000000
13.000000 0.000000
14.000000 0.000000
15.000000 0.000000
16.000000 0.000000
17.000000 0.000000
18.000000 0.000000
19.000000 0.000000
20.000000 0.000000
21.000000 0.000000
22.000000 0.000000
23.000000 0.000000
24.000000 0.000000
25.000000 0.000000
26.000000 0.000000
27.000000 0.000000
28.000000 0.000000
29.000000 0.000000
30.000000 0.000000
31.000000 0.000000
32.000000 0.000000
33.000000 0.000000
34.000000 0.000000
35.000000 0.000000
36.000000 0.000000
37.000000 0.000000
38.000000 0.000000
39.000000 0.000000
40.000000 0.000000
41.000000 0.000000
42.000000 0.000000
43.000000 0.000000
44.000000 0.000000
45.000000 0.000000
46.000000 0.000000
47.000000 0.000000
48.000000 0.000000
49.000000 0.000000
50.000000 0.000000
51.000000 0.000000
52.000000 0.000000
53.000000 0.000000
54.000000 0.000000
55.000000 0.000000
56.000000 0.000000
57.000000 0.000000
58.000000 0.000000
59.000000 0.000000
60.000000 0.000000
61.000000 0.000000
62.000000 0.000000
63.000000 0.000000
64.000000 0.000000
65.000000 0.000000
66.000000 0.000000
67.000000 0.000000
68.000000 0.000000
69.000000 0.000000
70.000000 0.000000
71.000000 0.000000
72.000000 0.000000
73.000000 0.000000
74.000000 0.000000
75.000000 0.000000
76.000000 0.000000
77.000000 0.000000
78.000000 0.000000
79.000000 0.000000
80.000000 0.000000
81.000000 0.000000
82.000000 0.000000
83.000000 0.000000
84.000000 0.000000
85.000000 0.000000
86.000000 0.000000
87.000000 0.000000
88.000000 0.000000
89.000000 0.000000
90.000000 0.000000
91.000000 0.000000
92.000000 0.000000
93.000000 0.000000
94.000000 0.000000
95.000000 0.000000
96.000000 0.000000
97.000000 0.000000
98.000000 0.000000
99.000000 0.000000
100.000000 0.000000
101.000000 0.000000
102.000000 0.000000
103.000000 0.000000
104.000000 0.000000
105.000000 0.000000
106.000000 0.000000
107.000000 0.000000
108.000000 0.000000
109.000000 0.000000
110.000000 0.000000
111.000000 0.000000
112.000000 0.000000
113.000000 0.000000
114.000000 0.000000
115.000000 0.000000
116.000000 0.000000
117.000000 0.000000
118.000000 0.000000
119.000000 0.000000
120.000000 0.000000
121.000000 0.000000
122.000000 0.000000
123.000000 0.000000
124.000000 0.000000
125.000000 0.000000
126.000000 0.000000
127.000000 0.000000
128.000000 0.000000
129.000000 0.000000
130.000000 0.000000
131.000000 0.000000
132.000000 0.000000
133.000000 0.000000
134.000000 0.000000
135.000000 0.000000
136.000000 0.000000
137.000000 0.000000
138.000000 0.000000
139.000000 0.000000
140.000000 0.000000
141.000000 0.000000
142.000000 0.000000
143.000000 0.000000
144.000000 0.000000
145.000000 0.000000
146.000000 0.000000
147.000000 0.000000
148.000000 0.000000
149.000000 0.000000
150.000000 0.000000
151.000000 0.000000
152.000000 0.000000
153.000000 0.000000
154.000000 0.000000
155.000000 0.000000
156.000000 0.000000
157.000000 0.000000
158.000000 0.000000
159.000000 0.000000
160.000000 0.000000
161.000000 0.000000
162.000000 0.000000
163.000000 0.000000
164.000000 0.000000
165.000000 0.000000
166.000000 0.000000
167.000000 0.000000
168.000000 0.000000
169.000000 0.000000
170.000000 0.000000
171.000000 0.000001
172.000000 0.000001
173.000000 0.000001
174.000000 0.000001
175.000000 0.000001
176.000000 0.000001
177.000000 0.000001
178.000000 0.000001
179.000000 0.000001
180.000000 0.000001
181.000000 0.000001
182.000000 0.000001
183.000000 0.000001
184.000000 0.000001
185.000000 0.000001
186.000000 0.000001
187.000000 0.000001
188.000000 0.000001
189.000000 0.000001
190.000000 0.000001
191.000000 0.000001
192.000000 0.000001
193.000000 0.000001
194.000000 0.000001
195.000000 0.000001
196.000000 0.000001
197.000000 0.000001
198.000000 0.000002
199.000000 0.000002
200.000000 0.000002
201.000000 0.000002
202.000000 0.000002
203.000000 0.000002
204.000000 0.000002
205.000000 0.000002
206.000000 0.000002
207.000000 0.000002
208.000000 0.000002
209.000000 0.000002
210.000000 0.000002
211.000000 0.000002
212.000000 0.000002
213.000000 0.000003
214.000000 0.000003
215.000000 0.000003
216.000000 0.000003
217.000000 0.000003
218.000000 0.000003
219.000000 0.000003
220.000000 0.000003
221.000000 0.000003
222.000000 0.000003
223.000000 0.000003
224.000000 0.000004
225.000000 0.000004
226.000000 0.000004
227.000000 0.000004
228.000000 0.000004
229.000000 0.000004
230.000000 0.000004
231.000000 0.000004
232.000000 0.000004
233.000000 0.000005
234.000000 0.000005
235.000000 0.000005
236.000000 0.000005
237.000000 0.000005
238.000000 0.000005
239.000000 0.000005
240.000000 0.000006
241.000000 0.000006
242.000000 0.000006
243.000000 0.000006
244.000000 0.000006
245.000000 0.000006
246.000000 0.000007
247.000000 0.000007
248.000000 0.000007
249.000000 0.000007
250.000000 0.000007
251.000000 0.000008
252.000000 0.000008
253.000000 0.000008
254.000000 0.000008
255.000000 0.000008
256.000000 0.000009
257.000000 0.000009
258.000000 0.000009
259.000000 0.000009
260.000000 0.000010
261.000000 0.000010
262.000000 0.000010
263.000000 0.000010
264.000000 0.000010
265.000000 0.000011
266.000000 0.000011
267.000000 0.000011
268.000000 0.000012
269.000000 0.000012
270.000000 0.000012
271.000000 0.000012
272.000000 0.000013
273.000000 0.000013
274.000000 0.000013
275.000000 0.000013
276.000000 0.000014
277.000000 0.000014
278.000000 0.000014
279.000000 0.000015
280.000000 0.000015
281.000000 0.000015
282.000000 0.000016
283.000000 0.000016
284.000000 0.000016
285.000000 0.000017
286.000000 0.000017
287.000000 0.000018
288.000000 0.000018
289.000000 0.000018
290.000000 0.000019
291.000000 0.000019
292.000000 0.000020
293.000000 0.000020
294.000000 0.000020
295.000000 0.000021
296.000000 0.000021
297.000000 0.000022
298.000000 0.000022
299.000000 0.000022
300.000000 0.000023
301.000000 0.000023
302.000000 0.000024
303.000000 0.000024
304.000000 0.000025
305.000000 0.000025
306.000000 0.000026
307.000000 0.000026
308.000000 0.000026
309.000000 0.000027
310.000000 0.000028
311.000000 0.000028
312.000000 0.000029
313.000000 0.000029
314.000000 0.000030
315.000000 0.000030
316.000000 0.000031
317.000000 0.000031
318.000000 0.000032
319.000000 0.000032
320.000000 0.000033
321.000000 0.000034
322.000000 0.000034
323.000000 0.000035
324.000000 0.000035
325.000000 0.000036
326.000000 0.000037
327.000000 0.000037
328.000000 0.000038
329.000000 0.000039
330.000000 0.000039
331.000000 0.000040
332.000000 0.000040
333.000000 0.000041
334.000000 0.000042
335.000000 0.000043
336.000000 0.000043
337.000000 0.000044
338.000000 0.000045
339.000000 0.000045
340.000000 0.000047
341.000000 0.000047
342.000000 0.000048
343.000000 0.000049
344.000000 0.000049
345.000000 0.000050
346.000000 0.000051
347.000000 0.000052
348.000000 0.000052
349.000000 0.000053
350.000000 0.000054
351.000000 0.000055
352.000000 0.000056
353.000000 0.000057
354.000000 0.000058
355.000000 0.000058
356.000000 0.000059
357.000000 0.000060
358.000000 0.000061
359.000000 0.000062
360.000000 0.000063
361.000000 0.000064
362.000000 0.000065
363.000000 0.000066
364.000000 0.000066
365.000000 0.000068
366.000000 0.000069
367.000000 0.000070
368.000000 0.000070
369.000000 0.000072
370.000000 0.000072
371.000000 0.000074
372.000000 0.000075
373.000000 0.000076
374.000000 0.000077
375.000000 0.000078
376.000000 0.000079
377.000000 0.000080
378.000000 0.000081
379.000000 0.000082
380.000000 0.000083
381.000000 0.000084
382.000000 0.000085
383.000000 0.000086
384.000000 0.000088
385.000000 0.000089
386.000000 0.000090
387.000000 0.000091
388.000000 0.000092
389.000000 0.000093
390.000000 0.000095
391.000000 0.000096
392.000000 0.000098
393.000000 0.000098
394.000000 0.000100
395.000000 0.000101
396.000000 0.000102
397.000000 0.000104
398.000000 0.000105
399.000000 0.000106
400.000000 0.000107
401.000000 0.000109
402.000000 0.000110
403.000000 0.000112
404.000000 0.000113
405.000000 0.000114
406.000000 0.000115
407.000000 0.000117
408.000000 0.000118
409.000000 0.000120
410.000000 0.000121
411.000000 0.000123
412.000000 0.000124
413.000000 0.000125
414.000000 0.000127
415.000000 0.000128
416.000000 0.000130
417.000000 0.000131
418.000000 0.000132
419.000000 0.000134
420.000000 0.000136
421.000000 0.000137
422.000000 0.000139
423.000000 0.000141
424.000000 0.000142
425.000000 0.000143
426.000000 0.000145
427.000000 0.000147
428.000000 0.000149
429.000000 0.000150
430.000000 0.000151
431.000000 0.000153
432.000000 0.000155
433.000000 0.000157
434.000000 0.000158
435.000000 0.000160
436.000000 0.000162
437.000000 0.000163
438.000000 0.000165
439.000000 0.000167
440.000000 0.000168
441.000000 0.000170
442.000000 0.000172
443.000000 0.000173
444.000000 0.000175
445.000000 0.000177
446.000000 0.000179
447.000000 0.000181
448.000000 0.000183
449.000000 0.000184
450.000000 0.000186
451.000000 0.000188
452.000000 0.000190
453.000000 0.000192
454.000000 0.000194
455.000000 0.000195
456.000000 0.000197
457.000000 0.000200
458.000000 0.000202
459.000000 0.000203
460.000000 0.000205
461.000000 0.000207
462.000000 0.000209
463.000000 0.000211
464.000000 0.000213
465.000000 0.000215
466.000000 0.000217
467.000000 0.000219
468.000000 0.000221
469.000000 0.000223
470.000000 0.000225
471.000000 0.000227
472.000000 0.000229
473.000000 0.000231
474.000000 0.000233
475.000000 0.000235
476.000000 0.000238
477.000000 0.000240
478.000000 0.000242
479.000000 0.000244
480.000000 0.000246
481.000000 0.000247
482.000000 0.000250
483.000000 0.000253
484.000000 0.000255
485.000000 0.000257
486.000000 0.000259
487.000000 0.000261
488.000000 0.000263
489.000000 0.000266
490.000000 0.000268
491.000000 0.000270
492.000000 0.000272
493.000000 0.000274
494.000000 0.000277
495.000000 0.000279
496.000000 0.000282
497.000000 0.000284
498.000000 0.000286
499.000000 0.000288
500.000000 0.000290
501.000000 0.000293
502.000000 0.000295
503.000000 0.000297
504.000000 0.000300
505.000000 0.000302
506.000000 0.000304
507.000000 0.000307
508.000000 0.000310
509.000000 0.000312
510.000000 0.000314
511.000000 0.000316
512.000000 0.000319
513.000000 0.000322
514.000000 0.000324
515.000000 0.000327
516.000000 0.000329
517.000000 0.000330
518.000000 0.000333
519.000000 0.000336
520.000000 0.000339
521.000000 0.000341
522.000000 0.000343
523.000000 0.000345
524.000000 0.000348
525.000000 0.000351
526.000000 0.000354
527.000000 0.000357
528.000000 0.000359
529.000000 0.000361
530.000000 0.000363
531.000000 0.000366
532.000000 0.000369
533.000000 0.000372
534.000000 0.000374
535.000000 0.000376
536.000000 0.000379
537.000000 0.000382
538.000000 0.000385
539.000000 0.000388
540.000000 0.000390
541.000000 0.000392
542.000000 0.000394
543.000000 0.000397
544.000000 0.000401
545.000000 0.000404
546.000000 0.000406
547.000000 0.000408
548.000000 0.000410
549.000000 0.000413
550.000000 0.000416
551.000000 0.000420
552.000000 0.000422
553.000000 0.000425
554.000000 0.000426
555.000000 0.000429
556.000000 0.000432
557.000000 0.000436
558.000000 0.000439
559.000000 0.000441
560.000000 0.000443
561.000000 0.000446
562.000000 0.000449
563.000000 0.000452
564.000000 0.000455
565.000000 0.000458
566.000000 0.000459
567.000000 0.000462
568.000000 0.000465
569.000000 0.000469
570.000000 0.000472
571.000000 0.000475
572.000000 0.000477
573.000000 0.000478
574.000000 0.000482
575.000000 0.000486
576.000000 0.000489
577.000000 0.000492
578.000000 0.000494
579.000000 0.000495
580.000000 0.000499
581.000000 0.000502
582.000000 0.000506
583.000000 0.000509
584.000000 0.000512
585.000000 0.000513
586.000000 0.000516
587.000000 0.000519
588.000000 0.000523
589.000000 0.000526
590.000000 0.000529
591.000000 0.000531
592.000000 0.000533
593.000000 0.000536
594.000000 0.000540
595.000000 0.000544
596.000000 0.000546
597.000000 0.000548
598.000000 0.000550
599.000000 0.000553
600.000000 0.000557
601.000000 0.000561
602.000000 0.000564
603.000000 0.000567
604.000000 0.000568
605.000000 0.000571
606.000000 0.000574
607.000000 0.000579
608.000000 0.000582
609.000000 0.000584
610.000000 0.000586
611.000000 0.000588
612.000000 0.000592
613.000000 0.000597
614.000000 0.000599
615.000000 0.000602
616.000000 0.000604
617.000000 0.000606
618.000000 0.000609
619.000000 0.000614
620.000000 0.000617
621.000000 0.000620
622.000000 0.000623
623.000000 0.000624
624.000000 0.000627
625.000000 0.000631
626.000000 0.000635
627.000000 0.000638
628.000000 0.000641
629.000000 0.000642
630.000000 0.000645
631.000000 0.000648
632.000000 0.000653
633.000000 0.000656
634.000000 0.000659
635.000000 0.000661
636.000000 0.000663
637.000000 0.000666
638.000000 0.000671
639.000000 0.000674
640.000000 0.000677
641.000000 0.000680
642.000000 0.000681
643.000000 0.000684
644.000000 0.000688
645.000000 0.000692
646.000000 0.000695
647.000000 0.000698
648.000000 0.000699
649.000000 0.000701
650.000000 0.000706
651.000000 0.000710
652.000000 0.000713
653.000000 0.000716
654.000000 0.000718
655.000000 0.000720
656.000000 0.000723
657.000000 0.000728
658.000000 0.000731
659.000000 0.000734
660.000000 0.000737
661.000000 0.000738
662.000000 0.000741
663.000000 0.000745
664.000000 0.000749
665.000000 0.000752
666.000000 0.000755
667.000000 0.000756
668.000000 0.000759
669.000000 0.000763
670.000000 0.000767
671.000000 0.000770
672.000000 0.000773
673.000000 0.000775
674.000000 0.000777
675.000000 0.000781
676.000000 0.000784
677.000000 0.000788
678.000000 0.000791
679.000000 0.000794
680.000000 0.000794
681.000000 0.000799
682.000000 0.000803
683.000000 0.000806
684.000000 0.000809
685.000000 0.000812
686.000000 0.000813
687.000000 0.000816
688.000000 0.000820
689.000000 0.000824
690.000000 0.000827
691.000000 0.000829
692.000000 0.000831
693.000000 0.000833
694.000000 0.000838
695.000000 0.000841
696.000000 0.000845
697.000000 0.000847
698.000000 0.000850
699.000000 0.000851
700.000000 0.000855
701.000000 0.000859
702.000000 0.000863
703.000000 0.000865
704.000000 0.000868
705.000000 0.000869
706.000000 0.000873
707.000000 0.000876
708.000000 0.000881
709.000000 0.000883
710.000000 0.000885
711.000000 0.000887
712.000000 0.000890
713.000000 0.000895
714.000000 0.000897
715.000000 0.000901
716.000000 0.000903
717.000000 0.000906
718.000000 0.000907
719.000000 0.000912
720.000000 0.000914
721.000000 0.000919
722.000000 0.000920
723.000000 0.000923
724.000000 0.000924
725.000000 0.000929
726.000000 0.000931
727.000000 0.000936
728.000000 0.000938
729.000000 0.000940
730.000000 0.000943
731.000000 0.000945
732.000000 0.000949
733.000000 0.000952
734.000000 0.000956
735.000000 0.000957
736.000000 0.000961
737.000000 0.000962
738.000000 0.000966
739.000000 0.000968
740.000000 0.000973
741.000000 0.000974
742.000000 0.000977
743.000000 0.000979
744.000000 0.000983
745.000000 0.000985
746.000000 0.000990
747.000000 0.000991
748.000000 0.000994
749.000000 0.000996
750.000000 0.000999
751.000000 0.001003
752.000000 0.001005
753.000000 0.001009
754.000000 0.001010
755.000000 0.001014
756.000000 0.001015
757.000000 0.001019
758.000000 0.001021
759.000000 0.001026
760.000000 0.001027
761.000000 0.001030
762.000000 0.001031
763.000000 0.001036
764.000000 0.001038
765.000000 0.001042
766.000000 0.001043
767.000000 0.001046
768.000000 0.001049
769.000000 0.001050
770.000000 0.001054
771.000000 0.001057
772.000000 0.001060
773.000000 0.001061
774.000000 0.001066
775.000000 0.001067
776.000000 0.001070
777.000000 0.001072
778.000000 0.001076
779.000000 0.001077
780.000000 0.001081
781.000000 0.001082
782.000000 0.001086
783.000000 0.001088
784.000000 0.001091
785.000000 0.001093
786.000000 0.001095
787.000000 0.001099
788.000000 0.001100
789.000000 0.001104
790.000000 0.001105
791.000000 0.001110
792.000000 0.001110
793.000000 0.001115
794.000000 0.001115
795.000000 0.001119
796.000000 0.001120
797.000000 0.001124
798.000000 0.001125
799.000000 0.001130
800.000000 0.001130
801.000000 0.001133
802.000000 0.001135
803.000000 0.001138
804.000000 0.001141
805.000000 0.001143
806.000000 0.001147
807.000000 0.001147
808.000000 0.001151
809.000000 0.001151
810.000000 0.001156
811.000000 0.001156
812.000000 0.001162
813.000000 0.001161
814.000000 0.001165
815.000000 0.001165
816.000000 0.001170
817.000000 0.001170
818.000000 0.001175
819.000000 0.001175
820.000000 0.001178
821.000000 0.001179
822.000000 0.001183
823.000000 0.001185
824.000000 0.001188
825.000000 0.001190
826.000000 0.001191
827.000000 0.001195
828.000000 0.001194
829.000000 0.001200
830.000000 0.001200
831.000000 0.001205
832.000000 0.001204
833.000000 0.001208
834.000000 0.001207
835.000000 0.001212
836.000000 0.001212
837.000000 0.001218
838.000000 0.001217
839.000000 0.001220
840.000000 0.001220
841.000000 0.001224
842.000000 0.001226
843.000000 0.001229
844.000000 0.001230
845.000000 0.001231
846.000000 0.001234
847.000000 0.001235
848.000000 0.001239
849.000000 0.001240
850.000000 0.001244
851.000000 0.001243
852.000000 0.001246
853.000000 0.001247
854.000000 0.001251
855.000000 0.001252
856.000000 0.001256
857.000000 0.001255
858.000000 0.001258
859.000000 0.001258
860.000000 0.001261
861.000000 0.001264
862.000000 0.001266
863.000000 0.001268
864.000000 0.001268
865.000000 0.001270
866.000000 0.001271
867.000000 0.001275
868.000000 0.001277
869.000000 0.001279
870.000000 0.001279
871.000000 0.001281
872.000000 0.001282
873.000000 0.001286
874.000000 0.001287
875.000000 0.001290
876.000000 0.001290
877.000000 0.001291
878.000000 0.001293
879.000000 0.001295
880.000000 0.001298
881.000000 0.001299
882.000000 0.001301
883.000000 0.001300
884.000000 0.001304
885.000000 0.001304
886.000000 0.001308
887.000000 0.001308
888.000000 0.001311
889.000000 0.001310
890.000000 0.001312
891.000000 0.001313
892.000000 0.001317
893.000000 0.001318
894.000000 0.001320
895.000000 0.001320
896.000000 0.001321
897.000000 0.001323
898.000000 0.001324
899.000000 0.001327
900.000000 0.001327
901.000000 0.001330
902.000000 0.001328
903.000000 0.001332
904.000000 0.001331
905.000000 0.001336
906.000000 0.001335
907.000000 0.001339
908.000000 0.001337
909.000000 0.001340
910.000000 0.001340
911.000000 0.001343
912.000000 0.001343
913.000000 0.001345
914.000000 0.001345
915.000000 0.001347
916.000000 0.001348
917.000000 0.001349
918.000000 0.001352
919.000000 0.001352
920.000000 0.001354
921.000000 0.001352
922.000000 0.001356
923.000000 0.001354
924.000000 0.001359
925.000000 0.001357
926.000000 0.001361
927.000000 0.001359
928.000000 0.001362
929.000000 0.001362
930.000000 0.001365
931.000000 0.001365
932.000000 0.001367
933.000000 0.001366
934.000000 0.001367
935.000000 0.001369
936.000000 0.001368
937.000000 0.001371
938.000000 0.001371
939.000000 0.001372
940.000000 0.001371
941.000000 0.001375
942.000000 0.001373
943.000000 0.001377
944.000000 0.001375
945.000000 0.001379
946.000000 0.001376
947.000000 0.001379
948.000000 0.001379
949.000000 0.001381
950.000000 0.001381
951.000000 0.001383
952.000000 0.001382
953.000000 0.001383
954.000000 0.001384
955.000000 0.001383
956.000000 0.001386
957.000000 0.001386
958.000000 0.001387
959.000000 0.001385
960.000000 0.001389
961.000000 0.001386
962.000000 0.001390
963.000000 0.001388
964.000000 0.001391
965.000000 0.001389
966.000000 0.001392
967.000000 0.001391
968.000000 0.001392
969.000000 0.001392
970.000000 0.001393
971.000000 0.001393
972.000000 0.001393
973.000000 0.001395
974.000000 0.001393
975.000000 0.001396
976.000000 0.001394
977.000000 0.001396
978.000000 0.001394
979.000000 0.001398
980.000000 0.001394
981.000000 0.001399
982.000000 0.001396
983.000000 0.001398
984.000000 0.001396
985.000000 0.001399
986.000000 0.001397
987.000000 0.001399
988.000000 0.001399
989.000000 0.001398
990.000000 0.001399
991.000000 0.001398
992.000000 0.001400
993.000000 0.001397
994.000000 0.001400
995.000000 0.001398
996.000000 0.001400
997.000000 0.001398
998.000000 0.001401
999.000000 0.001397
1000.000000 0.001401
1001.000000 0.001398
1002.000000 0.001401
1003.000000 0.001398
1004.000000 0.001401
1005.000000 0.001398
1006.000000 0.001400
1007.000000 0.001399
1008.000000 0.001399
1009.000000 0.001399
1010.000000 0.001398
1011.000000 0.001400
1012.000000 0.001397
1013.000000 0.001400
1014.000000 0.001397
1015.000000 0.001399
1016.000000 0.001397
1017.000000 0.001399
1018.000000 0.001395
1019.000000 0.001399
1020.000000 0.001395
1021.000000 0.001398
1022.000000 0.001395
1023.000000 0.001397
1024.000000 0.001394
1025.000000 0.001396
1026.000000 0.001395
1027.000000 0.001394
1028.000000 0.001394
1029.000000 0.001394
1030.000000 0.001393
1031.000000 0.001392
1032.000000 0.001392
1033.000000 0.001392
1034.000000 0.001391
1035.000000 0.001390
1036.000000 0.001391
1037.000000 0.001388
1038.000000 0.001390
1039.000000 0.001388
1040.000000 0.001389
1041.000000 0.001386
1042.000000 0.001389
1043.000000 0.001385
1044.000000 0.001386
1045.000000 0.001385
1046.000000 0.001384
1047.000000 0.001384
1048.000000 0.001383
1049.000000 0.001383
1050.000000 0.001381
1051.000000 0.001381
1052.000000 0.001380
1053.000000 0.001380
1054.000000 0.001379
1055.000000 0.001378
1056.000000 0.001376
1057.000000 0.001376
1058.000000 0.001376
1059.000000 0.001375
1060.000000 0.001374
1061.000000 0.001373
1062.000000 0.001372
1063.000000 0.001370
1064.000000 0.001372
1065.000000 0.001368
1066.000000 0.001369
1067.000000 0.001367
1068.000000 0.001368
1069.000000 0.001364
1070.000000 0.001366
1071.000000 0.001363
1072.000000 0.001363
1073.000000 0.001362
1074.000000 0.001361
1075.000000 0.001359
1076.000000 0.001358
1077.000000 0.001357
1078.000000 0.001356
1079.000000 0.001355
1080.000000 0.001354
1081.000000 0.001353
1082.000000 0.001350
1083.000000 0.001352
1084.000000 0.001348
1085.000000 0.001349
1086.000000 0.001346
1087.000000 0.001348
1088.000000 0.001342
1089.000000 0.001345
1090.000000 0.001341
1091.000000 0.001342
1092.000000 0.001339
1093.000000 0.001340
1094.000000 0.001334
1095.000000 0.001337
1096.000000 0.001333
1097.000000 0.001334
1098.000000 0.001331
1099.000000 0.001331
1100.000000 0.001328
1101.000000 0.001327
1102.000000 0.001326
1103.000000 0.001323
1104.000000 0.001325
1105.000000 0.001321
1106.000000 0.001322
1107.000000 0.001316
1108.000000 0.001318
1109.000000 0.001315
1110.000000 0.001315
1111.000000 0.001312
1112.000000 0.001313
1113.000000 0.001307
1114.000000 0.001309
1115.000000 0.001305
1116.000000 0.001306
1117.000000 0.001302
1118.000000 0.001304
1119.000000 0.001299
1120.000000 0.001299
1121.000000 0.001297
1122.000000 0.001296
1123.000000 0.001293
1124.000000 0.001293
1125.000000 0.001290
1126.000000 0.001288
1127.000000 0.001286
1128.000000 0.001285
1129.000000 0.001284
1130.000000 0.001282
1131.000000 0.001280
1132.000000 0.001277
1133.000000 0.001277
1134.000000 0.001273
1135.000000 0.001274
1136.000000 0.001270
1137.000000 0.001271
1138.000000 0.001266
1139.000000 0.001266
1140.000000 0.001263
1141.000000 0.001262
1142.000000 0.001260
1143.000000 0.001259
1144.000000 0.001255
1145.000000 0.001254
1146.000000 0.001252
1147.000000 0.001250
1148.000000 0.001248
1149.000000 0.001247
1150.000000 0.001244
1151.000000 0.001242
1152.000000 0.001240
1153.000000 0.001239
1154.000000 0.001236
1155.000000 0.001235
1156.000000 0.001232
1157.000000 0.001230
1158.000000 0.001228
1159.000000 0.001226
1160.000000 0.001225
1161.000000 0.001222
1162.000000 0.001220
1163.000000 0.001217
1164.000000 0.001215
1165.000000 0.001212
1166.000000 0.001212
1167.000000 0.001209
1168.000000 0.001208
1169.000000 0.001204
1170.000000 0.001202
1171.000000 0.001200
1172.000000 0.001199
1173.000000 0.001196
1174.000000 0.001195
1175.000000 0.001191
1176.000000 0.001189
1177.000000 0.001187
1178.000000 0.001185
1179.000000 0.001183
1180.000000 0.001181
1181.000000 0.001178
1182.000000 0.001176
1183.000000 0.001173
1184.000000 0.001171
1185.000000 0.001169
1186.000000 0.001167
1187.000000 0.001164
1188.000000 0.001162
1189.000000 0.001159
1190.000000 0.001156
1191.000000 0.001156
1192.000000 0.001153
1193.000000 0.001150
1194.000000 0.001147
1195.000000 0.001145
1196.000000 0.001142
1197.000000 0.001142
1198.000000 0.001138
1199.000000 0.001137
1200.000000 0.001133
1201.000000 0.001131
1202.000000 0.001128
1203.000000 0.001126
1204.000000 0.001123
1205.000000 0.001122
1206.000000 0.001118
1207.000000 0.001116
1208.000000 0.001113
1209.000000 0.001111
1210.000000 0.001108
1211.000000 0.001107
1212.000000 0.001103
1213.000000 0.001101
1214.000000 0.001098
1215.000000 0.001096
1216.000000 0.001093
1217.000000 0.001092
1218.000000 0.001088
1219.000000 0.001085
1220.000000 0.001083
1221.000000 0.001079
1222.000000 0.001079
1223.000000 0.001075
1224.000000 0.001073
1225.000000 0.001069
1226.000000 0.001067
1227.000000 0.001063
1228.000000 0.001063
1229.000000 0.001059
1230.000000 0.001058
1231.000000 0.001053
1232.000000 0.001051
1233.000000 0.001048
1234.000000 0.001046
1235.000000 0.001043
1236.000000 0.001042
1237.000000 0.001037
1238.000000 0.001035
1239.000000 0.001032
1240.000000 0.001030
1241.000000 0.001027
1242.000000 0.001026
1243.000000 0.001021
1244.000000 0.001018
1245.000000 0.001016
1246.000000 0.001013
1247.000000 0.001011
1248.000000 0.001008
1249.000000 0.001005
1250.000000 0.001002
1251.000000 0.001000
1252.000000 0.000996
1253.000000 0.000995
1254.000000 0.000991
1255.000000 0.000989
1256.000000 0.000985
1257.000000 0.000983
1258.000000 0.000979
1259.000000 0.000978
1260.000000 0.000974
1261.000000 0.000973
1262.000000 0.000968
1263.000000 0.000965
1264.000000 0.000963
1265.000000 0.000960
1266.000000 0.000957
1267.000000 0.000955
1268.000000 0.000952
1269.000000 0.000948
1270.000000 0.000946
1271.000000 0.000943
1272.000000 0.000940
1273.000000 0.000938
1274.000000 0.000934
1275.000000 0.000931
1276.000000 0.000929
1277.000000 0.000926
1278.000000 0.000923
1279.000000 0.000921
1280.000000 0.000917
1281.000000 0.000914
1282.000000 0.000911
1283.000000 0.000908
1284.000000 0.000906
1285.000000 0.000903
1286.000000 0.000900
1287.000000 0.000897
1288.000000 0.000893
1289.000000 0.000890
1290.000000 0.000889
1291.000000 0.000885
1292.000000 0.000883
1293.000000 0.000879
1294.000000 0.000876
1295.000000 0.000873
1296.000000 0.000870
1297.000000 0.000868
1298.000000 0.000865
1299.000000 0.000861
1300.000000 0.000858
1301.000000 0.000855
1302.000000 0.000853
1303.000000 0.000850
1304.000000 0.000847
1305.000000 0.000843
1306.000000 0.000841
1307.000000 0.000838
1308.000000 0.000835
1309.000000 0.000832
1310.000000 0.000830
1311.000000 0.000826
1312.000000 0.000823
1313.000000 0.000820
1314.000000 0.000816
1315.000000 0.000815
1316.000000 0.000811
1317.000000 0.000809
1318.000000 0.000805
1319.000000 0.000802
1320.000000 0.000798
1321.000000 0.000797
1322.000000 0.000793
1323.000000 0.000791
1324.000000 0.000787
1325.000000 0.000784
1326.000000 0.000781
1327.000000 0.000778
1328.000000 0.000775
1329.000000 0.000773
1330.000000 0.000769
1331.000000 0.000766
1332.000000 0.000763
1333.000000 0.000760
1334.000000 0.000757
1335.000000 0.000754
1336.000000 0.000751
1337.000000 0.000748
1338.000000 0.000745
1339.000000 0.000742
1340.000000 0.000739
1341.000000 0.000736
1342.000000 0.000733
1343.000000 0.000730
1344.000000 0.000727
1345.000000 0.000723
1346.000000 0.000722
1347.000000 0.000718
1348.000000 0.000716
1349.000000 0.000712
1350.000000 0.000709
1351.000000 0.000705
1352.000000 0.000704
1353.000000 0.000700
1354.000000 0.000697
1355.000000 0.000694
1356.000000 0.000691
1357.000000 0.000688
1358.000000 0.000685
1359.000000 0.000682
1360.000000 0.000679
1361.000000 0.000676
1362.000000 0.000672
1363.000000 0.000670
1364.000000 0.000667
1365.000000 0.000664
1366.000000 0.000661
1367.000000 0.000658
1368.000000 0.000655
1369.000000 0.000652
1370.000000 0.000649
1371.000000 0.000646
1372.000000 0.000643
1373.000000 0.000640
1374.000000 0.000637
1375.000000 0.000634
1376.000000 0.000630
1377.000000 0.000628
1378.000000 0.000625
1379.000000 0.000622
1380.000000 0.000620
1381.000000 0.000616
1382.000000 0.000613
1383.000000 0.000610
1384.000000 0.000607
1385.000000 0.000604
1386.000000 0.000602
1387.000000 0.000598
1388.000000 0.000596
1389.000000 0.000592
1390.000000 0.000590
1391.000000 0.000586
1392.000000 0.000584
1393.000000 0.000581
1394.000000 0.000578
1395.000000 0.000575
1396.000000 0.000572
1397.000000 0.000569
1398.000000 0.000565
1399.000000 0.000563
1400.000000 0.000560
1401.000000 0.000557
1402.000000 0.000554
1403.000000 0.000552
1404.000000 0.000548
1405.000000 0.000546
1406.000000 0.000542
1407.000000 0.000539
1408.000000 0.000537
1409.000000 0.000534
1410.000000 0.000531
1411.000000 0.000528
1412.000000 0.000525
1413.000000 0.000522
1414.000000 0.000520
1415.000000 0.000516
1416.000000 0.000514
1417.000000 0.000510
1418.000000 0.000508
1419.000000 0.000505
1420.000000 0.000502
1421.000000 0.000499
1422.000000 0.000497
1423.000000 0.000493
1424.000000 0.000491
1425.000000 0.000488
1426.000000 0.000485
1427.000000 0.000482
1428.000000 0.000480
1429.000000 0.000476
1430.000000 0.000474
1431.000000 0.000471
1432.000000 0.000468
1433.000000 0.000465
1434.000000 0.000463
1435.000000 0.000460
1436.000000 0.000457
1437.000000 0.000455
1438.000000 0.000451
1439.000000 0.000449
1440.000000 0.000446
1441.000000 0.000444
1442.000000 0.000440
1443.000000 0.000438
1444.000000 0.000435
1445.000000 0.000433
1446.000000 0.000430
1447.000000 0.000427
1448.000000 0.000424
1449.000000 0.000422
1450.000000 0.000419
1451.000000 0.000416
1452.000000 0.000413
1453.000000 0.000411
1454.000000 0.000408
1455.000000 0.000405
1456.000000 0.000403
1457.000000 0.000400
1458.000000 0.000398
1459.000000 0.000395
1460.000000 0.000392
1461.000000 0.000389
1462.000000 0.000387
1463.000000 0.000384
1464.000000 0.000382
1465.000000 0.000379
1466.000000 0.000377
1467.000000 0.000374
1468.000000 0.000371
1469.000000 0.000369
1470.000000 0.000367
1471.000000 0.000364
1472.000000 0.000361
1473.000000 0.000359
1474.000000 0.000356
1475.000000 0.000354
1476.000000 0.000351
1477.000000 0.000349
1478.000000 0.000346
1479.000000 0.000343
1480.000000 0.000341
1481.000000 0.000339
1482.000000 0.000336
1483.000000 0.000334
1484.000000 0.000331
1485.000000 0.000329
1486.000000 0.000326
1487.000000 0.000324
1488.000000 0.000321
1489.000000 0.000319
1490.000000 0.000316
1491.000000 0.000314
1492.000000 0.000312
1493.000000 0.000309
1494.000000 0.000307
1495.000000 0.000304
1496.000000 0.000302
1497.000000 0.000299
1498.000000 0.000297
1499.000000 0.000295
1500.000000 0.000293
1501.000000 0.000290
1502.000000 0.000288
1503.000000 0.000286
1504.000000 0.000283
1505.000000 0.000281
1506.000000 0.000279
1507.000000 0.000277
1508.000000 0.000275
1509.000000 0.000272
1510.000000 0.000270
1511.000000 0.000268
1512.000000 0.000265
1513.000000 0.000264
1514.000000 0.000261
1515.000000 0.000259
1516.000000 0.000256
1517.000000 0.000254
1518.000000 0.000252
1519.000000 0.000250
1520.000000 0.000248
1521.000000 0.000246
1522.000000 0.000244
1523.000000 0.000242
1524.000000 0.000239
1525.000000 0.000237
1526.000000 0.000235
1527.000000 0.000234
1528.000000 0.000231
1529.000000 0.000229
1530.000000 0.000227
1531.000000 0.000225
1532.000000 0.000223
1533.000000 0.000221
1534.000000 0.000219
1535.000000 0.000217
1536.000000 0.000215
1537.000000 0.000213
1538.000000 0.000211
1539.000000 0.000209
1540.000000 0.000207
1541.000000 0.000205
1542.000000 0.000203
1543.000000 0.000201
1544.000000 0.000199
1545.000000 0.000198
1546.000000 0.000196
1547.000000 0.000193
1548.000000 0.000192
1549.000000 0.000190
1550.000000 0.000188
1551.000000 0.000186
1552.000000 0.000185
1553.000000 0.000183
1554.000000 0.000181
1555.000000 0.000179
1556.000000 0.000177
1557.000000 0.000176
1558.000000 0.000174
1559.000000 0.000172
1560.000000 0.000170
1561.000000 0.000168
1562.000000 0.000167
1563.000000 0.000165
1564.000000 0.000163
1565.000000 0.000162
1566.000000 0.000160
1567.000000 0.000158
1568.000000 0.000156
1569.000000 0.000155
1570.000000 0.000153
1571.000000 0.000152
1572.000000 0.000150
1573.000000 0.000148
1574.000000 0.000147
1575.000000 0.000145
1576.000000 0.000144
1577.000000 0.000142
1578.000000 0.000140
1579.000000 0.000139
1580.000000 0.000137
1581.000000 0.000136
1582.000000 0.000134
1583.000000 0.000133
1584.000000 0.000131
1585.000000 0.000130
1586.000000 0.000128
1587.000000 0.000127
1588.000000 0.000125
1589.000000 0.000124
1590.000000 0.000122
1591.000000 0.000121
1592.000000 0.000120
1593.000000 0.000118
1594.000000 0.000117
1595.000000 0.000116
1596.000000 0.000114
1597.000000 0.000113
1598.000000 0.000111
1599.000000 0.000110
1600.000000 0.000109
1601.000000 0.000108
1602.000000 0.000106
1603.000000 0.000105
1604.000000 0.000104
1605.000000 0.000102
1606.000000 0.000101
1607.000000 0.000100
1608.000000 0.000099
1609.000000 0.000097
1610.000000 0.000096
1611.000000 0.000095
1612.000000 0.000094
1613.000000 0.000092
1614.000000 0.000091
1615.000000 0.000090
1616.000000 0.000089
1617.000000 0.000088
1618.000000 0.000087
1619.000000 0.000085
1620.000000 0.000085
1621.000000 0.000083
1622.000000 0.000082
1623.000000 0.000081
1624.000000 0.000080
1625.000000 0.000079
1626.000000 0.000078
1627.000000 0.000077
1628.000000 0.000076
1629.000000 0.000075
1630.000000 0.000074
1631.000000 0.000073
1632.000000 0.000072
1633.000000 0.000071
1634.000000 0.000070
1635.000000 0.000069
1636.000000 0.000068
1637.000000 0.000067
1638.000000 0.000066
1639.000000 0.000065
1640.000000 0.000064
1641.000000 0.000063
1642.000000 0.000062
1643.000000 0.000061
1644.000000 0.000060
1645.000000 0.000059
1646.000000 0.000058
1647.000000 0.000058
1648.000000 0.000057
1649.000000 0.000056
1650.000000 0.000055
1651.000000 0.000054
1652.000000 0.000053
1653.000000 0.000053
1654.000000 0.000052
1655.000000 0.000051
1656.000000 0.000050
1657.000000 0.000049
1658.000000 0.000049
1659.000000 0.000048
1660.000000 0.000047
1661.000000 0.000046
1662.000000 0.000046
1663.000000 0.000045
1664.000000 0.000044
1665.000000 0.000043
1666.000000 0.000043
1667.000000 0.000042
1668.000000 0.000041
1669.000000 0.000041
1670.000000 0.000040
1671.000000 0.000039
1672.000000 0.000039
1673.000000 0.000038
1674.000000 0.000037
1675.000000 0.000037
1676.000000 0.000036
1677.000000 0.000035
1678.000000 0.000035
1679.000000 0.000034
1680.000000 0.000034
1681.000000 0.000033
1682.000000 0.000033
1683.000000 0.000032
1684.000000 0.000031
1685.000000 0.000031
1686.000000 0.000030
1687.000000 0.000030
1688.000000 0.000029
1689.000000 0.000029
1690.000000 0.000028
1691.000000 0.000028
1692.000000 0.000027
1693.000000 0.000027
1694.000000 0.000026
1695.000000 0.000026
1696.000000 0.000025
1697.000000 0.000025
1698.000000 0.000024
1699.000000 0.000024
1700.000000 0.000023
1701.000000 0.000023
1702.000000 0.000022
1703.000000 0.000022
1704.000000 0.000021
1705.000000 0.000021
1706.000000 0.000021
1707.000000 0.000020
1708.000000 0.000020
1709.000000 0.000019
1710.000000 0.000019
1711.000000 0.000019
1712.000000 0.000018
1713.000000 0.000018
1714.000000 0.000017
1715.000000 0.000017
1716.000000 0.000017
1717.000000 0.000016
1718.000000 0.000016
1719.000000 0.000016
1720.000000 0.000015
1721.000000 0.000015
1722.000000 0.000015
1723.000000 0.000014
1724.000000 0.000014
1725.000000 0.000014
1726.000000 0.000014
1727.000000 0.000013
1728.000000 0.000013
1729.000000 0.000013
1730.000000 0.000012
1731.000000 0.000012
1732.000000 0.000012
1733.000000 0.000011
1734.000000 0.000011
1735.000000 0.000011
1736.000000 0.000011
1737.000000 0.000010
1738.000000 0.000010
1739.000000 0.000010
1740.000000 0.000010
1741.000000 0.000010
1742.000000 0.000009
1743.000000 0.000009
1744.000000 0.000009
1745.000000 0.000009
1746.000000 0.000008
1747.000000 0.000008
1748.000000 0.000008
1749.000000 0.000008
1750.000000 0.000008
1751.000000 0.000007
1752.000000 0.000007
1753.000000 0.000007
1754.000000 0.000007
1755.000000 0.000007
1756.000000 0.000006
1757.000000 0.000006
1758.000000 0.000006
1759.000000 0.000006
1760.000000 0.000006
1761.000000 0.000006
1762.000000 0.000005
1763.000000 0.000005
1764.000000 0.000005
1765.000000 0.000005
1766.000000 0.000005
1767.000000 0.000005
1768.000000 0.000005
1769.000000 0.000005
1770.000000 0.000004
1771.000000 0.000004
1772.000000 0.000004
1773.000000 0.000004
1774.000000 0.000004
1775.000000 0.000004
1776.000000 0.000004
1777.000000 0.000004
1778.000000 0.000003
1779.000000 0.000003
1780.000000 0.000003
1781.000000 0.000003
1782.000000 0.000003
1783.000000 0.000003
1784.000000 0.000003
1785.000000 0.000003
1786.000000 0.000003
1787.000000 0.000003
1788.000000 0.000003
1789.000000 0.000002
1790.000000 0.000002
1791.000000 0.000002
1792.000000 0.000002
1793.000000 0.000002
1794.000000 0.000002
1795.000000 0.000002
1796.000000 0.000002
1797.000000 0.000002
1798.000000 0.000002
1799.000000 0.000002
1800.000000 0.000002
1801.000000 0.000002
1802.000000 0.000002
1803.000000 0.000002
1804.000000 0.000001
1805.000000 0.000001
1806.000000 0.000001
1807.000000 0.000001
1808.000000 0.000001
1809.000000 0.000001
1810.000000 0.000001
1811.000000 0.000001
1812.000000 0.000001
1813.000000 0.000001
1814.000000 0.000001
1815.000000 0.000001
1816.000000 0.000001
1817.000000 0.000001
1818.000000 0.000001
1819.000000 0.000001
1820.000000 0.000001
1821.000000 0.000001
1822.000000 0.000001
1823.000000 0.000001
1824.000000 0.000001
1825.000000 0.000001
1826.000000 0.000001
1827.000000 0.000001
1828.000000 0.000001
1829.000000 0.000001
1830.000000 0.000001
1831.000000 0.000000
1832.000000 0.000000
1833.000000 0.000000
1834.000000 0.000000
1835.000000 0.000000
1836.000000 0.000000
1837.000000 0.000000
1838.000000 0.000000
1839.000000 0.000000
1840.000000 0.000000
1841.000000 0.000000
1842.000000 0.000000
1843.000000 0.000000
1844.000000 0.000000
1845.000000 0.000000
1846.000000 0.000000
1847.000000 0.000000
1848.000000 0.000000
1849.000000 0.000000
1850.000000 0.000000
1851.000000 0.000000
1852.000000 0.000000
1853.000000 0.000000
1854.000000 0.000000
1855.000000 0.000000
1856.000000 0.000000
1857.000000 0.000000
1858.000000 0.000000
1859.000000 0.000000
1860.000000 0.000000
1861.000000 0.000000
1862.000000 0.000000
1863.000000 0.000000
1864.000000 0.000000
1865.000000 0.000000
1866.000000 0.000000
1867.000000 0.000000
1868.000000 0.000000
1869.000000 0.000000
1870.000000 0.000000
1871.000000 0.000000
1872.000000 0.000000
1873.000000 0.000000
1874.000000 0.000000
1875.000000 0.000000
1876.000000 0.000000
1877.000000 0.000000
1878.000000 0.000000
1879.000000 0.000000
1880.000000 0.000000
1881.000000 0.000000
1882.000000 0.000000
1883.000000 0.000000
1884.000000 0.000000
1885.000000 0.000000
1886.000000 0.000000
1887.000000 0.000000
1888.000000 0.000000
1889.000000 0.000000
1890.000000 0.000000
1891.000000 0.000000
1892.000000 0.000000
1893.000000 0.000000
1894.000000 0.000000
1895.000000 0.000000
1896.000000 0.000000
1897.000000 0.000000
1898.000000 0.000000
1899.000000 0.000000
1900.000000 0.000000
1901.000000 0.000000
1902.000000 0.000000
1903.000000 0.000000
1904.000000 0.000000
1905.000000 0.000000
1906.000000 0.000000
1907.000000 0.000000
1908.000000 0.000000
1909.000000 0.000000
1910.000000 0.000000
1911.000000 0.000000
1912.000000 0.000000
1913.000000 0.000000
1914.000000 0.000000
1915.000000 0.000000
1916.000000 0.000000
1917.000000 0.000000
1918.000000 0.000000
1919.000000 0.000000
1920.000000 0.000000
1921.000000 0.000000
1922.000000 0.000000
1923.000000 0.000000
1924.000000 0.000000
1925.000000 0.000000
1926.000000 0.000000
1927.000000 0.000000
1928.000000 0.000000
1929.000000 0.000000
1930.000000 0.000000
1931.000000 0.000000
1932.000000 0.000000
1933.000000 0.000000
1934.000000 0.000000
1935.000000 0.000000
1936.000000 0.000000
1937.000000 0.000000
1938.000000 0.000000
1939.000000 0.000000
1940.000000 0.000000
1941.000000 0.000000
1942.000000 0.000000
1943.000000 0.000000
1944.000000 0.000000
1945.000000 0.000000
1946.000000 0.000000
1947.000000 0.000000
1948.000000 0.000000
1949.000000 0.000000
1950.000000 0.000000
1951.000000 0.000000
1952.000000 0.000000
1953.000000 0.000000
1954.000000 0.000000
1955.000000 0.000000
1956.000000 0.000000
1957.000000 0.000000
1958.000000 0.000000
1959.000000 0.000000
1960.000000 0.000000
1961.000000 0.000000
1962.000000 0.000000
1963.000000 0.000000
1964.000000 0.000000
1965.000000 0.000000
1966.000000 0.000000
1967.000000 0.000000
1968.000000 0.000000
1969.000000 0.000000
1970.000000 0.000000
1971.000000 0.000000
1972.000000 0.000000
1973.000000 0.000000
1974.000000 0.000000
1975.000000 0.000000
1976.000000 0.000000
1977.000000 0.000000
1978.000000 0.000000
1979.000000 0.000000
1980.000000 0.000000
1981.000000 0.000000
1982.000000 0.000000
1983.000000 0.000000
1984.000000 0.000000
1985.000000 0.000000
1986.000000 0.000000
1987.000000 0.000000
1988.000000 0.000000
1989.000000 0.000000
1990.000000 0.000000
1991.000000 0.000000
1992.000000 0.000000
1993.000000 0.000000
1994.000000 0.000000
1995.000000 0.000000
1996.000000 0.000000
1997.000000 0.000000
1998.000000 0.000000
1999.000000 0.000000
2000.000000 0.000000
