n lam mean variance std
2000 0.390000 1000.493676 68335.963723 261.411484
bin_midpoint probability
1.000000 0.000000
2.000000 0.000000
3.000000 0.000000
4.000000 0.000000
5.000000 0.000000
6.000000 0.000000
7.000000 0.000000
8.000000 0.000000
9.000000 0.000000
10.000000 0.000000
11.000000 0.000000
12.000000 0.000000
13.000000 0.000000
14.000000 0.000000
15.000000 0.000000
16.000000 0.000000
17.000000 0.000000
18.000000 0.000000
19.000000 0.000000
20.000000 0.000000
21.000000 0.000000
22.000000 0.000000
23.000000 0.000000
24.000000 0.000000
25.000000 0.000000
26.000000 0.000000
27.000000 0.000000
28.000000 0.000000
29.000000 0.000000
30.000000 0.000000
31.000000 0.000000
32.000000 0.000000
33.000000 0.000000
34.000000 0.000000
35.000000 0.000000
36.000000 0.000000
37.000000 0.000000
38.000000 0.000000
39.000000 0.000000
40.000000 0.000000
41.000000 0.000000
42.000000 0.000000
43.000000 0.000000
44.000000 0.000000
45.000000 0.000000
46.000000 0.000000
47.000000 0.000000
48.000000 0.000000
49.000000 0.000000
50.000000 0.000000
51.000000 0.000000
52.000000 0.000000
53.000000 0.000000
54.000000 0.000000
55.000000 0.000000
56.000000 0.000000
57.000000 0.000000
58.000000 0.000000
59.000000 0.000000
60.000000 0.000000
61.000000 0.000000
62.000000 0.000000
63.000000 0.000000
64.000000 0.000000
65.000000 0.000000
66.000000 0.000000
67.000000 0.000000
68.000000 0.000000
69.000000 0.000000
70.000000 0.000000
71.000000 0.000000
72.000000 0.000000
73.000000 0.000000
74.000000 0.000000
75.000000 0.000000
76.000000 0.000000
77.000000 0.000000
78.000000 0.000000
79.000000 0.000000
80.000000 0.000000
81.000000 0.000000
82.000000 0.000000
83.000000 0.000000
84.000000 0.000000
85.000000 0.000000
86.000000 0.000000
87.000000 0.000000
88.000000 0.000000
89.000000 0.000000
90.000000 0.000000
91.000000 0.000000
92.000000 0.000000
93.000000 0.000000
94.000000 0.000000
95.000000 0.000000
96.000000 0.000000
97.000000 0.000000
98.000000 0.000000
99.000000 0.000000
100.000000 0.000000
101.000000 0.000000
102.000000 0.000000
103.000000 0.000000
104.000000 0.000000
105.000000 0.000000
106.000000 0.000000
107.000000 0.000000
108.000000 0.000000
109.000000 0.000000
110.000000 0.000000
111.000000 0.000000
112.000000 0.000000
113.000000 0.000000
114.000000 0.000000
115.000000 0.000000
116.000000 0.000000
117.000000 0.000000
118.000000 0.000000
119.000000 0.000000
120.000000 0.000000
121.000000 0.000000
122.000000 0.000000
123.000000 0.000000
124.000000 0.000000
125.000000 0.000000
126.000000 0.000000
127.000000 0.000000
128.000000 0.000000
129.000000 0.000000
130.000000 0.000000
131.000000 0.000000
132.000000 0.000000
133.000000 0.000000
134.000000 0.000000
135.000000 0.000000
136.000000 0.000000
137.000000 0.000000
138.000000 0.000000
139.000000 0.000000
140.000000 0.000000
141.000000 0.000000
142.000000 0.000000
143.000000 0.000000
144.000000 0.000000
145.000000 0.000000
146.000000 0.000000
147.000000 0.000000
148.000000 0.000000
149.000000 0.000000
150.000000 0.000000
151.000000 0.000000
152.000000 0.000000
153.000000 0.000000
154.000000 0.000000
155.000000 0.000000
156.000000 0.000000
157.000000 0.000000
158.000000 0.000000
159.000000 0.000000
160.000000 0.000000
161.000000 0.000000
162.000000 0.000000
163.000000 0.000000
164.000000 0.000000
165.000000 0.000000
166.000000 0.000000
167.000000 0.000000
168.000000 0.000000
169.000000 0.000000
170.000000 0.000000
171.000000 0.000000
172.000000 0.000000
173.000000 0.000000
174.000000 0.000000
175.000000 0.000000
176.000000 0.000001
177.000000 0.000001
178.000000 0.000001
179.000000 0.000001
180.000000 0.000001
181.000000 0.000001
182.000000 0.000001
183.000000 0.000001
184.000000 0.000001
185.000000 0.000001
186.000000 0.000001
187.000000 0.000001
188.000000 0.000001
189.000000 0.000001
190.000000 0.000001
191.000000 0.000001
192.000000 0.000001
193.000000 0.000001
194.000000 0.000001
195.000000 0.000001
196.000000 0.000001
197.000000 0.000001
198.000000 0.000001
199.000000 0.000001
200.000000 0.000001
201.000000 0.000001
202.000000 0.000001
203.000000 0.000001
204.000000 0.000002
205.000000 0.000002
206.000000 0.000002
207.000000 0.000002
208.000000 0.000002
209.000000 0.000002
210.000000 0.000002
211.000000 0.000002
212.000000 0.000002
213.000000 0.000002
214.000000 0.000002
215.000000 0.000002
216.000000 0.000002
217.000000 0.000002
218.000000 0.000002
219.000000 0.000003
220.000000 0.000003
221.000000 0.000003
222.000000 0.000003
223.000000 0.000003
224.000000 0.000003
225.000000 0.000003
226.000000 0.000003
227.000000 0.000003
228.000000 0.000003
229.000000 0.000003
230.000000 0.000004
231.000000 0.000004
232.000000 0.000004
233.000000 0.000004
234.000000 0.000004
235.000000 0.000004
236.000000 0.000004
237.000000 0.000004
238.000000 0.000005
239.000000 0.000005
240.000000 0.000005
241.000000 0.000005
242.000000 0.000005
243.000000 0.000005
244.000000 0.000005
245.000000 0.000006
246.000000 0.000006
247.000000 0.000006
248.000000 0.000006
249.000000 0.000006
250.000000 0.000006
251.000000 0.000007
252.000000 0.000007
253.000000 0.000007
254.000000 0.000007
255.000000 0.000007
256.000000 0.000007
257.000000 0.000008
258.000000 0.000008
259.000000 0.000008
260.000000 0.000008
261.000000 0.000008
262.000000 0.000009
263.000000 0.000009
264.000000 0.000009
265.000000 0.000009
266.000000 0.000010
267.000000 0.000010
268.000000 0.000010
269.000000 0.000010
270.000000 0.000010
271.000000 0.000011
272.000000 0.000011
273.000000 0.000011
274.000000 0.000012
275.000000 0.000012
276.000000 0.000012
277.000000 0.000012
278.000000 0.000013
279.000000 0.000013
280.000000 0.000013
281.000000 0.000014
282.000000 0.000014
283.000000 0.000014
284.000000 0.000014
285.000000 0.000015
286.000000 0.000015
287.000000 0.000015
288.000000 0.000016
289.000000 0.000016
290.000000 0.000017
291.000000 0.000017
292.000000 0.000017
293.000000 0.000018
294.000000 0.000018
295.000000 0.000018
296.000000 0.000019
297.000000 0.000019
298.000000 0.000019
299.000000 0.000020
300.000000 0.000020
301.000000 0.000021
302.000000 0.000021
303.000000 0.000022
304.000000 0.000022
305.000000 0.000022
306.000000 0.000023
307.000000 0.000023
308.000000 0.000024
309.000000 0.000024
310.000000 0.000025
311.000000 0.000025
312.000000 0.000026
313.000000 0.000026
314.000000 0.000027
315.000000 0.000027
316.000000 0.000028
317.000000 0.000028
318.000000 0.000029
319.000000 0.000029
320.000000 0.000030
321.000000 0.000030
322.000000 0.000031
323.000000 0.000031
324.000000 0.000032
325.000000 0.000033
326.000000 0.000033
327.000000 0.000034
328.000000 0.000034
329.000000 0.000035
330.000000 0.000036
331.000000 0.000036
332.000000 0.000037
333.000000 0.000037
334.000000 0.000038
335.000000 0.000039
336.000000 0.000039
337.000000 0.000040
338.000000 0.000041
339.000000 0.000042
340.000000 0.000042
341.000000 0.000043
342.000000 0.000044
343.000000 0.000044
344.000000 0.000045
345.000000 0.000046
346.000000 0.000047
347.000000 0.000047
348.000000 0.000048
349.000000 0.000049
350.000000 0.000050
351.000000 0.000050
352.000000 0.000051
353.000000 0.000052
354.000000 0.000053
355.000000 0.000054
356.000000 0.000054
357.000000 0.000055
358.000000 0.000056
359.000000 0.000057
360.000000 0.000058
361.000000 0.000059
362.000000 0.000059
363.000000 0.000060
364.000000 0.000061
365.000000 0.000062
366.000000 0.000063
367.000000 0.000064
368.000000 0.000065
369.000000 0.000066
370.000000 0.000067
371.000000 0.000068
372.000000 0.000069
373.000000 0.000070
374.000000 0.000071
375.000000 0.000072
376.000000 0.000073
377.000000 0.000074
378.000000 0.000075
379.000000 0.000076
380.000000 0.000077
381.000000 0.000078
382.000000 0.000079
383.000000 0.000080
384.000000 0.000081
385.000000 0.000082
386.000000 0.000084
387.000000 0.000085
388.000000 0.000086
389.000000 0.000087
390.000000 0.000088
391.000000 0.000089
392.000000 0.000091
393.000000 0.000092
394.000000 0.000093
395.000000 0.000094
396.000000 0.000095
397.000000 0.000097
398.000000 0.000098
399.000000 0.000099
400.000000 0.000101
401.000000 0.000102
402.000000 0.000103
403.000000 0.000104
404.000000 0.000106
405.000000 0.000107
406.000000 0.000108
407.000000 0.000110
408.000000 0.000111
409.000000 0.000112
410.000000 0.000113
411.000000 0.000115
412.000000 0.000116
413.000000 0.000118
414.000000 0.000119
415.000000 0.000121
416.000000 0.000122
417.000000 0.000123
418.000000 0.000125
419.000000 0.000126
420.000000 0.000128
421.000000 0.000129
422.000000 0.000131
423.000000 0.000132
424.000000 0.000134
425.000000 0.000136
426.000000 0.000137
427.000000 0.000138
428.000000 0.000140
429.000000 0.000142
430.000000 0.000143
431.000000 0.000144
432.000000 0.000147
433.000000 0.000148
434.000000 0.000149
435.000000 0.000151
436.000000 0.000153
437.000000 0.000154
438.000000 0.000156
439.000000 0.000158
440.000000 0.000159
441.000000 0.000161
442.000000 0.000163
443.000000 0.000165
444.000000 0.000166
445.000000 0.000168
446.000000 0.000170
447.000000 0.000172
448.000000 0.000173
449.000000 0.000175
450.000000 0.000177
451.000000 0.000179
452.000000 0.000180
453.000000 0.000182
454.000000 0.000185
455.000000 0.000186
456.000000 0.000188
457.000000 0.000190
458.000000 0.000192
459.000000 0.000193
460.000000 0.000195
461.000000 0.000198
462.000000 0.000199
463.000000 0.000201
464.000000 0.000203
465.000000 0.000205
466.000000 0.000207
467.000000 0.000209
468.000000 0.000212
469.000000 0.000213
470.000000 0.000215
471.000000 0.000217
472.000000 0.000219
473.000000 0.000221
474.000000 0.000223
475.000000 0.000225
476.000000 0.000227
477.000000 0.000229
478.000000 0.000232
479.000000 0.000234
480.000000 0.000235
481.000000 0.000238
482.000000 0.000240
483.000000 0.000242
484.000000 0.000244
485.000000 0.000246
486.000000 0.000249
487.000000 0.000250
488.000000 0.000253
489.000000 0.000255
490.000000 0.000258
491.000000 0.000259
492.000000 0.000262
493.000000 0.000265
494.000000 0.000266
495.000000 0.000268
496.000000 0.000270
497.000000 0.000273
498.000000 0.000275
499.000000 0.000277
500.000000 0.000280
501.000000 0.000282
502.000000 0.000284
503.000000 0.000287
504.000000 0.000289
505.000000 0.000291
506.000000 0.000294
507.000000 0.000297
508.000000 0.000299
509.000000 0.000301
510.000000 0.000303
511.000000 0.000306
512.000000 0.000308
513.000000 0.000310
514.000000 0.000313
515.000000 0.000316
516.000000 0.000317
517.000000 0.000321
518.000000 0.000323
519.000000 0.000325
520.000000 0.000327
521.000000 0.000330
522.000000 0.000333
523.000000 0.000335
524.000000 0.000337
525.000000 0.000341
526.000000 0.000343
527.000000 0.000346
528.000000 0.000348
529.000000 0.000351
530.000000 0.000353
531.000000 0.000356
532.000000 0.000358
533.000000 0.000361
534.000000 0.000363
535.000000 0.000366
536.000000 0.000369
537.000000 0.000371
538.000000 0.000373
539.000000 0.000377
540.000000 0.000379
541.000000 0.000381
542.000000 0.000385
543.000000 0.000387
544.000000 0.000390
545.000000 0.000392
546.000000 0.000395
547.000000 0.000399
548.000000 0.000400
549.000000 0.000403
550.000000 0.000406
551.000000 0.000409
552.000000 0.000411
553.000000 0.000414
554.000000 0.000417
555.000000 0.000419
556.000000 0.000423
557.000000 0.000425
558.000000 0.000429
559.000000 0.000430
560.000000 0.000433
561.000000 0.000437
562.000000 0.000439
563.000000 0.000441
564.000000 0.000445
565.000000 0.000448
566.000000 0.000450
567.000000 0.000453
568.000000 0.000456
569.000000 0.000459
570.000000 0.000462
571.000000 0.000464
572.000000 0.000468
573.000000 0.000470
574.000000 0.000473
575.000000 0.000476
576.000000 0.000479
577.000000 0.000481
578.000000 0.000484
579.000000 0.000487
580.000000 0.000490
581.000000 0.000493
582.000000 0.000496
583.000000 0.000500
584.000000 0.000501
585.000000 0.000505
586.000000 0.000508
587.000000 0.000511
588.000000 0.000513
589.000000 0.000517
590.000000 0.000520
591.000000 0.000522
592.000000 0.000526
593.000000 0.000528
594.000000 0.000532
595.000000 0.000534
596.000000 0.000537
597.000000 0.000541
598.000000 0.000543
599.000000 0.000546
600.000000 0.000550
601.000000 0.000553
602.000000 0.000555
603.000000 0.000558
604.000000 0.000561
605.000000 0.000564
606.000000 0.000567
607.000000 0.000569
608.000000 0.000574
609.000000 0.000576
610.000000 0.000579
611.000000 0.000583
612.000000 0.000585
613.000000 0.000588
614.000000 0.000591
615.000000 0.000595
616.000000 0.000597
617.000000 0.000600
618.000000 0.000602
619.000000 0.000607
620.000000 0.000610
621.000000 0.000611
622.000000 0.000617
623.000000 0.000618
624.000000 0.000621
625.000000 0.000625
626.000000 0.000628
627.000000 0.000630
628.000000 0.000634
629.000000 0.000637
630.000000 0.000639
631.000000 0.000643
632.000000 0.000645
633.000000 0.000650
634.000000 0.000652
635.000000 0.000654
636.000000 0.000659
637.000000 0.000661
638.000000 0.000664
639.000000 0.000667
640.000000 0.000671
641.000000 0.000673
642.000000 0.000676
643.000000 0.000679
644.000000 0.000684
645.000000 0.000686
646.000000 0.000688
647.000000 0.000693
648.000000 0.000695
649.000000 0.000698
650.000000 0.000701
651.000000 0.000704
652.000000 0.000707
653.000000 0.000711
654.000000 0.000714
655.000000 0.000717
656.000000 0.000719
657.000000 0.000722
658.000000 0.000727
659.000000 0.000729
660.000000 0.000731
661.000000 0.000736
662.000000 0.000738
663.000000 0.000742
664.000000 0.000744
665.000000 0.000748
666.000000 0.000750
667.000000 0.000754
668.000000 0.000755
669.000000 0.000761
670.000000 0.000763
671.000000 0.000765
672.000000 0.000769
673.000000 0.000773
674.000000 0.000775
675.000000 0.000779
676.000000 0.000781
677.000000 0.000784
678.000000 0.000788
679.000000 0.000791
680.000000 0.000794
681.000000 0.000797
682.000000 0.000799
683.000000 0.000804
684.000000 0.000806
685.000000 0.000808
686.000000 0.000813
687.000000 0.000815
688.000000 0.000818
689.000000 0.000822
690.000000 0.000825
691.000000 0.000827
692.000000 0.000831
693.000000 0.000834
694.000000 0.000837
695.000000 0.000839
696.000000 0.000842
697.000000 0.000847
698.000000 0.000849
699.000000 0.000851
700.000000 0.000855
701.000000 0.000858
702.000000 0.000861
703.000000 0.000864
704.000000 0.000867
705.000000 0.000870
706.000000 0.000873
707.000000 0.000875
708.000000 0.000880
709.000000 0.000882
710.000000 0.000886
711.000000 0.000888
712.000000 0.000891
713.000000 0.000894
714.000000 0.000898
715.000000 0.000900
716.000000 0.000903
717.000000 0.000907
718.000000 0.000909
719.000000 0.000913
720.000000 0.000915
721.000000 0.000917
722.000000 0.000922
723.000000 0.000925
724.000000 0.000927
725.000000 0.000930
726.000000 0.000934
727.000000 0.000936
728.000000 0.000939
729.000000 0.000941
730.000000 0.000946
731.000000 0.000948
732.000000 0.000951
733.000000 0.000954
734.000000 0.000956
735.000000 0.000960
736.000000 0.000963
737.000000 0.000966
738.000000 0.000968
739.000000 0.000972
740.000000 0.000973
741.000000 0.000978
742.000000 0.000980
743.000000 0.000983
744.000000 0.000986
745.000000 0.000989
746.000000 0.000991
747.000000 0.000995
748.000000 0.000997
749.000000 0.001001
750.000000 0.001002
751.000000 0.001007
752.000000 0.001009
753.000000 0.001012
754.000000 0.001014
755.000000 0.001017
756.000000 0.001021
757.000000 0.001023
758.000000 0.001026
759.000000 0.001028
760.000000 0.001032
761.000000 0.001034
762.000000 0.001038
763.000000 0.001039
764.000000 0.001042
765.000000 0.001045
766.000000 0.001049
767.000000 0.001052
768.000000 0.001053
769.000000 0.001057
770.000000 0.001059
771.000000 0.001062
772.000000 0.001064
773.000000 0.001066
774.000000 0.001071
775.000000 0.001072
776.000000 0.001076
777.000000 0.001078
778.000000 0.001081
779.000000 0.001083
780.000000 0.001087
781.000000 0.001089
782.000000 0.001092
783.000000 0.001094
784.000000 0.001097
785.000000 0.001099
786.000000 0.001102
787.000000 0.001105
788.000000 0.001109
789.000000 0.001109
790.000000 0.001112
791.000000 0.001116
792.000000 0.001119
793.000000 0.001120
794.000000 0.001122
795.000000 0.001127
796.000000 0.001129
797.000000 0.001130
798.000000 0.001132
799.000000 0.001137
800.000000 0.001138
801.000000 0.001139
802.000000 0.001144
803.000000 0.001146
804.000000 0.001149
805.000000 0.001151
806.000000 0.001154
807.000000 0.001156
808.000000 0.001158
809.000000 0.001160
810.000000 0.001163
811.000000 0.001166
812.000000 0.001166
813.000000 0.001172
814.000000 0.001172
815.000000 0.001175
816.000000 0.001178
817.000000 0.001181
818.000000 0.001182
819.000000 0.001184
820.000000 0.001188
821.000000 0.001189
822.000000 0.001192
823.000000 0.001194
824.000000 0.001196
825.000000 0.001199
826.000000 0.001198
827.000000 0.001206
828.000000 0.001205
829.000000 0.001208
830.000000 0.001210
831.000000 0.001213
832.000000 0.001215
833.000000 0.001216
834.000000 0.001219
835.000000 0.001221
836.000000 0.001224
837.000000 0.001224
838.000000 0.001230
839.000000 0.001229
840.000000 0.001231
841.000000 0.001236
842.000000 0.001236
843.000000 0.001239
844.000000 0.001240
845.000000 0.001244
846.000000 0.001244
847.000000 0.001247
848.000000 0.001249
849.000000 0.001251
850.000000 0.001254
851.000000 0.001253
852.000000 0.001261
853.000000 0.001258
854.000000 0.001262
855.000000 0.001263
856.000000 0.001267
857.000000 0.001267
858.000000 0.001268
859.000000 0.001272
860.000000 0.001273
861.000000 0.001276
862.000000 0.001275
863.000000 0.001280
864.000000 0.001281
865.000000 0.001281
866.000000 0.001286
867.000000 0.001286
868.000000 0.001289
869.000000 0.001289
870.000000 0.001293
871.000000 0.001293
872.000000 0.001295
873.000000 0.001297
874.000000 0.001300
875.000000 0.001301
876.000000 0.001301
877.000000 0.001307
878.000000 0.001305
879.000000 0.001307
880.000000 0.001310
881.000000 0.001311
882.000000 0.001313
883.000000 0.001313
884.000000 0.001317
885.000000 0.001318
886.000000 0.001321
887.000000 0.001319
888.000000 0.001324
889.000000 0.001325
890.000000 0.001324
891.000000 0.001330
892.000000 0.001328
893.000000 0.001332
894.000000 0.001331
895.000000 0.001335
896.000000 0.001334
897.000000 0.001336
898.000000 0.001338
899.000000 0.001340
900.000000 0.001342
901.000000 0.001340
902.000000 0.001345
903.000000 0.001346
904.000000 0.001345
905.000000 0.001349
906.000000 0.001350
907.000000 0.001352
908.000000 0.001350
909.000000 0.001355
910.000000 0.001354
911.000000 0.001356
912.000000 0.001356
913.000000 0.001360
914.000000 0.001361
915.000000 0.001360
916.000000 0.001365
917.000000 0.001363
918.000000 0.001365
919.000000 0.001366
920.000000 0.001367
921.000000 0.001369
922.000000 0.001369
923.000000 0.001370
924.000000 0.001372
925.000000 0.001375
926.000000 0.001372
927.000000 0.001377
928.000000 0.001377
929.000000 0.001376
930.000000 0.001381
931.000000 0.001378
932.000000 0.001382
933.000000 0.001380
934.000000 0.001384
935.000000 0.001383
936.000000 0.001384
937.000000 0.001384
938.000000 0.001387
939.000000 0.001389
940.000000 0.001385
941.000000 0.001390
942.000000 0.001390
943.000000 0.001390
944.000000 0.001392
945.000000 0.001393
946.000000 0.001395
947.000000 0.001393
948.000000 0.001395
949.000000 0.001395
950.000000 0.001397
951.000000 0.001396
952.000000 0.001399
953.000000 0.001399
954.000000 0.001398
955.000000 0.001402
956.000000 0.001399
957.000000 0.001401
958.000000 0.001402
959.000000 0.001403
960.000000 0.001404
961.000000 0.001404
962.000000 0.001403
963.000000 0.001406
964.000000 0.001407
965.000000 0.001403
966.000000 0.001408
967.000000 0.001407
968.000000 0.001407
969.000000 0.001410
970.000000 0.001408
971.000000 0.001410
972.000000 0.001408
973.000000 0.001409
974.000000 0.001411
975.000000 0.001411
976.000000 0.001410
977.000000 0.001412
978.000000 0.001414
979.000000 0.001409
980.000000 0.001414
981.000000 0.001412
982.000000 0.001412
983.000000 0.001414
984.000000 0.001413
985.000000 0.001416
986.000000 0.001413
987.000000 0.001413
988.000000 0.001415
989.000000 0.001415
990.000000 0.001413
991.000000 0.001416
992.000000 0.001415
993.000000 0.001414
994.000000 0.001417
995.000000 0.001414
996.000000 0.001416
997.000000 0.001415
998.000000 0.001414
999.000000 0.001417
1000.000000 0.001416
1001.000000 0.001414
1002.000000 0.001417
1003.000000 0.001417
1004.000000 0.001413
1005.000000 0.001417
1006.000000 0.001415
1007.000000 0.001415
1008.000000 0.001417
1009.000000 0.001413
1010.000000 0.001417
1011.000000 0.001414
1012.000000 0.001414
1013.000000 0.001415
1014.000000 0.001415
1015.000000 0.001412
1016.000000 0.001415
1017.000000 0.001415
1018.000000 0.001411
1019.000000 0.001414
1020.000000 0.001412
1021.000000 0.001413
1022.000000 0.001412
1023.000000 0.001410
1024.000000 0.001414
1025.000000 0.001410
1026.000000 0.001409
1027.000000 0.001411
1028.000000 0.001411
1029.000000 0.001407
1030.000000 0.001411
1031.000000 0.001408
1032.000000 0.001407
1033.000000 0.001410
1034.000000 0.001404
1035.000000 0.001409
1036.000000 0.001406
1037.000000 0.001404
1038.000000 0.001405
1039.000000 0.001406
1040.000000 0.001402
1041.000000 0.001405
1042.000000 0.001404
1043.000000 0.001400
1044.000000 0.001404
1045.000000 0.001398
1046.000000 0.001401
1047.000000 0.001401
1048.000000 0.001396
1049.000000 0.001401
1050.000000 0.001396
1051.000000 0.001396
1052.000000 0.001395
1053.000000 0.001396
1054.000000 0.001391
1055.000000 0.001396
1056.000000 0.001393
1057.000000 0.001390
1058.000000 0.001393
1059.000000 0.001387
1060.000000 0.001392
1061.000000 0.001387
1062.000000 0.001386
1063.000000 0.001388
1064.000000 0.001385
1065.000000 0.001384
1066.000000 0.001384
1067.000000 0.001383
1068.000000 0.001379
1069.000000 0.001383
1070.000000 0.001377
1071.000000 0.001379
1072.000000 0.001379
1073.000000 0.001374
1074.000000 0.001378
1075.000000 0.001373
1076.000000 0.001373
1077.000000 0.001372
1078.000000 0.001372
1079.000000 0.001367
1080.000000 0.001371
1081.000000 0.001368
1082.000000 0.001365
1083.000000 0.001367
1084.000000 0.001360
1085.000000 0.001366
1086.000000 0.001362
1087.000000 0.001358
1088.000000 0.001361
1089.000000 0.001357
1090.000000 0.001356
1091.000000 0.001355
1092.000000 0.001354
1093.000000 0.001350
1094.000000 0.001353
1095.000000 0.001347
1096.000000 0.001349
1097.000000 0.001348
1098.000000 0.001343
1099.000000 0.001346
1100.000000 0.001343
1101.000000 0.001341
1102.000000 0.001341
1103.000000 0.001338
1104.000000 0.001335
1105.000000 0.001337
1106.000000 0.001332
1107.000000 0.001332
1108.000000 0.001333
1109.000000 0.001326
1110.000000 0.001330
1111.000000 0.001326
1112.000000 0.001323
1113.000000 0.001324
1114.000000 0.001321
1115.000000 0.001318
1116.000000 0.001319
1117.000000 0.001317
1118.000000 0.001313
1119.000000 0.001315
1120.000000 0.001309
1121.000000 0.001312
1122.000000 0.001308
1123.000000 0.001303
1124.000000 0.001306
1125.000000 0.001304
1126.000000 0.001300
1127.000000 0.001300
1128.000000 0.001297
1129.000000 0.001294
1130.000000 0.001295
1131.000000 0.001291
1132.000000 0.001290
1133.000000 0.001290
1134.000000 0.001284
1135.000000 0.001286
1136.000000 0.001283
1137.000000 0.001279
1138.000000 0.001280
1139.000000 0.001277
1140.000000 0.001274
1141.000000 0.001275
1142.000000 0.001271
1143.000000 0.001269
1144.000000 0.001269
1145.000000 0.001263
1146.000000 0.001265
1147.000000 0.001262
1148.000000 0.001257
1149.000000 0.001259
1150.000000 0.001256
1151.000000 0.001252
1152.000000 0.001252
1153.000000 0.001249
1154.000000 0.001246
1155.000000 0.001247
1156.000000 0.001241
1157.000000 0.001241
1158.000000 0.001240
1159.000000 0.001234
1160.000000 0.001236
1161.000000 0.001232
1162.000000 0.001229
1163.000000 0.001229
1164.000000 0.001226
1165.000000 0.001222
1166.000000 0.001222
1167.000000 0.001219
1168.000000 0.001216
1169.000000 0.001216
1170.000000 0.001210
1171.000000 0.001212
1172.000000 0.001208
1173.000000 0.001205
1174.000000 0.001204
1175.000000 0.001201
1176.000000 0.001198
1177.000000 0.001197
1178.000000 0.001194
1179.000000 0.001191
1180.000000 0.001191
1181.000000 0.001186
1182.000000 0.001186
1183.000000 0.001182
1184.000000 0.001178
1185.000000 0.001179
1186.000000 0.001175
1187.000000 0.001172
1188.000000 0.001171
1189.000000 0.001168
1190.000000 0.001165
1191.000000 0.001164
1192.000000 0.001160
1193.000000 0.001158
1194.000000 0.001157
1195.000000 0.001151
1196.000000 0.001153
1197.000000 0.001149
1198.000000 0.001145
1199.000000 0.001144
1200.000000 0.001141
1201.000000 0.001137
1202.000000 0.001137
1203.000000 0.001133
1204.000000 0.001130
1205.000000 0.001129
1206.000000 0.001124
1207.000000 0.001124
1208.000000 0.001120
1209.000000 0.001116
1210.000000 0.001117
1211.000000 0.001113
1212.000000 0.001109
1213.000000 0.001108
1214.000000 0.001105
1215.000000 0.001101
1216.000000 0.001100
1217.000000 0.001095
1218.000000 0.001095
1219.000000 0.001093
1220.000000 0.001087
1221.000000 0.001088
1222.000000 0.001083
1223.000000 0.001080
1224.000000 0.001079
1225.000000 0.001075
1226.000000 0.001072
1227.000000 0.001071
1228.000000 0.001067
1229.000000 0.001064
1230.000000 0.001063
1231.000000 0.001058
1232.000000 0.001058
1233.000000 0.001054
1234.000000 0.001050
1235.000000 0.001049
1236.000000 0.001045
1237.000000 0.001042
1238.000000 0.001040
1239.000000 0.001037
1240.000000 0.001034
1241.000000 0.001032
1242.000000 0.001027
1243.000000 0.001027
1244.000000 0.001023
1245.000000 0.001018
1246.000000 0.001019
1247.000000 0.001014
1248.000000 0.001011
1249.000000 0.001009
1250.000000 0.001006
1251.000000 0.001002
1252.000000 0.001001
1253.000000 0.000997
1254.000000 0.000994
1255.000000 0.000993
1256.000000 0.000987
1257.000000 0.000987
1258.000000 0.000983
1259.000000 0.000979
1260.000000 0.000978
1261.000000 0.000974
1262.000000 0.000971
1263.000000 0.000969
1264.000000 0.000966
1265.000000 0.000962
1266.000000 0.000960
1267.000000 0.000956
1268.000000 0.000955
1269.000000 0.000951
1270.000000 0.000946
1271.000000 0.000946
1272.000000 0.000942
1273.000000 0.000938
1274.000000 0.000937
1275.000000 0.000933
1276.000000 0.000930
1277.000000 0.000928
1278.000000 0.000923
1279.000000 0.000921
1280.000000 0.000919
1281.000000 0.000914
1282.000000 0.000913
1283.000000 0.000909
1284.000000 0.000906
1285.000000 0.000904
1286.000000 0.000900
1287.000000 0.000897
1288.000000 0.000895
1289.000000 0.000891
1290.000000 0.000888
1291.000000 0.000886
1292.000000 0.000881
1293.000000 0.000880
1294.000000 0.000876
1295.000000 0.000873
1296.000000 0.000871
1297.000000 0.000867
1298.000000 0.000863
1299.000000 0.000862
1300.000000 0.000858
1301.000000 0.000854
1302.000000 0.000852
1303.000000 0.000848
1304.000000 0.000846
1305.000000 0.000843
1306.000000 0.000839
1307.000000 0.000837
1308.000000 0.000834
1309.000000 0.000830
1310.000000 0.000828
1311.000000 0.000825
1312.000000 0.000821
1313.000000 0.000819
1314.000000 0.000815
1315.000000 0.000812
1316.000000 0.000810
1317.000000 0.000805
1318.000000 0.000804
1319.000000 0.000800
1320.000000 0.000796
1321.000000 0.000794
1322.000000 0.000791
1323.000000 0.000787
1324.000000 0.000785
1325.000000 0.000781
1326.000000 0.000778
1327.000000 0.000776
1328.000000 0.000772
1329.000000 0.000770
1330.000000 0.000766
1331.000000 0.000762
1332.000000 0.000761
1333.000000 0.000757
1334.000000 0.000753
1335.000000 0.000751
1336.000000 0.000748
1337.000000 0.000744
1338.000000 0.000742
1339.000000 0.000738
1340.000000 0.000735
1341.000000 0.000733
1342.000000 0.000729
1343.000000 0.000726
1344.000000 0.000723
1345.000000 0.000719
1346.000000 0.000717
1347.000000 0.000714
1348.000000 0.000710
1349.000000 0.000708
1350.000000 0.000705
1351.000000 0.000701
1352.000000 0.000699
1353.000000 0.000694
1354.000000 0.000693
1355.000000 0.000689
1356.000000 0.000685
1357.000000 0.000683
1358.000000 0.000680
1359.000000 0.000676
1360.000000 0.000673
1361.000000 0.000671
1362.000000 0.000667
1363.000000 0.000665
1364.000000 0.000661
1365.000000 0.000659
1366.000000 0.000655
1367.000000 0.000651
1368.000000 0.000650
1369.000000 0.000646
1370.000000 0.000642
1371.000000 0.000640
1372.000000 0.000637
1373.000000 0.000633
1374.000000 0.000631
1375.000000 0.000628
1376.000000 0.000624
1377.000000 0.000622
1378.000000 0.000618
1379.000000 0.000616
1380.000000 0.000612
1381.000000 0.000609
1382.000000 0.000606
1383.000000 0.000603
1384.000000 0.000600
1385.000000 0.000597
1386.000000 0.000595
1387.000000 0.000591
1388.000000 0.000588
1389.000000 0.000585
1390.000000 0.000583
1391.000000 0.000579
1392.000000 0.000575
1393.000000 0.000574
1394.000000 0.000570
1395.000000 0.000567
1396.000000 0.000564
1397.000000 0.000561
1398.000000 0.000558
1399.000000 0.000555
1400.000000 0.000552
1401.000000 0.000549
1402.000000 0.000546
1403.000000 0.000543
1404.000000 0.000541
1405.000000 0.000537
1406.000000 0.000534
1407.000000 0.000531
1408.000000 0.000529
1409.000000 0.000525
1410.000000 0.000522
1411.000000 0.000520
1412.000000 0.000516
1413.000000 0.000514
1414.000000 0.000511
1415.000000 0.000508
1416.000000 0.000505
1417.000000 0.000502
1418.000000 0.000499
1419.000000 0.000496
1420.000000 0.000493
1421.000000 0.000490
1422.000000 0.000488
1423.000000 0.000484
1424.000000 0.000481
1425.000000 0.000479
1426.000000 0.000476
1427.000000 0.000473
1428.000000 0.000470
1429.000000 0.000468
1430.000000 0.000465
1431.000000 0.000461
1432.000000 0.000459
1433.000000 0.000456
1434.000000 0.000453
1435.000000 0.000450
1436.000000 0.000448
1437.000000 0.000444
1438.000000 0.000442
1439.000000 0.000439
1440.000000 0.000437
1441.000000 0.000434
1442.000000 0.000431
1443.000000 0.000428
1444.000000 0.000425
1445.000000 0.000422
1446.000000 0.000420
1447.000000 0.000417
1448.000000 0.000414
1449.000000 0.000411
1450.000000 0.000409
1451.000000 0.000406
1452.000000 0.000403
1453.000000 0.000400
1454.000000 0.000398
1455.000000 0.000395
1456.000000 0.000392
1457.000000 0.000390
1458.000000 0.000387
1459.000000 0.000384
1460.000000 0.000381
1461.000000 0.000379
1462.000000 0.000377
1463.000000 0.000374
1464.000000 0.000371
1465.000000 0.000369
1466.000000 0.000366
1467.000000 0.000364
1468.000000 0.000361
1469.000000 0.000358
1470.000000 0.000355
1471.000000 0.000353
1472.000000 0.000351
1473.000000 0.000348
1474.000000 0.000345
1475.000000 0.000343
1476.000000 0.000341
1477.000000 0.000337
1478.000000 0.000336
1479.000000 0.000333
1480.000000 0.000330
1481.000000 0.000328
1482.000000 0.000325
1483.000000 0.000323
1484.000000 0.000320
1485.000000 0.000318
1486.000000 0.000316
1487.000000 0.000313
1488.000000 0.000310
1489.000000 0.000308
1490.000000 0.000306
1491.000000 0.000303
1492.000000 0.000301
1493.000000 0.000299
1494.000000 0.000296
1495.000000 0.000294
1496.000000 0.000292
1497.000000 0.000289
1498.000000 0.000287
1499.000000 0.000284
1500.000000 0.000282
1501.000000 0.000280
1502.000000 0.000277
1503.000000 0.000276
1504.000000 0.000273
1505.000000 0.000270
1506.000000 0.000269
1507.000000 0.000266
1508.000000 0.000264
1509.000000 0.000261
1510.000000 0.000259
1511.000000 0.000257
1512.000000 0.000255
1513.000000 0.000252
1514.000000 0.000251
1515.000000 0.000249
1516.000000 0.000246
1517.000000 0.000245
1518.000000 0.000242
1519.000000 0.000240
1520.000000 0.000238
1521.000000 0.000236
1522.000000 0.000234
1523.000000 0.000231
1524.000000 0.000229
1525.000000 0.000227
1526.000000 0.000225
1527.000000 0.000223
1528.000000 0.000221
1529.000000 0.000219
1530.000000 0.000217
1531.000000 0.000215
1532.000000 0.000213
1533.000000 0.000211
1534.000000 0.000209
1535.000000 0.000207
1536.000000 0.000205
1537.000000 0.000203
1538.000000 0.000201
1539.000000 0.000200
1540.000000 0.000197
1541.000000 0.000195
1542.000000 0.000194
1543.000000 0.000192
1544.000000 0.000190
1545.000000 0.000188
1546.000000 0.000186
1547.000000 0.000184
1548.000000 0.000182
1549.000000 0.000180
1550.000000 0.000179
1551.000000 0.000177
1552.000000 0.000175
1553.000000 0.000174
1554.000000 0.000172
1555.000000 0.000169
1556.000000 0.000168
1557.000000 0.000166
1558.000000 0.000164
1559.000000 0.000163
1560.000000 0.000161
1561.000000 0.000159
1562.000000 0.000158
1563.000000 0.000156
1564.000000 0.000155
1565.000000 0.000153
1566.000000 0.000151
1567.000000 0.000150
1568.000000 0.000148
1569.000000 0.000146
1570.000000 0.000145
1571.000000 0.000143
1572.000000 0.000141
1573.000000 0.000140
1574.000000 0.000138
1575.000000 0.000137
1576.000000 0.000135
1577.000000 0.000134
1578.000000 0.000132
1579.000000 0.000131
1580.000000 0.000129
1581.000000 0.000128
1582.000000 0.000126
1583.000000 0.000124
1584.000000 0.000124
1585.000000 0.000122
1586.000000 0.000120
1587.000000 0.000119
1588.000000 0.000118
1589.000000 0.000117
1590.000000 0.000115
1591.000000 0.000113
1592.000000 0.000112
1593.000000 0.000111
1594.000000 0.000109
1595.000000 0.000108
1596.000000 0.000107
1597.000000 0.000105
1598.000000 0.000104
1599.000000 0.000103
1600.000000 0.000102
1601.000000 0.000100
1602.000000 0.000099
1603.000000 0.000098
1604.000000 0.000097
1605.000000 0.000095
1606.000000 0.000094
1607.000000 0.000093
1608.000000 0.000091
1609.000000 0.000091
1610.000000 0.000089
1611.000000 0.000088
1612.000000 0.000087
1613.000000 0.000086
1614.000000 0.000085
1615.000000 0.000084
1616.000000 0.000082
1617.000000 0.000082
1618.000000 0.000080
1619.000000 0.000079
1620.000000 0.000078
1621.000000 0.000077
1622.000000 0.000076
1623.000000 0.000075
1624.000000 0.000074
1625.000000 0.000073
1626.000000 0.000072
1627.000000 0.000071
1628.000000 0.000070
1629.000000 0.000069
1630.000000 0.000068
1631.000000 0.000067
1632.000000 0.000066
1633.000000 0.000065
1634.000000 0.000064
1635.000000 0.000063
1636.000000 0.000062
1637.000000 0.000061
1638.000000 0.000060
1639.000000 0.000060
1640.000000 0.000059
1641.000000 0.000058
1642.000000 0.000057
1643.000000 0.000056
1644.000000 0.000055
1645.000000 0.000055
1646.000000 0.000054
1647.000000 0.000053
1648.000000 0.000052
1649.000000 0.000051
1650.000000 0.000050
1651.000000 0.000049
1652.000000 0.000049
1653.000000 0.000048
1654.000000 0.000047
1655.000000 0.000046
1656.000000 0.000046
1657.000000 0.000045
1658.000000 0.000044
1659.000000 0.000044
1660.000000 0.000043
1661.000000 0.000042
1662.000000 0.000041
1663.000000 0.000041
1664.000000 0.000040
1665.000000 0.000039
1666.000000 0.000039
1667.000000 0.000038
1668.000000 0.000037
1669.000000 0.000037
1670.000000 0.000036
1671.000000 0.000036
1672.000000 0.000035
1673.000000 0.000034
1674.000000 0.000034
1675.000000 0.000033
1676.000000 0.000032
1677.000000 0.000032
1678.000000 0.000032
1679.000000 0.000031
1680.000000 0.000030
1681.000000 0.000030
1682.000000 0.000029
1683.000000 0.000029
1684.000000 0.000028
1685.000000 0.000028
1686.000000 0.000027
1687.000000 0.000027
1688.000000 0.000026
1689.000000 0.000026
1690.000000 0.000025
1691.000000 0.000025
1692.000000 0.000024
1693.000000 0.000024
1694.000000 0.000023
1695.000000 0.000023
1696.000000 0.000022
1697.000000 0.000022
1698.000000 0.000022
1699.000000 0.000021
1700.000000 0.000021
1701.000000 0.000020
1702.000000 0.000020
1703.000000 0.000020
1704.000000 0.000019
1705.000000 0.000019
1706.000000 0.000018
1707.000000 0.000018
1708.000000 0.000018
1709.000000 0.000017
1710.000000 0.000017
1711.000000 0.000016
1712.000000 0.000016
1713.000000 0.000016
1714.000000 0.000015
1715.000000 0.000015
1716.000000 0.000015
1717.000000 0.000015
1718.000000 0.000014
1719.000000 0.000014
1720.000000 0.000014
1721.000000 0.000013
1722.000000 0.000013
1723.000000 0.000013
1724.000000 0.000012
1725.000000 0.000012
1726.000000 0.000012
1727.000000 0.000012
1728.000000 0.000011
1729.000000 0.000011
1730.000000 0.000011
1731.000000 0.000011
1732.000000 0.000010
1733.000000 0.000010
1734.000000 0.000010
1735.000000 0.000010
1736.000000 0.000009
1737.000000 0.000009
1738.000000 0.000009
1739.000000 0.000009
1740.000000 0.000008
1741.000000 0.000008
1742.000000 0.000008
1743.000000 0.000008
1744.000000 0.000008
1745.000000 0.000007
1746.000000 0.000007
1747.000000 0.000007
1748.000000 0.000007
1749.000000 0.000007
1750.000000 0.000007
1751.000000 0.000006
1752.000000 0.000006
1753.000000 0.000006
1754.000000 0.000006
1755.000000 0.000006
1756.000000 0.000006
1757.000000 0.000005
1758.000000 0.000005
1759.000000 0.000005
1760.000000 0.000005
1761.000000 0.000005
1762.000000 0.000005
1763.000000 0.000005
1764.000000 0.000004
1765.000000 0.000004
1766.000000 0.000004
1767.000000 0.000004
1768.000000 0.000004
1769.000000 0.000004
1770.000000 0.000004
1771.000000 0.000004
1772.000000 0.000003
1773.000000 0.000003
1774.000000 0.000003
1775.000000 0.000003
1776.000000 0.000003
1777.000000 0.000003
1778.000000 0.000003
1779.000000 0.000003
1780.000000 0.000003
1781.000000 0.000003
1782.000000 0.000003
1783.000000 0.000002
1784.000000 0.000002
1785.000000 0.000002
1786.000000 0.000002
1787.000000 0.000002
1788.000000 0.000002
1789.000000 0.000002
1790.000000 0.000002
1791.000000 0.000002
1792.000000 0.000002
1793.000000 0.000002
1794.000000 0.000002
1795.000000 0.000002
1796.000000 0.000002
1797.000000 0.000002
1798.000000 0.000001
1799.000000 0.000001
1800.000000 0.000001
1801.000000 0.000001
1802.000000 0.000001
1803.000000 0.000001
1804.000000 0.000001
1805.000000 0.000001
1806.000000 0.000001
1807.000000 0.000001
1808.000000 0.000001
1809.000000 0.000001
1810.000000 0.000001
1811.000000 0.000001
1812.000000 0.000001
1813.000000 0.000001
1814.000000 0.000001
1815.000000 0.000001
1816.000000 0.000001
1817.000000 0.000001
1818.000000 0.000001
1819.000000 0.000001
1820.000000 0.000001
1821.000000 0.000001
1822.000000 0.000001
1823.000000 0.000001
1824.000000 0.000001
1825.000000 0.000000
1826.000000 0.000000
1827.000000 0.000000
1828.000000 0.000000
1829.000000 0.000000
1830.000000 0.000000
1831.000000 0.000000
1832.000000 0.000000
1833.000000 0.000000
1834.000000 0.000000
1835.000000 0.000000
1836.000000 0.000000
1837.000000 0.000000
1838.000000 0.000000
1839.000000 0.000000
1840.000000 0.000000
1841.000000 0.000000
1842.000000 0.000000
1843.000000 0.000000
1844.000000 0.000000
1845.000000 0.000000
1846.000000 0.000000
1847.000000 0.000000
1848.000000 0.000000
1849.000000 0.000000
1850.000000 0.000000
1851.000000 0.000000
1852.000000 0.000000
1853.000000 0.000000
1854.000000 0.000000
1855.000000 0.000000
1856.000000 0.000000
1857.000000 0.000000
1858.000000 0.000000
1859.000000 0.000000
1860.000000 0.000000
1861.000000 0.000000
1862.000000 0.000000
1863.000000 0.000000
1864.000000 0.000000
1865.000000 0.000000
1866.000000 0.000000
1867.000000 0.000000
1868.000000 0.000000
1869.000000 0.000000
1870.000000 0.000000
1871.000000 0.000000
1872.000000 0.000000
1873.000000 0.000000
1874.000000 0.000000
1875.000000 0.000000
1876.000000 0.000000
1877.000000 0.000000
1878.000000 0.000000
1879.000000 0.000000
1880.000000 0.000000
1881.000000 0.000000
1882.000000 0.000000
1883.000000 0.000000
1884.000000 0.000000
1885.000000 0.000000
1886.000000 0.000000
1887.000000 0.000000
1888.000000 0.000000
1889.000000 0.000000
1890.000000 0.000000
1891.000000 0.000000
1892.000000 0.000000
1893.000000 0.000000
1894.000000 0.000000
1895.000000 0.000000
1896.000000 0.000000
1897.000000 0.000000
1898.000000 0.000000
1899.000000 0.000000
1900.000000 0.000000
1901.000000 0.000000
1902.000000 0.000000
1903.000000 0.000000
1904.000000 0.000000
1905.000000 0.000000
1906.000000 0.000000
1907.000000 0.000000
1908.000000 0.000000
1909.000000 0.000000
1910.000000 0.000000
1911.000000 0.000000
1912.000000 0.000000
1913.000000 0.000000
1914.000000 0.000000
1915.000000 0.000000
1916.000000 0.000000
1917.000000 0.000000
1918.000000 0.000000
1919.000000 0.000000
1920.000000 0.000000
1921.000000 0.000000
1922.000000 0.000000
1923.000000 0.000000
1924.000000 0.000000
1925.000000 0.000000
1926.000000 0.000000
1927.000000 0.000000
1928.000000 0.000000
1929.000000 0.000000
1930.000000 0.000000
1931.000000 0.000000
1932.000000 0.000000
1933.000000 0.000000
1934.000000 0.000000
1935.000000 0.000000
1936.000000 0.000000
1937.000000 0.000000
1938.000000 0.000000
1939.000000 0.000000
1940.000000 0.000000
1941.000000 0.000000
1942.000000 0.000000
1943.000000 0.000000
1944.000000 0.000000
1945.000000 0.000000
1946.000000 0.000000
1947.000000 0.000000
1948.000000 0.000000
1949.000000 0.000000
1950.000000 0.000000
1951.000000 0.000000
1952.000000 0.000000
1953.000000 0.000000
1954.000000 0.000000
1955.000000 0.000000
1956.000000 0.000000
1957.000000 0.000000
1958.000000 0.000000
1959.000000 0.000000
1960.000000 0.000000
1961.000000 0.000000
1962.000000 0.000000
1963.000000 0.000000
1964.000000 0.000000
1965.000000 0.000000
1966.000000 0.000000
1967.000000 0.000000
1968.000000 0.000000
1969.000000 0.000000
1970.000000 0.000000
1971.000000 0.000000
1972.000000 0.000000
1973.000000 0.000000
1974.000000 0.000000
1975.000000 0.000000
1976.000000 0.000000
1977.000000 0.000000
1978.000000 0.000000
1979.000000 0.000000
1980.000000 0.000000
1981.000000 0.000000
1982.000000 0.000000
1983.000000 0.000000
1984.000000 0.000000
1985.000000 0.000000
1986.000000 0.000000
1987.000000 0.000000
1988.000000 0.000000
1989.000000 0.000000
1990.000000 0.000000
1991.000000 0.000000
1992.000000 0.000000
1993.000000 0.000000
1994.000000 0.000000
1995.000000 0.000000
1996.000000 0.000000
1997.000000 0.000000
1998.000000 0.000000
1999.000000 0.000000
2000.000000 0.000000
