n lam mean variance std
2000 0.480000 1000.500000 55442.134939 235.461536
bin_midpoint probability
1.000000 0.000000
2.000000 0.000000
3.000000 0.000000
4.000000 0.000000
5.000000 0.000000
6.000000 0.000000
7.000000 0.000000
8.000000 0.000000
9.000000 0.000000
10.000000 0.000000
11.000000 0.000000
12.000000 0.000000
13.000000 0.000000
14.000000 0.000000
15.000000 0.000000
16.000000 0.000000
17.000000 0.000000
18.000000 0.000000
19.000000 0.000000
20.000000 0.000000
21.000000 0.000000
22.000000 0.000000
23.000000 0.000000
24.000000 0.000000
25.000000 0.000000
26.000000 0.000000
27.000000 0.000000
28.000000 0.000000
29.000000 0.000000
30.000000 0.000000
31.000000 0.000000
32.000000 0.000000
33.000000 0.000000
34.000000 0.000000
35.000000 0.000000
36.000000 0.000000
37.000000 0.000000
38.000000 0.000000
39.000000 0.000000
40.000000 0.000000
41.000000 0.000000
42.000000 0.000000
43.000000 0.000000
44.000000 0.000000
45.000000 0.000000
46.000000 0.000000
47.000000 0.000000
48.000000 0.000000
49.000000 0.000000
50.000000 0.000000
51.000000 0.000000
52.000000 0.000000
53.000000 0.000000
54.000000 0.000000
55.000000 0.000000
56.000000 0.000000
57.000000 0.000000
58.000000 0.000000
59.000000 0.000000
60.000000 0.000000
61.000000 0.000000
62.000000 0.000000
63.000000 0.000000
64.000000 0.000000
65.000000 0.000000
66.000000 0.000000
67.000000 0.000000
68.000000 0.000000
69.000000 0.000000
70.000000 0.000000
71.000000 0.000000
72.000000 0.000000
73.000000 0.000000
74.000000 0.000000
75.000000 0.000000
76.000000 0.000000
77.000000 0.000000
78.000000 0.000000
79.000000 0.000000
80.000000 0.000000
81.000000 0.000000
82.000000 0.000000
83.000000 0.000000
84.000000 0.000000
85.000000 0.000000
86.000000 0.000000
87.000000 0.000000
88.000000 0.000000
89.000000 0.000000
90.000000 0.000000
91.000000 0.000000
92.000000 0.000000
93.000000 0.000000
94.000000 0.000000
95.000000 0.000000
96.000000 0.000000
97.000000 0.000000
98.000000 0.000000
99.000000 0.000000
100.000000 0.000000
101.000000 0.000000
102.000000 0.000000
103.000000 0.000000
104.000000 0.000000
105.000000 0.000000
106.000000 0.000000
107.000000 0.000000
108.000000 0.000000
109.000000 0.000000
110.000000 0.000000
111.000000 0.000000
112.000000 0.000000
113.000000 0.000000
114.000000 0.000000
115.000000 0.000000
116.000000 0.000000
117.000000 0.000000
118.000000 0.000000
119.000000 0.000000
120.000000 0.000000
121.000000 0.000000
122.000000 0.000000
123.000000 0.000000
124.000000 0.000000
125.000000 0.000000
126.000000 0.000000
127.000000 0.000000
128.000000 0.000000
129.000000 0.000000
130.000000 0.000000
131.000000 0.000000
132.000000 0.000000
133.000000 0.000000
134.000000 0.000000
135.000000 0.000000
136.000000 0.000000
137.000000 0.000000
138.000000 0.000000
139.000000 0.000000
140.000000 0.000000
141.000000 0.000000
142.000000 0.000000
143.000000 0.000000
144.000000 0.000000
145.000000 0.000000
146.000000 0.000000
147.000000 0.000000
148.000000 0.000000
149.000000 0.000000
150.000000 0.000000
151.000000 0.000000
152.000000 0.000000
153.000000 0.000000
154.000000 0.000000
155.000000 0.000000
156.000000 0.000000
157.000000 0.000000
158.000000 0.000000
159.000000 0.000000
160.000000 0.000000
161.000000 0.000000
162.000000 0.000000
163.000000 0.000000
164.000000 0.000000
165.000000 0.000000
166.000000 0.000000
167.000000 0.000000
168.000000 0.000000
169.000000 0.000000
170.000000 0.000000
171.000000 0.000000
172.000000 0.000000
173.000000 0.000000
174.000000 0.000000
175.000000 0.000000
176.000000 0.000000
177.000000 0.000000
178.000000 0.000000
179.000000 0.000000
180.000000 0.000000
181.000000 0.000000
182.000000 0.000000
183.000000 0.000000
184.000000 0.000000
185.000000 0.000000
186.000000 0.000000
187.000000 0.000000
188.000000 0.000000
189.000000 0.000000
190.000000 0.000000
191.000000 0.000000
192.000000 0.000000
193.000000 0.000000
194.000000 0.000000
195.000000 0.000000
196.000000 0.000000
197.000000 0.000000
198.000000 0.000000
199.000000 0.000000
200.000000 0.000000
201.000000 0.000000
202.000000 0.000000
203.000000 0.000000
204.000000 0.000000
205.000000 0.000000
206.000000 0.000000
207.000000 0.000000
208.000000 0.000000
209.000000 0.000000
210.000000 0.000000
211.000000 0.000000
212.000000 0.000000
213.000000 0.000000
214.000000 0.000000
215.000000 0.000000
216.000000 0.000000
217.000000 0.000000
218.000000 0.000000
219.000000 0.000000
220.000000 0.000000
221.000000 0.000000
222.000000 0.000000
223.000000 0.000000
224.000000 0.000000
225.000000 0.000000
226.000000 0.000001
227.000000 0.000001
228.000000 0.000001
229.000000 0.000001
230.000000 0.000001
231.000000 0.000001
232.000000 0.000001
233.000000 0.000001
234.000000 0.000001
235.000000 0.000001
236.000000 0.000001
237.000000 0.000001
238.000000 0.000001
239.000000 0.000001
240.000000 0.000001
241.000000 0.000001
242.000000 0.000001
243.000000 0.000001
244.000000 0.000001
245.000000 0.000001
246.000000 0.000001
247.000000 0.000001
248.000000 0.000001
249.000000 0.000001
250.000000 0.000001
251.000000 0.000001
252.000000 0.000001
253.000000 0.000001
254.000000 0.000001
255.000000 0.000001
256.000000 0.000002
257.000000 0.000002
258.000000 0.000002
259.000000 0.000002
260.000000 0.000002
261.000000 0.000002
262.000000 0.000002
263.000000 0.000002
264.000000 0.000002
265.000000 0.000002
266.000000 0.000002
267.000000 0.000002
268.000000 0.000002
269.000000 0.000002
270.000000 0.000002
271.000000 0.000002
272.000000 0.000003
273.000000 0.000003
274.000000 0.000003
275.000000 0.000003
276.000000 0.000003
277.000000 0.000003
278.000000 0.000003
279.000000 0.000003
280.000000 0.000003
281.000000 0.000003
282.000000 0.000003
283.000000 0.000004
284.000000 0.000004
285.000000 0.000004
286.000000 0.000004
287.000000 0.000004
288.000000 0.000004
289.000000 0.000004
290.000000 0.000004
291.000000 0.000004
292.000000 0.000005
293.000000 0.000005
294.000000 0.000005
295.000000 0.000005
296.000000 0.000005
297.000000 0.000005
298.000000 0.000005
299.000000 0.000006
300.000000 0.000006
301.000000 0.000006
302.000000 0.000006
303.000000 0.000006
304.000000 0.000006
305.000000 0.000007
306.000000 0.000007
307.000000 0.000007
308.000000 0.000007
309.000000 0.000007
310.000000 0.000007
311.000000 0.000008
312.000000 0.000008
313.000000 0.000008
314.000000 0.000008
315.000000 0.000008
316.000000 0.000009
317.000000 0.000009
318.000000 0.000009
319.000000 0.000009
320.000000 0.000010
321.000000 0.000010
322.000000 0.000010
323.000000 0.000010
324.000000 0.000011
325.000000 0.000011
326.000000 0.000011
327.000000 0.000011
328.000000 0.000012
329.000000 0.000012
330.000000 0.000012
331.000000 0.000012
332.000000 0.000013
333.000000 0.000013
334.000000 0.000013
335.000000 0.000014
336.000000 0.000014
337.000000 0.000014
338.000000 0.000014
339.000000 0.000015
340.000000 0.000015
341.000000 0.000015
342.000000 0.000016
343.000000 0.000016
344.000000 0.000017
345.000000 0.000017
346.000000 0.000017
347.000000 0.000018
348.000000 0.000018
349.000000 0.000018
350.000000 0.000019
351.000000 0.000019
352.000000 0.000020
353.000000 0.000020
354.000000 0.000020
355.000000 0.000021
356.000000 0.000021
357.000000 0.000022
358.000000 0.000022
359.000000 0.000023
360.000000 0.000023
361.000000 0.000023
362.000000 0.000024
363.000000 0.000024
364.000000 0.000025
365.000000 0.000025
366.000000 0.000026
367.000000 0.000026
368.000000 0.000027
369.000000 0.000027
370.000000 0.000028
371.000000 0.000028
372.000000 0.000029
373.000000 0.000030
374.000000 0.000030
375.000000 0.000031
376.000000 0.000031
377.000000 0.000032
378.000000 0.000032
379.000000 0.000033
380.000000 0.000034
381.000000 0.000034
382.000000 0.000035
383.000000 0.000035
384.000000 0.000036
385.000000 0.000037
386.000000 0.000037
387.000000 0.000038
388.000000 0.000039
389.000000 0.000039
390.000000 0.000040
391.000000 0.000041
392.000000 0.000042
393.000000 0.000042
394.000000 0.000043
395.000000 0.000044
396.000000 0.000044
397.000000 0.000045
398.000000 0.000046
399.000000 0.000047
400.000000 0.000048
401.000000 0.000048
402.000000 0.000049
403.000000 0.000050
404.000000 0.000051
405.000000 0.000052
406.000000 0.000052
407.000000 0.000053
408.000000 0.000054
409.000000 0.000055
410.000000 0.000056
411.000000 0.000057
412.000000 0.000058
413.000000 0.000059
414.000000 0.000060
415.000000 0.000061
416.000000 0.000062
417.000000 0.000062
418.000000 0.000063
419.000000 0.000064
420.000000 0.000065
421.000000 0.000066
422.000000 0.000067
423.000000 0.000068
424.000000 0.000069
425.000000 0.000071
426.000000 0.000072
427.000000 0.000073
428.000000 0.000074
429.000000 0.000075
430.000000 0.000076
431.000000 0.000077
432.000000 0.000078
433.000000 0.000079
434.000000 0.000080
435.000000 0.000082
436.000000 0.000083
437.000000 0.000084
438.000000 0.000085
439.000000 0.000086
440.000000 0.000088
441.000000 0.000089
442.000000 0.000090
443.000000 0.000091
444.000000 0.000093
445.000000 0.000094
446.000000 0.000095
447.000000 0.000097
448.000000 0.000098
449.000000 0.000099
450.000000 0.000101
451.000000 0.000102
452.000000 0.000103
453.000000 0.000105
454.000000 0.000106
455.000000 0.000107
456.000000 0.000109
457.000000 0.000110
458.000000 0.000112
459.000000 0.000113
460.000000 0.000115
461.000000 0.000116
462.000000 0.000118
463.000000 0.000119
464.000000 0.000121
465.000000 0.000122
466.000000 0.000124
467.000000 0.000125
468.000000 0.000127
469.000000 0.000128
470.000000 0.000130
471.000000 0.000132
472.000000 0.000133
473.000000 0.000135
474.000000 0.000137
475.000000 0.000138
476.000000 0.000140
477.000000 0.000142
478.000000 0.000143
479.000000 0.000145
480.000000 0.000147
481.000000 0.000149
482.000000 0.000150
483.000000 0.000152
484.000000 0.000154
485.000000 0.000156
486.000000 0.000158
487.000000 0.000159
488.000000 0.000161
489.000000 0.000163
490.000000 0.000165
491.000000 0.000167
492.000000 0.000169
493.000000 0.000171
494.000000 0.000173
495.000000 0.000175
496.000000 0.000177
497.000000 0.000179
498.000000 0.000181
499.000000 0.000183
500.000000 0.000185
501.000000 0.000187
502.000000 0.000189
503.000000 0.000191
504.000000 0.000193
505.000000 0.000195
506.000000 0.000197
507.000000 0.000199
508.000000 0.000201
509.000000 0.000203
510.000000 0.000206
511.000000 0.000208
512.000000 0.000210
513.000000 0.000212
514.000000 0.000214
515.000000 0.000216
516.000000 0.000219
517.000000 0.000221
518.000000 0.000223
519.000000 0.000226
520.000000 0.000228
521.000000 0.000230
522.000000 0.000232
523.000000 0.000235
524.000000 0.000237
525.000000 0.000240
526.000000 0.000242
527.000000 0.000244
528.000000 0.000247
529.000000 0.000249
530.000000 0.000252
531.000000 0.000254
532.000000 0.000257
533.000000 0.000259
534.000000 0.000262
535.000000 0.000264
536.000000 0.000267
537.000000 0.000269
538.000000 0.000272
539.000000 0.000274
540.000000 0.000277
541.000000 0.000279
542.000000 0.000282
543.000000 0.000285
544.000000 0.000287
545.000000 0.000290
546.000000 0.000293
547.000000 0.000295
548.000000 0.000298
549.000000 0.000301
550.000000 0.000303
551.000000 0.000306
552.000000 0.000309
553.000000 0.000312
554.000000 0.000314
555.000000 0.000317
556.000000 0.000320
557.000000 0.000323
558.000000 0.000325
559.000000 0.000328
560.000000 0.000331
561.000000 0.000334
562.000000 0.000337
563.000000 0.000340
564.000000 0.000343
565.000000 0.000346
566.000000 0.000349
567.000000 0.000351
568.000000 0.000354
569.000000 0.000357
570.000000 0.000360
571.000000 0.000363
572.000000 0.000366
573.000000 0.000369
574.000000 0.000372
575.000000 0.000375
576.000000 0.000378
577.000000 0.000382
578.000000 0.000385
579.000000 0.000388
580.000000 0.000391
581.000000 0.000394
582.000000 0.000397
583.000000 0.000400
584.000000 0.000403
585.000000 0.000406
586.000000 0.000410
587.000000 0.000413
588.000000 0.000416
589.000000 0.000419
590.000000 0.000422
591.000000 0.000426
592.000000 0.000429
593.000000 0.000432
594.000000 0.000435
595.000000 0.000439
596.000000 0.000442
597.000000 0.000445
598.000000 0.000449
599.000000 0.000452
600.000000 0.000455
601.000000 0.000459
602.000000 0.000462
603.000000 0.000465
604.000000 0.000469
605.000000 0.000472
606.000000 0.000475
607.000000 0.000479
608.000000 0.000482
609.000000 0.000486
610.000000 0.000489
611.000000 0.000492
612.000000 0.000496
613.000000 0.000499
614.000000 0.000503
615.000000 0.000506
616.000000 0.000510
617.000000 0.000513
618.000000 0.000517
619.000000 0.000520
620.000000 0.000524
621.000000 0.000527
622.000000 0.000531
623.000000 0.000534
624.000000 0.000538
625.000000 0.000542
626.000000 0.000545
627.000000 0.000549
628.000000 0.000552
629.000000 0.000556
630.000000 0.000560
631.000000 0.000563
632.000000 0.000567
633.000000 0.000570
634.000000 0.000574
635.000000 0.000578
636.000000 0.000581
637.000000 0.000585
638.000000 0.000589
639.000000 0.000592
640.000000 0.000596
641.000000 0.000600
642.000000 0.000603
643.000000 0.000607
644.000000 0.000611
645.000000 0.000615
646.000000 0.000618
647.000000 0.000622
648.000000 0.000626
649.000000 0.000630
650.000000 0.000633
651.000000 0.000637
652.000000 0.000641
653.000000 0.000645
654.000000 0.000648
655.000000 0.000652
656.000000 0.000656
657.000000 0.000660
658.000000 0.000664
659.000000 0.000667
660.000000 0.000671
661.000000 0.000675
662.000000 0.000679
663.000000 0.000683
664.000000 0.000686
665.000000 0.000690
666.000000 0.000694
667.000000 0.000698
668.000000 0.000702
669.000000 0.000706
670.000000 0.000709
671.000000 0.000713
672.000000 0.000717
673.000000 0.000721
674.000000 0.000725
675.000000 0.000729
676.000000 0.000733
677.000000 0.000737
678.000000 0.000740
679.000000 0.000744
680.000000 0.000748
681.000000 0.000752
682.000000 0.000756
683.000000 0.000760
684.000000 0.000764
685.000000 0.000768
686.000000 0.000772
687.000000 0.000775
688.000000 0.000779
689.000000 0.000783
690.000000 0.000787
691.000000 0.000791
692.000000 0.000795
693.000000 0.000799
694.000000 0.000803
695.000000 0.000807
696.000000 0.000811
697.000000 0.000815
698.000000 0.000818
699.000000 0.000822
700.000000 0.000826
701.000000 0.000830
702.000000 0.000834
703.000000 0.000838
704.000000 0.000842
705.000000 0.000846
706.000000 0.000850
707.000000 0.000854
708.000000 0.000858
709.000000 0.000862
710.000000 0.000865
711.000000 0.000869
712.000000 0.000873
713.000000 0.000877
714.000000 0.000881
715.000000 0.000885
716.000000 0.000889
717.000000 0.000893
718.000000 0.000897
719.000000 0.000901
720.000000 0.000905
721.000000 0.000908
722.000000 0.000912
723.000000 0.000916
724.000000 0.000920
725.000000 0.000924
726.000000 0.000928
727.000000 0.000932
728.000000 0.000936
729.000000 0.000940
730.000000 0.000943
731.000000 0.000947
732.000000 0.000951
733.000000 0.000955
734.000000 0.000959
735.000000 0.000963
736.000000 0.000967
737.000000 0.000971
738.000000 0.000974
739.000000 0.000978
740.000000 0.000982
741.000000 0.000986
742.000000 0.000990
743.000000 0.000994
744.000000 0.000997
745.000000 0.001001
746.000000 0.001005
747.000000 0.001009
748.000000 0.001013
749.000000 0.001017
750.000000 0.001020
751.000000 0.001024
752.000000 0.001028
753.000000 0.001032
754.000000 0.001036
755.000000 0.001039
756.000000 0.001043
757.000000 0.001047
758.000000 0.001051
759.000000 0.001054
760.000000 0.001058
761.000000 0.001062
762.000000 0.001066
763.000000 0.001069
764.000000 0.001073
765.000000 0.001077
766.000000 0.001080
767.000000 0.001084
768.000000 0.001088
769.000000 0.001092
770.000000 0.001095
771.000000 0.001099
772.000000 0.001103
773.000000 0.001106
774.000000 0.001110
775.000000 0.001114
776.000000 0.001117
777.000000 0.001121
778.000000 0.001124
779.000000 0.001128
780.000000 0.001132
781.000000 0.001135
782.000000 0.001139
783.000000 0.001142
784.000000 0.001146
785.000000 0.001150
786.000000 0.001153
787.000000 0.001157
788.000000 0.001160
789.000000 0.001164
790.000000 0.001167
791.000000 0.001171
792.000000 0.001174
793.000000 0.001178
794.000000 0.001181
795.000000 0.001185
796.000000 0.001188
797.000000 0.001192
798.000000 0.001195
799.000000 0.001198
800.000000 0.001202
801.000000 0.001205
802.000000 0.001209
803.000000 0.001212
804.000000 0.001216
805.000000 0.001219
806.000000 0.001222
807.000000 0.001226
808.000000 0.001229
809.000000 0.001232
810.000000 0.001236
811.000000 0.001239
812.000000 0.001242
813.000000 0.001245
814.000000 0.001249
815.000000 0.001252
816.000000 0.001255
817.000000 0.001259
818.000000 0.001262
819.000000 0.001265
820.000000 0.001268
821.000000 0.001271
822.000000 0.001275
823.000000 0.001278
824.000000 0.001281
825.000000 0.001284
826.000000 0.001287
827.000000 0.001290
828.000000 0.001293
829.000000 0.001297
830.000000 0.001300
831.000000 0.001303
832.000000 0.001306
833.000000 0.001309
834.000000 0.001312
835.000000 0.001315
836.000000 0.001318
837.000000 0.001321
838.000000 0.001324
839.000000 0.001327
840.000000 0.001330
841.000000 0.001333
842.000000 0.001336
843.000000 0.001339
844.000000 0.001341
845.000000 0.001344
846.000000 0.001347
847.000000 0.001350
848.000000 0.001353
849.000000 0.001356
850.000000 0.001359
851.000000 0.001361
852.000000 0.001364
853.000000 0.001367
854.000000 0.001370
855.000000 0.001372
856.000000 0.001375
857.000000 0.001378
858.000000 0.001381
859.000000 0.001383
860.000000 0.001386
861.000000 0.001389
862.000000 0.001391
863.000000 0.001394
864.000000 0.001396
865.000000 0.001399
866.000000 0.001402
867.000000 0.001404
868.000000 0.001407
869.000000 0.001409
870.000000 0.001412
871.000000 0.001414
872.000000 0.001417
873.000000 0.001419
874.000000 0.001422
875.000000 0.001424
876.000000 0.001426
877.000000 0.001429
878.000000 0.001431
879.000000 0.001434
880.000000 0.001436
881.000000 0.001438
882.000000 0.001441
883.000000 0.001443
884.000000 0.001445
885.000000 0.001447
886.000000 0.001450
887.000000 0.001452
888.000000 0.001454
889.000000 0.001456
890.000000 0.001459
891.000000 0.001461
892.000000 0.001463
893.000000 0.001465
894.000000 0.001467
895.000000 0.001469
896.000000 0.001471
897.000000 0.001473
898.000000 0.001475
899.000000 0.001477
900.000000 0.001479
901.000000 0.001481
902.000000 0.001483
903.000000 0.001485
904.000000 0.001487
905.000000 0.001489
906.000000 0.001491
907.000000 0.001493
908.000000 0.001495
909.000000 0.001497
910.000000 0.001499
911.000000 0.001500
912.000000 0.001502
913.000000 0.001504
914.000000 0.001506
915.000000 0.001507
916.000000 0.001509
917.000000 0.001511
918.000000 0.001513
919.000000 0.001514
920.000000 0.001516
921.000000 0.001517
922.000000 0.001519
923.000000 0.001521
924.000000 0.001522
925.000000 0.001524
926.000000 0.001525
927.000000 0.001527
928.000000 0.001528
929.000000 0.001530
930.000000 0.001531
931.000000 0.001533
932.000000 0.001534
933.000000 0.001535
934.000000 0.001537
935.000000 0.001538
936.000000 0.001539
937.000000 0.001541
938.000000 0.001542
939.000000 0.001543
940.000000 0.001545
941.000000 0.001546
942.000000 0.001547
943.000000 0.001548
944.000000 0.001549
945.000000 0.001551
946.000000 0.001552
947.000000 0.001553
948.000000 0.001554
949.000000 0.001555
950.000000 0.001556
951.000000 0.001557
952.000000 0.001558
953.000000 0.001559
954.000000 0.001560
955.000000 0.001561
956.000000 0.001562
957.000000 0.001563
958.000000 0.001564
959.000000 0.001565
960.000000 0.001565
961.000000 0.001566
962.000000 0.001567
963.000000 0.001568
964.000000 0.001569
965.000000 0.001569
966.000000 0.001570
967.000000 0.001571
968.000000 0.001572
969.000000 0.001572
970.000000 0.001573
971.000000 0.001573
972.000000 0.001574
973.000000 0.001575
974.000000 0.001575
975.000000 0.001576
976.000000 0.001576
977.000000 0.001577
978.000000 0.001577
979.000000 0.001578
980.000000 0.001578
981.000000 0.001579
982.000000 0.001579
983.000000 0.001579
984.000000 0.001580
985.000000 0.001580
986.000000 0.001580
987.000000 0.001581
988.000000 0.001581
989.000000 0.001581
990.000000 0.001581
991.000000 0.001582
992.000000 0.001582
993.000000 0.001582
994.000000 0.001582
995.000000 0.001582
996.000000 0.001582
997.000000 0.001582
998.000000 0.001583
999.000000 0.001583
1000.000000 0.001583
1001.000000 0.001583
1002.000000 0.001583
1003.000000 0.001583
1004.000000 0.001582
1005.000000 0.001582
1006.000000 0.001582
1007.000000 0.001582
1008.000000 0.001582
1009.000000 0.001582
1010.000000 0.001582
1011.000000 0.001581
1012.000000 0.001581
1013.000000 0.001581
1014.000000 0.001581
1015.000000 0.001580
1016.000000 0.001580
1017.000000 0.001580
1018.000000 0.001579
1019.000000 0.001579
1020.000000 0.001579
1021.000000 0.001578
1022.000000 0.001578
1023.000000 0.001577
1024.000000 0.001577
1025.000000 0.001576
1026.000000 0.001576
1027.000000 0.001575
1028.000000 0.001575
1029.000000 0.001574
1030.000000 0.001573
1031.000000 0.001573
1032.000000 0.001572
1033.000000 0.001572
1034.000000 0.001571
1035.000000 0.001570
1036.000000 0.001569
1037.000000 0.001569
1038.000000 0.001568
1039.000000 0.001567
1040.000000 0.001566
1041.000000 0.001565
1042.000000 0.001565
1043.000000 0.001564
1044.000000 0.001563
1045.000000 0.001562
1046.000000 0.001561
1047.000000 0.001560
1048.000000 0.001559
1049.000000 0.001558
1050.000000 0.001557
1051.000000 0.001556
1052.000000 0.001555
1053.000000 0.001554
1054.000000 0.001553
1055.000000 0.001552
1056.000000 0.001551
1057.000000 0.001549
1058.000000 0.001548
1059.000000 0.001547
1060.000000 0.001546
1061.000000 0.001545
1062.000000 0.001543
1063.000000 0.001542
1064.000000 0.001541
1065.000000 0.001539
1066.000000 0.001538
1067.000000 0.001537
1068.000000 0.001535
1069.000000 0.001534
1070.000000 0.001533
1071.000000 0.001531
1072.000000 0.001530
1073.000000 0.001528
1074.000000 0.001527
1075.000000 0.001525
1076.000000 0.001524
1077.000000 0.001522
1078.000000 0.001521
1079.000000 0.001519
1080.000000 0.001517
1081.000000 0.001516
1082.000000 0.001514
1083.000000 0.001513
1084.000000 0.001511
1085.000000 0.001509
1086.000000 0.001507
1087.000000 0.001506
1088.000000 0.001504
1089.000000 0.001502
1090.000000 0.001500
1091.000000 0.001499
1092.000000 0.001497
1093.000000 0.001495
1094.000000 0.001493
1095.000000 0.001491
1096.000000 0.001489
1097.000000 0.001487
1098.000000 0.001485
1099.000000 0.001483
1100.000000 0.001481
1101.000000 0.001479
1102.000000 0.001477
1103.000000 0.001475
1104.000000 0.001473
1105.000000 0.001471
1106.000000 0.001469
1107.000000 0.001467
1108.000000 0.001465
1109.000000 0.001463
1110.000000 0.001461
1111.000000 0.001459
1112.000000 0.001456
1113.000000 0.001454
1114.000000 0.001452
1115.000000 0.001450
1116.000000 0.001447
1117.000000 0.001445
1118.000000 0.001443
1119.000000 0.001441
1120.000000 0.001438
1121.000000 0.001436
1122.000000 0.001434
1123.000000 0.001431
1124.000000 0.001429
1125.000000 0.001426
1126.000000 0.001424
1127.000000 0.001422
1128.000000 0.001419
1129.000000 0.001417
1130.000000 0.001414
1131.000000 0.001412
1132.000000 0.001409
1133.000000 0.001407
1134.000000 0.001404
1135.000000 0.001402
1136.000000 0.001399
1137.000000 0.001396
1138.000000 0.001394
1139.000000 0.001391
1140.000000 0.001389
1141.000000 0.001386
1142.000000 0.001383
1143.000000 0.001381
1144.000000 0.001378
1145.000000 0.001375
1146.000000 0.001372
1147.000000 0.001370
1148.000000 0.001367
1149.000000 0.001364
1150.000000 0.001361
1151.000000 0.001359
1152.000000 0.001356
1153.000000 0.001353
1154.000000 0.001350
1155.000000 0.001347
1156.000000 0.001344
1157.000000 0.001341
1158.000000 0.001339
1159.000000 0.001336
1160.000000 0.001333
1161.000000 0.001330
1162.000000 0.001327
1163.000000 0.001324
1164.000000 0.001321
1165.000000 0.001318
1166.000000 0.001315
1167.000000 0.001312
1168.000000 0.001309
1169.000000 0.001306
1170.000000 0.001303
1171.000000 0.001300
1172.000000 0.001297
1173.000000 0.001293
1174.000000 0.001290
1175.000000 0.001287
1176.000000 0.001284
1177.000000 0.001281
1178.000000 0.001278
1179.000000 0.001275
1180.000000 0.001271
1181.000000 0.001268
1182.000000 0.001265
1183.000000 0.001262
1184.000000 0.001259
1185.000000 0.001255
1186.000000 0.001252
1187.000000 0.001249
1188.000000 0.001245
1189.000000 0.001242
1190.000000 0.001239
1191.000000 0.001236
1192.000000 0.001232
1193.000000 0.001229
1194.000000 0.001226
1195.000000 0.001222
1196.000000 0.001219
1197.000000 0.001216
1198.000000 0.001212
1199.000000 0.001209
1200.000000 0.001205
1201.000000 0.001202
1202.000000 0.001198
1203.000000 0.001195
1204.000000 0.001192
1205.000000 0.001188
1206.000000 0.001185
1207.000000 0.001181
1208.000000 0.001178
1209.000000 0.001174
1210.000000 0.001171
1211.000000 0.001167
1212.000000 0.001164
1213.000000 0.001160
1214.000000 0.001157
1215.000000 0.001153
1216.000000 0.001150
1217.000000 0.001146
1218.000000 0.001142
1219.000000 0.001139
1220.000000 0.001135
1221.000000 0.001132
1222.000000 0.001128
1223.000000 0.001124
1224.000000 0.001121
1225.000000 0.001117
1226.000000 0.001114
1227.000000 0.001110
1228.000000 0.001106
1229.000000 0.001103
1230.000000 0.001099
1231.000000 0.001095
1232.000000 0.001092
1233.000000 0.001088
1234.000000 0.001084
1235.000000 0.001080
1236.000000 0.001077
1237.000000 0.001073
1238.000000 0.001069
1239.000000 0.001066
1240.000000 0.001062
1241.000000 0.001058
1242.000000 0.001054
1243.000000 0.001051
1244.000000 0.001047
1245.000000 0.001043
1246.000000 0.001039
1247.000000 0.001036
1248.000000 0.001032
1249.000000 0.001028
1250.000000 0.001024
1251.000000 0.001020
1252.000000 0.001017
1253.000000 0.001013
1254.000000 0.001009
1255.000000 0.001005
1256.000000 0.001001
1257.000000 0.000997
1258.000000 0.000994
1259.000000 0.000990
1260.000000 0.000986
1261.000000 0.000982
1262.000000 0.000978
1263.000000 0.000974
1264.000000 0.000971
1265.000000 0.000967
1266.000000 0.000963
1267.000000 0.000959
1268.000000 0.000955
1269.000000 0.000951
1270.000000 0.000947
1271.000000 0.000943
1272.000000 0.000940
1273.000000 0.000936
1274.000000 0.000932
1275.000000 0.000928
1276.000000 0.000924
1277.000000 0.000920
1278.000000 0.000916
1279.000000 0.000912
1280.000000 0.000908
1281.000000 0.000905
1282.000000 0.000901
1283.000000 0.000897
1284.000000 0.000893
1285.000000 0.000889
1286.000000 0.000885
1287.000000 0.000881
1288.000000 0.000877
1289.000000 0.000873
1290.000000 0.000869
1291.000000 0.000865
1292.000000 0.000862
1293.000000 0.000858
1294.000000 0.000854
1295.000000 0.000850
1296.000000 0.000846
1297.000000 0.000842
1298.000000 0.000838
1299.000000 0.000834
1300.000000 0.000830
1301.000000 0.000826
1302.000000 0.000822
1303.000000 0.000818
1304.000000 0.000815
1305.000000 0.000811
1306.000000 0.000807
1307.000000 0.000803
1308.000000 0.000799
1309.000000 0.000795
1310.000000 0.000791
1311.000000 0.000787
1312.000000 0.000783
1313.000000 0.000779
1314.000000 0.000775
1315.000000 0.000772
1316.000000 0.000768
1317.000000 0.000764
1318.000000 0.000760
1319.000000 0.000756
1320.000000 0.000752
1321.000000 0.000748
1322.000000 0.000744
1323.000000 0.000740
1324.000000 0.000737
1325.000000 0.000733
1326.000000 0.000729
1327.000000 0.000725
1328.000000 0.000721
1329.000000 0.000717
1330.000000 0.000713
1331.000000 0.000709
1332.000000 0.000706
1333.000000 0.000702
1334.000000 0.000698
1335.000000 0.000694
1336.000000 0.000690
1337.000000 0.000686
1338.000000 0.000683
1339.000000 0.000679
1340.000000 0.000675
1341.000000 0.000671
1342.000000 0.000667
1343.000000 0.000664
1344.000000 0.000660
1345.000000 0.000656
1346.000000 0.000652
1347.000000 0.000648
1348.000000 0.000645
1349.000000 0.000641
1350.000000 0.000637
1351.000000 0.000633
1352.000000 0.000630
1353.000000 0.000626
1354.000000 0.000622
1355.000000 0.000618
1356.000000 0.000615
1357.000000 0.000611
1358.000000 0.000607
1359.000000 0.000603
1360.000000 0.000600
1361.000000 0.000596
1362.000000 0.000592
1363.000000 0.000589
1364.000000 0.000585
1365.000000 0.000581
1366.000000 0.000578
1367.000000 0.000574
1368.000000 0.000570
1369.000000 0.000567
1370.000000 0.000563
1371.000000 0.000560
1372.000000 0.000556
1373.000000 0.000552
1374.000000 0.000549
1375.000000 0.000545
1376.000000 0.000542
1377.000000 0.000538
1378.000000 0.000534
1379.000000 0.000531
1380.000000 0.000527
1381.000000 0.000524
1382.000000 0.000520
1383.000000 0.000517
1384.000000 0.000513
1385.000000 0.000510
1386.000000 0.000506
1387.000000 0.000503
1388.000000 0.000499
1389.000000 0.000496
1390.000000 0.000492
1391.000000 0.000489
1392.000000 0.000486
1393.000000 0.000482
1394.000000 0.000479
1395.000000 0.000475
1396.000000 0.000472
1397.000000 0.000469
1398.000000 0.000465
1399.000000 0.000462
1400.000000 0.000459
1401.000000 0.000455
1402.000000 0.000452
1403.000000 0.000449
1404.000000 0.000445
1405.000000 0.000442
1406.000000 0.000439
1407.000000 0.000435
1408.000000 0.000432
1409.000000 0.000429
1410.000000 0.000426
1411.000000 0.000422
1412.000000 0.000419
1413.000000 0.000416
1414.000000 0.000413
1415.000000 0.000410
1416.000000 0.000406
1417.000000 0.000403
1418.000000 0.000400
1419.000000 0.000397
1420.000000 0.000394
1421.000000 0.000391
1422.000000 0.000388
1423.000000 0.000385
1424.000000 0.000382
1425.000000 0.000378
1426.000000 0.000375
1427.000000 0.000372
1428.000000 0.000369
1429.000000 0.000366
1430.000000 0.000363
1431.000000 0.000360
1432.000000 0.000357
1433.000000 0.000354
1434.000000 0.000351
1435.000000 0.000349
1436.000000 0.000346
1437.000000 0.000343
1438.000000 0.000340
1439.000000 0.000337
1440.000000 0.000334
1441.000000 0.000331
1442.000000 0.000328
1443.000000 0.000325
1444.000000 0.000323
1445.000000 0.000320
1446.000000 0.000317
1447.000000 0.000314
1448.000000 0.000312
1449.000000 0.000309
1450.000000 0.000306
1451.000000 0.000303
1452.000000 0.000301
1453.000000 0.000298
1454.000000 0.000295
1455.000000 0.000293
1456.000000 0.000290
1457.000000 0.000287
1458.000000 0.000285
1459.000000 0.000282
1460.000000 0.000279
1461.000000 0.000277
1462.000000 0.000274
1463.000000 0.000272
1464.000000 0.000269
1465.000000 0.000267
1466.000000 0.000264
1467.000000 0.000262
1468.000000 0.000259
1469.000000 0.000257
1470.000000 0.000254
1471.000000 0.000252
1472.000000 0.000249
1473.000000 0.000247
1474.000000 0.000244
1475.000000 0.000242
1476.000000 0.000240
1477.000000 0.000237
1478.000000 0.000235
1479.000000 0.000232
1480.000000 0.000230
1481.000000 0.000228
1482.000000 0.000226
1483.000000 0.000223
1484.000000 0.000221
1485.000000 0.000219
1486.000000 0.000216
1487.000000 0.000214
1488.000000 0.000212
1489.000000 0.000210
1490.000000 0.000208
1491.000000 0.000206
1492.000000 0.000203
1493.000000 0.000201
1494.000000 0.000199
1495.000000 0.000197
1496.000000 0.000195
1497.000000 0.000193
1498.000000 0.000191
1499.000000 0.000189
1500.000000 0.000187
1501.000000 0.000185
1502.000000 0.000183
1503.000000 0.000181
1504.000000 0.000179
1505.000000 0.000177
1506.000000 0.000175
1507.000000 0.000173
1508.000000 0.000171
1509.000000 0.000169
1510.000000 0.000167
1511.000000 0.000165
1512.000000 0.000163
1513.000000 0.000161
1514.000000 0.000159
1515.000000 0.000158
1516.000000 0.000156
1517.000000 0.000154
1518.000000 0.000152
1519.000000 0.000150
1520.000000 0.000149
1521.000000 0.000147
1522.000000 0.000145
1523.000000 0.000143
1524.000000 0.000142
1525.000000 0.000140
1526.000000 0.000138
1527.000000 0.000137
1528.000000 0.000135
1529.000000 0.000133
1530.000000 0.000132
1531.000000 0.000130
1532.000000 0.000128
1533.000000 0.000127
1534.000000 0.000125
1535.000000 0.000124
1536.000000 0.000122
1537.000000 0.000121
1538.000000 0.000119
1539.000000 0.000118
1540.000000 0.000116
1541.000000 0.000115
1542.000000 0.000113
1543.000000 0.000112
1544.000000 0.000110
1545.000000 0.000109
1546.000000 0.000107
1547.000000 0.000106
1548.000000 0.000105
1549.000000 0.000103
1550.000000 0.000102
1551.000000 0.000101
1552.000000 0.000099
1553.000000 0.000098
1554.000000 0.000097
1555.000000 0.000095
1556.000000 0.000094
1557.000000 0.000093
1558.000000 0.000091
1559.000000 0.000090
1560.000000 0.000089
1561.000000 0.000088
1562.000000 0.000086
1563.000000 0.000085
1564.000000 0.000084
1565.000000 0.000083
1566.000000 0.000082
1567.000000 0.000080
1568.000000 0.000079
1569.000000 0.000078
1570.000000 0.000077
1571.000000 0.000076
1572.000000 0.000075
1573.000000 0.000074
1574.000000 0.000073
1575.000000 0.000072
1576.000000 0.000071
1577.000000 0.000069
1578.000000 0.000068
1579.000000 0.000067
1580.000000 0.000066
1581.000000 0.000065
1582.000000 0.000064
1583.000000 0.000063
1584.000000 0.000062
1585.000000 0.000062
1586.000000 0.000061
1587.000000 0.000060
1588.000000 0.000059
1589.000000 0.000058
1590.000000 0.000057
1591.000000 0.000056
1592.000000 0.000055
1593.000000 0.000054
1594.000000 0.000053
1595.000000 0.000052
1596.000000 0.000052
1597.000000 0.000051
1598.000000 0.000050
1599.000000 0.000049
1600.000000 0.000048
1601.000000 0.000048
1602.000000 0.000047
1603.000000 0.000046
1604.000000 0.000045
1605.000000 0.000044
1606.000000 0.000044
1607.000000 0.000043
1608.000000 0.000042
1609.000000 0.000042
1610.000000 0.000041
1611.000000 0.000040
1612.000000 0.000039
1613.000000 0.000039
1614.000000 0.000038
1615.000000 0.000037
1616.000000 0.000037
1617.000000 0.000036
1618.000000 0.000035
1619.000000 0.000035
1620.000000 0.000034
1621.000000 0.000034
1622.000000 0.000033
1623.000000 0.000032
1624.000000 0.000032
1625.000000 0.000031
1626.000000 0.000031
1627.000000 0.000030
1628.000000 0.000030
1629.000000 0.000029
1630.000000 0.000028
1631.000000 0.000028
1632.000000 0.000027
1633.000000 0.000027
1634.000000 0.000026
1635.000000 0.000026
1636.000000 0.000025
1637.000000 0.000025
1638.000000 0.000024
1639.000000 0.000024
1640.000000 0.000023
1641.000000 0.000023
1642.000000 0.000023
1643.000000 0.000022
1644.000000 0.000022
1645.000000 0.000021
1646.000000 0.000021
1647.000000 0.000020
1648.000000 0.000020
1649.000000 0.000020
1650.000000 0.000019
1651.000000 0.000019
1652.000000 0.000018
1653.000000 0.000018
1654.000000 0.000018
1655.000000 0.000017
1656.000000 0.000017
1657.000000 0.000017
1658.000000 0.000016
1659.000000 0.000016
1660.000000 0.000015
1661.000000 0.000015
1662.000000 0.000015
1663.000000 0.000014
1664.000000 0.000014
1665.000000 0.000014
1666.000000 0.000014
1667.000000 0.000013
1668.000000 0.000013
1669.000000 0.000013
1670.000000 0.000012
1671.000000 0.000012
1672.000000 0.000012
1673.000000 0.000012
1674.000000 0.000011
1675.000000 0.000011
1676.000000 0.000011
1677.000000 0.000011
1678.000000 0.000010
1679.000000 0.000010
1680.000000 0.000010
1681.000000 0.000010
1682.000000 0.000009
1683.000000 0.000009
1684.000000 0.000009
1685.000000 0.000009
1686.000000 0.000008
1687.000000 0.000008
1688.000000 0.000008
1689.000000 0.000008
1690.000000 0.000008
1691.000000 0.000007
1692.000000 0.000007
1693.000000 0.000007
1694.000000 0.000007
1695.000000 0.000007
1696.000000 0.000007
1697.000000 0.000006
1698.000000 0.000006
1699.000000 0.000006
1700.000000 0.000006
1701.000000 0.000006
1702.000000 0.000006
1703.000000 0.000005
1704.000000 0.000005
1705.000000 0.000005
1706.000000 0.000005
1707.000000 0.000005
1708.000000 0.000005
1709.000000 0.000005
1710.000000 0.000004
1711.000000 0.000004
1712.000000 0.000004
1713.000000 0.000004
1714.000000 0.000004
1715.000000 0.000004
1716.000000 0.000004
1717.000000 0.000004
1718.000000 0.000004
1719.000000 0.000003
1720.000000 0.000003
1721.000000 0.000003
1722.000000 0.000003
1723.000000 0.000003
1724.000000 0.000003
1725.000000 0.000003
1726.000000 0.000003
1727.000000 0.000003
1728.000000 0.000003
1729.000000 0.000003
1730.000000 0.000002
1731.000000 0.000002
1732.000000 0.000002
1733.000000 0.000002
1734.000000 0.000002
1735.000000 0.000002
1736.000000 0.000002
1737.000000 0.000002
1738.000000 0.000002
1739.000000 0.000002
1740.000000 0.000002
1741.000000 0.000002
1742.000000 0.000002
1743.000000 0.000002
1744.000000 0.000002
1745.000000 0.000002
1746.000000 0.000001
1747.000000 0.000001
1748.000000 0.000001
1749.000000 0.000001
1750.000000 0.000001
1751.000000 0.000001
1752.000000 0.000001
1753.000000 0.000001
1754.000000 0.000001
1755.000000 0.000001
1756.000000 0.000001
1757.000000 0.000001
1758.000000 0.000001
1759.000000 0.000001
1760.000000 0.000001
1761.000000 0.000001
1762.000000 0.000001
1763.000000 0.000001
1764.000000 0.000001
1765.000000 0.000001
1766.000000 0.000001
1767.000000 0.000001
1768.000000 0.000001
1769.000000 0.000001
1770.000000 0.000001
1771.000000 0.000001
1772.000000 0.000001
1773.000000 0.000001
1774.000000 0.000001
1775.000000 0.000001
1776.000000 0.000000
1777.000000 0.000000
1778.000000 0.000000
1779.000000 0.000000
1780.000000 0.000000
1781.000000 0.000000
1782.000000 0.000000
1783.000000 0.000000
1784.000000 0.000000
1785.000000 0.000000
1786.000000 0.000000
1787.000000 0.000000
1788.000000 0.000000
1789.000000 0.000000
1790.000000 0.000000
1791.000000 0.000000
1792.000000 0.000000
1793.000000 0.000000
1794.000000 0.000000
1795.000000 0.000000
1796.000000 0.000000
1797.000000 0.000000
1798.000000 0.000000
1799.000000 0.000000
1800.000000 0.000000
1801.000000 0.000000
1802.000000 0.000000
1803.000000 0.000000
1804.000000 0.000000
1805.000000 0.000000
1806.000000 0.000000
1807.000000 0.000000
1808.000000 0.000000
1809.000000 0.000000
1810.000000 0.000000
1811.000000 0.000000
1812.000000 0.000000
1813.000000 0.000000
1814.000000 0.000000
1815.000000 0.000000
1816.000000 0.000000
1817.000000 0.000000
1818.000000 0.000000
1819.000000 0.000000
1820.000000 0.000000
1821.000000 0.000000
1822.000000 0.000000
1823.000000 0.000000
1824.000000 0.000000
1825.000000 0.000000
1826.000000 0.000000
1827.000000 0.000000
1828.000000 0.000000
1829.000000 0.000000
1830.000000 0.000000
1831.000000 0.000000
1832.000000 0.000000
1833.000000 0.000000
1834.000000 0.000000
1835.000000 0.000000
1836.000000 0.000000
1837.000000 0.000000
1838.000000 0.000000
1839.000000 0.000000
1840.000000 0.000000
1841.000000 0.000000
1842.000000 0.000000
1843.000000 0.000000
1844.000000 0.000000
1845.000000 0.000000
1846.000000 0.000000
1847.000000 0.000000
1848.000000 0.000000
1849.000000 0.000000
1850.000000 0.000000
1851.000000 0.000000
1852.000000 0.000000
1853.000000 0.000000
1854.000000 0.000000
1855.000000 0.000000
1856.000000 0.000000
1857.000000 0.000000
1858.000000 0.000000
1859.000000 0.000000
1860.000000 0.000000
1861.000000 0.000000
1862.000000 0.000000
1863.000000 0.000000
1864.000000 0.000000
1865.000000 0.000000
1866.000000 0.000000
1867.000000 0.000000
1868.000000 0.000000
1869.000000 0.000000
1870.000000 0.000000
1871.000000 0.000000
1872.000000 0.000000
1873.000000 0.000000
1874.000000 0.000000
1875.000000 0.000000
1876.000000 0.000000
1877.000000 0.000000
1878.000000 0.000000
1879.000000 0.000000
1880.000000 0.000000
1881.000000 0.000000
1882.000000 0.000000
1883.000000 0.000000
1884.000000 0.000000
1885.000000 0.000000
1886.000000 0.000000
1887.000000 0.000000
1888.000000 0.000000
1889.000000 0.000000
1890.000000 0.000000
1891.000000 0.000000
1892.000000 0.000000
1893.000000 0.000000
1894.000000 0.000000
1895.000000 0.000000
1896.000000 0.000000
1897.000000 0.000000
1898.000000 0.000000
1899.000000 0.000000
1900.000000 0.000000
1901.000000 0.000000
1902.000000 0.000000
1903.000000 0.000000
1904.000000 0.000000
1905.000000 0.000000
1906.000000 0.000000
1907.000000 0.000000
1908.000000 0.000000
1909.000000 0.000000
1910.000000 0.000000
1911.000000 0.000000
1912.000000 0.000000
1913.000000 0.000000
1914.000000 0.000000
1915.000000 0.000000
1916.000000 0.000000
1917.000000 0.000000
1918.000000 0.000000
1919.000000 0.000000
1920.000000 0.000000
1921.000000 0.000000
1922.000000 0.000000
1923.000000 0.000000
1924.000000 0.000000
1925.000000 0.000000
1926.000000 0.000000
1927.000000 0.000000
1928.000000 0.000000
1929.000000 0.000000
1930.000000 0.000000
1931.000000 0.000000
1932.000000 0.000000
1933.000000 0.000000
1934.000000 0.000000
1935.000000 0.000000
1936.000000 0.000000
1937.000000 0.000000
1938.000000 0.000000
1939.000000 0.000000
1940.000000 0.000000
1941.000000 0.000000
1942.000000 0.000000
1943.000000 0.000000
1944.000000 0.000000
1945.000000 0.000000
1946.000000 0.000000
1947.000000 0.000000
1948.000000 0.000000
1949.000000 0.000000
1950.000000 0.000000
1951.000000 0.000000
1952.000000 0.000000
1953.000000 0.000000
1954.000000 0.000000
1955.000000 0.000000
1956.000000 0.000000
1957.000000 0.000000
1958.000000 0.000000
1959.000000 0.000000
1960.000000 0.000000
1961.000000 0.000000
1962.000000 0.000000
1963.000000 0.000000
1964.000000 0.000000
1965.000000 0.000000
1966.000000 0.000000
1967.000000 0.000000
1968.000000 0.000000
1969.000000 0.000000
1970.000000 0.000000
1971.000000 0.000000
1972.000000 0.000000
1973.000000 0.000000
1974.000000 0.000000
1975.000000 0.000000
1976.000000 0.000000
1977.000000 0.000000
1978.000000 0.000000
1979.000000 0.000000
1980.000000 0.000000
1981.000000 0.000000
1982.000000 0.000000
1983.000000 0.000000
1984.000000 0.000000
1985.000000 0.000000
1986.000000 0.000000
1987.000000 0.000000
1988.000000 0.000000
1989.000000 0.000000
1990.000000 0.000000
1991.000000 0.000000
1992.000000 0.000000
1993.000000 0.000000
1994.000000 0.000000
1995.000000 0.000000
1996.000000 0.000000
1997.000000 0.000000
1998.000000 0.000000
1999.000000 0.000000
2000.000000 0.000000
