n lam mean variance std
2000 0.590000 1000.492063 41267.372949 203.143725
bin_midpoint probability
1.000000 0.000000
2.000000 0.000000
3.000000 0.000000
4.000000 0.000000
5.000000 0.000000
6.000000 0.000000
7.000000 0.000000
8.000000 0.000000
9.000000 0.000000
10.000000 0.000000
11.000000 0.000000
12.000000 0.000000
13.000000 0.000000
14.000000 0.000000
15.000000 0.000000
16.000000 0.000000
17.000000 0.000000
18.000000 0.000000
19.000000 0.000000
20.000000 0.000000
21.000000 0.000000
22.000000 0.000000
23.000000 0.000000
24.000000 0.000000
25.000000 0.000000
26.000000 0.000000
27.000000 0.000000
28.000000 0.000000
29.000000 0.000000
30.000000 0.000000
31.000000 0.000000
32.000000 0.000000
33.000000 0.000000
34.000000 0.000000
35.000000 0.000000
36.000000 0.000000
37.000000 0.000000
38.000000 0.000000
39.000000 0.000000
40.000000 0.000000
41.000000 0.000000
42.000000 0.000000
43.000000 0.000000
44.000000 0.000000
45.000000 0.000000
46.000000 0.000000
47.000000 0.000000
48.000000 0.000000
49.000000 0.000000
50.000000 0.000000
51.000000 0.000000
52.000000 0.000000
53.000000 0.000000
54.000000 0.000000
55.000000 0.000000
56.000000 0.000000
57.000000 0.000000
58.000000 0.000000
59.000000 0.000000
60.000000 0.000000
61.000000 0.000000
62.000000 0.000000
63.000000 0.000000
64.000000 0.000000
65.000000 0.000000
66.000000 0.000000
67.000000 0.000000
68.000000 0.000000
69.000000 0.000000
70.000000 0.000000
71.000000 0.000000
72.000000 0.000000
73.000000 0.000000
74.000000 0.000000
75.000000 0.000000
76.000000 0.000000
77.000000 0.000000
78.000000 0.000000
79.000000 0.000000
80.000000 0.000000
81.000000 0.000000
82.000000 0.000000
83.000000 0.000000
84.000000 0.000000
85.000000 0.000000
86.000000 0.000000
87.000000 0.000000
88.000000 0.000000
89.000000 0.000000
90.000000 0.000000
91.000000 0.000000
92.000000 0.000000
93.000000 0.000000
94.000000 0.000000
95.000000 0.000000
96.000000 0.000000
97.000000 0.000000
98.000000 0.000000
99.000000 0.000000
100.000000 0.000000
101.000000 0.000000
102.000000 0.000000
103.000000 0.000000
104.000000 0.000000
105.000000 0.000000
106.000000 0.000000
107.000000 0.000000
108.000000 0.000000
109.000000 0.000000
110.000000 0.000000
111.000000 0.000000
112.000000 0.000000
113.000000 0.000000
114.000000 0.000000
115.000000 0.000000
116.000000 0.000000
117.000000 0.000000
118.000000 0.000000
119.000000 0.000000
120.000000 0.000000
121.000000 0.000000
122.000000 0.000000
123.000000 0.000000
124.000000 0.000000
125.000000 0.000000
126.000000 0.000000
127.000000 0.000000
128.000000 0.000000
129.000000 0.000000
130.000000 0.000000
131.000000 0.000000
132.000000 0.000000
133.000000 0.000000
134.000000 0.000000
135.000000 0.000000
136.000000 0.000000
137.000000 0.000000
138.000000 0.000000
139.000000 0.000000
140.000000 0.000000
141.000000 0.000000
142.000000 0.000000
143.000000 0.000000
144.000000 0.000000
145.000000 0.000000
146.000000 0.000000
147.000000 0.000000
148.000000 0.000000
149.000000 0.000000
150.000000 0.000000
151.000000 0.000000
152.000000 0.000000
153.000000 0.000000
154.000000 0.000000
155.000000 0.000000
156.000000 0.000000
157.000000 0.000000
158.000000 0.000000
159.000000 0.000000
160.000000 0.000000
161.000000 0.000000
162.000000 0.000000
163.000000 0.000000
164.000000 0.000000
165.000000 0.000000
166.000000 0.000000
167.000000 0.000000
168.000000 0.000000
169.000000 0.000000
170.000000 0.000000
171.000000 0.000000
172.000000 0.000000
173.000000 0.000000
174.000000 0.000000
175.000000 0.000000
176.000000 0.000000
177.000000 0.000000
178.000000 0.000000
179.000000 0.000000
180.000000 0.000000
181.000000 0.000000
182.000000 0.000000
183.000000 0.000000
184.000000 0.000000
185.000000 0.000000
186.000000 0.000000
187.000000 0.000000
188.000000 0.000000
189.000000 0.000000
190.000000 0.000000
191.000000 0.000000
192.000000 0.000000
193.000000 0.000000
194.000000 0.000000
195.000000 0.000000
196.000000 0.000000
197.000000 0.000000
198.000000 0.000000
199.000000 0.000000
200.000000 0.000000
201.000000 0.000000
202.000000 0.000000
203.000000 0.000000
204.000000 0.000000
205.000000 0.000000
206.000000 0.000000
207.000000 0.000000
208.000000 0.000000
209.000000 0.000000
210.000000 0.000000
211.000000 0.000000
212.000000 0.000000
213.000000 0.000000
214.000000 0.000000
215.000000 0.000000
216.000000 0.000000
217.000000 0.000000
218.000000 0.000000
219.000000 0.000000
220.000000 0.000000
221.000000 0.000000
222.000000 0.000000
223.000000 0.000000
224.000000 0.000000
225.000000 0.000000
226.000000 0.000000
227.000000 0.000000
228.000000 0.000000
229.000000 0.000000
230.000000 0.000000
231.000000 0.000000
232.000000 0.000000
233.000000 0.000000
234.000000 0.000000
235.000000 0.000000
236.000000 0.000000
237.000000 0.000000
238.000000 0.000000
239.000000 0.000000
240.000000 0.000000
241.000000 0.000000
242.000000 0.000000
243.000000 0.000000
244.000000 0.000000
245.000000 0.000000
246.000000 0.000000
247.000000 0.000000
248.000000 0.000000
249.000000 0.000000
250.000000 0.000000
251.000000 0.000000
252.000000 0.000000
253.000000 0.000000
254.000000 0.000000
255.000000 0.000000
256.000000 0.000000
257.000000 0.000000
258.000000 0.000000
259.000000 0.000000
260.000000 0.000000
261.000000 0.000000
262.000000 0.000000
263.000000 0.000000
264.000000 0.000000
265.000000 0.000000
266.000000 0.000000
267.000000 0.000000
268.000000 0.000000
269.000000 0.000000
270.000000 0.000000
271.000000 0.000000
272.000000 0.000000
273.000000 0.000000
274.000000 0.000000
275.000000 0.000000
276.000000 0.000000
277.000000 0.000000
278.000000 0.000000
279.000000 0.000000
280.000000 0.000000
281.000000 0.000000
282.000000 0.000000
283.000000 0.000000
284.000000 0.000000
285.000000 0.000000
286.000000 0.000000
287.000000 0.000000
288.000000 0.000000
289.000000 0.000000
290.000000 0.000000
291.000000 0.000000
292.000000 0.000000
293.000000 0.000000
294.000000 0.000000
295.000000 0.000000
296.000000 0.000000
297.000000 0.000001
298.000000 0.000001
299.000000 0.000001
300.000000 0.000001
301.000000 0.000001
302.000000 0.000001
303.000000 0.000001
304.000000 0.000001
305.000000 0.000001
306.000000 0.000001
307.000000 0.000001
308.000000 0.000001
309.000000 0.000001
310.000000 0.000001
311.000000 0.000001
312.000000 0.000001
313.000000 0.000001
314.000000 0.000001
315.000000 0.000001
316.000000 0.000001
317.000000 0.000001
318.000000 0.000001
319.000000 0.000001
320.000000 0.000001
321.000000 0.000001
322.000000 0.000001
323.000000 0.000001
324.000000 0.000001
325.000000 0.000001
326.000000 0.000001
327.000000 0.000001
328.000000 0.000002
329.000000 0.000002
330.000000 0.000002
331.000000 0.000002
332.000000 0.000002
333.000000 0.000002
334.000000 0.000002
335.000000 0.000002
336.000000 0.000002
337.000000 0.000002
338.000000 0.000002
339.000000 0.000002
340.000000 0.000002
341.000000 0.000002
342.000000 0.000002
343.000000 0.000003
344.000000 0.000003
345.000000 0.000003
346.000000 0.000003
347.000000 0.000003
348.000000 0.000003
349.000000 0.000003
350.000000 0.000003
351.000000 0.000003
352.000000 0.000003
353.000000 0.000003
354.000000 0.000003
355.000000 0.000004
356.000000 0.000004
357.000000 0.000004
358.000000 0.000004
359.000000 0.000004
360.000000 0.000004
361.000000 0.000004
362.000000 0.000004
363.000000 0.000004
364.000000 0.000005
365.000000 0.000005
366.000000 0.000005
367.000000 0.000005
368.000000 0.000005
369.000000 0.000005
370.000000 0.000005
371.000000 0.000006
372.000000 0.000006
373.000000 0.000006
374.000000 0.000006
375.000000 0.000006
376.000000 0.000006
377.000000 0.000007
378.000000 0.000007
379.000000 0.000007
380.000000 0.000007
381.000000 0.000007
382.000000 0.000008
383.000000 0.000008
384.000000 0.000008
385.000000 0.000008
386.000000 0.000008
387.000000 0.000009
388.000000 0.000009
389.000000 0.000009
390.000000 0.000009
391.000000 0.000009
392.000000 0.000010
393.000000 0.000010
394.000000 0.000010
395.000000 0.000010
396.000000 0.000011
397.000000 0.000011
398.000000 0.000011
399.000000 0.000011
400.000000 0.000012
401.000000 0.000012
402.000000 0.000012
403.000000 0.000013
404.000000 0.000013
405.000000 0.000013
406.000000 0.000013
407.000000 0.000014
408.000000 0.000014
409.000000 0.000015
410.000000 0.000015
411.000000 0.000015
412.000000 0.000015
413.000000 0.000016
414.000000 0.000016
415.000000 0.000017
416.000000 0.000017
417.000000 0.000017
418.000000 0.000018
419.000000 0.000018
420.000000 0.000019
421.000000 0.000019
422.000000 0.000019
423.000000 0.000020
424.000000 0.000020
425.000000 0.000021
426.000000 0.000021
427.000000 0.000022
428.000000 0.000022
429.000000 0.000023
430.000000 0.000023
431.000000 0.000023
432.000000 0.000024
433.000000 0.000024
434.000000 0.000025
435.000000 0.000025
436.000000 0.000026
437.000000 0.000027
438.000000 0.000027
439.000000 0.000028
440.000000 0.000028
441.000000 0.000029
442.000000 0.000029
443.000000 0.000030
444.000000 0.000031
445.000000 0.000031
446.000000 0.000032
447.000000 0.000032
448.000000 0.000033
449.000000 0.000033
450.000000 0.000035
451.000000 0.000035
452.000000 0.000036
453.000000 0.000036
454.000000 0.000037
455.000000 0.000038
456.000000 0.000038
457.000000 0.000039
458.000000 0.000040
459.000000 0.000041
460.000000 0.000042
461.000000 0.000042
462.000000 0.000043
463.000000 0.000044
464.000000 0.000045
465.000000 0.000045
466.000000 0.000047
467.000000 0.000047
468.000000 0.000048
469.000000 0.000049
470.000000 0.000050
471.000000 0.000051
472.000000 0.000052
473.000000 0.000053
474.000000 0.000053
475.000000 0.000055
476.000000 0.000055
477.000000 0.000056
478.000000 0.000057
479.000000 0.000058
480.000000 0.000059
481.000000 0.000060
482.000000 0.000062
483.000000 0.000062
484.000000 0.000064
485.000000 0.000065
486.000000 0.000066
487.000000 0.000067
488.000000 0.000068
489.000000 0.000069
490.000000 0.000070
491.000000 0.000072
492.000000 0.000072
493.000000 0.000074
494.000000 0.000075
495.000000 0.000076
496.000000 0.000077
497.000000 0.000079
498.000000 0.000080
499.000000 0.000081
500.000000 0.000083
501.000000 0.000084
502.000000 0.000085
503.000000 0.000086
504.000000 0.000088
505.000000 0.000089
506.000000 0.000090
507.000000 0.000092
508.000000 0.000093
509.000000 0.000095
510.000000 0.000096
511.000000 0.000098
512.000000 0.000099
513.000000 0.000101
514.000000 0.000102
515.000000 0.000103
516.000000 0.000106
517.000000 0.000107
518.000000 0.000109
519.000000 0.000110
520.000000 0.000112
521.000000 0.000113
522.000000 0.000115
523.000000 0.000117
524.000000 0.000118
525.000000 0.000121
526.000000 0.000122
527.000000 0.000124
528.000000 0.000125
529.000000 0.000127
530.000000 0.000129
531.000000 0.000130
532.000000 0.000133
533.000000 0.000134
534.000000 0.000137
535.000000 0.000138
536.000000 0.000140
537.000000 0.000142
538.000000 0.000144
539.000000 0.000146
540.000000 0.000147
541.000000 0.000150
542.000000 0.000151
543.000000 0.000154
544.000000 0.000156
545.000000 0.000158
546.000000 0.000160
547.000000 0.000162
548.000000 0.000165
549.000000 0.000166
550.000000 0.000169
551.000000 0.000171
552.000000 0.000173
553.000000 0.000175
554.000000 0.000177
555.000000 0.000180
556.000000 0.000182
557.000000 0.000185
558.000000 0.000186
559.000000 0.000190
560.000000 0.000191
561.000000 0.000194
562.000000 0.000196
563.000000 0.000199
564.000000 0.000201
565.000000 0.000203
566.000000 0.000207
567.000000 0.000208
568.000000 0.000212
569.000000 0.000214
570.000000 0.000216
571.000000 0.000219
572.000000 0.000221
573.000000 0.000225
574.000000 0.000226
575.000000 0.000230
576.000000 0.000232
577.000000 0.000235
578.000000 0.000238
579.000000 0.000240
580.000000 0.000244
581.000000 0.000245
582.000000 0.000250
583.000000 0.000251
584.000000 0.000255
585.000000 0.000257
586.000000 0.000261
587.000000 0.000263
588.000000 0.000266
589.000000 0.000270
590.000000 0.000272
591.000000 0.000276
592.000000 0.000278
593.000000 0.000281
594.000000 0.000284
595.000000 0.000287
596.000000 0.000291
597.000000 0.000293
598.000000 0.000298
599.000000 0.000300
600.000000 0.000304
601.000000 0.000306
602.000000 0.000310
603.000000 0.000313
604.000000 0.000316
605.000000 0.000319
606.000000 0.000322
607.000000 0.000327
608.000000 0.000330
609.000000 0.000333
610.000000 0.000336
611.000000 0.000340
612.000000 0.000343
613.000000 0.000346
614.000000 0.000351
615.000000 0.000353
616.000000 0.000358
617.000000 0.000361
618.000000 0.000364
619.000000 0.000368
620.000000 0.000372
621.000000 0.000375
622.000000 0.000378
623.000000 0.000383
624.000000 0.000386
625.000000 0.000390
626.000000 0.000394
627.000000 0.000398
628.000000 0.000401
629.000000 0.000405
630.000000 0.000409
631.000000 0.000412
632.000000 0.000418
633.000000 0.000421
634.000000 0.000425
635.000000 0.000428
636.000000 0.000432
637.000000 0.000436
638.000000 0.000440
639.000000 0.000445
640.000000 0.000448
641.000000 0.000453
642.000000 0.000456
643.000000 0.000461
644.000000 0.000464
645.000000 0.000469
646.000000 0.000472
647.000000 0.000476
648.000000 0.000482
649.000000 0.000486
650.000000 0.000490
651.000000 0.000494
652.000000 0.000498
653.000000 0.000502
654.000000 0.000506
655.000000 0.000511
656.000000 0.000515
657.000000 0.000520
658.000000 0.000525
659.000000 0.000528
660.000000 0.000532
661.000000 0.000537
662.000000 0.000542
663.000000 0.000546
664.000000 0.000551
665.000000 0.000555
666.000000 0.000560
667.000000 0.000564
668.000000 0.000569
669.000000 0.000572
670.000000 0.000578
671.000000 0.000582
672.000000 0.000586
673.000000 0.000592
674.000000 0.000597
675.000000 0.000600
676.000000 0.000605
677.000000 0.000610
678.000000 0.000614
679.000000 0.000619
680.000000 0.000625
681.000000 0.000629
682.000000 0.000633
683.000000 0.000639
684.000000 0.000644
685.000000 0.000647
686.000000 0.000653
687.000000 0.000657
688.000000 0.000663
689.000000 0.000668
690.000000 0.000672
691.000000 0.000678
692.000000 0.000682
693.000000 0.000687
694.000000 0.000691
695.000000 0.000697
696.000000 0.000702
697.000000 0.000706
698.000000 0.000712
699.000000 0.000718
700.000000 0.000722
701.000000 0.000726
702.000000 0.000733
703.000000 0.000736
704.000000 0.000741
705.000000 0.000747
706.000000 0.000753
707.000000 0.000757
708.000000 0.000763
709.000000 0.000768
710.000000 0.000772
711.000000 0.000778
712.000000 0.000782
713.000000 0.000787
714.000000 0.000794
715.000000 0.000799
716.000000 0.000803
717.000000 0.000809
718.000000 0.000814
719.000000 0.000818
720.000000 0.000824
721.000000 0.000830
722.000000 0.000836
723.000000 0.000839
724.000000 0.000846
725.000000 0.000851
726.000000 0.000854
727.000000 0.000862
728.000000 0.000865
729.000000 0.000872
730.000000 0.000877
731.000000 0.000884
732.000000 0.000886
733.000000 0.000893
734.000000 0.000898
735.000000 0.000902
736.000000 0.000909
737.000000 0.000913
738.000000 0.000919
739.000000 0.000924
740.000000 0.000932
741.000000 0.000935
742.000000 0.000940
743.000000 0.000947
744.000000 0.000950
745.000000 0.000956
746.000000 0.000962
747.000000 0.000969
748.000000 0.000971
749.000000 0.000980
750.000000 0.000984
751.000000 0.000988
752.000000 0.000994
753.000000 0.000999
754.000000 0.001005
755.000000 0.001011
756.000000 0.001018
757.000000 0.001020
758.000000 0.001026
759.000000 0.001033
760.000000 0.001036
761.000000 0.001044
762.000000 0.001048
763.000000 0.001054
764.000000 0.001058
765.000000 0.001065
766.000000 0.001071
767.000000 0.001074
768.000000 0.001081
769.000000 0.001084
770.000000 0.001091
771.000000 0.001097
772.000000 0.001104
773.000000 0.001107
774.000000 0.001113
775.000000 0.001118
776.000000 0.001121
777.000000 0.001130
778.000000 0.001133
779.000000 0.001139
780.000000 0.001145
781.000000 0.001154
782.000000 0.001154
783.000000 0.001160
784.000000 0.001167
785.000000 0.001170
786.000000 0.001178
787.000000 0.001181
788.000000 0.001189
789.000000 0.001192
790.000000 0.001200
791.000000 0.001204
792.000000 0.001207
793.000000 0.001215
794.000000 0.001217
795.000000 0.001224
796.000000 0.001230
797.000000 0.001238
798.000000 0.001238
799.000000 0.001246
800.000000 0.001251
801.000000 0.001253
802.000000 0.001262
803.000000 0.001265
804.000000 0.001271
805.000000 0.001276
806.000000 0.001284
807.000000 0.001287
808.000000 0.001290
809.000000 0.001297
810.000000 0.001299
811.000000 0.001308
812.000000 0.001312
813.000000 0.001320
814.000000 0.001321
815.000000 0.001328
816.000000 0.001333
817.000000 0.001334
818.000000 0.001344
819.000000 0.001346
820.000000 0.001353
821.000000 0.001356
822.000000 0.001367
823.000000 0.001366
824.000000 0.001371
825.000000 0.001379
826.000000 0.001380
827.000000 0.001388
828.000000 0.001389
829.000000 0.001397
830.000000 0.001401
831.000000 0.001409
832.000000 0.001412
833.000000 0.001414
834.000000 0.001422
835.000000 0.001422
836.000000 0.001431
837.000000 0.001434
838.000000 0.001442
839.000000 0.001443
840.000000 0.001450
841.000000 0.001455
842.000000 0.001455
843.000000 0.001464
844.000000 0.001466
845.000000 0.001472
846.000000 0.001476
847.000000 0.001485
848.000000 0.001486
849.000000 0.001489
850.000000 0.001496
851.000000 0.001495
852.000000 0.001506
853.000000 0.001506
854.000000 0.001514
855.000000 0.001517
856.000000 0.001523
857.000000 0.001527
858.000000 0.001527
859.000000 0.001537
860.000000 0.001535
861.000000 0.001543
862.000000 0.001545
863.000000 0.001555
864.000000 0.001555
865.000000 0.001559
866.000000 0.001566
867.000000 0.001565
868.000000 0.001573
869.000000 0.001573
870.000000 0.001582
871.000000 0.001583
872.000000 0.001592
873.000000 0.001593
874.000000 0.001594
875.000000 0.001602
876.000000 0.001600
877.000000 0.001610
878.000000 0.001610
879.000000 0.001619
880.000000 0.001618
881.000000 0.001624
882.000000 0.001628
883.000000 0.001626
884.000000 0.001638
885.000000 0.001635
886.000000 0.001644
887.000000 0.001643
888.000000 0.001651
889.000000 0.001655
890.000000 0.001654
891.000000 0.001663
892.000000 0.001658
893.000000 0.001670
894.000000 0.001666
895.000000 0.001676
896.000000 0.001677
897.000000 0.001681
898.000000 0.001686
899.000000 0.001683
900.000000 0.001695
901.000000 0.001689
902.000000 0.001698
903.000000 0.001697
904.000000 0.001708
905.000000 0.001705
906.000000 0.001709
907.000000 0.001715
908.000000 0.001712
909.000000 0.001721
910.000000 0.001717
911.000000 0.001730
912.000000 0.001723
913.000000 0.001733
914.000000 0.001736
915.000000 0.001734
916.000000 0.001742
917.000000 0.001736
918.000000 0.001748
919.000000 0.001744
920.000000 0.001754
921.000000 0.001751
922.000000 0.001756
923.000000 0.001761
924.000000 0.001756
925.000000 0.001768
926.000000 0.001761
927.000000 0.001770
928.000000 0.001767
929.000000 0.001776
930.000000 0.001777
931.000000 0.001776
932.000000 0.001783
933.000000 0.001776
934.000000 0.001791
935.000000 0.001780
936.000000 0.001794
937.000000 0.001789
938.000000 0.001794
939.000000 0.001799
940.000000 0.001795
941.000000 0.001803
942.000000 0.001796
943.000000 0.001810
944.000000 0.001798
945.000000 0.001814
946.000000 0.001808
947.000000 0.001811
948.000000 0.001817
949.000000 0.001810
950.000000 0.001822
951.000000 0.001812
952.000000 0.001825
953.000000 0.001817
954.000000 0.001828
955.000000 0.001825
956.000000 0.001823
957.000000 0.001832
958.000000 0.001823
959.000000 0.001838
960.000000 0.001826
961.000000 0.001838
962.000000 0.001833
963.000000 0.001837
964.000000 0.001841
965.000000 0.001836
966.000000 0.001843
967.000000 0.001836
968.000000 0.001848
969.000000 0.001836
970.000000 0.001851
971.000000 0.001845
972.000000 0.001845
973.000000 0.001851
974.000000 0.001842
975.000000 0.001856
976.000000 0.001844
977.000000 0.001856
978.000000 0.001849
979.000000 0.001855
980.000000 0.001854
981.000000 0.001849
982.000000 0.001861
983.000000 0.001849
984.000000 0.001862
985.000000 0.001849
986.000000 0.001863
987.000000 0.001856
988.000000 0.001858
989.000000 0.001861
990.000000 0.001855
991.000000 0.001864
992.000000 0.001852
993.000000 0.001868
994.000000 0.001852
995.000000 0.001865
996.000000 0.001861
997.000000 0.001858
998.000000 0.001864
999.000000 0.001856
1000.000000 0.001865
1001.000000 0.001855
1002.000000 0.001868
1003.000000 0.001855
1004.000000 0.001864
1005.000000 0.001861
1006.000000 0.001856
1007.000000 0.001865
1008.000000 0.001853
1009.000000 0.001866
1010.000000 0.001852
1011.000000 0.001864
1012.000000 0.001859
1013.000000 0.001858
1014.000000 0.001859
1015.000000 0.001851
1016.000000 0.001863
1017.000000 0.001849
1018.000000 0.001864
1019.000000 0.001849
1020.000000 0.001857
1021.000000 0.001855
1022.000000 0.001848
1023.000000 0.001857
1024.000000 0.001846
1025.000000 0.001854
1026.000000 0.001843
1027.000000 0.001856
1028.000000 0.001843
1029.000000 0.001849
1030.000000 0.001848
1031.000000 0.001840
1032.000000 0.001849
1033.000000 0.001835
1034.000000 0.001849
1035.000000 0.001833
1036.000000 0.001844
1037.000000 0.001838
1038.000000 0.001836
1039.000000 0.001836
1040.000000 0.001827
1041.000000 0.001839
1042.000000 0.001824
1043.000000 0.001837
1044.000000 0.001822
1045.000000 0.001829
1046.000000 0.001827
1047.000000 0.001819
1048.000000 0.001827
1049.000000 0.001814
1050.000000 0.001824
1051.000000 0.001810
1052.000000 0.001822
1053.000000 0.001811
1054.000000 0.001811
1055.000000 0.001811
1056.000000 0.001803
1057.000000 0.001810
1058.000000 0.001798
1059.000000 0.001808
1060.000000 0.001794
1061.000000 0.001803
1062.000000 0.001795
1063.000000 0.001790
1064.000000 0.001796
1065.000000 0.001784
1066.000000 0.001791
1067.000000 0.001778
1068.000000 0.001790
1069.000000 0.001775
1070.000000 0.001780
1071.000000 0.001777
1072.000000 0.001770
1073.000000 0.001774
1074.000000 0.001760
1075.000000 0.001774
1076.000000 0.001756
1077.000000 0.001768
1078.000000 0.001756
1079.000000 0.001754
1080.000000 0.001755
1081.000000 0.001745
1082.000000 0.001752
1083.000000 0.001740
1084.000000 0.001748
1085.000000 0.001733
1086.000000 0.001741
1087.000000 0.001733
1088.000000 0.001727
1089.000000 0.001732
1090.000000 0.001719
1091.000000 0.001726
1092.000000 0.001712
1093.000000 0.001722
1094.000000 0.001711
1095.000000 0.001709
1096.000000 0.001708
1097.000000 0.001700
1098.000000 0.001703
1099.000000 0.001690
1100.000000 0.001702
1101.000000 0.001684
1102.000000 0.001691
1103.000000 0.001684
1104.000000 0.001677
1105.000000 0.001681
1106.000000 0.001668
1107.000000 0.001674
1108.000000 0.001660
1109.000000 0.001671
1110.000000 0.001655
1111.000000 0.001660
1112.000000 0.001653
1113.000000 0.001646
1114.000000 0.001649
1115.000000 0.001636
1116.000000 0.001643
1117.000000 0.001630
1118.000000 0.001635
1119.000000 0.001626
1120.000000 0.001624
1121.000000 0.001620
1122.000000 0.001611
1123.000000 0.001616
1124.000000 0.001603
1125.000000 0.001610
1126.000000 0.001594
1127.000000 0.001600
1128.000000 0.001593
1129.000000 0.001585
1130.000000 0.001588
1131.000000 0.001576
1132.000000 0.001579
1133.000000 0.001566
1134.000000 0.001574
1135.000000 0.001562
1136.000000 0.001561
1137.000000 0.001556
1138.000000 0.001548
1139.000000 0.001551
1140.000000 0.001537
1141.000000 0.001544
1142.000000 0.001530
1143.000000 0.001533
1144.000000 0.001526
1145.000000 0.001520
1146.000000 0.001519
1147.000000 0.001508
1148.000000 0.001512
1149.000000 0.001499
1150.000000 0.001505
1151.000000 0.001489
1152.000000 0.001494
1153.000000 0.001487
1154.000000 0.001478
1155.000000 0.001480
1156.000000 0.001468
1157.000000 0.001471
1158.000000 0.001457
1159.000000 0.001464
1160.000000 0.001452
1161.000000 0.001449
1162.000000 0.001446
1163.000000 0.001436
1164.000000 0.001438
1165.000000 0.001425
1166.000000 0.001430
1167.000000 0.001416
1168.000000 0.001419
1169.000000 0.001412
1170.000000 0.001405
1171.000000 0.001403
1172.000000 0.001393
1173.000000 0.001395
1174.000000 0.001382
1175.000000 0.001386
1176.000000 0.001376
1177.000000 0.001372
1178.000000 0.001369
1179.000000 0.001360
1180.000000 0.001359
1181.000000 0.001348
1182.000000 0.001352
1183.000000 0.001338
1184.000000 0.001341
1185.000000 0.001332
1186.000000 0.001326
1187.000000 0.001325
1188.000000 0.001314
1189.000000 0.001315
1190.000000 0.001303
1191.000000 0.001306
1192.000000 0.001293
1193.000000 0.001295
1194.000000 0.001287
1195.000000 0.001280
1196.000000 0.001278
1197.000000 0.001267
1198.000000 0.001270
1199.000000 0.001256
1200.000000 0.001259
1201.000000 0.001250
1202.000000 0.001245
1203.000000 0.001241
1204.000000 0.001232
1205.000000 0.001231
1206.000000 0.001220
1207.000000 0.001223
1208.000000 0.001210
1209.000000 0.001211
1210.000000 0.001203
1211.000000 0.001196
1212.000000 0.001195
1213.000000 0.001184
1214.000000 0.001184
1215.000000 0.001174
1216.000000 0.001174
1217.000000 0.001165
1218.000000 0.001162
1219.000000 0.001156
1220.000000 0.001147
1221.000000 0.001148
1222.000000 0.001136
1223.000000 0.001138
1224.000000 0.001125
1225.000000 0.001125
1226.000000 0.001118
1227.000000 0.001111
1228.000000 0.001109
1229.000000 0.001099
1230.000000 0.001098
1231.000000 0.001088
1232.000000 0.001089
1233.000000 0.001077
1234.000000 0.001077
1235.000000 0.001071
1236.000000 0.001062
1237.000000 0.001061
1238.000000 0.001050
1239.000000 0.001051
1240.000000 0.001039
1241.000000 0.001041
1242.000000 0.001031
1243.000000 0.001027
1244.000000 0.001022
1245.000000 0.001013
1246.000000 0.001013
1247.000000 0.001002
1248.000000 0.001003
1249.000000 0.000992
1250.000000 0.000990
1251.000000 0.000984
1252.000000 0.000977
1253.000000 0.000975
1254.000000 0.000965
1255.000000 0.000964
1256.000000 0.000954
1257.000000 0.000954
1258.000000 0.000945
1259.000000 0.000941
1260.000000 0.000937
1261.000000 0.000928
1262.000000 0.000927
1263.000000 0.000916
1264.000000 0.000916
1265.000000 0.000906
1266.000000 0.000906
1267.000000 0.000898
1268.000000 0.000892
1269.000000 0.000889
1270.000000 0.000879
1271.000000 0.000879
1272.000000 0.000868
1273.000000 0.000868
1274.000000 0.000859
1275.000000 0.000857
1276.000000 0.000851
1277.000000 0.000844
1278.000000 0.000842
1279.000000 0.000832
1280.000000 0.000832
1281.000000 0.000821
1282.000000 0.000821
1283.000000 0.000813
1284.000000 0.000808
1285.000000 0.000805
1286.000000 0.000796
1287.000000 0.000795
1288.000000 0.000785
1289.000000 0.000785
1290.000000 0.000775
1291.000000 0.000774
1292.000000 0.000768
1293.000000 0.000761
1294.000000 0.000759
1295.000000 0.000750
1296.000000 0.000749
1297.000000 0.000739
1298.000000 0.000739
1299.000000 0.000731
1300.000000 0.000727
1301.000000 0.000723
1302.000000 0.000715
1303.000000 0.000713
1304.000000 0.000704
1305.000000 0.000704
1306.000000 0.000695
1307.000000 0.000694
1308.000000 0.000687
1309.000000 0.000681
1310.000000 0.000679
1311.000000 0.000670
1312.000000 0.000669
1313.000000 0.000661
1314.000000 0.000659
1315.000000 0.000651
1316.000000 0.000650
1317.000000 0.000644
1318.000000 0.000637
1319.000000 0.000636
1320.000000 0.000627
1321.000000 0.000626
1322.000000 0.000617
1323.000000 0.000616
1324.000000 0.000609
1325.000000 0.000606
1326.000000 0.000602
1327.000000 0.000595
1328.000000 0.000593
1329.000000 0.000585
1330.000000 0.000584
1331.000000 0.000576
1332.000000 0.000574
1333.000000 0.000569
1334.000000 0.000563
1335.000000 0.000561
1336.000000 0.000553
1337.000000 0.000552
1338.000000 0.000544
1339.000000 0.000543
1340.000000 0.000536
1341.000000 0.000533
1342.000000 0.000529
1343.000000 0.000522
1344.000000 0.000521
1345.000000 0.000513
1346.000000 0.000513
1347.000000 0.000505
1348.000000 0.000503
1349.000000 0.000498
1350.000000 0.000493
1351.000000 0.000491
1352.000000 0.000484
1353.000000 0.000483
1354.000000 0.000475
1355.000000 0.000474
1356.000000 0.000467
1357.000000 0.000465
1358.000000 0.000461
1359.000000 0.000456
1360.000000 0.000454
1361.000000 0.000447
1362.000000 0.000446
1363.000000 0.000439
1364.000000 0.000438
1365.000000 0.000431
1366.000000 0.000429
1367.000000 0.000425
1368.000000 0.000419
1369.000000 0.000418
1370.000000 0.000411
1371.000000 0.000410
1372.000000 0.000404
1373.000000 0.000402
1374.000000 0.000398
1375.000000 0.000393
1376.000000 0.000391
1377.000000 0.000385
1378.000000 0.000384
1379.000000 0.000377
1380.000000 0.000377
1381.000000 0.000371
1382.000000 0.000368
1383.000000 0.000365
1384.000000 0.000360
1385.000000 0.000358
1386.000000 0.000353
1387.000000 0.000351
1388.000000 0.000345
1389.000000 0.000344
1390.000000 0.000339
1391.000000 0.000336
1392.000000 0.000334
1393.000000 0.000328
1394.000000 0.000327
1395.000000 0.000322
1396.000000 0.000320
1397.000000 0.000315
1398.000000 0.000314
1399.000000 0.000310
1400.000000 0.000306
1401.000000 0.000304
1402.000000 0.000299
1403.000000 0.000298
1404.000000 0.000292
1405.000000 0.000292
1406.000000 0.000287
1407.000000 0.000285
1408.000000 0.000282
1409.000000 0.000277
1410.000000 0.000276
1411.000000 0.000271
1412.000000 0.000270
1413.000000 0.000265
1414.000000 0.000264
1415.000000 0.000260
1416.000000 0.000257
1417.000000 0.000255
1418.000000 0.000251
1419.000000 0.000250
1420.000000 0.000245
1421.000000 0.000244
1422.000000 0.000240
1423.000000 0.000238
1424.000000 0.000235
1425.000000 0.000232
1426.000000 0.000230
1427.000000 0.000226
1428.000000 0.000225
1429.000000 0.000221
1430.000000 0.000220
1431.000000 0.000216
1432.000000 0.000214
1433.000000 0.000212
1434.000000 0.000208
1435.000000 0.000207
1436.000000 0.000203
1437.000000 0.000202
1438.000000 0.000198
1439.000000 0.000197
1440.000000 0.000194
1441.000000 0.000191
1442.000000 0.000190
1443.000000 0.000186
1444.000000 0.000185
1445.000000 0.000181
1446.000000 0.000180
1447.000000 0.000177
1448.000000 0.000176
1449.000000 0.000173
1450.000000 0.000170
1451.000000 0.000169
1452.000000 0.000166
1453.000000 0.000165
1454.000000 0.000162
1455.000000 0.000161
1456.000000 0.000158
1457.000000 0.000156
1458.000000 0.000154
1459.000000 0.000151
1460.000000 0.000150
1461.000000 0.000147
1462.000000 0.000146
1463.000000 0.000143
1464.000000 0.000142
1465.000000 0.000140
1466.000000 0.000138
1467.000000 0.000137
1468.000000 0.000134
1469.000000 0.000133
1470.000000 0.000130
1471.000000 0.000129
1472.000000 0.000127
1473.000000 0.000125
1474.000000 0.000124
1475.000000 0.000121
1476.000000 0.000121
1477.000000 0.000118
1478.000000 0.000117
1479.000000 0.000114
1480.000000 0.000114
1481.000000 0.000112
1482.000000 0.000110
1483.000000 0.000109
1484.000000 0.000107
1485.000000 0.000106
1486.000000 0.000103
1487.000000 0.000103
1488.000000 0.000100
1489.000000 0.000099
1490.000000 0.000098
1491.000000 0.000096
1492.000000 0.000095
1493.000000 0.000093
1494.000000 0.000092
1495.000000 0.000090
1496.000000 0.000090
1497.000000 0.000088
1498.000000 0.000087
1499.000000 0.000085
1500.000000 0.000083
1501.000000 0.000083
1502.000000 0.000081
1503.000000 0.000080
1504.000000 0.000078
1505.000000 0.000078
1506.000000 0.000076
1507.000000 0.000075
1508.000000 0.000074
1509.000000 0.000072
1510.000000 0.000072
1511.000000 0.000070
1512.000000 0.000069
1513.000000 0.000068
1514.000000 0.000067
1515.000000 0.000066
1516.000000 0.000064
1517.000000 0.000064
1518.000000 0.000062
1519.000000 0.000062
1520.000000 0.000060
1521.000000 0.000060
1522.000000 0.000058
1523.000000 0.000057
1524.000000 0.000056
1525.000000 0.000055
1526.000000 0.000055
1527.000000 0.000053
1528.000000 0.000053
1529.000000 0.000051
1530.000000 0.000051
1531.000000 0.000050
1532.000000 0.000049
1533.000000 0.000048
1534.000000 0.000047
1535.000000 0.000047
1536.000000 0.000045
1537.000000 0.000045
1538.000000 0.000044
1539.000000 0.000043
1540.000000 0.000042
1541.000000 0.000041
1542.000000 0.000041
1543.000000 0.000040
1544.000000 0.000039
1545.000000 0.000038
1546.000000 0.000038
1547.000000 0.000037
1548.000000 0.000036
1549.000000 0.000036
1550.000000 0.000035
1551.000000 0.000035
1552.000000 0.000034
1553.000000 0.000033
1554.000000 0.000032
1555.000000 0.000032
1556.000000 0.000031
1557.000000 0.000031
1558.000000 0.000030
1559.000000 0.000029
1560.000000 0.000029
1561.000000 0.000028
1562.000000 0.000028
1563.000000 0.000027
1564.000000 0.000027
1565.000000 0.000026
1566.000000 0.000025
1567.000000 0.000025
1568.000000 0.000024
1569.000000 0.000024
1570.000000 0.000023
1571.000000 0.000023
1572.000000 0.000022
1573.000000 0.000022
1574.000000 0.000022
1575.000000 0.000021
1576.000000 0.000021
1577.000000 0.000020
1578.000000 0.000020
1579.000000 0.000019
1580.000000 0.000019
1581.000000 0.000019
1582.000000 0.000018
1583.000000 0.000018
1584.000000 0.000017
1585.000000 0.000017
1586.000000 0.000017
1587.000000 0.000016
1588.000000 0.000016
1589.000000 0.000015
1590.000000 0.000015
1591.000000 0.000015
1592.000000 0.000015
1593.000000 0.000014
1594.000000 0.000014
1595.000000 0.000013
1596.000000 0.000013
1597.000000 0.000013
1598.000000 0.000013
1599.000000 0.000012
1600.000000 0.000012
1601.000000 0.000012
1602.000000 0.000011
1603.000000 0.000011
1604.000000 0.000011
1605.000000 0.000011
1606.000000 0.000010
1607.000000 0.000010
1608.000000 0.000010
1609.000000 0.000010
1610.000000 0.000009
1611.000000 0.000009
1612.000000 0.000009
1613.000000 0.000009
1614.000000 0.000009
1615.000000 0.000008
1616.000000 0.000008
1617.000000 0.000008
1618.000000 0.000008
1619.000000 0.000008
1620.000000 0.000007
1621.000000 0.000007
1622.000000 0.000007
1623.000000 0.000007
1624.000000 0.000007
1625.000000 0.000006
1626.000000 0.000006
1627.000000 0.000006
1628.000000 0.000006
1629.000000 0.000006
1630.000000 0.000006
1631.000000 0.000005
1632.000000 0.000005
1633.000000 0.000005
1634.000000 0.000005
1635.000000 0.000005
1636.000000 0.000005
1637.000000 0.000005
1638.000000 0.000004
1639.000000 0.000004
1640.000000 0.000004
1641.000000 0.000004
1642.000000 0.000004
1643.000000 0.000004
1644.000000 0.000004
1645.000000 0.000004
1646.000000 0.000004
1647.000000 0.000003
1648.000000 0.000003
1649.000000 0.000003
1650.000000 0.000003
1651.000000 0.000003
1652.000000 0.000003
1653.000000 0.000003
1654.000000 0.000003
1655.000000 0.000003
1656.000000 0.000003
1657.000000 0.000003
1658.000000 0.000002
1659.000000 0.000002
1660.000000 0.000002
1661.000000 0.000002
1662.000000 0.000002
1663.000000 0.000002
1664.000000 0.000002
1665.000000 0.000002
1666.000000 0.000002
1667.000000 0.000002
1668.000000 0.000002
1669.000000 0.000002
1670.000000 0.000002
1671.000000 0.000002
1672.000000 0.000002
1673.000000 0.000002
1674.000000 0.000001
1675.000000 0.000001
1676.000000 0.000001
1677.000000 0.000001
1678.000000 0.000001
1679.000000 0.000001
1680.000000 0.000001
1681.000000 0.000001
1682.000000 0.000001
1683.000000 0.000001
1684.000000 0.000001
1685.000000 0.000001
1686.000000 0.000001
1687.000000 0.000001
1688.000000 0.000001
1689.000000 0.000001
1690.000000 0.000001
1691.000000 0.000001
1692.000000 0.000001
1693.000000 0.000001
1694.000000 0.000001
1695.000000 0.000001
1696.000000 0.000001
1697.000000 0.000001
1698.000000 0.000001
1699.000000 0.000001
1700.000000 0.000001
1701.000000 0.000001
1702.000000 0.000001
1703.000000 0.000001
1704.000000 0.000001
1705.000000 0.000000
1706.000000 0.000000
1707.000000 0.000000
1708.000000 0.000000
1709.000000 0.000000
1710.000000 0.000000
1711.000000 0.000000
1712.000000 0.000000
1713.000000 0.000000
1714.000000 0.000000
1715.000000 0.000000
1716.000000 0.000000
1717.000000 0.000000
1718.000000 0.000000
1719.000000 0.000000
1720.000000 0.000000
1721.000000 0.000000
1722.000000 0.000000
1723.000000 0.000000
1724.000000 0.000000
1725.000000 0.000000
1726.000000 0.000000
1727.000000 0.000000
1728.000000 0.000000
1729.000000 0.000000
1730.000000 0.000000
1731.000000 0.000000
1732.000000 0.000000
1733.000000 0.000000
1734.000000 0.000000
1735.000000 0.000000
1736.000000 0.000000
1737.000000 0.000000
1738.000000 0.000000
1739.000000 0.000000
1740.000000 0.000000
1741.000000 0.000000
1742.000000 0.000000
1743.000000 0.000000
1744.000000 0.000000
1745.000000 0.000000
1746.000000 0.000000
1747.000000 0.000000
1748.000000 0.000000
1749.000000 0.000000
1750.000000 0.000000
1751.000000 0.000000
1752.000000 0.000000
1753.000000 0.000000
1754.000000 0.000000
1755.000000 0.000000
1756.000000 0.000000
1757.000000 0.000000
1758.000000 0.000000
1759.000000 0.000000
1760.000000 0.000000
1761.000000 0.000000
1762.000000 0.000000
1763.000000 0.000000
1764.000000 0.000000
1765.000000 0.000000
1766.000000 0.000000
1767.000000 0.000000
1768.000000 0.000000
1769.000000 0.000000
1770.000000 0.000000
1771.000000 0.000000
1772.000000 0.000000
1773.000000 0.000000
1774.000000 0.000000
1775.000000 0.000000
1776.000000 0.000000
1777.000000 0.000000
1778.000000 0.000000
1779.000000 0.000000
1780.000000 0.000000
1781.000000 0.000000
1782.000000 0.000000
1783.000000 0.000000
1784.000000 0.000000
1785.000000 0.000000
1786.000000 0.000000
1787.000000 0.000000
1788.000000 0.000000
1789.000000 0.000000
1790.000000 0.000000
1791.000000 0.000000
1792.000000 0.000000
1793.000000 0.000000
1794.000000 0.000000
1795.000000 0.000000
1796.000000 0.000000
1797.000000 0.000000
1798.000000 0.000000
1799.000000 0.000000
1800.000000 0.000000
1801.000000 0.000000
1802.000000 0.000000
1803.000000 0.000000
1804.000000 0.000000
1805.000000 0.000000
1806.000000 0.000000
1807.000000 0.000000
1808.000000 0.000000
1809.000000 0.000000
1810.000000 0.000000
1811.000000 0.000000
1812.000000 0.000000
1813.000000 0.000000
1814.000000 0.000000
1815.000000 0.000000
1816.000000 0.000000
1817.000000 0.000000
1818.000000 0.000000
1819.000000 0.000000
1820.000000 0.000000
1821.000000 0.000000
1822.000000 0.000000
1823.000000 0.000000
1824.000000 0.000000
1825.000000 0.000000
1826.000000 0.000000
1827.000000 0.000000
1828.000000 0.000000
1829.000000 0.000000
1830.000000 0.000000
1831.000000 0.000000
1832.000000 0.000000
1833.000000 0.000000
1834.000000 0.000000
1835.000000 0.000000
1836.000000 0.000000
1837.000000 0.000000
1838.000000 0.000000
1839.000000 0.000000
1840.000000 0.000000
1841.000000 0.000000
1842.000000 0.000000
1843.000000 0.000000
1844.000000 0.000000
1845.000000 0.000000
1846.000000 0.000000
1847.000000 0.000000
1848.000000 0.000000
1849.000000 0.000000
1850.000000 0.000000
1851.000000 0.000000
1852.000000 0.000000
1853.000000 0.000000
1854.000000 0.000000
1855.000000 0.000000
1856.000000 0.000000
1857.000000 0.000000
1858.000000 0.000000
1859.000000 0.000000
1860.000000 0.000000
1861.000000 0.000000
1862.000000 0.000000
1863.000000 0.000000
1864.000000 0.000000
1865.000000 0.000000
1866.000000 0.000000
1867.000000 0.000000
1868.000000 0.000000
1869.000000 0.000000
1870.000000 0.000000
1871.000000 0.000000
1872.000000 0.000000
1873.000000 0.000000
1874.000000 0.000000
1875.000000 0.000000
1876.000000 0.000000
1877.000000 0.000000
1878.000000 0.000000
1879.000000 0.000000
1880.000000 0.000000
1881.000000 0.000000
1882.000000 0.000000
1883.000000 0.000000
1884.000000 0.000000
1885.000000 0.000000
1886.000000 0.000000
1887.000000 0.000000
1888.000000 0.000000
1889.000000 0.000000
1890.000000 0.000000
1891.000000 0.000000
1892.000000 0.000000
1893.000000 0.000000
1894.000000 0.000000
1895.000000 0.000000
1896.000000 0.000000
1897.000000 0.000000
1898.000000 0.000000
1899.000000 0.000000
1900.000000 0.000000
1901.000000 0.000000
1902.000000 0.000000
1903.000000 0.000000
1904.000000 0.000000
1905.000000 0.000000
1906.000000 0.000000
1907.000000 0.000000
1908.000000 0.000000
1909.000000 0.000000
1910.000000 0.000000
1911.000000 0.000000
1912.000000 0.000000
1913.000000 0.000000
1914.000000 0.000000
1915.000000 0.000000
1916.000000 0.000000
1917.000000 0.000000
1918.000000 0.000000
1919.000000 0.000000
1920.000000 0.000000
1921.000000 0.000000
1922.000000 0.000000
1923.000000 0.000000
1924.000000 0.000000
1925.000000 0.000000
1926.000000 0.000000
1927.000000 0.000000
1928.000000 0.000000
1929.000000 0.000000
1930.000000 0.000000
1931.000000 0.000000
1932.000000 0.000000
1933.000000 0.000000
1934.000000 0.000000
1935.000000 0.000000
1936.000000 0.000000
1937.000000 0.000000
1938.000000 0.000000
1939.000000 0.000000
1940.000000 0.000000
1941.000000 0.000000
1942.000000 0.000000
1943.000000 0.000000
1944.000000 0.000000
1945.000000 0.000000
1946.000000 0.000000
1947.000000 0.000000
1948.000000 0.000000
1949.000000 0.000000
1950.000000 0.000000
1951.000000 0.000000
1952.000000 0.000000
1953.000000 0.000000
1954.000000 0.000000
1955.000000 0.000000
1956.000000 0.000000
1957.000000 0.000000
1958.000000 0.000000
1959.000000 0.000000
1960.000000 0.000000
1961.000000 0.000000
1962.000000 0.000000
1963.000000 0.000000
1964.000000 0.000000
1965.000000 0.000000
1966.000000 0.000000
1967.000000 0.000000
1968.000000 0.000000
1969.000000 0.000000
1970.000000 0.000000
1971.000000 0.000000
1972.000000 0.000000
1973.000000 0.000000
1974.000000 0.000000
1975.000000 0.000000
1976.000000 0.000000
1977.000000 0.000000
1978.000000 0.000000
1979.000000 0.000000
1980.000000 0.000000
1981.000000 0.000000
1982.000000 0.000000
1983.000000 0.000000
1984.000000 0.000000
1985.000000 0.000000
1986.000000 0.000000
1987.000000 0.000000
1988.000000 0.000000
1989.000000 0.000000
1990.000000 0.000000
1991.000000 0.000000
1992.000000 0.000000
1993.000000 0.000000
1994.000000 0.000000
1995.000000 0.000000
1996.000000 0.000000
1997.000000 0.000000
1998.000000 0.000000
1999.000000 0.000000
2000.000000 0.000000
