n lam mean variance std
2000 0.410000 1000.494031 65360.826905 255.657636
bin_midpoint probability
1.000000 0.000000
2.000000 0.000000
3.000000 0.000000
4.000000 0.000000
5.000000 0.000000
6.000000 0.000000
7.000000 0.000000
8.000000 0.000000
9.000000 0.000000
10.000000 0.000000
11.000000 0.000000
12.000000 0.000000
13.000000 0.000000
14.000000 0.000000
15.000000 0.000000
16.000000 0.000000
17.000000 0.000000
18.000000 0.000000
19.000000 0.000000
20.000000 0.000000
21.000000 0.000000
22.000000 0.000000
23.000000 0.000000
24.000000 0.000000
25.000000 0.000000
26.000000 0.000000
27.000000 0.000000
28.000000 0.000000
29.000000 0.000000
30.000000 0.000000
31.000000 0.000000
32.000000 0.000000
33.000000 0.000000
34.000000 0.000000
35.000000 0.000000
36.000000 0.000000
37.000000 0.000000
38.000000 0.000000
39.000000 0.000000
40.000000 0.000000
41.000000 0.000000
42.000000 0.000000
43.000000 0.000000
44.000000 0.000000
45.000000 0.000000
46.000000 0.000000
47.000000 0.000000
48.000000 0.000000
49.000000 0.000000
50.000000 0.000000
51.000000 0.000000
52.000000 0.000000
53.000000 0.000000
54.000000 0.000000
55.000000 0.000000
56.000000 0.000000
57.000000 0.000000
58.000000 0.000000
59.000000 0.000000
60.000000 0.000000
61.000000 0.000000
62.000000 0.000000
63.000000 0.000000
64.000000 0.000000
65.000000 0.000000
66.000000 0.000000
67.000000 0.000000
68.000000 0.000000
69.000000 0.000000
70.000000 0.000000
71.000000 0.000000
72.000000 0.000000
73.000000 0.000000
74.000000 0.000000
75.000000 0.000000
76.000000 0.000000
77.000000 0.000000
78.000000 0.000000
79.000000 0.000000
80.000000 0.000000
81.000000 0.000000
82.000000 0.000000
83.000000 0.000000
84.000000 0.000000
85.000000 0.000000
86.000000 0.000000
87.000000 0.000000
88.000000 0.000000
89.000000 0.000000
90.000000 0.000000
91.000000 0.000000
92.000000 0.000000
93.000000 0.000000
94.000000 0.000000
95.000000 0.000000
96.000000 0.000000
97.000000 0.000000
98.000000 0.000000
99.000000 0.000000
100.000000 0.000000
101.000000 0.000000
102.000000 0.000000
103.000000 0.000000
104.000000 0.000000
105.000000 0.000000
106.000000 0.000000
107.000000 0.000000
108.000000 0.000000
109.000000 0.000000
110.000000 0.000000
111.000000 0.000000
112.000000 0.000000
113.000000 0.000000
114.000000 0.000000
115.000000 0.000000
116.000000 0.000000
117.000000 0.000000
118.000000 0.000000
119.000000 0.000000
120.000000 0.000000
121.000000 0.000000
122.000000 0.000000
123.000000 0.000000
124.000000 0.000000
125.000000 0.000000
126.000000 0.000000
127.000000 0.000000
128.000000 0.000000
129.000000 0.000000
130.000000 0.000000
131.000000 0.000000
132.000000 0.000000
133.000000 0.000000
134.000000 0.000000
135.000000 0.000000
136.000000 0.000000
137.000000 0.000000
138.000000 0.000000
139.000000 0.000000
140.000000 0.000000
141.000000 0.000000
142.000000 0.000000
143.000000 0.000000
144.000000 0.000000
145.000000 0.000000
146.000000 0.000000
147.000000 0.000000
148.000000 0.000000
149.000000 0.000000
150.000000 0.000000
151.000000 0.000000
152.000000 0.000000
153.000000 0.000000
154.000000 0.000000
155.000000 0.000000
156.000000 0.000000
157.000000 0.000000
158.000000 0.000000
159.000000 0.000000
160.000000 0.000000
161.000000 0.000000
162.000000 0.000000
163.000000 0.000000
164.000000 0.000000
165.000000 0.000000
166.000000 0.000000
167.000000 0.000000
168.000000 0.000000
169.000000 0.000000
170.000000 0.000000
171.000000 0.000000
172.000000 0.000000
173.000000 0.000000
174.000000 0.000000
175.000000 0.000000
176.000000 0.000000
177.000000 0.000000
178.000000 0.000000
179.000000 0.000000
180.000000 0.000000
181.000000 0.000000
182.000000 0.000000
183.000000 0.000000
184.000000 0.000000
185.000000 0.000000
186.000000 0.000000
187.000000 0.000001
188.000000 0.000001
189.000000 0.000001
190.000000 0.000001
191.000000 0.000001
192.000000 0.000001
193.000000 0.000001
194.000000 0.000001
195.000000 0.000001
196.000000 0.000001
197.000000 0.000001
198.000000 0.000001
199.000000 0.000001
200.000000 0.000001
201.000000 0.000001
202.000000 0.000001
203.000000 0.000001
204.000000 0.000001
205.000000 0.000001
206.000000 0.000001
207.000000 0.000001
208.000000 0.000001
209.000000 0.000001
210.000000 0.000001
211.000000 0.000001
212.000000 0.000001
213.000000 0.000001
214.000000 0.000001
215.000000 0.000002
216.000000 0.000002
217.000000 0.000002
218.000000 0.000002
219.000000 0.000002
220.000000 0.000002
221.000000 0.000002
222.000000 0.000002
223.000000 0.000002
224.000000 0.000002
225.000000 0.000002
226.000000 0.000002
227.000000 0.000002
228.000000 0.000002
229.000000 0.000002
230.000000 0.000003
231.000000 0.000003
232.000000 0.000003
233.000000 0.000003
234.000000 0.000003
235.000000 0.000003
236.000000 0.000003
237.000000 0.000003
238.000000 0.000003
239.000000 0.000003
240.000000 0.000003
241.000000 0.000004
242.000000 0.000004
243.000000 0.000004
244.000000 0.000004
245.000000 0.000004
246.000000 0.000004
247.000000 0.000004
248.000000 0.000004
249.000000 0.000005
250.000000 0.000005
251.000000 0.000005
252.000000 0.000005
253.000000 0.000005
254.000000 0.000005
255.000000 0.000005
256.000000 0.000005
257.000000 0.000006
258.000000 0.000006
259.000000 0.000006
260.000000 0.000006
261.000000 0.000006
262.000000 0.000006
263.000000 0.000007
264.000000 0.000007
265.000000 0.000007
266.000000 0.000007
267.000000 0.000007
268.000000 0.000007
269.000000 0.000008
270.000000 0.000008
271.000000 0.000008
272.000000 0.000008
273.000000 0.000009
274.000000 0.000009
275.000000 0.000009
276.000000 0.000009
277.000000 0.000009
278.000000 0.000010
279.000000 0.000010
280.000000 0.000010
281.000000 0.000010
282.000000 0.000011
283.000000 0.000011
284.000000 0.000011
285.000000 0.000011
286.000000 0.000012
287.000000 0.000012
288.000000 0.000012
289.000000 0.000012
290.000000 0.000013
291.000000 0.000013
292.000000 0.000013
293.000000 0.000014
294.000000 0.000014
295.000000 0.000014
296.000000 0.000015
297.000000 0.000015
298.000000 0.000015
299.000000 0.000016
300.000000 0.000016
301.000000 0.000016
302.000000 0.000017
303.000000 0.000017
304.000000 0.000017
305.000000 0.000018
306.000000 0.000018
307.000000 0.000019
308.000000 0.000019
309.000000 0.000019
310.000000 0.000019
311.000000 0.000020
312.000000 0.000020
313.000000 0.000021
314.000000 0.000021
315.000000 0.000022
316.000000 0.000022
317.000000 0.000022
318.000000 0.000023
319.000000 0.000023
320.000000 0.000024
321.000000 0.000024
322.000000 0.000025
323.000000 0.000025
324.000000 0.000026
325.000000 0.000026
326.000000 0.000027
327.000000 0.000027
328.000000 0.000028
329.000000 0.000028
330.000000 0.000029
331.000000 0.000030
332.000000 0.000030
333.000000 0.000030
334.000000 0.000031
335.000000 0.000031
336.000000 0.000032
337.000000 0.000033
338.000000 0.000033
339.000000 0.000034
340.000000 0.000035
341.000000 0.000035
342.000000 0.000036
343.000000 0.000036
344.000000 0.000037
345.000000 0.000038
346.000000 0.000038
347.000000 0.000039
348.000000 0.000040
349.000000 0.000040
350.000000 0.000041
351.000000 0.000042
352.000000 0.000042
353.000000 0.000043
354.000000 0.000044
355.000000 0.000045
356.000000 0.000045
357.000000 0.000046
358.000000 0.000047
359.000000 0.000048
360.000000 0.000048
361.000000 0.000049
362.000000 0.000050
363.000000 0.000051
364.000000 0.000052
365.000000 0.000052
366.000000 0.000053
367.000000 0.000054
368.000000 0.000055
369.000000 0.000055
370.000000 0.000057
371.000000 0.000057
372.000000 0.000058
373.000000 0.000059
374.000000 0.000060
375.000000 0.000061
376.000000 0.000061
377.000000 0.000063
378.000000 0.000064
379.000000 0.000065
380.000000 0.000066
381.000000 0.000066
382.000000 0.000068
383.000000 0.000068
384.000000 0.000070
385.000000 0.000070
386.000000 0.000072
387.000000 0.000073
388.000000 0.000074
389.000000 0.000075
390.000000 0.000075
391.000000 0.000077
392.000000 0.000077
393.000000 0.000079
394.000000 0.000080
395.000000 0.000081
396.000000 0.000082
397.000000 0.000083
398.000000 0.000085
399.000000 0.000085
400.000000 0.000087
401.000000 0.000088
402.000000 0.000089
403.000000 0.000090
404.000000 0.000092
405.000000 0.000093
406.000000 0.000094
407.000000 0.000096
408.000000 0.000096
409.000000 0.000098
410.000000 0.000099
411.000000 0.000101
412.000000 0.000101
413.000000 0.000103
414.000000 0.000105
415.000000 0.000105
416.000000 0.000107
417.000000 0.000107
418.000000 0.000110
419.000000 0.000110
420.000000 0.000112
421.000000 0.000114
422.000000 0.000115
423.000000 0.000117
424.000000 0.000117
425.000000 0.000120
426.000000 0.000120
427.000000 0.000122
428.000000 0.000123
429.000000 0.000125
430.000000 0.000127
431.000000 0.000127
432.000000 0.000130
433.000000 0.000130
434.000000 0.000133
435.000000 0.000133
436.000000 0.000136
437.000000 0.000138
438.000000 0.000138
439.000000 0.000141
440.000000 0.000141
441.000000 0.000144
442.000000 0.000144
443.000000 0.000147
444.000000 0.000148
445.000000 0.000150
446.000000 0.000153
447.000000 0.000153
448.000000 0.000156
449.000000 0.000156
450.000000 0.000159
451.000000 0.000159
452.000000 0.000162
453.000000 0.000164
454.000000 0.000165
455.000000 0.000168
456.000000 0.000168
457.000000 0.000172
458.000000 0.000172
459.000000 0.000175
460.000000 0.000176
461.000000 0.000178
462.000000 0.000181
463.000000 0.000181
464.000000 0.000185
465.000000 0.000184
466.000000 0.000189
467.000000 0.000188
468.000000 0.000192
469.000000 0.000193
470.000000 0.000195
471.000000 0.000198
472.000000 0.000198
473.000000 0.000202
474.000000 0.000202
475.000000 0.000206
476.000000 0.000206
477.000000 0.000210
478.000000 0.000212
479.000000 0.000212
480.000000 0.000217
481.000000 0.000216
482.000000 0.000221
483.000000 0.000220
484.000000 0.000225
485.000000 0.000225
486.000000 0.000228
487.000000 0.000231
488.000000 0.000230
489.000000 0.000236
490.000000 0.000235
491.000000 0.000240
492.000000 0.000240
493.000000 0.000244
494.000000 0.000245
495.000000 0.000247
496.000000 0.000251
497.000000 0.000250
498.000000 0.000256
499.000000 0.000255
500.000000 0.000260
501.000000 0.000260
502.000000 0.000264
503.000000 0.000266
504.000000 0.000266
505.000000 0.000272
506.000000 0.000270
507.000000 0.000277
508.000000 0.000276
509.000000 0.000281
510.000000 0.000281
511.000000 0.000284
512.000000 0.000288
513.000000 0.000287
514.000000 0.000294
515.000000 0.000292
516.000000 0.000298
517.000000 0.000297
518.000000 0.000302
519.000000 0.000304
520.000000 0.000305
521.000000 0.000310
522.000000 0.000309
523.000000 0.000316
524.000000 0.000314
525.000000 0.000320
526.000000 0.000321
527.000000 0.000323
528.000000 0.000328
529.000000 0.000327
530.000000 0.000333
531.000000 0.000332
532.000000 0.000338
533.000000 0.000338
534.000000 0.000343
535.000000 0.000345
536.000000 0.000346
537.000000 0.000352
538.000000 0.000350
539.000000 0.000357
540.000000 0.000356
541.000000 0.000362
542.000000 0.000362
543.000000 0.000367
544.000000 0.000369
545.000000 0.000369
546.000000 0.000376
547.000000 0.000374
548.000000 0.000382
549.000000 0.000380
550.000000 0.000386
551.000000 0.000387
552.000000 0.000390
553.000000 0.000395
554.000000 0.000393
555.000000 0.000401
556.000000 0.000399
557.000000 0.000406
558.000000 0.000405
559.000000 0.000411
560.000000 0.000414
561.000000 0.000414
562.000000 0.000420
563.000000 0.000418
564.000000 0.000427
565.000000 0.000424
566.000000 0.000432
567.000000 0.000432
568.000000 0.000436
569.000000 0.000440
570.000000 0.000438
571.000000 0.000447
572.000000 0.000444
573.000000 0.000453
574.000000 0.000451
575.000000 0.000458
576.000000 0.000459
577.000000 0.000461
578.000000 0.000467
579.000000 0.000465
580.000000 0.000473
581.000000 0.000471
582.000000 0.000479
583.000000 0.000478
584.000000 0.000484
585.000000 0.000487
586.000000 0.000486
587.000000 0.000494
588.000000 0.000491
589.000000 0.000501
590.000000 0.000498
591.000000 0.000506
592.000000 0.000506
593.000000 0.000510
594.000000 0.000515
595.000000 0.000513
596.000000 0.000522
597.000000 0.000519
598.000000 0.000528
599.000000 0.000526
600.000000 0.000533
601.000000 0.000536
602.000000 0.000536
603.000000 0.000543
604.000000 0.000540
605.000000 0.000550
606.000000 0.000547
607.000000 0.000555
608.000000 0.000555
609.000000 0.000560
610.000000 0.000565
611.000000 0.000563
612.000000 0.000571
613.000000 0.000568
614.000000 0.000578
615.000000 0.000576
616.000000 0.000583
617.000000 0.000585
618.000000 0.000586
619.000000 0.000593
620.000000 0.000590
621.000000 0.000600
622.000000 0.000597
623.000000 0.000605
624.000000 0.000605
625.000000 0.000611
626.000000 0.000615
627.000000 0.000614
628.000000 0.000622
629.000000 0.000619
630.000000 0.000629
631.000000 0.000626
632.000000 0.000634
633.000000 0.000635
634.000000 0.000639
635.000000 0.000644
636.000000 0.000642
637.000000 0.000651
638.000000 0.000648
639.000000 0.000658
640.000000 0.000656
641.000000 0.000663
642.000000 0.000665
643.000000 0.000665
644.000000 0.000674
645.000000 0.000669
646.000000 0.000681
647.000000 0.000678
648.000000 0.000686
649.000000 0.000686
650.000000 0.000690
651.000000 0.000696
652.000000 0.000693
653.000000 0.000703
654.000000 0.000700
655.000000 0.000710
656.000000 0.000707
657.000000 0.000714
658.000000 0.000717
659.000000 0.000717
660.000000 0.000725
661.000000 0.000722
662.000000 0.000732
663.000000 0.000730
664.000000 0.000737
665.000000 0.000737
666.000000 0.000743
667.000000 0.000747
668.000000 0.000746
669.000000 0.000755
670.000000 0.000751
671.000000 0.000762
672.000000 0.000759
673.000000 0.000767
674.000000 0.000767
675.000000 0.000771
676.000000 0.000777
677.000000 0.000774
678.000000 0.000784
679.000000 0.000781
680.000000 0.000791
681.000000 0.000788
682.000000 0.000795
683.000000 0.000799
684.000000 0.000798
685.000000 0.000807
686.000000 0.000803
687.000000 0.000814
688.000000 0.000810
689.000000 0.000820
690.000000 0.000818
691.000000 0.000823
692.000000 0.000829
693.000000 0.000827
694.000000 0.000836
695.000000 0.000833
696.000000 0.000843
697.000000 0.000841
698.000000 0.000847
699.000000 0.000850
700.000000 0.000851
701.000000 0.000857
702.000000 0.000855
703.000000 0.000866
704.000000 0.000862
705.000000 0.000870
706.000000 0.000870
707.000000 0.000876
708.000000 0.000879
709.000000 0.000878
710.000000 0.000887
711.000000 0.000883
712.000000 0.000895
713.000000 0.000891
714.000000 0.000899
715.000000 0.000899
716.000000 0.000903
717.000000 0.000909
718.000000 0.000906
719.000000 0.000917
720.000000 0.000914
721.000000 0.000922
722.000000 0.000920
723.000000 0.000927
724.000000 0.000930
725.000000 0.000929
726.000000 0.000938
727.000000 0.000934
728.000000 0.000946
729.000000 0.000942
730.000000 0.000949
731.000000 0.000950
732.000000 0.000954
733.000000 0.000959
734.000000 0.000957
735.000000 0.000966
736.000000 0.000962
737.000000 0.000973
738.000000 0.000971
739.000000 0.000977
740.000000 0.000979
741.000000 0.000980
742.000000 0.000987
743.000000 0.000984
744.000000 0.000995
745.000000 0.000992
746.000000 0.000999
747.000000 0.000999
748.000000 0.001004
749.000000 0.001007
750.000000 0.001007
751.000000 0.001015
752.000000 0.001011
753.000000 0.001022
754.000000 0.001020
755.000000 0.001026
756.000000 0.001027
757.000000 0.001029
758.000000 0.001036
759.000000 0.001034
760.000000 0.001042
761.000000 0.001040
762.000000 0.001048
763.000000 0.001046
764.000000 0.001052
765.000000 0.001055
766.000000 0.001055
767.000000 0.001062
768.000000 0.001059
769.000000 0.001070
770.000000 0.001067
771.000000 0.001073
772.000000 0.001074
773.000000 0.001077
774.000000 0.001082
775.000000 0.001080
776.000000 0.001089
777.000000 0.001086
778.000000 0.001096
779.000000 0.001094
780.000000 0.001099
781.000000 0.001100
782.000000 0.001102
783.000000 0.001109
784.000000 0.001105
785.000000 0.001116
786.000000 0.001114
787.000000 0.001118
788.000000 0.001120
789.000000 0.001123
790.000000 0.001127
791.000000 0.001126
792.000000 0.001133
793.000000 0.001130
794.000000 0.001141
795.000000 0.001138
796.000000 0.001143
797.000000 0.001145
798.000000 0.001147
799.000000 0.001152
800.000000 0.001150
801.000000 0.001158
802.000000 0.001156
803.000000 0.001164
804.000000 0.001162
805.000000 0.001168
806.000000 0.001169
807.000000 0.001170
808.000000 0.001176
809.000000 0.001173
810.000000 0.001184
811.000000 0.001181
812.000000 0.001185
813.000000 0.001188
814.000000 0.001189
815.000000 0.001194
816.000000 0.001192
817.000000 0.001199
818.000000 0.001198
819.000000 0.001206
820.000000 0.001204
821.000000 0.001209
822.000000 0.001209
823.000000 0.001211
824.000000 0.001218
825.000000 0.001214
826.000000 0.001222
827.000000 0.001222
828.000000 0.001225
829.000000 0.001228
830.000000 0.001230
831.000000 0.001233
832.000000 0.001232
833.000000 0.001239
834.000000 0.001235
835.000000 0.001245
836.000000 0.001243
837.000000 0.001246
838.000000 0.001249
839.000000 0.001249
840.000000 0.001255
841.000000 0.001253
842.000000 0.001259
843.000000 0.001257
844.000000 0.001266
845.000000 0.001264
846.000000 0.001267
847.000000 0.001268
848.000000 0.001270
849.000000 0.001276
850.000000 0.001272
851.000000 0.001280
852.000000 0.001280
853.000000 0.001282
854.000000 0.001285
855.000000 0.001285
856.000000 0.001291
857.000000 0.001289
858.000000 0.001293
859.000000 0.001292
860.000000 0.001300
861.000000 0.001299
862.000000 0.001301
863.000000 0.001304
864.000000 0.001304
865.000000 0.001309
866.000000 0.001306
867.000000 0.001313
868.000000 0.001312
869.000000 0.001316
870.000000 0.001318
871.000000 0.001318
872.000000 0.001321
873.000000 0.001322
874.000000 0.001326
875.000000 0.001323
876.000000 0.001332
877.000000 0.001330
878.000000 0.001332
879.000000 0.001335
880.000000 0.001334
881.000000 0.001338
882.000000 0.001339
883.000000 0.001342
884.000000 0.001341
885.000000 0.001347
886.000000 0.001347
887.000000 0.001348
888.000000 0.001349
889.000000 0.001351
890.000000 0.001356
891.000000 0.001352
892.000000 0.001358
893.000000 0.001358
894.000000 0.001361
895.000000 0.001363
896.000000 0.001362
897.000000 0.001365
898.000000 0.001366
899.000000 0.001368
900.000000 0.001367
901.000000 0.001374
902.000000 0.001372
903.000000 0.001374
904.000000 0.001377
905.000000 0.001376
906.000000 0.001378
907.000000 0.001378
908.000000 0.001383
909.000000 0.001382
910.000000 0.001384
911.000000 0.001388
912.000000 0.001386
913.000000 0.001388
914.000000 0.001389
915.000000 0.001393
916.000000 0.001389
917.000000 0.001395
918.000000 0.001394
919.000000 0.001397
920.000000 0.001399
921.000000 0.001397
922.000000 0.001400
923.000000 0.001402
924.000000 0.001402
925.000000 0.001402
926.000000 0.001406
927.000000 0.001407
928.000000 0.001407
929.000000 0.001409
930.000000 0.001409
931.000000 0.001411
932.000000 0.001411
933.000000 0.001413
934.000000 0.001413
935.000000 0.001416
936.000000 0.001418
937.000000 0.001415
938.000000 0.001418
939.000000 0.001419
940.000000 0.001418
941.000000 0.001420
942.000000 0.001424
943.000000 0.001423
944.000000 0.001422
945.000000 0.001427
946.000000 0.001423
947.000000 0.001426
948.000000 0.001426
949.000000 0.001429
950.000000 0.001428
951.000000 0.001429
952.000000 0.001433
953.000000 0.001429
954.000000 0.001432
955.000000 0.001432
956.000000 0.001434
957.000000 0.001433
958.000000 0.001435
959.000000 0.001434
960.000000 0.001437
961.000000 0.001438
962.000000 0.001435
963.000000 0.001438
964.000000 0.001440
965.000000 0.001436
966.000000 0.001439
967.000000 0.001442
968.000000 0.001441
969.000000 0.001440
970.000000 0.001443
971.000000 0.001441
972.000000 0.001442
973.000000 0.001442
974.000000 0.001445
975.000000 0.001443
976.000000 0.001445
977.000000 0.001447
978.000000 0.001443
979.000000 0.001446
980.000000 0.001445
981.000000 0.001445
982.000000 0.001447
983.000000 0.001447
984.000000 0.001447
985.000000 0.001447
986.000000 0.001450
987.000000 0.001446
988.000000 0.001448
989.000000 0.001447
990.000000 0.001447
991.000000 0.001449
992.000000 0.001448
993.000000 0.001451
994.000000 0.001448
995.000000 0.001450
996.000000 0.001447
997.000000 0.001449
998.000000 0.001449
999.000000 0.001448
1000.000000 0.001450
1001.000000 0.001450
1002.000000 0.001451
1003.000000 0.001447
1004.000000 0.001450
1005.000000 0.001450
1006.000000 0.001446
1007.000000 0.001449
1008.000000 0.001450
1009.000000 0.001448
1010.000000 0.001448
1011.000000 0.001450
1012.000000 0.001447
1013.000000 0.001448
1014.000000 0.001447
1015.000000 0.001447
1016.000000 0.001449
1017.000000 0.001446
1018.000000 0.001448
1019.000000 0.001446
1020.000000 0.001446
1021.000000 0.001445
1022.000000 0.001445
1023.000000 0.001446
1024.000000 0.001443
1025.000000 0.001446
1026.000000 0.001444
1027.000000 0.001445
1028.000000 0.001441
1029.000000 0.001443
1030.000000 0.001442
1031.000000 0.001440
1032.000000 0.001442
1033.000000 0.001440
1034.000000 0.001442
1035.000000 0.001438
1036.000000 0.001440
1037.000000 0.001437
1038.000000 0.001438
1039.000000 0.001437
1040.000000 0.001436
1041.000000 0.001438
1042.000000 0.001434
1043.000000 0.001436
1044.000000 0.001434
1045.000000 0.001433
1046.000000 0.001433
1047.000000 0.001431
1048.000000 0.001430
1049.000000 0.001430
1050.000000 0.001432
1051.000000 0.001427
1052.000000 0.001429
1053.000000 0.001426
1054.000000 0.001427
1055.000000 0.001425
1056.000000 0.001423
1057.000000 0.001426
1058.000000 0.001421
1059.000000 0.001423
1060.000000 0.001421
1061.000000 0.001421
1062.000000 0.001416
1063.000000 0.001419
1064.000000 0.001417
1065.000000 0.001414
1066.000000 0.001418
1067.000000 0.001413
1068.000000 0.001414
1069.000000 0.001411
1070.000000 0.001411
1071.000000 0.001410
1072.000000 0.001407
1073.000000 0.001406
1074.000000 0.001405
1075.000000 0.001408
1076.000000 0.001401
1077.000000 0.001404
1078.000000 0.001401
1079.000000 0.001400
1080.000000 0.001399
1081.000000 0.001396
1082.000000 0.001399
1083.000000 0.001394
1084.000000 0.001395
1085.000000 0.001393
1086.000000 0.001392
1087.000000 0.001388
1088.000000 0.001388
1089.000000 0.001387
1090.000000 0.001384
1091.000000 0.001387
1092.000000 0.001382
1093.000000 0.001382
1094.000000 0.001380
1095.000000 0.001379
1096.000000 0.001377
1097.000000 0.001375
1098.000000 0.001374
1099.000000 0.001372
1100.000000 0.001373
1101.000000 0.001368
1102.000000 0.001368
1103.000000 0.001366
1104.000000 0.001365
1105.000000 0.001364
1106.000000 0.001361
1107.000000 0.001360
1108.000000 0.001358
1109.000000 0.001359
1110.000000 0.001353
1111.000000 0.001354
1112.000000 0.001352
1113.000000 0.001350
1114.000000 0.001348
1115.000000 0.001345
1116.000000 0.001348
1117.000000 0.001340
1118.000000 0.001342
1119.000000 0.001339
1120.000000 0.001339
1121.000000 0.001334
1122.000000 0.001334
1123.000000 0.001333
1124.000000 0.001329
1125.000000 0.001331
1126.000000 0.001325
1127.000000 0.001324
1128.000000 0.001323
1129.000000 0.001320
1130.000000 0.001319
1131.000000 0.001316
1132.000000 0.001316
1133.000000 0.001312
1134.000000 0.001313
1135.000000 0.001308
1136.000000 0.001307
1137.000000 0.001305
1138.000000 0.001302
1139.000000 0.001302
1140.000000 0.001297
1141.000000 0.001299
1142.000000 0.001294
1143.000000 0.001292
1144.000000 0.001291
1145.000000 0.001289
1146.000000 0.001286
1147.000000 0.001283
1148.000000 0.001283
1149.000000 0.001279
1150.000000 0.001279
1151.000000 0.001275
1152.000000 0.001273
1153.000000 0.001272
1154.000000 0.001268
1155.000000 0.001267
1156.000000 0.001264
1157.000000 0.001264
1158.000000 0.001258
1159.000000 0.001260
1160.000000 0.001255
1161.000000 0.001253
1162.000000 0.001251
1163.000000 0.001248
1164.000000 0.001247
1165.000000 0.001242
1166.000000 0.001244
1167.000000 0.001239
1168.000000 0.001237
1169.000000 0.001234
1170.000000 0.001231
1171.000000 0.001230
1172.000000 0.001226
1173.000000 0.001226
1174.000000 0.001221
1175.000000 0.001221
1176.000000 0.001217
1177.000000 0.001214
1178.000000 0.001213
1179.000000 0.001210
1180.000000 0.001208
1181.000000 0.001204
1182.000000 0.001204
1183.000000 0.001200
1184.000000 0.001198
1185.000000 0.001194
1186.000000 0.001192
1187.000000 0.001191
1188.000000 0.001186
1189.000000 0.001186
1190.000000 0.001181
1191.000000 0.001181
1192.000000 0.001176
1193.000000 0.001175
1194.000000 0.001171
1195.000000 0.001168
1196.000000 0.001167
1197.000000 0.001162
1198.000000 0.001163
1199.000000 0.001157
1200.000000 0.001157
1201.000000 0.001153
1202.000000 0.001149
1203.000000 0.001149
1204.000000 0.001145
1205.000000 0.001142
1206.000000 0.001138
1207.000000 0.001138
1208.000000 0.001134
1209.000000 0.001131
1210.000000 0.001128
1211.000000 0.001125
1212.000000 0.001124
1213.000000 0.001119
1214.000000 0.001119
1215.000000 0.001114
1216.000000 0.001113
1217.000000 0.001109
1218.000000 0.001106
1219.000000 0.001103
1220.000000 0.001100
1221.000000 0.001099
1222.000000 0.001094
1223.000000 0.001093
1224.000000 0.001089
1225.000000 0.001086
1226.000000 0.001083
1227.000000 0.001081
1228.000000 0.001078
1229.000000 0.001074
1230.000000 0.001073
1231.000000 0.001068
1232.000000 0.001067
1233.000000 0.001063
1234.000000 0.001060
1235.000000 0.001057
1236.000000 0.001053
1237.000000 0.001052
1238.000000 0.001048
1239.000000 0.001046
1240.000000 0.001041
1241.000000 0.001040
1242.000000 0.001036
1243.000000 0.001033
1244.000000 0.001030
1245.000000 0.001027
1246.000000 0.001025
1247.000000 0.001021
1248.000000 0.001019
1249.000000 0.001015
1250.000000 0.001012
1251.000000 0.001009
1252.000000 0.001006
1253.000000 0.001003
1254.000000 0.000999
1255.000000 0.000998
1256.000000 0.000993
1257.000000 0.000992
1258.000000 0.000988
1259.000000 0.000985
1260.000000 0.000982
1261.000000 0.000978
1262.000000 0.000976
1263.000000 0.000972
1264.000000 0.000969
1265.000000 0.000966
1266.000000 0.000963
1267.000000 0.000960
1268.000000 0.000957
1269.000000 0.000954
1270.000000 0.000950
1271.000000 0.000948
1272.000000 0.000944
1273.000000 0.000942
1274.000000 0.000938
1275.000000 0.000935
1276.000000 0.000932
1277.000000 0.000929
1278.000000 0.000926
1279.000000 0.000922
1280.000000 0.000920
1281.000000 0.000915
1282.000000 0.000914
1283.000000 0.000910
1284.000000 0.000907
1285.000000 0.000903
1286.000000 0.000900
1287.000000 0.000897
1288.000000 0.000893
1289.000000 0.000891
1290.000000 0.000888
1291.000000 0.000884
1292.000000 0.000881
1293.000000 0.000878
1294.000000 0.000875
1295.000000 0.000871
1296.000000 0.000869
1297.000000 0.000865
1298.000000 0.000862
1299.000000 0.000859
1300.000000 0.000856
1301.000000 0.000852
1302.000000 0.000849
1303.000000 0.000846
1304.000000 0.000842
1305.000000 0.000840
1306.000000 0.000836
1307.000000 0.000833
1308.000000 0.000830
1309.000000 0.000827
1310.000000 0.000823
1311.000000 0.000820
1312.000000 0.000817
1313.000000 0.000813
1314.000000 0.000811
1315.000000 0.000807
1316.000000 0.000804
1317.000000 0.000801
1318.000000 0.000797
1319.000000 0.000794
1320.000000 0.000790
1321.000000 0.000788
1322.000000 0.000785
1323.000000 0.000781
1324.000000 0.000778
1325.000000 0.000775
1326.000000 0.000771
1327.000000 0.000768
1328.000000 0.000765
1329.000000 0.000761
1330.000000 0.000759
1331.000000 0.000755
1332.000000 0.000752
1333.000000 0.000749
1334.000000 0.000745
1335.000000 0.000742
1336.000000 0.000739
1337.000000 0.000736
1338.000000 0.000732
1339.000000 0.000730
1340.000000 0.000726
1341.000000 0.000723
1342.000000 0.000719
1343.000000 0.000716
1344.000000 0.000713
1345.000000 0.000710
1346.000000 0.000706
1347.000000 0.000703
1348.000000 0.000700
1349.000000 0.000697
1350.000000 0.000694
1351.000000 0.000690
1352.000000 0.000687
1353.000000 0.000684
1354.000000 0.000680
1355.000000 0.000678
1356.000000 0.000674
1357.000000 0.000671
1358.000000 0.000667
1359.000000 0.000664
1360.000000 0.000661
1361.000000 0.000658
1362.000000 0.000654
1363.000000 0.000651
1364.000000 0.000649
1365.000000 0.000645
1366.000000 0.000642
1367.000000 0.000639
1368.000000 0.000635
1369.000000 0.000632
1370.000000 0.000629
1371.000000 0.000626
1372.000000 0.000622
1373.000000 0.000620
1374.000000 0.000616
1375.000000 0.000613
1376.000000 0.000610
1377.000000 0.000606
1378.000000 0.000604
1379.000000 0.000600
1380.000000 0.000597
1381.000000 0.000594
1382.000000 0.000591
1383.000000 0.000588
1384.000000 0.000584
1385.000000 0.000581
1386.000000 0.000578
1387.000000 0.000575
1388.000000 0.000572
1389.000000 0.000569
1390.000000 0.000565
1391.000000 0.000563
1392.000000 0.000559
1393.000000 0.000556
1394.000000 0.000553
1395.000000 0.000550
1396.000000 0.000547
1397.000000 0.000543
1398.000000 0.000541
1399.000000 0.000537
1400.000000 0.000534
1401.000000 0.000532
1402.000000 0.000528
1403.000000 0.000525
1404.000000 0.000522
1405.000000 0.000519
1406.000000 0.000515
1407.000000 0.000514
1408.000000 0.000510
1409.000000 0.000507
1410.000000 0.000504
1411.000000 0.000501
1412.000000 0.000498
1413.000000 0.000494
1414.000000 0.000492
1415.000000 0.000489
1416.000000 0.000486
1417.000000 0.000483
1418.000000 0.000480
1419.000000 0.000477
1420.000000 0.000474
1421.000000 0.000471
1422.000000 0.000467
1423.000000 0.000465
1424.000000 0.000462
1425.000000 0.000459
1426.000000 0.000456
1427.000000 0.000453
1428.000000 0.000450
1429.000000 0.000447
1430.000000 0.000444
1431.000000 0.000441
1432.000000 0.000439
1433.000000 0.000436
1434.000000 0.000432
1435.000000 0.000430
1436.000000 0.000427
1437.000000 0.000424
1438.000000 0.000421
1439.000000 0.000419
1440.000000 0.000415
1441.000000 0.000412
1442.000000 0.000410
1443.000000 0.000407
1444.000000 0.000404
1445.000000 0.000402
1446.000000 0.000398
1447.000000 0.000395
1448.000000 0.000394
1449.000000 0.000390
1450.000000 0.000387
1451.000000 0.000385
1452.000000 0.000382
1453.000000 0.000379
1454.000000 0.000377
1455.000000 0.000374
1456.000000 0.000371
1457.000000 0.000369
1458.000000 0.000366
1459.000000 0.000363
1460.000000 0.000360
1461.000000 0.000358
1462.000000 0.000355
1463.000000 0.000352
1464.000000 0.000350
1465.000000 0.000347
1466.000000 0.000344
1467.000000 0.000342
1468.000000 0.000339
1469.000000 0.000336
1470.000000 0.000334
1471.000000 0.000331
1472.000000 0.000329
1473.000000 0.000326
1474.000000 0.000324
1475.000000 0.000321
1476.000000 0.000319
1477.000000 0.000316
1478.000000 0.000313
1479.000000 0.000311
1480.000000 0.000309
1481.000000 0.000306
1482.000000 0.000304
1483.000000 0.000301
1484.000000 0.000299
1485.000000 0.000296
1486.000000 0.000294
1487.000000 0.000291
1488.000000 0.000289
1489.000000 0.000287
1490.000000 0.000284
1491.000000 0.000282
1492.000000 0.000280
1493.000000 0.000277
1494.000000 0.000275
1495.000000 0.000273
1496.000000 0.000270
1497.000000 0.000268
1498.000000 0.000266
1499.000000 0.000263
1500.000000 0.000261
1501.000000 0.000259
1502.000000 0.000256
1503.000000 0.000254
1504.000000 0.000252
1505.000000 0.000250
1506.000000 0.000247
1507.000000 0.000245
1508.000000 0.000243
1509.000000 0.000241
1510.000000 0.000238
1511.000000 0.000237
1512.000000 0.000234
1513.000000 0.000232
1514.000000 0.000230
1515.000000 0.000228
1516.000000 0.000225
1517.000000 0.000224
1518.000000 0.000221
1519.000000 0.000219
1520.000000 0.000217
1521.000000 0.000215
1522.000000 0.000213
1523.000000 0.000211
1524.000000 0.000209
1525.000000 0.000207
1526.000000 0.000205
1527.000000 0.000203
1528.000000 0.000201
1529.000000 0.000199
1530.000000 0.000197
1531.000000 0.000195
1532.000000 0.000193
1533.000000 0.000192
1534.000000 0.000189
1535.000000 0.000187
1536.000000 0.000186
1537.000000 0.000184
1538.000000 0.000182
1539.000000 0.000180
1540.000000 0.000178
1541.000000 0.000176
1542.000000 0.000175
1543.000000 0.000173
1544.000000 0.000171
1545.000000 0.000169
1546.000000 0.000167
1547.000000 0.000165
1548.000000 0.000164
1549.000000 0.000162
1550.000000 0.000160
1551.000000 0.000159
1552.000000 0.000157
1553.000000 0.000155
1554.000000 0.000153
1555.000000 0.000152
1556.000000 0.000150
1557.000000 0.000148
1558.000000 0.000147
1559.000000 0.000145
1560.000000 0.000144
1561.000000 0.000142
1562.000000 0.000141
1563.000000 0.000139
1564.000000 0.000137
1565.000000 0.000136
1566.000000 0.000134
1567.000000 0.000133
1568.000000 0.000131
1569.000000 0.000129
1570.000000 0.000128
1571.000000 0.000127
1572.000000 0.000125
1573.000000 0.000123
1574.000000 0.000122
1575.000000 0.000121
1576.000000 0.000119
1577.000000 0.000118
1578.000000 0.000116
1579.000000 0.000115
1580.000000 0.000114
1581.000000 0.000112
1582.000000 0.000111
1583.000000 0.000110
1584.000000 0.000108
1585.000000 0.000107
1586.000000 0.000105
1587.000000 0.000104
1588.000000 0.000103
1589.000000 0.000101
1590.000000 0.000100
1591.000000 0.000099
1592.000000 0.000098
1593.000000 0.000097
1594.000000 0.000095
1595.000000 0.000094
1596.000000 0.000093
1597.000000 0.000092
1598.000000 0.000090
1599.000000 0.000089
1600.000000 0.000088
1601.000000 0.000087
1602.000000 0.000086
1603.000000 0.000085
1604.000000 0.000083
1605.000000 0.000082
1606.000000 0.000081
1607.000000 0.000080
1608.000000 0.000079
1609.000000 0.000078
1610.000000 0.000077
1611.000000 0.000076
1612.000000 0.000075
1613.000000 0.000074
1614.000000 0.000072
1615.000000 0.000072
1616.000000 0.000070
1617.000000 0.000069
1618.000000 0.000069
1619.000000 0.000067
1620.000000 0.000066
1621.000000 0.000066
1622.000000 0.000065
1623.000000 0.000064
1624.000000 0.000063
1625.000000 0.000062
1626.000000 0.000061
1627.000000 0.000060
1628.000000 0.000059
1629.000000 0.000058
1630.000000 0.000057
1631.000000 0.000057
1632.000000 0.000055
1633.000000 0.000055
1634.000000 0.000054
1635.000000 0.000053
1636.000000 0.000052
1637.000000 0.000052
1638.000000 0.000051
1639.000000 0.000050
1640.000000 0.000049
1641.000000 0.000048
1642.000000 0.000048
1643.000000 0.000047
1644.000000 0.000046
1645.000000 0.000045
1646.000000 0.000045
1647.000000 0.000044
1648.000000 0.000043
1649.000000 0.000042
1650.000000 0.000042
1651.000000 0.000041
1652.000000 0.000040
1653.000000 0.000040
1654.000000 0.000039
1655.000000 0.000038
1656.000000 0.000038
1657.000000 0.000037
1658.000000 0.000036
1659.000000 0.000036
1660.000000 0.000035
1661.000000 0.000034
1662.000000 0.000034
1663.000000 0.000033
1664.000000 0.000033
1665.000000 0.000032
1666.000000 0.000032
1667.000000 0.000031
1668.000000 0.000030
1669.000000 0.000030
1670.000000 0.000029
1671.000000 0.000029
1672.000000 0.000028
1673.000000 0.000028
1674.000000 0.000027
1675.000000 0.000027
1676.000000 0.000026
1677.000000 0.000026
1678.000000 0.000025
1679.000000 0.000025
1680.000000 0.000024
1681.000000 0.000024
1682.000000 0.000023
1683.000000 0.000023
1684.000000 0.000023
1685.000000 0.000022
1686.000000 0.000022
1687.000000 0.000021
1688.000000 0.000021
1689.000000 0.000020
1690.000000 0.000020
1691.000000 0.000020
1692.000000 0.000019
1693.000000 0.000019
1694.000000 0.000018
1695.000000 0.000018
1696.000000 0.000018
1697.000000 0.000017
1698.000000 0.000017
1699.000000 0.000017
1700.000000 0.000016
1701.000000 0.000016
1702.000000 0.000016
1703.000000 0.000015
1704.000000 0.000015
1705.000000 0.000015
1706.000000 0.000014
1707.000000 0.000014
1708.000000 0.000014
1709.000000 0.000013
1710.000000 0.000013
1711.000000 0.000013
1712.000000 0.000012
1713.000000 0.000012
1714.000000 0.000012
1715.000000 0.000012
1716.000000 0.000011
1717.000000 0.000011
1718.000000 0.000011
1719.000000 0.000011
1720.000000 0.000010
1721.000000 0.000010
1722.000000 0.000010
1723.000000 0.000010
1724.000000 0.000009
1725.000000 0.000009
1726.000000 0.000009
1727.000000 0.000009
1728.000000 0.000009
1729.000000 0.000008
1730.000000 0.000008
1731.000000 0.000008
1732.000000 0.000008
1733.000000 0.000007
1734.000000 0.000007
1735.000000 0.000007
1736.000000 0.000007
1737.000000 0.000007
1738.000000 0.000007
1739.000000 0.000006
1740.000000 0.000006
1741.000000 0.000006
1742.000000 0.000006
1743.000000 0.000006
1744.000000 0.000006
1745.000000 0.000005
1746.000000 0.000005
1747.000000 0.000005
1748.000000 0.000005
1749.000000 0.000005
1750.000000 0.000005
1751.000000 0.000005
1752.000000 0.000004
1753.000000 0.000004
1754.000000 0.000004
1755.000000 0.000004
1756.000000 0.000004
1757.000000 0.000004
1758.000000 0.000004
1759.000000 0.000004
1760.000000 0.000004
1761.000000 0.000003
1762.000000 0.000003
1763.000000 0.000003
1764.000000 0.000003
1765.000000 0.000003
1766.000000 0.000003
1767.000000 0.000003
1768.000000 0.000003
1769.000000 0.000003
1770.000000 0.000003
1771.000000 0.000003
1772.000000 0.000002
1773.000000 0.000002
1774.000000 0.000002
1775.000000 0.000002
1776.000000 0.000002
1777.000000 0.000002
1778.000000 0.000002
1779.000000 0.000002
1780.000000 0.000002
1781.000000 0.000002
1782.000000 0.000002
1783.000000 0.000002
1784.000000 0.000002
1785.000000 0.000002
1786.000000 0.000002
1787.000000 0.000001
1788.000000 0.000001
1789.000000 0.000001
1790.000000 0.000001
1791.000000 0.000001
1792.000000 0.000001
1793.000000 0.000001
1794.000000 0.000001
1795.000000 0.000001
1796.000000 0.000001
1797.000000 0.000001
1798.000000 0.000001
1799.000000 0.000001
1800.000000 0.000001
1801.000000 0.000001
1802.000000 0.000001
1803.000000 0.000001
1804.000000 0.000001
1805.000000 0.000001
1806.000000 0.000001
1807.000000 0.000001
1808.000000 0.000001
1809.000000 0.000001
1810.000000 0.000001
1811.000000 0.000001
1812.000000 0.000001
1813.000000 0.000001
1814.000000 0.000001
1815.000000 0.000000
1816.000000 0.000000
1817.000000 0.000000
1818.000000 0.000000
1819.000000 0.000000
1820.000000 0.000000
1821.000000 0.000000
1822.000000 0.000000
1823.000000 0.000000
1824.000000 0.000000
1825.000000 0.000000
1826.000000 0.000000
1827.000000 0.000000
1828.000000 0.000000
1829.000000 0.000000
1830.000000 0.000000
1831.000000 0.000000
1832.000000 0.000000
1833.000000 0.000000
1834.000000 0.000000
1835.000000 0.000000
1836.000000 0.000000
1837.000000 0.000000
1838.000000 0.000000
1839.000000 0.000000
1840.000000 0.000000
1841.000000 0.000000
1842.000000 0.000000
1843.000000 0.000000
1844.000000 0.000000
1845.000000 0.000000
1846.000000 0.000000
1847.000000 0.000000
1848.000000 0.000000
1849.000000 0.000000
1850.000000 0.000000
1851.000000 0.000000
1852.000000 0.000000
1853.000000 0.000000
1854.000000 0.000000
1855.000000 0.000000
1856.000000 0.000000
1857.000000 0.000000
1858.000000 0.000000
1859.000000 0.000000
1860.000000 0.000000
1861.000000 0.000000
1862.000000 0.000000
1863.000000 0.000000
1864.000000 0.000000
1865.000000 0.000000
1866.000000 0.000000
1867.000000 0.000000
1868.000000 0.000000
1869.000000 0.000000
1870.000000 0.000000
1871.000000 0.000000
1872.000000 0.000000
1873.000000 0.000000
1874.000000 0.000000
1875.000000 0.000000
1876.000000 0.000000
1877.000000 0.000000
1878.000000 0.000000
1879.000000 0.000000
1880.000000 0.000000
1881.000000 0.000000
1882.000000 0.000000
1883.000000 0.000000
1884.000000 0.000000
1885.000000 0.000000
1886.000000 0.000000
1887.000000 0.000000
1888.000000 0.000000
1889.000000 0.000000
1890.000000 0.000000
1891.000000 0.000000
1892.000000 0.000000
1893.000000 0.000000
1894.000000 0.000000
1895.000000 0.000000
1896.000000 0.000000
1897.000000 0.000000
1898.000000 0.000000
1899.000000 0.000000
1900.000000 0.000000
1901.000000 0.000000
1902.000000 0.000000
1903.000000 0.000000
1904.000000 0.000000
1905.000000 0.000000
1906.000000 0.000000
1907.000000 0.000000
1908.000000 0.000000
1909.000000 0.000000
1910.000000 0.000000
1911.000000 0.000000
1912.000000 0.000000
1913.000000 0.000000
1914.000000 0.000000
1915.000000 0.000000
1916.000000 0.000000
1917.000000 0.000000
1918.000000 0.000000
1919.000000 0.000000
1920.000000 0.000000
1921.000000 0.000000
1922.000000 0.000000
1923.000000 0.000000
1924.000000 0.000000
1925.000000 0.000000
1926.000000 0.000000
1927.000000 0.000000
1928.000000 0.000000
1929.000000 0.000000
1930.000000 0.000000
1931.000000 0.000000
1932.000000 0.000000
1933.000000 0.000000
1934.000000 0.000000
1935.000000 0.000000
1936.000000 0.000000
1937.000000 0.000000
1938.000000 0.000000
1939.000000 0.000000
1940.000000 0.000000
1941.000000 0.000000
1942.000000 0.000000
1943.000000 0.000000
1944.000000 0.000000
1945.000000 0.000000
1946.000000 0.000000
1947.000000 0.000000
1948.000000 0.000000
1949.000000 0.000000
1950.000000 0.000000
1951.000000 0.000000
1952.000000 0.000000
1953.000000 0.000000
1954.000000 0.000000
1955.000000 0.000000
1956.000000 0.000000
1957.000000 0.000000
1958.000000 0.000000
1959.000000 0.000000
1960.000000 0.000000
1961.000000 0.000000
1962.000000 0.000000
1963.000000 0.000000
1964.000000 0.000000
1965.000000 0.000000
1966.000000 0.000000
1967.000000 0.000000
1968.000000 0.000000
1969.000000 0.000000
1970.000000 0.000000
1971.000000 0.000000
1972.000000 0.000000
1973.000000 0.000000
1974.000000 0.000000
1975.000000 0.000000
1976.000000 0.000000
1977.000000 0.000000
1978.000000 0.000000
1979.000000 0.000000
1980.000000 0.000000
1981.000000 0.000000
1982.000000 0.000000
1983.000000 0.000000
1984.000000 0.000000
1985.000000 0.000000
1986.000000 0.000000
1987.000000 0.000000
1988.000000 0.000000
1989.000000 0.000000
1990.000000 0.000000
1991.000000 0.000000
1992.000000 0.000000
1993.000000 0.000000
1994.000000 0.000000
1995.000000 0.000000
1996.000000 0.000000
1997.000000 0.000000
1998.000000 0.000000
1999.000000 0.000000
2000.000000 0.000000
