n lam mean variance std
2000 0.330000 1000.492762 77661.815322 278.678695
bin_midpoint probability
1.000000 0.000000
2.000000 0.000000
3.000000 0.000000
4.000000 0.000000
5.000000 0.000000
6.000000 0.000000
7.000000 0.000000
8.000000 0.000000
9.000000 0.000000
10.000000 0.000000
11.000000 0.000000
12.000000 0.000000
13.000000 0.000000
14.000000 0.000000
15.000000 0.000000
16.000000 0.000000
17.000000 0.000000
18.000000 0.000000
19.000000 0.000000
20.000000 0.000000
21.000000 0.000000
22.000000 0.000000
23.000000 0.000000
24.000000 0.000000
25.000000 0.000000
26.000000 0.000000
27.000000 0.000000
28.000000 0.000000
29.000000 0.000000
30.000000 0.000000
31.000000 0.000000
32.000000 0.000000
33.000000 0.000000
34.000000 0.000000
35.000000 0.000000
36.000000 0.000000
37.000000 0.000000
38.000000 0.000000
39.000000 0.000000
40.000000 0.000000
41.000000 0.000000
42.000000 0.000000
43.000000 0.000000
44.000000 0.000000
45.000000 0.000000
46.000000 0.000000
47.000000 0.000000
48.000000 0.000000
49.000000 0.000000
50.000000 0.000000
51.000000 0.000000
52.000000 0.000000
53.000000 0.000000
54.000000 0.000000
55.000000 0.000000
56.000000 0.000000
57.000000 0.000000
58.000000 0.000000
59.000000 0.000000
60.000000 0.000000
61.000000 0.000000
62.000000 0.000000
63.000000 0.000000
64.000000 0.000000
65.000000 0.000000
66.000000 0.000000
67.000000 0.000000
68.000000 0.000000
69.000000 0.000000
70.000000 0.000000
71.000000 0.000000
72.000000 0.000000
73.000000 0.000000
74.000000 0.000000
75.000000 0.000000
76.000000 0.000000
77.000000 0.000000
78.000000 0.000000
79.000000 0.000000
80.000000 0.000000
81.000000 0.000000
82.000000 0.000000
83.000000 0.000000
84.000000 0.000000
85.000000 0.000000
86.000000 0.000000
87.000000 0.000000
88.000000 0.000000
89.000000 0.000000
90.000000 0.000000
91.000000 0.000000
92.000000 0.000000
93.000000 0.000000
94.000000 0.000000
95.000000 0.000000
96.000000 0.000000
97.000000 0.000000
98.000000 0.000000
99.000000 0.000000
100.000000 0.000000
101.000000 0.000000
102.000000 0.000000
103.000000 0.000000
104.000000 0.000000
105.000000 0.000000
106.000000 0.000000
107.000000 0.000000
108.000000 0.000000
109.000000 0.000000
110.000000 0.000000
111.000000 0.000000
112.000000 0.000000
113.000000 0.000000
114.000000 0.000000
115.000000 0.000000
116.000000 0.000000
117.000000 0.000000
118.000000 0.000000
119.000000 0.000000
120.000000 0.000000
121.000000 0.000000
122.000000 0.000000
123.000000 0.000000
124.000000 0.000000
125.000000 0.000000
126.000000 0.000000
127.000000 0.000000
128.000000 0.000000
129.000000 0.000000
130.000000 0.000000
131.000000 0.000000
132.000000 0.000000
133.000000 0.000000
134.000000 0.000000
135.000000 0.000000
136.000000 0.000000
137.000000 0.000000
138.000000 0.000000
139.000000 0.000000
140.000000 0.000000
141.000000 0.000000
142.000000 0.000000
143.000000 0.000000
144.000000 0.000000
145.000000 0.000000
146.000000 0.000001
147.000000 0.000001
148.000000 0.000001
149.000000 0.000001
150.000000 0.000001
151.000000 0.000001
152.000000 0.000001
153.000000 0.000001
154.000000 0.000001
155.000000 0.000001
156.000000 0.000001
157.000000 0.000001
158.000000 0.000001
159.000000 0.000001
160.000000 0.000001
161.000000 0.000001
162.000000 0.000001
163.000000 0.000001
164.000000 0.000001
165.000000 0.000001
166.000000 0.000001
167.000000 0.000001
168.000000 0.000001
169.000000 0.000001
170.000000 0.000001
171.000000 0.000001
172.000000 0.000002
173.000000 0.000002
174.000000 0.000002
175.000000 0.000002
176.000000 0.000002
177.000000 0.000002
178.000000 0.000002
179.000000 0.000002
180.000000 0.000002
181.000000 0.000002
182.000000 0.000002
183.000000 0.000002
184.000000 0.000002
185.000000 0.000002
186.000000 0.000003
187.000000 0.000003
188.000000 0.000003
189.000000 0.000003
190.000000 0.000003
191.000000 0.000003
192.000000 0.000003
193.000000 0.000003
194.000000 0.000003
195.000000 0.000003
196.000000 0.000004
197.000000 0.000004
198.000000 0.000004
199.000000 0.000004
200.000000 0.000004
201.000000 0.000004
202.000000 0.000004
203.000000 0.000004
204.000000 0.000005
205.000000 0.000005
206.000000 0.000005
207.000000 0.000005
208.000000 0.000005
209.000000 0.000005
210.000000 0.000005
211.000000 0.000006
212.000000 0.000006
213.000000 0.000006
214.000000 0.000006
215.000000 0.000006
216.000000 0.000006
217.000000 0.000007
218.000000 0.000007
219.000000 0.000007
220.000000 0.000007
221.000000 0.000007
222.000000 0.000007
223.000000 0.000008
224.000000 0.000008
225.000000 0.000008
226.000000 0.000008
227.000000 0.000008
228.000000 0.000009
229.000000 0.000009
230.000000 0.000009
231.000000 0.000009
232.000000 0.000010
233.000000 0.000010
234.000000 0.000010
235.000000 0.000010
236.000000 0.000011
237.000000 0.000011
238.000000 0.000011
239.000000 0.000011
240.000000 0.000012
241.000000 0.000012
242.000000 0.000012
243.000000 0.000013
244.000000 0.000013
245.000000 0.000013
246.000000 0.000013
247.000000 0.000014
248.000000 0.000014
249.000000 0.000014
250.000000 0.000015
251.000000 0.000015
252.000000 0.000015
253.000000 0.000016
254.000000 0.000016
255.000000 0.000016
256.000000 0.000017
257.000000 0.000017
258.000000 0.000017
259.000000 0.000018
260.000000 0.000018
261.000000 0.000019
262.000000 0.000019
263.000000 0.000019
264.000000 0.000020
265.000000 0.000020
266.000000 0.000021
267.000000 0.000021
268.000000 0.000021
269.000000 0.000022
270.000000 0.000022
271.000000 0.000023
272.000000 0.000023
273.000000 0.000024
274.000000 0.000024
275.000000 0.000025
276.000000 0.000025
277.000000 0.000026
278.000000 0.000026
279.000000 0.000027
280.000000 0.000027
281.000000 0.000028
282.000000 0.000028
283.000000 0.000029
284.000000 0.000029
285.000000 0.000030
286.000000 0.000030
287.000000 0.000031
288.000000 0.000031
289.000000 0.000032
290.000000 0.000033
291.000000 0.000033
292.000000 0.000034
293.000000 0.000034
294.000000 0.000035
295.000000 0.000035
296.000000 0.000036
297.000000 0.000037
298.000000 0.000037
299.000000 0.000038
300.000000 0.000039
301.000000 0.000039
302.000000 0.000040
303.000000 0.000041
304.000000 0.000041
305.000000 0.000042
306.000000 0.000043
307.000000 0.000043
308.000000 0.000044
309.000000 0.000045
310.000000 0.000046
311.000000 0.000046
312.000000 0.000047
313.000000 0.000048
314.000000 0.000049
315.000000 0.000049
316.000000 0.000050
317.000000 0.000051
318.000000 0.000052
319.000000 0.000053
320.000000 0.000053
321.000000 0.000054
322.000000 0.000055
323.000000 0.000056
324.000000 0.000057
325.000000 0.000057
326.000000 0.000058
327.000000 0.000059
328.000000 0.000060
329.000000 0.000061
330.000000 0.000062
331.000000 0.000063
332.000000 0.000064
333.000000 0.000065
334.000000 0.000065
335.000000 0.000066
336.000000 0.000067
337.000000 0.000068
338.000000 0.000069
339.000000 0.000070
340.000000 0.000071
341.000000 0.000072
342.000000 0.000073
343.000000 0.000074
344.000000 0.000075
345.000000 0.000076
346.000000 0.000077
347.000000 0.000078
348.000000 0.000079
349.000000 0.000081
350.000000 0.000082
351.000000 0.000082
352.000000 0.000084
353.000000 0.000085
354.000000 0.000086
355.000000 0.000087
356.000000 0.000088
357.000000 0.000089
358.000000 0.000090
359.000000 0.000092
360.000000 0.000093
361.000000 0.000094
362.000000 0.000095
363.000000 0.000096
364.000000 0.000097
365.000000 0.000099
366.000000 0.000100
367.000000 0.000101
368.000000 0.000103
369.000000 0.000104
370.000000 0.000105
371.000000 0.000106
372.000000 0.000107
373.000000 0.000109
374.000000 0.000110
375.000000 0.000111
376.000000 0.000113
377.000000 0.000114
378.000000 0.000115
379.000000 0.000116
380.000000 0.000118
381.000000 0.000119
382.000000 0.000121
383.000000 0.000122
384.000000 0.000123
385.000000 0.000125
386.000000 0.000126
387.000000 0.000128
388.000000 0.000129
389.000000 0.000131
390.000000 0.000132
391.000000 0.000133
392.000000 0.000135
393.000000 0.000136
394.000000 0.000138
395.000000 0.000139
396.000000 0.000141
397.000000 0.000142
398.000000 0.000144
399.000000 0.000145
400.000000 0.000147
401.000000 0.000148
402.000000 0.000150
403.000000 0.000152
404.000000 0.000153
405.000000 0.000155
406.000000 0.000156
407.000000 0.000158
408.000000 0.000159
409.000000 0.000161
410.000000 0.000163
411.000000 0.000164
412.000000 0.000166
413.000000 0.000167
414.000000 0.000169
415.000000 0.000171
416.000000 0.000173
417.000000 0.000174
418.000000 0.000176
419.000000 0.000178
420.000000 0.000179
421.000000 0.000181
422.000000 0.000183
423.000000 0.000184
424.000000 0.000186
425.000000 0.000188
426.000000 0.000190
427.000000 0.000192
428.000000 0.000193
429.000000 0.000195
430.000000 0.000197
431.000000 0.000199
432.000000 0.000201
433.000000 0.000202
434.000000 0.000204
435.000000 0.000206
436.000000 0.000208
437.000000 0.000210
438.000000 0.000211
439.000000 0.000213
440.000000 0.000215
441.000000 0.000217
442.000000 0.000219
443.000000 0.000221
444.000000 0.000223
445.000000 0.000225
446.000000 0.000227
447.000000 0.000229
448.000000 0.000230
449.000000 0.000233
450.000000 0.000234
451.000000 0.000236
452.000000 0.000238
453.000000 0.000240
454.000000 0.000242
455.000000 0.000244
456.000000 0.000246
457.000000 0.000248
458.000000 0.000250
459.000000 0.000252
460.000000 0.000254
461.000000 0.000256
462.000000 0.000258
463.000000 0.000260
464.000000 0.000263
465.000000 0.000264
466.000000 0.000267
467.000000 0.000269
468.000000 0.000271
469.000000 0.000273
470.000000 0.000275
471.000000 0.000277
472.000000 0.000279
473.000000 0.000281
474.000000 0.000284
475.000000 0.000286
476.000000 0.000288
477.000000 0.000290
478.000000 0.000292
479.000000 0.000294
480.000000 0.000296
481.000000 0.000298
482.000000 0.000301
483.000000 0.000303
484.000000 0.000305
485.000000 0.000307
486.000000 0.000309
487.000000 0.000312
488.000000 0.000313
489.000000 0.000316
490.000000 0.000318
491.000000 0.000321
492.000000 0.000323
493.000000 0.000325
494.000000 0.000327
495.000000 0.000329
496.000000 0.000332
497.000000 0.000334
498.000000 0.000336
499.000000 0.000339
500.000000 0.000341
501.000000 0.000343
502.000000 0.000345
503.000000 0.000348
504.000000 0.000350
505.000000 0.000352
506.000000 0.000355
507.000000 0.000357
508.000000 0.000359
509.000000 0.000362
510.000000 0.000364
511.000000 0.000366
512.000000 0.000369
513.000000 0.000371
514.000000 0.000373
515.000000 0.000376
516.000000 0.000378
517.000000 0.000381
518.000000 0.000383
519.000000 0.000385
520.000000 0.000388
521.000000 0.000390
522.000000 0.000392
523.000000 0.000395
524.000000 0.000397
525.000000 0.000400
526.000000 0.000402
527.000000 0.000405
528.000000 0.000407
529.000000 0.000409
530.000000 0.000412
531.000000 0.000414
532.000000 0.000417
533.000000 0.000419
534.000000 0.000422
535.000000 0.000424
536.000000 0.000426
537.000000 0.000429
538.000000 0.000431
539.000000 0.000434
540.000000 0.000436
541.000000 0.000439
542.000000 0.000441
543.000000 0.000443
544.000000 0.000446
545.000000 0.000449
546.000000 0.000451
547.000000 0.000453
548.000000 0.000456
549.000000 0.000459
550.000000 0.000461
551.000000 0.000464
552.000000 0.000466
553.000000 0.000469
554.000000 0.000471
555.000000 0.000474
556.000000 0.000476
557.000000 0.000479
558.000000 0.000481
559.000000 0.000484
560.000000 0.000486
561.000000 0.000489
562.000000 0.000492
563.000000 0.000494
564.000000 0.000497
565.000000 0.000499
566.000000 0.000502
567.000000 0.000504
568.000000 0.000506
569.000000 0.000509
570.000000 0.000512
571.000000 0.000515
572.000000 0.000517
573.000000 0.000520
574.000000 0.000522
575.000000 0.000525
576.000000 0.000527
577.000000 0.000530
578.000000 0.000532
579.000000 0.000535
580.000000 0.000537
581.000000 0.000540
582.000000 0.000543
583.000000 0.000546
584.000000 0.000548
585.000000 0.000551
586.000000 0.000553
587.000000 0.000556
588.000000 0.000558
589.000000 0.000561
590.000000 0.000564
591.000000 0.000566
592.000000 0.000569
593.000000 0.000571
594.000000 0.000574
595.000000 0.000576
596.000000 0.000579
597.000000 0.000582
598.000000 0.000585
599.000000 0.000587
600.000000 0.000590
601.000000 0.000592
602.000000 0.000595
603.000000 0.000598
604.000000 0.000600
605.000000 0.000603
606.000000 0.000606
607.000000 0.000608
608.000000 0.000611
609.000000 0.000613
610.000000 0.000616
611.000000 0.000619
612.000000 0.000621
613.000000 0.000624
614.000000 0.000627
615.000000 0.000629
616.000000 0.000632
617.000000 0.000635
618.000000 0.000637
619.000000 0.000640
620.000000 0.000642
621.000000 0.000645
622.000000 0.000648
623.000000 0.000651
624.000000 0.000653
625.000000 0.000656
626.000000 0.000658
627.000000 0.000661
628.000000 0.000664
629.000000 0.000667
630.000000 0.000669
631.000000 0.000672
632.000000 0.000674
633.000000 0.000677
634.000000 0.000680
635.000000 0.000682
636.000000 0.000685
637.000000 0.000688
638.000000 0.000690
639.000000 0.000693
640.000000 0.000696
641.000000 0.000698
642.000000 0.000701
643.000000 0.000704
644.000000 0.000706
645.000000 0.000709
646.000000 0.000712
647.000000 0.000715
648.000000 0.000717
649.000000 0.000720
650.000000 0.000722
651.000000 0.000725
652.000000 0.000728
653.000000 0.000730
654.000000 0.000733
655.000000 0.000736
656.000000 0.000738
657.000000 0.000741
658.000000 0.000743
659.000000 0.000746
660.000000 0.000749
661.000000 0.000752
662.000000 0.000754
663.000000 0.000757
664.000000 0.000760
665.000000 0.000762
666.000000 0.000765
667.000000 0.000768
668.000000 0.000770
669.000000 0.000773
670.000000 0.000775
671.000000 0.000778
672.000000 0.000781
673.000000 0.000783
674.000000 0.000786
675.000000 0.000789
676.000000 0.000791
677.000000 0.000794
678.000000 0.000797
679.000000 0.000799
680.000000 0.000802
681.000000 0.000805
682.000000 0.000807
683.000000 0.000810
684.000000 0.000812
685.000000 0.000815
686.000000 0.000818
687.000000 0.000820
688.000000 0.000823
689.000000 0.000826
690.000000 0.000828
691.000000 0.000831
692.000000 0.000833
693.000000 0.000836
694.000000 0.000839
695.000000 0.000841
696.000000 0.000844
697.000000 0.000846
698.000000 0.000849
699.000000 0.000851
700.000000 0.000854
701.000000 0.000857
702.000000 0.000859
703.000000 0.000862
704.000000 0.000864
705.000000 0.000867
706.000000 0.000870
707.000000 0.000872
708.000000 0.000875
709.000000 0.000877
710.000000 0.000880
711.000000 0.000883
712.000000 0.000885
713.000000 0.000888
714.000000 0.000890
715.000000 0.000893
716.000000 0.000895
717.000000 0.000898
718.000000 0.000900
719.000000 0.000903
720.000000 0.000906
721.000000 0.000908
722.000000 0.000910
723.000000 0.000913
724.000000 0.000915
725.000000 0.000918
726.000000 0.000921
727.000000 0.000923
728.000000 0.000926
729.000000 0.000928
730.000000 0.000931
731.000000 0.000933
732.000000 0.000936
733.000000 0.000938
734.000000 0.000941
735.000000 0.000943
736.000000 0.000946
737.000000 0.000948
738.000000 0.000950
739.000000 0.000953
740.000000 0.000955
741.000000 0.000958
742.000000 0.000960
743.000000 0.000963
744.000000 0.000965
745.000000 0.000968
746.000000 0.000970
747.000000 0.000972
748.000000 0.000975
749.000000 0.000977
750.000000 0.000980
751.000000 0.000982
752.000000 0.000985
753.000000 0.000987
754.000000 0.000989
755.000000 0.000992
756.000000 0.000994
757.000000 0.000997
758.000000 0.000999
759.000000 0.001001
760.000000 0.001004
761.000000 0.001006
762.000000 0.001008
763.000000 0.001011
764.000000 0.001013
765.000000 0.001015
766.000000 0.001018
767.000000 0.001020
768.000000 0.001022
769.000000 0.001025
770.000000 0.001027
771.000000 0.001029
772.000000 0.001032
773.000000 0.001034
774.000000 0.001036
775.000000 0.001038
776.000000 0.001041
777.000000 0.001043
778.000000 0.001045
779.000000 0.001048
780.000000 0.001050
781.000000 0.001052
782.000000 0.001054
783.000000 0.001056
784.000000 0.001059
785.000000 0.001061
786.000000 0.001063
787.000000 0.001066
788.000000 0.001068
789.000000 0.001070
790.000000 0.001072
791.000000 0.001074
792.000000 0.001076
793.000000 0.001079
794.000000 0.001081
795.000000 0.001083
796.000000 0.001085
797.000000 0.001087
798.000000 0.001090
799.000000 0.001092
800.000000 0.001094
801.000000 0.001096
802.000000 0.001098
803.000000 0.001100
804.000000 0.001102
805.000000 0.001104
806.000000 0.001106
807.000000 0.001108
808.000000 0.001110
809.000000 0.001113
810.000000 0.001114
811.000000 0.001116
812.000000 0.001119
813.000000 0.001121
814.000000 0.001123
815.000000 0.001125
816.000000 0.001127
817.000000 0.001129
818.000000 0.001131
819.000000 0.001133
820.000000 0.001135
821.000000 0.001137
822.000000 0.001138
823.000000 0.001141
824.000000 0.001142
825.000000 0.001144
826.000000 0.001146
827.000000 0.001148
828.000000 0.001150
829.000000 0.001152
830.000000 0.001154
831.000000 0.001156
832.000000 0.001158
833.000000 0.001159
834.000000 0.001161
835.000000 0.001163
836.000000 0.001165
837.000000 0.001167
838.000000 0.001169
839.000000 0.001170
840.000000 0.001172
841.000000 0.001174
842.000000 0.001176
843.000000 0.001178
844.000000 0.001179
845.000000 0.001181
846.000000 0.001183
847.000000 0.001185
848.000000 0.001187
849.000000 0.001188
850.000000 0.001190
851.000000 0.001192
852.000000 0.001193
853.000000 0.001195
854.000000 0.001197
855.000000 0.001198
856.000000 0.001200
857.000000 0.001201
858.000000 0.001204
859.000000 0.001205
860.000000 0.001207
861.000000 0.001208
862.000000 0.001210
863.000000 0.001211
864.000000 0.001213
865.000000 0.001214
866.000000 0.001217
867.000000 0.001218
868.000000 0.001219
869.000000 0.001221
870.000000 0.001222
871.000000 0.001224
872.000000 0.001225
873.000000 0.001227
874.000000 0.001228
875.000000 0.001230
876.000000 0.001231
877.000000 0.001233
878.000000 0.001234
879.000000 0.001236
880.000000 0.001237
881.000000 0.001238
882.000000 0.001239
883.000000 0.001242
884.000000 0.001242
885.000000 0.001244
886.000000 0.001245
887.000000 0.001247
888.000000 0.001248
889.000000 0.001249
890.000000 0.001250
891.000000 0.001253
892.000000 0.001253
893.000000 0.001255
894.000000 0.001256
895.000000 0.001257
896.000000 0.001258
897.000000 0.001259
898.000000 0.001260
899.000000 0.001263
900.000000 0.001263
901.000000 0.001264
902.000000 0.001266
903.000000 0.001267
904.000000 0.001268
905.000000 0.001269
906.000000 0.001270
907.000000 0.001270
908.000000 0.001274
909.000000 0.001274
910.000000 0.001275
911.000000 0.001276
912.000000 0.001277
913.000000 0.001278
914.000000 0.001279
915.000000 0.001279
916.000000 0.001282
917.000000 0.001282
918.000000 0.001283
919.000000 0.001284
920.000000 0.001285
921.000000 0.001286
922.000000 0.001287
923.000000 0.001287
924.000000 0.001290
925.000000 0.001290
926.000000 0.001291
927.000000 0.001292
928.000000 0.001292
929.000000 0.001293
930.000000 0.001294
931.000000 0.001294
932.000000 0.001297
933.000000 0.001297
934.000000 0.001298
935.000000 0.001298
936.000000 0.001299
937.000000 0.001300
938.000000 0.001301
939.000000 0.001302
940.000000 0.001301
941.000000 0.001304
942.000000 0.001304
943.000000 0.001304
944.000000 0.001305
945.000000 0.001306
946.000000 0.001307
947.000000 0.001307
948.000000 0.001307
949.000000 0.001309
950.000000 0.001309
951.000000 0.001310
952.000000 0.001310
953.000000 0.001311
954.000000 0.001312
955.000000 0.001312
956.000000 0.001312
957.000000 0.001314
958.000000 0.001314
959.000000 0.001314
960.000000 0.001315
961.000000 0.001315
962.000000 0.001316
963.000000 0.001316
964.000000 0.001316
965.000000 0.001318
966.000000 0.001318
967.000000 0.001318
968.000000 0.001318
969.000000 0.001319
970.000000 0.001319
971.000000 0.001320
972.000000 0.001320
973.000000 0.001319
974.000000 0.001322
975.000000 0.001321
976.000000 0.001321
977.000000 0.001322
978.000000 0.001322
979.000000 0.001322
980.000000 0.001322
981.000000 0.001322
982.000000 0.001324
983.000000 0.001323
984.000000 0.001323
985.000000 0.001323
986.000000 0.001324
987.000000 0.001324
988.000000 0.001324
989.000000 0.001324
990.000000 0.001325
991.000000 0.001324
992.000000 0.001325
993.000000 0.001325
994.000000 0.001325
995.000000 0.001325
996.000000 0.001325
997.000000 0.001325
998.000000 0.001325
999.000000 0.001325
1000.000000 0.001325
1001.000000 0.001325
1002.000000 0.001325
1003.000000 0.001325
1004.000000 0.001325
1005.000000 0.001325
1006.000000 0.001324
1007.000000 0.001325
1008.000000 0.001325
1009.000000 0.001325
1010.000000 0.001324
1011.000000 0.001324
1012.000000 0.001324
1013.000000 0.001324
1014.000000 0.001323
1015.000000 0.001324
1016.000000 0.001323
1017.000000 0.001323
1018.000000 0.001323
1019.000000 0.001323
1020.000000 0.001323
1021.000000 0.001322
1022.000000 0.001322
1023.000000 0.001322
1024.000000 0.001322
1025.000000 0.001321
1026.000000 0.001321
1027.000000 0.001321
1028.000000 0.001320
1029.000000 0.001320
1030.000000 0.001319
1031.000000 0.001319
1032.000000 0.001319
1033.000000 0.001318
1034.000000 0.001318
1035.000000 0.001318
1036.000000 0.001317
1037.000000 0.001317
1038.000000 0.001316
1039.000000 0.001315
1040.000000 0.001316
1041.000000 0.001315
1042.000000 0.001314
1043.000000 0.001314
1044.000000 0.001313
1045.000000 0.001313
1046.000000 0.001312
1047.000000 0.001311
1048.000000 0.001311
1049.000000 0.001310
1050.000000 0.001310
1051.000000 0.001309
1052.000000 0.001308
1053.000000 0.001308
1054.000000 0.001307
1055.000000 0.001307
1056.000000 0.001306
1057.000000 0.001305
1058.000000 0.001304
1059.000000 0.001304
1060.000000 0.001303
1061.000000 0.001302
1062.000000 0.001302
1063.000000 0.001301
1064.000000 0.001300
1065.000000 0.001299
1066.000000 0.001298
1067.000000 0.001298
1068.000000 0.001297
1069.000000 0.001296
1070.000000 0.001295
1071.000000 0.001294
1072.000000 0.001293
1073.000000 0.001293
1074.000000 0.001292
1075.000000 0.001291
1076.000000 0.001290
1077.000000 0.001289
1078.000000 0.001288
1079.000000 0.001287
1080.000000 0.001286
1081.000000 0.001285
1082.000000 0.001284
1083.000000 0.001283
1084.000000 0.001282
1085.000000 0.001281
1086.000000 0.001280
1087.000000 0.001279
1088.000000 0.001278
1089.000000 0.001277
1090.000000 0.001276
1091.000000 0.001275
1092.000000 0.001274
1093.000000 0.001272
1094.000000 0.001271
1095.000000 0.001270
1096.000000 0.001269
1097.000000 0.001268
1098.000000 0.001267
1099.000000 0.001266
1100.000000 0.001264
1101.000000 0.001263
1102.000000 0.001262
1103.000000 0.001261
1104.000000 0.001259
1105.000000 0.001258
1106.000000 0.001257
1107.000000 0.001256
1108.000000 0.001254
1109.000000 0.001253
1110.000000 0.001252
1111.000000 0.001251
1112.000000 0.001249
1113.000000 0.001248
1114.000000 0.001247
1115.000000 0.001245
1116.000000 0.001244
1117.000000 0.001242
1118.000000 0.001241
1119.000000 0.001240
1120.000000 0.001238
1121.000000 0.001237
1122.000000 0.001235
1123.000000 0.001234
1124.000000 0.001233
1125.000000 0.001231
1126.000000 0.001230
1127.000000 0.001228
1128.000000 0.001227
1129.000000 0.001225
1130.000000 0.001224
1131.000000 0.001222
1132.000000 0.001221
1133.000000 0.001219
1134.000000 0.001218
1135.000000 0.001216
1136.000000 0.001214
1137.000000 0.001213
1138.000000 0.001211
1139.000000 0.001210
1140.000000 0.001208
1141.000000 0.001207
1142.000000 0.001205
1143.000000 0.001203
1144.000000 0.001202
1145.000000 0.001200
1146.000000 0.001198
1147.000000 0.001197
1148.000000 0.001195
1149.000000 0.001193
1150.000000 0.001192
1151.000000 0.001190
1152.000000 0.001188
1153.000000 0.001186
1154.000000 0.001185
1155.000000 0.001183
1156.000000 0.001181
1157.000000 0.001179
1158.000000 0.001178
1159.000000 0.001176
1160.000000 0.001174
1161.000000 0.001172
1162.000000 0.001170
1163.000000 0.001169
1164.000000 0.001167
1165.000000 0.001165
1166.000000 0.001163
1167.000000 0.001161
1168.000000 0.001159
1169.000000 0.001158
1170.000000 0.001156
1171.000000 0.001154
1172.000000 0.001152
1173.000000 0.001150
1174.000000 0.001148
1175.000000 0.001146
1176.000000 0.001144
1177.000000 0.001142
1178.000000 0.001140
1179.000000 0.001138
1180.000000 0.001137
1181.000000 0.001135
1182.000000 0.001133
1183.000000 0.001131
1184.000000 0.001129
1185.000000 0.001127
1186.000000 0.001125
1187.000000 0.001123
1188.000000 0.001121
1189.000000 0.001119
1190.000000 0.001117
1191.000000 0.001114
1192.000000 0.001112
1193.000000 0.001110
1194.000000 0.001108
1195.000000 0.001106
1196.000000 0.001104
1197.000000 0.001102
1198.000000 0.001100
1199.000000 0.001098
1200.000000 0.001096
1201.000000 0.001094
1202.000000 0.001091
1203.000000 0.001089
1204.000000 0.001087
1205.000000 0.001085
1206.000000 0.001083
1207.000000 0.001081
1208.000000 0.001079
1209.000000 0.001076
1210.000000 0.001074
1211.000000 0.001072
1212.000000 0.001070
1213.000000 0.001068
1214.000000 0.001065
1215.000000 0.001063
1216.000000 0.001061
1217.000000 0.001059
1218.000000 0.001057
1219.000000 0.001054
1220.000000 0.001052
1221.000000 0.001050
1222.000000 0.001048
1223.000000 0.001045
1224.000000 0.001043
1225.000000 0.001041
1226.000000 0.001039
1227.000000 0.001036
1228.000000 0.001034
1229.000000 0.001032
1230.000000 0.001029
1231.000000 0.001027
1232.000000 0.001025
1233.000000 0.001022
1234.000000 0.001020
1235.000000 0.001018
1236.000000 0.001015
1237.000000 0.001013
1238.000000 0.001011
1239.000000 0.001008
1240.000000 0.001006
1241.000000 0.001004
1242.000000 0.001001
1243.000000 0.000999
1244.000000 0.000997
1245.000000 0.000994
1246.000000 0.000992
1247.000000 0.000989
1248.000000 0.000987
1249.000000 0.000985
1250.000000 0.000982
1251.000000 0.000980
1252.000000 0.000977
1253.000000 0.000975
1254.000000 0.000972
1255.000000 0.000970
1256.000000 0.000968
1257.000000 0.000965
1258.000000 0.000963
1259.000000 0.000960
1260.000000 0.000958
1261.000000 0.000955
1262.000000 0.000953
1263.000000 0.000950
1264.000000 0.000948
1265.000000 0.000945
1266.000000 0.000943
1267.000000 0.000941
1268.000000 0.000938
1269.000000 0.000936
1270.000000 0.000933
1271.000000 0.000931
1272.000000 0.000928
1273.000000 0.000926
1274.000000 0.000923
1275.000000 0.000921
1276.000000 0.000918
1277.000000 0.000915
1278.000000 0.000913
1279.000000 0.000910
1280.000000 0.000908
1281.000000 0.000905
1282.000000 0.000903
1283.000000 0.000900
1284.000000 0.000898
1285.000000 0.000895
1286.000000 0.000893
1287.000000 0.000890
1288.000000 0.000888
1289.000000 0.000885
1290.000000 0.000882
1291.000000 0.000880
1292.000000 0.000877
1293.000000 0.000875
1294.000000 0.000872
1295.000000 0.000870
1296.000000 0.000867
1297.000000 0.000864
1298.000000 0.000862
1299.000000 0.000859
1300.000000 0.000857
1301.000000 0.000854
1302.000000 0.000851
1303.000000 0.000849
1304.000000 0.000846
1305.000000 0.000844
1306.000000 0.000841
1307.000000 0.000838
1308.000000 0.000836
1309.000000 0.000833
1310.000000 0.000831
1311.000000 0.000828
1312.000000 0.000825
1313.000000 0.000823
1314.000000 0.000820
1315.000000 0.000818
1316.000000 0.000815
1317.000000 0.000812
1318.000000 0.000810
1319.000000 0.000807
1320.000000 0.000804
1321.000000 0.000802
1322.000000 0.000799
1323.000000 0.000796
1324.000000 0.000794
1325.000000 0.000791
1326.000000 0.000789
1327.000000 0.000786
1328.000000 0.000783
1329.000000 0.000781
1330.000000 0.000778
1331.000000 0.000775
1332.000000 0.000773
1333.000000 0.000770
1334.000000 0.000767
1335.000000 0.000765
1336.000000 0.000762
1337.000000 0.000759
1338.000000 0.000757
1339.000000 0.000754
1340.000000 0.000752
1341.000000 0.000749
1342.000000 0.000746
1343.000000 0.000744
1344.000000 0.000741
1345.000000 0.000738
1346.000000 0.000736
1347.000000 0.000733
1348.000000 0.000730
1349.000000 0.000728
1350.000000 0.000725
1351.000000 0.000722
1352.000000 0.000720
1353.000000 0.000717
1354.000000 0.000714
1355.000000 0.000712
1356.000000 0.000709
1357.000000 0.000706
1358.000000 0.000704
1359.000000 0.000701
1360.000000 0.000698
1361.000000 0.000696
1362.000000 0.000693
1363.000000 0.000690
1364.000000 0.000688
1365.000000 0.000685
1366.000000 0.000682
1367.000000 0.000680
1368.000000 0.000677
1369.000000 0.000674
1370.000000 0.000672
1371.000000 0.000669
1372.000000 0.000666
1373.000000 0.000664
1374.000000 0.000661
1375.000000 0.000658
1376.000000 0.000656
1377.000000 0.000653
1378.000000 0.000651
1379.000000 0.000648
1380.000000 0.000645
1381.000000 0.000643
1382.000000 0.000640
1383.000000 0.000637
1384.000000 0.000635
1385.000000 0.000632
1386.000000 0.000629
1387.000000 0.000627
1388.000000 0.000624
1389.000000 0.000621
1390.000000 0.000619
1391.000000 0.000616
1392.000000 0.000613
1393.000000 0.000611
1394.000000 0.000608
1395.000000 0.000606
1396.000000 0.000603
1397.000000 0.000600
1398.000000 0.000598
1399.000000 0.000595
1400.000000 0.000592
1401.000000 0.000590
1402.000000 0.000587
1403.000000 0.000585
1404.000000 0.000582
1405.000000 0.000579
1406.000000 0.000577
1407.000000 0.000574
1408.000000 0.000571
1409.000000 0.000569
1410.000000 0.000566
1411.000000 0.000564
1412.000000 0.000561
1413.000000 0.000558
1414.000000 0.000556
1415.000000 0.000553
1416.000000 0.000551
1417.000000 0.000548
1418.000000 0.000545
1419.000000 0.000543
1420.000000 0.000540
1421.000000 0.000538
1422.000000 0.000535
1423.000000 0.000532
1424.000000 0.000530
1425.000000 0.000527
1426.000000 0.000525
1427.000000 0.000522
1428.000000 0.000520
1429.000000 0.000517
1430.000000 0.000514
1431.000000 0.000512
1432.000000 0.000509
1433.000000 0.000507
1434.000000 0.000504
1435.000000 0.000502
1436.000000 0.000499
1437.000000 0.000497
1438.000000 0.000494
1439.000000 0.000491
1440.000000 0.000489
1441.000000 0.000486
1442.000000 0.000484
1443.000000 0.000481
1444.000000 0.000479
1445.000000 0.000476
1446.000000 0.000474
1447.000000 0.000471
1448.000000 0.000469
1449.000000 0.000466
1450.000000 0.000464
1451.000000 0.000461
1452.000000 0.000459
1453.000000 0.000456
1454.000000 0.000454
1455.000000 0.000451
1456.000000 0.000449
1457.000000 0.000446
1458.000000 0.000444
1459.000000 0.000441
1460.000000 0.000439
1461.000000 0.000436
1462.000000 0.000434
1463.000000 0.000431
1464.000000 0.000429
1465.000000 0.000426
1466.000000 0.000424
1467.000000 0.000421
1468.000000 0.000419
1469.000000 0.000417
1470.000000 0.000414
1471.000000 0.000412
1472.000000 0.000409
1473.000000 0.000407
1474.000000 0.000404
1475.000000 0.000402
1476.000000 0.000400
1477.000000 0.000397
1478.000000 0.000395
1479.000000 0.000392
1480.000000 0.000390
1481.000000 0.000388
1482.000000 0.000385
1483.000000 0.000383
1484.000000 0.000380
1485.000000 0.000378
1486.000000 0.000376
1487.000000 0.000373
1488.000000 0.000371
1489.000000 0.000369
1490.000000 0.000366
1491.000000 0.000364
1492.000000 0.000362
1493.000000 0.000359
1494.000000 0.000357
1495.000000 0.000355
1496.000000 0.000352
1497.000000 0.000350
1498.000000 0.000348
1499.000000 0.000345
1500.000000 0.000343
1501.000000 0.000341
1502.000000 0.000339
1503.000000 0.000336
1504.000000 0.000334
1505.000000 0.000332
1506.000000 0.000329
1507.000000 0.000327
1508.000000 0.000325
1509.000000 0.000323
1510.000000 0.000320
1511.000000 0.000318
1512.000000 0.000316
1513.000000 0.000314
1514.000000 0.000312
1515.000000 0.000309
1516.000000 0.000307
1517.000000 0.000305
1518.000000 0.000303
1519.000000 0.000301
1520.000000 0.000298
1521.000000 0.000296
1522.000000 0.000294
1523.000000 0.000292
1524.000000 0.000290
1525.000000 0.000288
1526.000000 0.000286
1527.000000 0.000283
1528.000000 0.000281
1529.000000 0.000279
1530.000000 0.000277
1531.000000 0.000275
1532.000000 0.000273
1533.000000 0.000271
1534.000000 0.000269
1535.000000 0.000267
1536.000000 0.000264
1537.000000 0.000262
1538.000000 0.000260
1539.000000 0.000258
1540.000000 0.000256
1541.000000 0.000254
1542.000000 0.000252
1543.000000 0.000250
1544.000000 0.000248
1545.000000 0.000246
1546.000000 0.000244
1547.000000 0.000242
1548.000000 0.000240
1549.000000 0.000238
1550.000000 0.000236
1551.000000 0.000234
1552.000000 0.000232
1553.000000 0.000230
1554.000000 0.000228
1555.000000 0.000227
1556.000000 0.000225
1557.000000 0.000223
1558.000000 0.000221
1559.000000 0.000219
1560.000000 0.000217
1561.000000 0.000215
1562.000000 0.000213
1563.000000 0.000211
1564.000000 0.000210
1565.000000 0.000208
1566.000000 0.000206
1567.000000 0.000204
1568.000000 0.000202
1569.000000 0.000200
1570.000000 0.000199
1571.000000 0.000197
1572.000000 0.000195
1573.000000 0.000193
1574.000000 0.000191
1575.000000 0.000190
1576.000000 0.000188
1577.000000 0.000186
1578.000000 0.000184
1579.000000 0.000183
1580.000000 0.000181
1581.000000 0.000179
1582.000000 0.000178
1583.000000 0.000176
1584.000000 0.000174
1585.000000 0.000172
1586.000000 0.000171
1587.000000 0.000169
1588.000000 0.000167
1589.000000 0.000166
1590.000000 0.000164
1591.000000 0.000163
1592.000000 0.000161
1593.000000 0.000159
1594.000000 0.000158
1595.000000 0.000156
1596.000000 0.000155
1597.000000 0.000153
1598.000000 0.000151
1599.000000 0.000150
1600.000000 0.000148
1601.000000 0.000147
1602.000000 0.000145
1603.000000 0.000144
1604.000000 0.000142
1605.000000 0.000141
1606.000000 0.000139
1607.000000 0.000138
1608.000000 0.000136
1609.000000 0.000135
1610.000000 0.000133
1611.000000 0.000132
1612.000000 0.000130
1613.000000 0.000129
1614.000000 0.000128
1615.000000 0.000126
1616.000000 0.000125
1617.000000 0.000123
1618.000000 0.000122
1619.000000 0.000121
1620.000000 0.000119
1621.000000 0.000118
1622.000000 0.000117
1623.000000 0.000115
1624.000000 0.000114
1625.000000 0.000113
1626.000000 0.000111
1627.000000 0.000110
1628.000000 0.000109
1629.000000 0.000107
1630.000000 0.000106
1631.000000 0.000105
1632.000000 0.000104
1633.000000 0.000102
1634.000000 0.000101
1635.000000 0.000100
1636.000000 0.000099
1637.000000 0.000097
1638.000000 0.000096
1639.000000 0.000095
1640.000000 0.000094
1641.000000 0.000093
1642.000000 0.000092
1643.000000 0.000090
1644.000000 0.000089
1645.000000 0.000088
1646.000000 0.000087
1647.000000 0.000086
1648.000000 0.000085
1649.000000 0.000084
1650.000000 0.000083
1651.000000 0.000082
1652.000000 0.000080
1653.000000 0.000079
1654.000000 0.000078
1655.000000 0.000077
1656.000000 0.000076
1657.000000 0.000075
1658.000000 0.000074
1659.000000 0.000073
1660.000000 0.000072
1661.000000 0.000071
1662.000000 0.000070
1663.000000 0.000069
1664.000000 0.000068
1665.000000 0.000067
1666.000000 0.000066
1667.000000 0.000065
1668.000000 0.000065
1669.000000 0.000064
1670.000000 0.000063
1671.000000 0.000062
1672.000000 0.000061
1673.000000 0.000060
1674.000000 0.000059
1675.000000 0.000058
1676.000000 0.000057
1677.000000 0.000057
1678.000000 0.000056
1679.000000 0.000055
1680.000000 0.000054
1681.000000 0.000053
1682.000000 0.000052
1683.000000 0.000052
1684.000000 0.000051
1685.000000 0.000050
1686.000000 0.000049
1687.000000 0.000049
1688.000000 0.000048
1689.000000 0.000047
1690.000000 0.000046
1691.000000 0.000046
1692.000000 0.000045
1693.000000 0.000044
1694.000000 0.000043
1695.000000 0.000043
1696.000000 0.000042
1697.000000 0.000041
1698.000000 0.000041
1699.000000 0.000040
1700.000000 0.000039
1701.000000 0.000039
1702.000000 0.000038
1703.000000 0.000037
1704.000000 0.000037
1705.000000 0.000036
1706.000000 0.000035
1707.000000 0.000035
1708.000000 0.000034
1709.000000 0.000034
1710.000000 0.000033
1711.000000 0.000032
1712.000000 0.000032
1713.000000 0.000031
1714.000000 0.000031
1715.000000 0.000030
1716.000000 0.000030
1717.000000 0.000029
1718.000000 0.000029
1719.000000 0.000028
1720.000000 0.000028
1721.000000 0.000027
1722.000000 0.000027
1723.000000 0.000026
1724.000000 0.000026
1725.000000 0.000025
1726.000000 0.000025
1727.000000 0.000024
1728.000000 0.000024
1729.000000 0.000023
1730.000000 0.000023
1731.000000 0.000022
1732.000000 0.000022
1733.000000 0.000021
1734.000000 0.000021
1735.000000 0.000021
1736.000000 0.000020
1737.000000 0.000020
1738.000000 0.000019
1739.000000 0.000019
1740.000000 0.000019
1741.000000 0.000018
1742.000000 0.000018
1743.000000 0.000017
1744.000000 0.000017
1745.000000 0.000017
1746.000000 0.000016
1747.000000 0.000016
1748.000000 0.000016
1749.000000 0.000015
1750.000000 0.000015
1751.000000 0.000015
1752.000000 0.000014
1753.000000 0.000014
1754.000000 0.000014
1755.000000 0.000013
1756.000000 0.000013
1757.000000 0.000013
1758.000000 0.000013
1759.000000 0.000012
1760.000000 0.000012
1761.000000 0.000012
1762.000000 0.000011
1763.000000 0.000011
1764.000000 0.000011
1765.000000 0.000011
1766.000000 0.000010
1767.000000 0.000010
1768.000000 0.000010
1769.000000 0.000010
1770.000000 0.000009
1771.000000 0.000009
1772.000000 0.000009
1773.000000 0.000009
1774.000000 0.000008
1775.000000 0.000008
1776.000000 0.000008
1777.000000 0.000008
1778.000000 0.000008
1779.000000 0.000007
1780.000000 0.000007
1781.000000 0.000007
1782.000000 0.000007
1783.000000 0.000007
1784.000000 0.000007
1785.000000 0.000006
1786.000000 0.000006
1787.000000 0.000006
1788.000000 0.000006
1789.000000 0.000006
1790.000000 0.000006
1791.000000 0.000005
1792.000000 0.000005
1793.000000 0.000005
1794.000000 0.000005
1795.000000 0.000005
1796.000000 0.000005
1797.000000 0.000005
1798.000000 0.000004
1799.000000 0.000004
1800.000000 0.000004
1801.000000 0.000004
1802.000000 0.000004
1803.000000 0.000004
1804.000000 0.000004
1805.000000 0.000004
1806.000000 0.000003
1807.000000 0.000003
1808.000000 0.000003
1809.000000 0.000003
1810.000000 0.000003
1811.000000 0.000003
1812.000000 0.000003
1813.000000 0.000003
1814.000000 0.000003
1815.000000 0.000003
1816.000000 0.000002
1817.000000 0.000002
1818.000000 0.000002
1819.000000 0.000002
1820.000000 0.000002
1821.000000 0.000002
1822.000000 0.000002
1823.000000 0.000002
1824.000000 0.000002
1825.000000 0.000002
1826.000000 0.000002
1827.000000 0.000002
1828.000000 0.000002
1829.000000 0.000002
1830.000000 0.000001
1831.000000 0.000001
1832.000000 0.000001
1833.000000 0.000001
1834.000000 0.000001
1835.000000 0.000001
1836.000000 0.000001
1837.000000 0.000001
1838.000000 0.000001
1839.000000 0.000001
1840.000000 0.000001
1841.000000 0.000001
1842.000000 0.000001
1843.000000 0.000001
1844.000000 0.000001
1845.000000 0.000001
1846.000000 0.000001
1847.000000 0.000001
1848.000000 0.000001
1849.000000 0.000001
1850.000000 0.000001
1851.000000 0.000001
1852.000000 0.000001
1853.000000 0.000001
1854.000000 0.000001
1855.000000 0.000001
1856.000000 0.000000
1857.000000 0.000000
1858.000000 0.000000
1859.000000 0.000000
1860.000000 0.000000
1861.000000 0.000000
1862.000000 0.000000
1863.000000 0.000000
1864.000000 0.000000
1865.000000 0.000000
1866.000000 0.000000
1867.000000 0.000000
1868.000000 0.000000
1869.000000 0.000000
1870.000000 0.000000
1871.000000 0.000000
1872.000000 0.000000
1873.000000 0.000000
1874.000000 0.000000
1875.000000 0.000000
1876.000000 0.000000
1877.000000 0.000000
1878.000000 0.000000
1879.000000 0.000000
1880.000000 0.000000
1881.000000 0.000000
1882.000000 0.000000
1883.000000 0.000000
1884.000000 0.000000
1885.000000 0.000000
1886.000000 0.000000
1887.000000 0.000000
1888.000000 0.000000
1889.000000 0.000000
1890.000000 0.000000
1891.000000 0.000000
1892.000000 0.000000
1893.000000 0.000000
1894.000000 0.000000
1895.000000 0.000000
1896.000000 0.000000
1897.000000 0.000000
1898.000000 0.000000
1899.000000 0.000000
1900.000000 0.000000
1901.000000 0.000000
1902.000000 0.000000
1903.000000 0.000000
1904.000000 0.000000
1905.000000 0.000000
1906.000000 0.000000
1907.000000 0.000000
1908.000000 0.000000
1909.000000 0.000000
1910.000000 0.000000
1911.000000 0.000000
1912.000000 0.000000
1913.000000 0.000000
1914.000000 0.000000
1915.000000 0.000000
1916.000000 0.000000
1917.000000 0.000000
1918.000000 0.000000
1919.000000 0.000000
1920.000000 0.000000
1921.000000 0.000000
1922.000000 0.000000
1923.000000 0.000000
1924.000000 0.000000
1925.000000 0.000000
1926.000000 0.000000
1927.000000 0.000000
1928.000000 0.000000
1929.000000 0.000000
1930.000000 0.000000
1931.000000 0.000000
1932.000000 0.000000
1933.000000 0.000000
1934.000000 0.000000
1935.000000 0.000000
1936.000000 0.000000
1937.000000 0.000000
1938.000000 0.000000
1939.000000 0.000000
1940.000000 0.000000
1941.000000 0.000000
1942.000000 0.000000
1943.000000 0.000000
1944.000000 0.000000
1945.000000 0.000000
1946.000000 0.000000
1947.000000 0.000000
1948.000000 0.000000
1949.000000 0.000000
1950.000000 0.000000
1951.000000 0.000000
1952.000000 0.000000
1953.000000 0.000000
1954.000000 0.000000
1955.000000 0.000000
1956.000000 0.000000
1957.000000 0.000000
1958.000000 0.000000
1959.000000 0.000000
1960.000000 0.000000
1961.000000 0.000000
1962.000000 0.000000
1963.000000 0.000000
1964.000000 0.000000
1965.000000 0.000000
1966.000000 0.000000
1967.000000 0.000000
1968.000000 0.000000
1969.000000 0.000000
1970.000000 0.000000
1971.000000 0.000000
1972.000000 0.000000
1973.000000 0.000000
1974.000000 0.000000
1975.000000 0.000000
1976.000000 0.000000
1977.000000 0.000000
1978.000000 0.000000
1979.000000 0.000000
1980.000000 0.000000
1981.000000 0.000000
1982.000000 0.000000
1983.000000 0.000000
1984.000000 0.000000
1985.000000 0.000000
1986.000000 0.000000
1987.000000 0.000000
1988.000000 0.000000
1989.000000 0.000000
1990.000000 0.000000
1991.000000 0.000000
1992.000000 0.000000
1993.000000 0.000000
1994.000000 0.000000
1995.000000 0.000000
1996.000000 0.000000
1997.000000 0.000000
1998.000000 0.000000
1999.000000 0.000000
2000.000000 0.000000
