n lam mean variance std
2000 0.270000 1000.494622 87624.851717 296.014952
bin_midpoint probability
1.000000 0.000000
2.000000 0.000000
3.000000 0.000000
4.000000 0.000000
5.000000 0.000000
6.000000 0.000000
7.000000 0.000000
8.000000 0.000000
9.000000 0.000000
10.000000 0.000000
11.000000 0.000000
12.000000 0.000000
13.000000 0.000000
14.000000 0.000000
15.000000 0.000000
16.000000 0.000000
17.000000 0.000000
18.000000 0.000000
19.000000 0.000000
20.000000 0.000000
21.000000 0.000000
22.000000 0.000000
23.000000 0.000000
24.000000 0.000000
25.000000 0.000000
26.000000 0.000000
27.000000 0.000000
28.000000 0.000000
29.000000 0.000000
30.000000 0.000000
31.000000 0.000000
32.000000 0.000000
33.000000 0.000000
34.000000 0.000000
35.000000 0.000000
36.000000 0.000000
37.000000 0.000000
38.000000 0.000000
39.000000 0.000000
40.000000 0.000000
41.000000 0.000000
42.000000 0.000000
43.000000 0.000000
44.000000 0.000000
45.000000 0.000000
46.000000 0.000000
47.000000 0.000000
48.000000 0.000000
49.000000 0.000000
50.000000 0.000000
51.000000 0.000000
52.000000 0.000000
53.000000 0.000000
54.000000 0.000000
55.000000 0.000000
56.000000 0.000000
57.000000 0.000000
58.000000 0.000000
59.000000 0.000000
60.000000 0.000000
61.000000 0.000000
62.000000 0.000000
63.000000 0.000000
64.000000 0.000000
65.000000 0.000000
66.000000 0.000000
67.000000 0.000000
68.000000 0.000000
69.000000 0.000000
70.000000 0.000000
71.000000 0.000000
72.000000 0.000000
73.000000 0.000000
74.000000 0.000000
75.000000 0.000000
76.000000 0.000000
77.000000 0.000000
78.000000 0.000000
79.000000 0.000000
80.000000 0.000000
81.000000 0.000000
82.000000 0.000000
83.000000 0.000000
84.000000 0.000000
85.000000 0.000000
86.000000 0.000000
87.000000 0.000000
88.000000 0.000000
89.000000 0.000000
90.000000 0.000000
91.000000 0.000000
92.000000 0.000000
93.000000 0.000000
94.000000 0.000000
95.000000 0.000000
96.000000 0.000000
97.000000 0.000000
98.000000 0.000000
99.000000 0.000000
100.000000 0.000000
101.000000 0.000000
102.000000 0.000000
103.000000 0.000000
104.000000 0.000000
105.000000 0.000000
106.000000 0.000000
107.000000 0.000000
108.000000 0.000000
109.000000 0.000000
110.000000 0.000000
111.000000 0.000000
112.000000 0.000000
113.000000 0.000000
114.000000 0.000000
115.000000 0.000000
116.000000 0.000000
117.000000 0.000000
118.000000 0.000001
119.000000 0.000001
120.000000 0.000001
121.000000 0.000001
122.000000 0.000001
123.000000 0.000001
124.000000 0.000001
125.000000 0.000001
126.000000 0.000001
127.000000 0.000001
128.000000 0.000001
129.000000 0.000001
130.000000 0.000001
131.000000 0.000001
132.000000 0.000001
133.000000 0.000001
134.000000 0.000001
135.000000 0.000001
136.000000 0.000001
137.000000 0.000001
138.000000 0.000001
139.000000 0.000001
140.000000 0.000001
141.000000 0.000001
142.000000 0.000002
143.000000 0.000002
144.000000 0.000002
145.000000 0.000002
146.000000 0.000002
147.000000 0.000002
148.000000 0.000002
149.000000 0.000002
150.000000 0.000002
151.000000 0.000002
152.000000 0.000002
153.000000 0.000002
154.000000 0.000002
155.000000 0.000003
156.000000 0.000003
157.000000 0.000003
158.000000 0.000003
159.000000 0.000003
160.000000 0.000003
161.000000 0.000003
162.000000 0.000003
163.000000 0.000003
164.000000 0.000004
165.000000 0.000004
166.000000 0.000004
167.000000 0.000004
168.000000 0.000004
169.000000 0.000004
170.000000 0.000004
171.000000 0.000004
172.000000 0.000005
173.000000 0.000005
174.000000 0.000005
175.000000 0.000005
176.000000 0.000005
177.000000 0.000005
178.000000 0.000005
179.000000 0.000006
180.000000 0.000006
181.000000 0.000006
182.000000 0.000006
183.000000 0.000006
184.000000 0.000007
185.000000 0.000007
186.000000 0.000007
187.000000 0.000007
188.000000 0.000007
189.000000 0.000007
190.000000 0.000008
191.000000 0.000008
192.000000 0.000008
193.000000 0.000008
194.000000 0.000009
195.000000 0.000009
196.000000 0.000009
197.000000 0.000009
198.000000 0.000010
199.000000 0.000010
200.000000 0.000010
201.000000 0.000010
202.000000 0.000011
203.000000 0.000011
204.000000 0.000011
205.000000 0.000011
206.000000 0.000012
207.000000 0.000012
208.000000 0.000012
209.000000 0.000013
210.000000 0.000013
211.000000 0.000013
212.000000 0.000013
213.000000 0.000014
214.000000 0.000014
215.000000 0.000014
216.000000 0.000015
217.000000 0.000015
218.000000 0.000016
219.000000 0.000016
220.000000 0.000016
221.000000 0.000017
222.000000 0.000017
223.000000 0.000017
224.000000 0.000018
225.000000 0.000018
226.000000 0.000018
227.000000 0.000019
228.000000 0.000019
229.000000 0.000020
230.000000 0.000020
231.000000 0.000020
232.000000 0.000021
233.000000 0.000021
234.000000 0.000022
235.000000 0.000022
236.000000 0.000023
237.000000 0.000023
238.000000 0.000024
239.000000 0.000024
240.000000 0.000025
241.000000 0.000025
242.000000 0.000025
243.000000 0.000026
244.000000 0.000026
245.000000 0.000027
246.000000 0.000028
247.000000 0.000028
248.000000 0.000029
249.000000 0.000029
250.000000 0.000030
251.000000 0.000030
252.000000 0.000031
253.000000 0.000031
254.000000 0.000032
255.000000 0.000033
256.000000 0.000033
257.000000 0.000034
258.000000 0.000034
259.000000 0.000035
260.000000 0.000036
261.000000 0.000036
262.000000 0.000037
263.000000 0.000038
264.000000 0.000038
265.000000 0.000039
266.000000 0.000040
267.000000 0.000040
268.000000 0.000041
269.000000 0.000042
270.000000 0.000042
271.000000 0.000043
272.000000 0.000044
273.000000 0.000044
274.000000 0.000045
275.000000 0.000046
276.000000 0.000046
277.000000 0.000047
278.000000 0.000048
279.000000 0.000049
280.000000 0.000050
281.000000 0.000050
282.000000 0.000051
283.000000 0.000052
284.000000 0.000053
285.000000 0.000054
286.000000 0.000054
287.000000 0.000055
288.000000 0.000056
289.000000 0.000057
290.000000 0.000058
291.000000 0.000059
292.000000 0.000059
293.000000 0.000060
294.000000 0.000061
295.000000 0.000062
296.000000 0.000063
297.000000 0.000064
298.000000 0.000065
299.000000 0.000066
300.000000 0.000067
301.000000 0.000067
302.000000 0.000069
303.000000 0.000070
304.000000 0.000071
305.000000 0.000072
306.000000 0.000073
307.000000 0.000074
308.000000 0.000074
309.000000 0.000076
310.000000 0.000076
311.000000 0.000078
312.000000 0.000079
313.000000 0.000079
314.000000 0.000081
315.000000 0.000082
316.000000 0.000083
317.000000 0.000084
318.000000 0.000085
319.000000 0.000086
320.000000 0.000087
321.000000 0.000088
322.000000 0.000089
323.000000 0.000090
324.000000 0.000092
325.000000 0.000093
326.000000 0.000094
327.000000 0.000095
328.000000 0.000096
329.000000 0.000097
330.000000 0.000099
331.000000 0.000100
332.000000 0.000101
333.000000 0.000102
334.000000 0.000103
335.000000 0.000105
336.000000 0.000106
337.000000 0.000107
338.000000 0.000108
339.000000 0.000110
340.000000 0.000110
341.000000 0.000112
342.000000 0.000113
343.000000 0.000114
344.000000 0.000116
345.000000 0.000117
346.000000 0.000118
347.000000 0.000120
348.000000 0.000121
349.000000 0.000122
350.000000 0.000124
351.000000 0.000125
352.000000 0.000126
353.000000 0.000128
354.000000 0.000129
355.000000 0.000130
356.000000 0.000132
357.000000 0.000133
358.000000 0.000135
359.000000 0.000136
360.000000 0.000138
361.000000 0.000139
362.000000 0.000140
363.000000 0.000142
364.000000 0.000143
365.000000 0.000144
366.000000 0.000146
367.000000 0.000147
368.000000 0.000149
369.000000 0.000151
370.000000 0.000152
371.000000 0.000153
372.000000 0.000155
373.000000 0.000156
374.000000 0.000158
375.000000 0.000159
376.000000 0.000161
377.000000 0.000162
378.000000 0.000164
379.000000 0.000166
380.000000 0.000167
381.000000 0.000169
382.000000 0.000170
383.000000 0.000172
384.000000 0.000173
385.000000 0.000175
386.000000 0.000176
387.000000 0.000178
388.000000 0.000180
389.000000 0.000181
390.000000 0.000183
391.000000 0.000185
392.000000 0.000186
393.000000 0.000188
394.000000 0.000189
395.000000 0.000191
396.000000 0.000193
397.000000 0.000194
398.000000 0.000196
399.000000 0.000197
400.000000 0.000199
401.000000 0.000201
402.000000 0.000203
403.000000 0.000204
404.000000 0.000207
405.000000 0.000208
406.000000 0.000210
407.000000 0.000211
408.000000 0.000213
409.000000 0.000214
410.000000 0.000217
411.000000 0.000218
412.000000 0.000220
413.000000 0.000221
414.000000 0.000224
415.000000 0.000225
416.000000 0.000227
417.000000 0.000229
418.000000 0.000230
419.000000 0.000232
420.000000 0.000234
421.000000 0.000236
422.000000 0.000238
423.000000 0.000239
424.000000 0.000241
425.000000 0.000243
426.000000 0.000245
427.000000 0.000247
428.000000 0.000248
429.000000 0.000251
430.000000 0.000252
431.000000 0.000254
432.000000 0.000256
433.000000 0.000258
434.000000 0.000259
435.000000 0.000262
436.000000 0.000263
437.000000 0.000265
438.000000 0.000267
439.000000 0.000269
440.000000 0.000271
441.000000 0.000273
442.000000 0.000275
443.000000 0.000276
444.000000 0.000278
445.000000 0.000280
446.000000 0.000282
447.000000 0.000284
448.000000 0.000286
449.000000 0.000289
450.000000 0.000289
451.000000 0.000292
452.000000 0.000294
453.000000 0.000295
454.000000 0.000298
455.000000 0.000300
456.000000 0.000302
457.000000 0.000303
458.000000 0.000306
459.000000 0.000307
460.000000 0.000310
461.000000 0.000311
462.000000 0.000314
463.000000 0.000315
464.000000 0.000317
465.000000 0.000319
466.000000 0.000321
467.000000 0.000323
468.000000 0.000326
469.000000 0.000327
470.000000 0.000330
471.000000 0.000331
472.000000 0.000333
473.000000 0.000335
474.000000 0.000338
475.000000 0.000339
476.000000 0.000342
477.000000 0.000343
478.000000 0.000345
479.000000 0.000347
480.000000 0.000350
481.000000 0.000351
482.000000 0.000354
483.000000 0.000356
484.000000 0.000357
485.000000 0.000360
486.000000 0.000361
487.000000 0.000364
488.000000 0.000366
489.000000 0.000368
490.000000 0.000370
491.000000 0.000372
492.000000 0.000374
493.000000 0.000377
494.000000 0.000378
495.000000 0.000381
496.000000 0.000382
497.000000 0.000385
498.000000 0.000386
499.000000 0.000390
500.000000 0.000390
501.000000 0.000394
502.000000 0.000395
503.000000 0.000398
504.000000 0.000399
505.000000 0.000402
506.000000 0.000403
507.000000 0.000406
508.000000 0.000408
509.000000 0.000410
510.000000 0.000412
511.000000 0.000414
512.000000 0.000417
513.000000 0.000419
514.000000 0.000421
515.000000 0.000423
516.000000 0.000425
517.000000 0.000427
518.000000 0.000430
519.000000 0.000431
520.000000 0.000434
521.000000 0.000436
522.000000 0.000439
523.000000 0.000440
524.000000 0.000443
525.000000 0.000444
526.000000 0.000447
527.000000 0.000449
528.000000 0.000452
529.000000 0.000453
530.000000 0.000456
531.000000 0.000457
532.000000 0.000460
533.000000 0.000462
534.000000 0.000464
535.000000 0.000466
536.000000 0.000469
537.000000 0.000471
538.000000 0.000473
539.000000 0.000475
540.000000 0.000478
541.000000 0.000480
542.000000 0.000481
543.000000 0.000485
544.000000 0.000486
545.000000 0.000489
546.000000 0.000491
547.000000 0.000494
548.000000 0.000495
549.000000 0.000498
550.000000 0.000499
551.000000 0.000503
552.000000 0.000504
553.000000 0.000507
554.000000 0.000508
555.000000 0.000511
556.000000 0.000513
557.000000 0.000516
558.000000 0.000517
559.000000 0.000520
560.000000 0.000522
561.000000 0.000525
562.000000 0.000526
563.000000 0.000529
564.000000 0.000531
565.000000 0.000533
566.000000 0.000536
567.000000 0.000538
568.000000 0.000540
569.000000 0.000543
570.000000 0.000545
571.000000 0.000546
572.000000 0.000550
573.000000 0.000551
574.000000 0.000554
575.000000 0.000556
576.000000 0.000559
577.000000 0.000560
578.000000 0.000564
579.000000 0.000565
580.000000 0.000568
581.000000 0.000570
582.000000 0.000573
583.000000 0.000574
584.000000 0.000577
585.000000 0.000578
586.000000 0.000582
587.000000 0.000583
588.000000 0.000587
589.000000 0.000588
590.000000 0.000591
591.000000 0.000593
592.000000 0.000595
593.000000 0.000598
594.000000 0.000600
595.000000 0.000602
596.000000 0.000604
597.000000 0.000607
598.000000 0.000609
599.000000 0.000612
600.000000 0.000614
601.000000 0.000616
602.000000 0.000618
603.000000 0.000621
604.000000 0.000622
605.000000 0.000626
606.000000 0.000627
607.000000 0.000630
608.000000 0.000632
609.000000 0.000635
610.000000 0.000636
611.000000 0.000640
612.000000 0.000640
613.000000 0.000645
614.000000 0.000645
615.000000 0.000649
616.000000 0.000651
617.000000 0.000653
618.000000 0.000655
619.000000 0.000658
620.000000 0.000660
621.000000 0.000662
622.000000 0.000664
623.000000 0.000668
624.000000 0.000669
625.000000 0.000672
626.000000 0.000674
627.000000 0.000676
628.000000 0.000679
629.000000 0.000681
630.000000 0.000683
631.000000 0.000685
632.000000 0.000688
633.000000 0.000690
634.000000 0.000693
635.000000 0.000695
636.000000 0.000698
637.000000 0.000698
638.000000 0.000703
639.000000 0.000703
640.000000 0.000707
641.000000 0.000708
642.000000 0.000712
643.000000 0.000713
644.000000 0.000716
645.000000 0.000718
646.000000 0.000721
647.000000 0.000723
648.000000 0.000725
649.000000 0.000727
650.000000 0.000730
651.000000 0.000732
652.000000 0.000734
653.000000 0.000737
654.000000 0.000738
655.000000 0.000742
656.000000 0.000744
657.000000 0.000746
658.000000 0.000748
659.000000 0.000751
660.000000 0.000752
661.000000 0.000756
662.000000 0.000757
663.000000 0.000760
664.000000 0.000761
665.000000 0.000766
666.000000 0.000766
667.000000 0.000770
668.000000 0.000771
669.000000 0.000775
670.000000 0.000776
671.000000 0.000779
672.000000 0.000780
673.000000 0.000783
674.000000 0.000786
675.000000 0.000787
676.000000 0.000790
677.000000 0.000792
678.000000 0.000794
679.000000 0.000797
680.000000 0.000799
681.000000 0.000801
682.000000 0.000804
683.000000 0.000806
684.000000 0.000808
685.000000 0.000810
686.000000 0.000814
687.000000 0.000814
688.000000 0.000818
689.000000 0.000818
690.000000 0.000823
691.000000 0.000823
692.000000 0.000828
693.000000 0.000827
694.000000 0.000831
695.000000 0.000833
696.000000 0.000836
697.000000 0.000837
698.000000 0.000840
699.000000 0.000842
700.000000 0.000844
701.000000 0.000847
702.000000 0.000849
703.000000 0.000850
704.000000 0.000854
705.000000 0.000855
706.000000 0.000858
707.000000 0.000859
708.000000 0.000862
709.000000 0.000865
710.000000 0.000866
711.000000 0.000869
712.000000 0.000870
713.000000 0.000874
714.000000 0.000874
715.000000 0.000879
716.000000 0.000879
717.000000 0.000882
718.000000 0.000884
719.000000 0.000886
720.000000 0.000888
721.000000 0.000891
722.000000 0.000893
723.000000 0.000896
724.000000 0.000897
725.000000 0.000900
726.000000 0.000902
727.000000 0.000904
728.000000 0.000906
729.000000 0.000909
730.000000 0.000909
731.000000 0.000914
732.000000 0.000914
733.000000 0.000918
734.000000 0.000919
735.000000 0.000921
736.000000 0.000924
737.000000 0.000925
738.000000 0.000928
739.000000 0.000928
740.000000 0.000933
741.000000 0.000933
742.000000 0.000936
743.000000 0.000938
744.000000 0.000940
745.000000 0.000942
746.000000 0.000945
747.000000 0.000946
748.000000 0.000948
749.000000 0.000951
750.000000 0.000953
751.000000 0.000954
752.000000 0.000957
753.000000 0.000958
754.000000 0.000961
755.000000 0.000962
756.000000 0.000966
757.000000 0.000966
758.000000 0.000970
759.000000 0.000970
760.000000 0.000974
761.000000 0.000975
762.000000 0.000977
763.000000 0.000980
764.000000 0.000980
765.000000 0.000985
766.000000 0.000985
767.000000 0.000987
768.000000 0.000989
769.000000 0.000991
770.000000 0.000993
771.000000 0.000996
772.000000 0.000997
773.000000 0.000999
774.000000 0.001001
775.000000 0.001004
776.000000 0.001005
777.000000 0.001008
778.000000 0.001008
779.000000 0.001012
780.000000 0.001012
781.000000 0.001016
782.000000 0.001016
783.000000 0.001020
784.000000 0.001020
785.000000 0.001023
786.000000 0.001024
787.000000 0.001026
788.000000 0.001029
789.000000 0.001029
790.000000 0.001032
791.000000 0.001034
792.000000 0.001035
793.000000 0.001037
794.000000 0.001039
795.000000 0.001041
796.000000 0.001043
797.000000 0.001045
798.000000 0.001046
799.000000 0.001048
800.000000 0.001051
801.000000 0.001051
802.000000 0.001055
803.000000 0.001055
804.000000 0.001059
805.000000 0.001058
806.000000 0.001062
807.000000 0.001062
808.000000 0.001066
809.000000 0.001066
810.000000 0.001069
811.000000 0.001069
812.000000 0.001071
813.000000 0.001074
814.000000 0.001075
815.000000 0.001077
816.000000 0.001078
817.000000 0.001081
818.000000 0.001082
819.000000 0.001083
820.000000 0.001085
821.000000 0.001087
822.000000 0.001089
823.000000 0.001090
824.000000 0.001091
825.000000 0.001095
826.000000 0.001094
827.000000 0.001098
828.000000 0.001097
829.000000 0.001102
830.000000 0.001101
831.000000 0.001105
832.000000 0.001104
833.000000 0.001108
834.000000 0.001107
835.000000 0.001110
836.000000 0.001111
837.000000 0.001112
838.000000 0.001115
839.000000 0.001115
840.000000 0.001117
841.000000 0.001119
842.000000 0.001120
843.000000 0.001122
844.000000 0.001124
845.000000 0.001125
846.000000 0.001127
847.000000 0.001127
848.000000 0.001130
849.000000 0.001130
850.000000 0.001134
851.000000 0.001132
852.000000 0.001137
853.000000 0.001135
854.000000 0.001140
855.000000 0.001138
856.000000 0.001143
857.000000 0.001141
858.000000 0.001146
859.000000 0.001144
860.000000 0.001146
861.000000 0.001148
862.000000 0.001149
863.000000 0.001151
864.000000 0.001152
865.000000 0.001153
866.000000 0.001155
867.000000 0.001156
868.000000 0.001157
869.000000 0.001158
870.000000 0.001160
871.000000 0.001162
872.000000 0.001161
873.000000 0.001165
874.000000 0.001164
875.000000 0.001168
876.000000 0.001166
877.000000 0.001171
878.000000 0.001168
879.000000 0.001173
880.000000 0.001171
881.000000 0.001176
882.000000 0.001173
883.000000 0.001178
884.000000 0.001176
885.000000 0.001179
886.000000 0.001180
887.000000 0.001180
888.000000 0.001182
889.000000 0.001183
890.000000 0.001184
891.000000 0.001185
892.000000 0.001186
893.000000 0.001187
894.000000 0.001188
895.000000 0.001190
896.000000 0.001191
897.000000 0.001191
898.000000 0.001194
899.000000 0.001192
900.000000 0.001196
901.000000 0.001194
902.000000 0.001199
903.000000 0.001196
904.000000 0.001201
905.000000 0.001198
906.000000 0.001203
907.000000 0.001200
908.000000 0.001204
909.000000 0.001202
910.000000 0.001205
911.000000 0.001205
912.000000 0.001207
913.000000 0.001206
914.000000 0.001208
915.000000 0.001209
916.000000 0.001210
917.000000 0.001211
918.000000 0.001212
919.000000 0.001212
920.000000 0.001213
921.000000 0.001215
922.000000 0.001214
923.000000 0.001217
924.000000 0.001215
925.000000 0.001219
926.000000 0.001216
927.000000 0.001221
928.000000 0.001218
929.000000 0.001222
930.000000 0.001219
931.000000 0.001224
932.000000 0.001221
933.000000 0.001224
934.000000 0.001224
935.000000 0.001225
936.000000 0.001225
937.000000 0.001226
938.000000 0.001227
939.000000 0.001228
940.000000 0.001227
941.000000 0.001229
942.000000 0.001229
943.000000 0.001230
944.000000 0.001230
945.000000 0.001230
946.000000 0.001232
947.000000 0.001231
948.000000 0.001234
949.000000 0.001232
950.000000 0.001235
951.000000 0.001233
952.000000 0.001236
953.000000 0.001233
954.000000 0.001238
955.000000 0.001234
956.000000 0.001238
957.000000 0.001236
958.000000 0.001238
959.000000 0.001238
960.000000 0.001239
961.000000 0.001239
962.000000 0.001240
963.000000 0.001240
964.000000 0.001240
965.000000 0.001240
966.000000 0.001241
967.000000 0.001239
968.000000 0.001242
969.000000 0.001241
970.000000 0.001242
971.000000 0.001243
972.000000 0.001242
973.000000 0.001244
974.000000 0.001243
975.000000 0.001245
976.000000 0.001243
977.000000 0.001245
978.000000 0.001244
979.000000 0.001246
980.000000 0.001243
981.000000 0.001247
982.000000 0.001244
983.000000 0.001246
984.000000 0.001245
985.000000 0.001246
986.000000 0.001246
987.000000 0.001247
988.000000 0.001246
989.000000 0.001247
990.000000 0.001247
991.000000 0.001247
992.000000 0.001246
993.000000 0.001246
994.000000 0.001247
995.000000 0.001246
996.000000 0.001248
997.000000 0.001246
998.000000 0.001248
999.000000 0.001246
1000.000000 0.001248
1001.000000 0.001246
1002.000000 0.001248
1003.000000 0.001246
1004.000000 0.001248
1005.000000 0.001247
1006.000000 0.001246
1007.000000 0.001247
1008.000000 0.001247
1009.000000 0.001247
1010.000000 0.001247
1011.000000 0.001246
1012.000000 0.001247
1013.000000 0.001246
1014.000000 0.001246
1015.000000 0.001246
1016.000000 0.001246
1017.000000 0.001245
1018.000000 0.001246
1019.000000 0.001245
1020.000000 0.001244
1021.000000 0.001245
1022.000000 0.001244
1023.000000 0.001246
1024.000000 0.001243
1025.000000 0.001245
1026.000000 0.001243
1027.000000 0.001244
1028.000000 0.001243
1029.000000 0.001244
1030.000000 0.001242
1031.000000 0.001243
1032.000000 0.001242
1033.000000 0.001241
1034.000000 0.001241
1035.000000 0.001241
1036.000000 0.001240
1037.000000 0.001240
1038.000000 0.001240
1039.000000 0.001240
1040.000000 0.001238
1041.000000 0.001239
1042.000000 0.001238
1043.000000 0.001238
1044.000000 0.001237
1045.000000 0.001237
1046.000000 0.001236
1047.000000 0.001235
1048.000000 0.001235
1049.000000 0.001234
1050.000000 0.001235
1051.000000 0.001233
1052.000000 0.001234
1053.000000 0.001232
1054.000000 0.001233
1055.000000 0.001231
1056.000000 0.001231
1057.000000 0.001230
1058.000000 0.001230
1059.000000 0.001229
1060.000000 0.001228
1061.000000 0.001228
1062.000000 0.001228
1063.000000 0.001227
1064.000000 0.001226
1065.000000 0.001225
1066.000000 0.001225
1067.000000 0.001223
1068.000000 0.001224
1069.000000 0.001222
1070.000000 0.001222
1071.000000 0.001221
1072.000000 0.001221
1073.000000 0.001220
1074.000000 0.001218
1075.000000 0.001218
1076.000000 0.001217
1077.000000 0.001217
1078.000000 0.001215
1079.000000 0.001216
1080.000000 0.001214
1081.000000 0.001214
1082.000000 0.001212
1083.000000 0.001212
1084.000000 0.001211
1085.000000 0.001210
1086.000000 0.001209
1087.000000 0.001207
1088.000000 0.001207
1089.000000 0.001207
1090.000000 0.001205
1091.000000 0.001205
1092.000000 0.001203
1093.000000 0.001203
1094.000000 0.001201
1095.000000 0.001201
1096.000000 0.001200
1097.000000 0.001199
1098.000000 0.001198
1099.000000 0.001197
1100.000000 0.001196
1101.000000 0.001194
1102.000000 0.001194
1103.000000 0.001192
1104.000000 0.001192
1105.000000 0.001190
1106.000000 0.001190
1107.000000 0.001188
1108.000000 0.001188
1109.000000 0.001186
1110.000000 0.001185
1111.000000 0.001184
1112.000000 0.001183
1113.000000 0.001181
1114.000000 0.001181
1115.000000 0.001179
1116.000000 0.001179
1117.000000 0.001177
1118.000000 0.001176
1119.000000 0.001175
1120.000000 0.001174
1121.000000 0.001172
1122.000000 0.001171
1123.000000 0.001170
1124.000000 0.001169
1125.000000 0.001168
1126.000000 0.001166
1127.000000 0.001165
1128.000000 0.001163
1129.000000 0.001162
1130.000000 0.001161
1131.000000 0.001160
1132.000000 0.001158
1133.000000 0.001158
1134.000000 0.001156
1135.000000 0.001155
1136.000000 0.001153
1137.000000 0.001152
1138.000000 0.001150
1139.000000 0.001150
1140.000000 0.001147
1141.000000 0.001147
1142.000000 0.001145
1143.000000 0.001144
1144.000000 0.001142
1145.000000 0.001141
1146.000000 0.001140
1147.000000 0.001138
1148.000000 0.001137
1149.000000 0.001135
1150.000000 0.001134
1151.000000 0.001132
1152.000000 0.001131
1153.000000 0.001129
1154.000000 0.001128
1155.000000 0.001126
1156.000000 0.001125
1157.000000 0.001123
1158.000000 0.001122
1159.000000 0.001120
1160.000000 0.001119
1161.000000 0.001117
1162.000000 0.001116
1163.000000 0.001114
1164.000000 0.001113
1165.000000 0.001111
1166.000000 0.001110
1167.000000 0.001108
1168.000000 0.001107
1169.000000 0.001105
1170.000000 0.001104
1171.000000 0.001102
1172.000000 0.001100
1173.000000 0.001098
1174.000000 0.001097
1175.000000 0.001095
1176.000000 0.001094
1177.000000 0.001092
1178.000000 0.001090
1179.000000 0.001089
1180.000000 0.001087
1181.000000 0.001085
1182.000000 0.001083
1183.000000 0.001082
1184.000000 0.001080
1185.000000 0.001079
1186.000000 0.001076
1187.000000 0.001076
1188.000000 0.001073
1189.000000 0.001072
1190.000000 0.001070
1191.000000 0.001068
1192.000000 0.001066
1193.000000 0.001065
1194.000000 0.001063
1195.000000 0.001061
1196.000000 0.001059
1197.000000 0.001058
1198.000000 0.001056
1199.000000 0.001054
1200.000000 0.001052
1201.000000 0.001050
1202.000000 0.001048
1203.000000 0.001047
1204.000000 0.001045
1205.000000 0.001043
1206.000000 0.001041
1207.000000 0.001039
1208.000000 0.001038
1209.000000 0.001035
1210.000000 0.001034
1211.000000 0.001031
1212.000000 0.001031
1213.000000 0.001028
1214.000000 0.001027
1215.000000 0.001024
1216.000000 0.001023
1217.000000 0.001021
1218.000000 0.001019
1219.000000 0.001017
1220.000000 0.001015
1221.000000 0.001013
1222.000000 0.001011
1223.000000 0.001009
1224.000000 0.001007
1225.000000 0.001005
1226.000000 0.001003
1227.000000 0.001001
1228.000000 0.000999
1229.000000 0.000997
1230.000000 0.000995
1231.000000 0.000993
1232.000000 0.000991
1233.000000 0.000989
1234.000000 0.000987
1235.000000 0.000985
1236.000000 0.000982
1237.000000 0.000982
1238.000000 0.000979
1239.000000 0.000978
1240.000000 0.000975
1241.000000 0.000973
1242.000000 0.000971
1243.000000 0.000969
1244.000000 0.000968
1245.000000 0.000965
1246.000000 0.000963
1247.000000 0.000961
1248.000000 0.000959
1249.000000 0.000957
1250.000000 0.000955
1251.000000 0.000953
1252.000000 0.000951
1253.000000 0.000949
1254.000000 0.000946
1255.000000 0.000944
1256.000000 0.000942
1257.000000 0.000940
1258.000000 0.000938
1259.000000 0.000935
1260.000000 0.000935
1261.000000 0.000931
1262.000000 0.000930
1263.000000 0.000927
1264.000000 0.000926
1265.000000 0.000923
1266.000000 0.000921
1267.000000 0.000919
1268.000000 0.000917
1269.000000 0.000914
1270.000000 0.000913
1271.000000 0.000911
1272.000000 0.000908
1273.000000 0.000906
1274.000000 0.000904
1275.000000 0.000902
1276.000000 0.000900
1277.000000 0.000897
1278.000000 0.000895
1279.000000 0.000893
1280.000000 0.000891
1281.000000 0.000889
1282.000000 0.000886
1283.000000 0.000884
1284.000000 0.000881
1285.000000 0.000881
1286.000000 0.000877
1287.000000 0.000876
1288.000000 0.000873
1289.000000 0.000872
1290.000000 0.000868
1291.000000 0.000867
1292.000000 0.000864
1293.000000 0.000862
1294.000000 0.000860
1295.000000 0.000857
1296.000000 0.000856
1297.000000 0.000853
1298.000000 0.000852
1299.000000 0.000849
1300.000000 0.000846
1301.000000 0.000844
1302.000000 0.000842
1303.000000 0.000840
1304.000000 0.000837
1305.000000 0.000835
1306.000000 0.000833
1307.000000 0.000831
1308.000000 0.000829
1309.000000 0.000825
1310.000000 0.000825
1311.000000 0.000821
1312.000000 0.000820
1313.000000 0.000817
1314.000000 0.000816
1315.000000 0.000812
1316.000000 0.000811
1317.000000 0.000807
1318.000000 0.000806
1319.000000 0.000803
1320.000000 0.000801
1321.000000 0.000800
1322.000000 0.000796
1323.000000 0.000795
1324.000000 0.000792
1325.000000 0.000790
1326.000000 0.000787
1327.000000 0.000785
1328.000000 0.000783
1329.000000 0.000781
1330.000000 0.000778
1331.000000 0.000776
1332.000000 0.000773
1333.000000 0.000772
1334.000000 0.000768
1335.000000 0.000768
1336.000000 0.000764
1337.000000 0.000763
1338.000000 0.000759
1339.000000 0.000758
1340.000000 0.000755
1341.000000 0.000753
1342.000000 0.000750
1343.000000 0.000749
1344.000000 0.000745
1345.000000 0.000744
1346.000000 0.000741
1347.000000 0.000738
1348.000000 0.000737
1349.000000 0.000734
1350.000000 0.000733
1351.000000 0.000730
1352.000000 0.000728
1353.000000 0.000725
1354.000000 0.000723
1355.000000 0.000720
1356.000000 0.000718
1357.000000 0.000715
1358.000000 0.000714
1359.000000 0.000710
1360.000000 0.000710
1361.000000 0.000706
1362.000000 0.000705
1363.000000 0.000701
1364.000000 0.000700
1365.000000 0.000697
1366.000000 0.000695
1367.000000 0.000692
1368.000000 0.000690
1369.000000 0.000688
1370.000000 0.000686
1371.000000 0.000683
1372.000000 0.000681
1373.000000 0.000679
1374.000000 0.000676
1375.000000 0.000674
1376.000000 0.000672
1377.000000 0.000670
1378.000000 0.000667
1379.000000 0.000665
1380.000000 0.000662
1381.000000 0.000660
1382.000000 0.000657
1383.000000 0.000656
1384.000000 0.000652
1385.000000 0.000651
1386.000000 0.000648
1387.000000 0.000647
1388.000000 0.000643
1389.000000 0.000642
1390.000000 0.000639
1391.000000 0.000637
1392.000000 0.000634
1393.000000 0.000632
1394.000000 0.000630
1395.000000 0.000628
1396.000000 0.000625
1397.000000 0.000623
1398.000000 0.000620
1399.000000 0.000619
1400.000000 0.000616
1401.000000 0.000614
1402.000000 0.000611
1403.000000 0.000609
1404.000000 0.000607
1405.000000 0.000604
1406.000000 0.000603
1407.000000 0.000599
1408.000000 0.000598
1409.000000 0.000595
1410.000000 0.000594
1411.000000 0.000590
1412.000000 0.000589
1413.000000 0.000586
1414.000000 0.000584
1415.000000 0.000581
1416.000000 0.000580
1417.000000 0.000576
1418.000000 0.000574
1419.000000 0.000572
1420.000000 0.000570
1421.000000 0.000568
1422.000000 0.000565
1423.000000 0.000563
1424.000000 0.000561
1425.000000 0.000558
1426.000000 0.000557
1427.000000 0.000554
1428.000000 0.000552
1429.000000 0.000549
1430.000000 0.000547
1431.000000 0.000545
1432.000000 0.000542
1433.000000 0.000541
1434.000000 0.000537
1435.000000 0.000536
1436.000000 0.000533
1437.000000 0.000532
1438.000000 0.000529
1439.000000 0.000527
1440.000000 0.000524
1441.000000 0.000522
1442.000000 0.000520
1443.000000 0.000518
1444.000000 0.000515
1445.000000 0.000513
1446.000000 0.000511
1447.000000 0.000509
1448.000000 0.000506
1449.000000 0.000505
1450.000000 0.000502
1451.000000 0.000500
1452.000000 0.000497
1453.000000 0.000496
1454.000000 0.000493
1455.000000 0.000491
1456.000000 0.000489
1457.000000 0.000486
1458.000000 0.000485
1459.000000 0.000482
1460.000000 0.000480
1461.000000 0.000477
1462.000000 0.000476
1463.000000 0.000473
1464.000000 0.000471
1465.000000 0.000468
1466.000000 0.000466
1467.000000 0.000464
1468.000000 0.000462
1469.000000 0.000460
1470.000000 0.000458
1471.000000 0.000455
1472.000000 0.000454
1473.000000 0.000451
1474.000000 0.000449
1475.000000 0.000446
1476.000000 0.000445
1477.000000 0.000442
1478.000000 0.000440
1479.000000 0.000438
1480.000000 0.000436
1481.000000 0.000434
1482.000000 0.000431
1483.000000 0.000430
1484.000000 0.000427
1485.000000 0.000425
1486.000000 0.000423
1487.000000 0.000421
1488.000000 0.000418
1489.000000 0.000417
1490.000000 0.000414
1491.000000 0.000412
1492.000000 0.000410
1493.000000 0.000408
1494.000000 0.000406
1495.000000 0.000404
1496.000000 0.000401
1497.000000 0.000400
1498.000000 0.000397
1499.000000 0.000396
1500.000000 0.000393
1501.000000 0.000391
1502.000000 0.000389
1503.000000 0.000387
1504.000000 0.000384
1505.000000 0.000383
1506.000000 0.000380
1507.000000 0.000379
1508.000000 0.000376
1509.000000 0.000374
1510.000000 0.000372
1511.000000 0.000370
1512.000000 0.000368
1513.000000 0.000366
1514.000000 0.000364
1515.000000 0.000362
1516.000000 0.000360
1517.000000 0.000358
1518.000000 0.000356
1519.000000 0.000354
1520.000000 0.000352
1521.000000 0.000349
1522.000000 0.000348
1523.000000 0.000345
1524.000000 0.000344
1525.000000 0.000341
1526.000000 0.000340
1527.000000 0.000337
1528.000000 0.000335
1529.000000 0.000333
1530.000000 0.000331
1531.000000 0.000329
1532.000000 0.000327
1533.000000 0.000325
1534.000000 0.000323
1535.000000 0.000321
1536.000000 0.000319
1537.000000 0.000318
1538.000000 0.000315
1539.000000 0.000313
1540.000000 0.000311
1541.000000 0.000309
1542.000000 0.000307
1543.000000 0.000305
1544.000000 0.000303
1545.000000 0.000302
1546.000000 0.000299
1547.000000 0.000298
1548.000000 0.000295
1549.000000 0.000294
1550.000000 0.000292
1551.000000 0.000290
1552.000000 0.000288
1553.000000 0.000286
1554.000000 0.000284
1555.000000 0.000282
1556.000000 0.000280
1557.000000 0.000279
1558.000000 0.000277
1559.000000 0.000275
1560.000000 0.000273
1561.000000 0.000271
1562.000000 0.000269
1563.000000 0.000267
1564.000000 0.000265
1565.000000 0.000263
1566.000000 0.000261
1567.000000 0.000260
1568.000000 0.000258
1569.000000 0.000256
1570.000000 0.000254
1571.000000 0.000252
1572.000000 0.000251
1573.000000 0.000248
1574.000000 0.000247
1575.000000 0.000245
1576.000000 0.000243
1577.000000 0.000241
1578.000000 0.000240
1579.000000 0.000237
1580.000000 0.000236
1581.000000 0.000234
1582.000000 0.000232
1583.000000 0.000231
1584.000000 0.000229
1585.000000 0.000227
1586.000000 0.000225
1587.000000 0.000223
1588.000000 0.000222
1589.000000 0.000220
1590.000000 0.000218
1591.000000 0.000216
1592.000000 0.000215
1593.000000 0.000213
1594.000000 0.000211
1595.000000 0.000210
1596.000000 0.000208
1597.000000 0.000206
1598.000000 0.000204
1599.000000 0.000203
1600.000000 0.000201
1601.000000 0.000199
1602.000000 0.000198
1603.000000 0.000196
1604.000000 0.000194
1605.000000 0.000193
1606.000000 0.000191
1607.000000 0.000189
1608.000000 0.000188
1609.000000 0.000186
1610.000000 0.000185
1611.000000 0.000183
1612.000000 0.000181
1613.000000 0.000180
1614.000000 0.000178
1615.000000 0.000176
1616.000000 0.000175
1617.000000 0.000173
1618.000000 0.000172
1619.000000 0.000170
1620.000000 0.000169
1621.000000 0.000167
1622.000000 0.000166
1623.000000 0.000164
1624.000000 0.000163
1625.000000 0.000161
1626.000000 0.000159
1627.000000 0.000158
1628.000000 0.000156
1629.000000 0.000155
1630.000000 0.000153
1631.000000 0.000152
1632.000000 0.000150
1633.000000 0.000149
1634.000000 0.000147
1635.000000 0.000146
1636.000000 0.000144
1637.000000 0.000143
1638.000000 0.000142
1639.000000 0.000140
1640.000000 0.000139
1641.000000 0.000137
1642.000000 0.000136
1643.000000 0.000135
1644.000000 0.000133
1645.000000 0.000132
1646.000000 0.000130
1647.000000 0.000129
1648.000000 0.000128
1649.000000 0.000126
1650.000000 0.000125
1651.000000 0.000124
1652.000000 0.000122
1653.000000 0.000121
1654.000000 0.000120
1655.000000 0.000118
1656.000000 0.000117
1657.000000 0.000116
1658.000000 0.000115
1659.000000 0.000113
1660.000000 0.000112
1661.000000 0.000111
1662.000000 0.000109
1663.000000 0.000108
1664.000000 0.000107
1665.000000 0.000106
1666.000000 0.000105
1667.000000 0.000103
1668.000000 0.000102
1669.000000 0.000101
1670.000000 0.000100
1671.000000 0.000098
1672.000000 0.000097
1673.000000 0.000096
1674.000000 0.000095
1675.000000 0.000094
1676.000000 0.000093
1677.000000 0.000092
1678.000000 0.000091
1679.000000 0.000089
1680.000000 0.000088
1681.000000 0.000087
1682.000000 0.000086
1683.000000 0.000085
1684.000000 0.000084
1685.000000 0.000083
1686.000000 0.000082
1687.000000 0.000081
1688.000000 0.000080
1689.000000 0.000079
1690.000000 0.000077
1691.000000 0.000077
1692.000000 0.000075
1693.000000 0.000075
1694.000000 0.000073
1695.000000 0.000073
1696.000000 0.000071
1697.000000 0.000071
1698.000000 0.000070
1699.000000 0.000069
1700.000000 0.000068
1701.000000 0.000067
1702.000000 0.000066
1703.000000 0.000065
1704.000000 0.000064
1705.000000 0.000063
1706.000000 0.000062
1707.000000 0.000061
1708.000000 0.000060
1709.000000 0.000059
1710.000000 0.000059
1711.000000 0.000058
1712.000000 0.000057
1713.000000 0.000056
1714.000000 0.000055
1715.000000 0.000054
1716.000000 0.000054
1717.000000 0.000053
1718.000000 0.000052
1719.000000 0.000051
1720.000000 0.000050
1721.000000 0.000050
1722.000000 0.000049
1723.000000 0.000048
1724.000000 0.000047
1725.000000 0.000047
1726.000000 0.000046
1727.000000 0.000045
1728.000000 0.000044
1729.000000 0.000044
1730.000000 0.000043
1731.000000 0.000042
1732.000000 0.000042
1733.000000 0.000041
1734.000000 0.000040
1735.000000 0.000039
1736.000000 0.000039
1737.000000 0.000038
1738.000000 0.000038
1739.000000 0.000037
1740.000000 0.000036
1741.000000 0.000036
1742.000000 0.000035
1743.000000 0.000034
1744.000000 0.000034
1745.000000 0.000033
1746.000000 0.000033
1747.000000 0.000032
1748.000000 0.000031
1749.000000 0.000031
1750.000000 0.000030
1751.000000 0.000030
1752.000000 0.000029
1753.000000 0.000029
1754.000000 0.000028
1755.000000 0.000028
1756.000000 0.000027
1757.000000 0.000027
1758.000000 0.000026
1759.000000 0.000026
1760.000000 0.000025
1761.000000 0.000025
1762.000000 0.000024
1763.000000 0.000024
1764.000000 0.000023
1765.000000 0.000023
1766.000000 0.000022
1767.000000 0.000022
1768.000000 0.000021
1769.000000 0.000021
1770.000000 0.000020
1771.000000 0.000020
1772.000000 0.000020
1773.000000 0.000019
1774.000000 0.000019
1775.000000 0.000018
1776.000000 0.000018
1777.000000 0.000018
1778.000000 0.000017
1779.000000 0.000017
1780.000000 0.000017
1781.000000 0.000016
1782.000000 0.000016
1783.000000 0.000015
1784.000000 0.000015
1785.000000 0.000015
1786.000000 0.000014
1787.000000 0.000014
1788.000000 0.000014
1789.000000 0.000013
1790.000000 0.000013
1791.000000 0.000013
1792.000000 0.000012
1793.000000 0.000012
1794.000000 0.000012
1795.000000 0.000012
1796.000000 0.000011
1797.000000 0.000011
1798.000000 0.000011
1799.000000 0.000011
1800.000000 0.000010
1801.000000 0.000010
1802.000000 0.000010
1803.000000 0.000010
1804.000000 0.000009
1805.000000 0.000009
1806.000000 0.000009
1807.000000 0.000009
1808.000000 0.000008
1809.000000 0.000008
1810.000000 0.000008
1811.000000 0.000008
1812.000000 0.000007
1813.000000 0.000007
1814.000000 0.000007
1815.000000 0.000007
1816.000000 0.000007
1817.000000 0.000007
1818.000000 0.000006
1819.000000 0.000006
1820.000000 0.000006
1821.000000 0.000006
1822.000000 0.000006
1823.000000 0.000005
1824.000000 0.000005
1825.000000 0.000005
1826.000000 0.000005
1827.000000 0.000005
1828.000000 0.000005
1829.000000 0.000005
1830.000000 0.000004
1831.000000 0.000004
1832.000000 0.000004
1833.000000 0.000004
1834.000000 0.000004
1835.000000 0.000004
1836.000000 0.000004
1837.000000 0.000004
1838.000000 0.000003
1839.000000 0.000003
1840.000000 0.000003
1841.000000 0.000003
1842.000000 0.000003
1843.000000 0.000003
1844.000000 0.000003
1845.000000 0.000003
1846.000000 0.000003
1847.000000 0.000002
1848.000000 0.000002
1849.000000 0.000002
1850.000000 0.000002
1851.000000 0.000002
1852.000000 0.000002
1853.000000 0.000002
1854.000000 0.000002
1855.000000 0.000002
1856.000000 0.000002
1857.000000 0.000002
1858.000000 0.000002
1859.000000 0.000002
1860.000000 0.000001
1861.000000 0.000001
1862.000000 0.000001
1863.000000 0.000001
1864.000000 0.000001
1865.000000 0.000001
1866.000000 0.000001
1867.000000 0.000001
1868.000000 0.000001
1869.000000 0.000001
1870.000000 0.000001
1871.000000 0.000001
1872.000000 0.000001
1873.000000 0.000001
1874.000000 0.000001
1875.000000 0.000001
1876.000000 0.000001
1877.000000 0.000001
1878.000000 0.000001
1879.000000 0.000001
1880.000000 0.000001
1881.000000 0.000001
1882.000000 0.000001
1883.000000 0.000001
1884.000000 0.000000
1885.000000 0.000000
1886.000000 0.000000
1887.000000 0.000000
1888.000000 0.000000
1889.000000 0.000000
1890.000000 0.000000
1891.000000 0.000000
1892.000000 0.000000
1893.000000 0.000000
1894.000000 0.000000
1895.000000 0.000000
1896.000000 0.000000
1897.000000 0.000000
1898.000000 0.000000
1899.000000 0.000000
1900.000000 0.000000
1901.000000 0.000000
1902.000000 0.000000
1903.000000 0.000000
1904.000000 0.000000
1905.000000 0.000000
1906.000000 0.000000
1907.000000 0.000000
1908.000000 0.000000
1909.000000 0.000000
1910.000000 0.000000
1911.000000 0.000000
1912.000000 0.000000
1913.000000 0.000000
1914.000000 0.000000
1915.000000 0.000000
1916.000000 0.000000
1917.000000 0.000000
1918.000000 0.000000
1919.000000 0.000000
1920.000000 0.000000
1921.000000 0.000000
1922.000000 0.000000
1923.000000 0.000000
1924.000000 0.000000
1925.000000 0.000000
1926.000000 0.000000
1927.000000 0.000000
1928.000000 0.000000
1929.000000 0.000000
1930.000000 0.000000
1931.000000 0.000000
1932.000000 0.000000
1933.000000 0.000000
1934.000000 0.000000
1935.000000 0.000000
1936.000000 0.000000
1937.000000 0.000000
1938.000000 0.000000
1939.000000 0.000000
1940.000000 0.000000
1941.000000 0.000000
1942.000000 0.000000
1943.000000 0.000000
1944.000000 0.000000
1945.000000 0.000000
1946.000000 0.000000
1947.000000 0.000000
1948.000000 0.000000
1949.000000 0.000000
1950.000000 0.000000
1951.000000 0.000000
1952.000000 0.000000
1953.000000 0.000000
1954.000000 0.000000
1955.000000 0.000000
1956.000000 0.000000
1957.000000 0.000000
1958.000000 0.000000
1959.000000 0.000000
1960.000000 0.000000
1961.000000 0.000000
1962.000000 0.000000
1963.000000 0.000000
1964.000000 0.000000
1965.000000 0.000000
1966.000000 0.000000
1967.000000 0.000000
1968.000000 0.000000
1969.000000 0.000000
1970.000000 0.000000
1971.000000 0.000000
1972.000000 0.000000
1973.000000 0.000000
1974.000000 0.000000
1975.000000 0.000000
1976.000000 0.000000
1977.000000 0.000000
1978.000000 0.000000
1979.000000 0.000000
1980.000000 0.000000
1981.000000 0.000000
1982.000000 0.000000
1983.000000 0.000000
1984.000000 0.000000
1985.000000 0.000000
1986.000000 0.000000
1987.000000 0.000000
1988.000000 0.000000
1989.000000 0.000000
1990.000000 0.000000
1991.000000 0.000000
1992.000000 0.000000
1993.000000 0.000000
1994.000000 0.000000
1995.000000 0.000000
1996.000000 0.000000
1997.000000 0.000000
1998.000000 0.000000
1999.000000 0.000000
2000.000000 0.000000
