n lam mean variance std
2000 0.280000 1000.500000 85918.260475 293.118168
bin_midpoint probability
1.000000 0.000000
2.000000 0.000000
3.000000 0.000000
4.000000 0.000000
5.000000 0.000000
6.000000 0.000000
7.000000 0.000000
8.000000 0.000000
9.000000 0.000000
10.000000 0.000000
11.000000 0.000000
12.000000 0.000000
13.000000 0.000000
14.000000 0.000000
15.000000 0.000000
16.000000 0.000000
17.000000 0.000000
18.000000 0.000000
19.000000 0.000000
20.000000 0.000000
21.000000 0.000000
22.000000 0.000000
23.000000 0.000000
24.000000 0.000000
25.000000 0.000000
26.000000 0.000000
27.000000 0.000000
28.000000 0.000000
29.000000 0.000000
30.000000 0.000000
31.000000 0.000000
32.000000 0.000000
33.000000 0.000000
34.000000 0.000000
35.000000 0.000000
36.000000 0.000000
37.000000 0.000000
38.000000 0.000000
39.000000 0.000000
40.000000 0.000000
41.000000 0.000000
42.000000 0.000000
43.000000 0.000000
44.000000 0.000000
45.000000 0.000000
46.000000 0.000000
47.000000 0.000000
48.000000 0.000000
49.000000 0.000000
50.000000 0.000000
51.000000 0.000000
52.000000 0.000000
53.000000 0.000000
54.000000 0.000000
55.000000 0.000000
56.000000 0.000000
57.000000 0.000000
58.000000 0.000000
59.000000 0.000000
60.000000 0.000000
61.000000 0.000000
62.000000 0.000000
63.000000 0.000000
64.000000 0.000000
65.000000 0.000000
66.000000 0.000000
67.000000 0.000000
68.000000 0.000000
69.000000 0.000000
70.000000 0.000000
71.000000 0.000000
72.000000 0.000000
73.000000 0.000000
74.000000 0.000000
75.000000 0.000000
76.000000 0.000000
77.000000 0.000000
78.000000 0.000000
79.000000 0.000000
80.000000 0.000000
81.000000 0.000000
82.000000 0.000000
83.000000 0.000000
84.000000 0.000000
85.000000 0.000000
86.000000 0.000000
87.000000 0.000000
88.000000 0.000000
89.000000 0.000000
90.000000 0.000000
91.000000 0.000000
92.000000 0.000000
93.000000 0.000000
94.000000 0.000000
95.000000 0.000000
96.000000 0.000000
97.000000 0.000000
98.000000 0.000000
99.000000 0.000000
100.000000 0.000000
101.000000 0.000000
102.000000 0.000000
103.000000 0.000000
104.000000 0.000000
105.000000 0.000000
106.000000 0.000000
107.000000 0.000000
108.000000 0.000000
109.000000 0.000000
110.000000 0.000000
111.000000 0.000000
112.000000 0.000000
113.000000 0.000000
114.000000 0.000000
115.000000 0.000000
116.000000 0.000000
117.000000 0.000000
118.000000 0.000000
119.000000 0.000000
120.000000 0.000000
121.000000 0.000000
122.000000 0.000000
123.000000 0.000001
124.000000 0.000001
125.000000 0.000001
126.000000 0.000001
127.000000 0.000001
128.000000 0.000001
129.000000 0.000001
130.000000 0.000001
131.000000 0.000001
132.000000 0.000001
133.000000 0.000001
134.000000 0.000001
135.000000 0.000001
136.000000 0.000001
137.000000 0.000001
138.000000 0.000001
139.000000 0.000001
140.000000 0.000001
141.000000 0.000001
142.000000 0.000001
143.000000 0.000001
144.000000 0.000001
145.000000 0.000001
146.000000 0.000001
147.000000 0.000002
148.000000 0.000002
149.000000 0.000002
150.000000 0.000002
151.000000 0.000002
152.000000 0.000002
153.000000 0.000002
154.000000 0.000002
155.000000 0.000002
156.000000 0.000002
157.000000 0.000002
158.000000 0.000002
159.000000 0.000002
160.000000 0.000003
161.000000 0.000003
162.000000 0.000003
163.000000 0.000003
164.000000 0.000003
165.000000 0.000003
166.000000 0.000003
167.000000 0.000003
168.000000 0.000003
169.000000 0.000003
170.000000 0.000004
171.000000 0.000004
172.000000 0.000004
173.000000 0.000004
174.000000 0.000004
175.000000 0.000004
176.000000 0.000004
177.000000 0.000005
178.000000 0.000005
179.000000 0.000005
180.000000 0.000005
181.000000 0.000005
182.000000 0.000005
183.000000 0.000005
184.000000 0.000006
185.000000 0.000006
186.000000 0.000006
187.000000 0.000006
188.000000 0.000006
189.000000 0.000006
190.000000 0.000007
191.000000 0.000007
192.000000 0.000007
193.000000 0.000007
194.000000 0.000007
195.000000 0.000008
196.000000 0.000008
197.000000 0.000008
198.000000 0.000008
199.000000 0.000008
200.000000 0.000009
201.000000 0.000009
202.000000 0.000009
203.000000 0.000009
204.000000 0.000010
205.000000 0.000010
206.000000 0.000010
207.000000 0.000010
208.000000 0.000011
209.000000 0.000011
210.000000 0.000011
211.000000 0.000011
212.000000 0.000012
213.000000 0.000012
214.000000 0.000012
215.000000 0.000013
216.000000 0.000013
217.000000 0.000013
218.000000 0.000014
219.000000 0.000014
220.000000 0.000014
221.000000 0.000015
222.000000 0.000015
223.000000 0.000015
224.000000 0.000016
225.000000 0.000016
226.000000 0.000016
227.000000 0.000017
228.000000 0.000017
229.000000 0.000017
230.000000 0.000018
231.000000 0.000018
232.000000 0.000019
233.000000 0.000019
234.000000 0.000019
235.000000 0.000020
236.000000 0.000020
237.000000 0.000021
238.000000 0.000021
239.000000 0.000021
240.000000 0.000022
241.000000 0.000022
242.000000 0.000023
243.000000 0.000023
244.000000 0.000024
245.000000 0.000024
246.000000 0.000025
247.000000 0.000025
248.000000 0.000026
249.000000 0.000026
250.000000 0.000027
251.000000 0.000027
252.000000 0.000028
253.000000 0.000028
254.000000 0.000029
255.000000 0.000029
256.000000 0.000030
257.000000 0.000030
258.000000 0.000031
259.000000 0.000031
260.000000 0.000032
261.000000 0.000033
262.000000 0.000033
263.000000 0.000034
264.000000 0.000034
265.000000 0.000035
266.000000 0.000036
267.000000 0.000036
268.000000 0.000037
269.000000 0.000038
270.000000 0.000038
271.000000 0.000039
272.000000 0.000040
273.000000 0.000040
274.000000 0.000041
275.000000 0.000042
276.000000 0.000042
277.000000 0.000043
278.000000 0.000044
279.000000 0.000044
280.000000 0.000045
281.000000 0.000046
282.000000 0.000047
283.000000 0.000047
284.000000 0.000048
285.000000 0.000049
286.000000 0.000050
287.000000 0.000050
288.000000 0.000051
289.000000 0.000052
290.000000 0.000053
291.000000 0.000054
292.000000 0.000054
293.000000 0.000055
294.000000 0.000056
295.000000 0.000057
296.000000 0.000058
297.000000 0.000059
298.000000 0.000059
299.000000 0.000060
300.000000 0.000061
301.000000 0.000062
302.000000 0.000063
303.000000 0.000064
304.000000 0.000065
305.000000 0.000066
306.000000 0.000067
307.000000 0.000068
308.000000 0.000069
309.000000 0.000070
310.000000 0.000071
311.000000 0.000072
312.000000 0.000073
313.000000 0.000074
314.000000 0.000075
315.000000 0.000076
316.000000 0.000077
317.000000 0.000078
318.000000 0.000079
319.000000 0.000080
320.000000 0.000081
321.000000 0.000082
322.000000 0.000083
323.000000 0.000084
324.000000 0.000085
325.000000 0.000086
326.000000 0.000087
327.000000 0.000088
328.000000 0.000089
329.000000 0.000091
330.000000 0.000092
331.000000 0.000093
332.000000 0.000094
333.000000 0.000095
334.000000 0.000096
335.000000 0.000097
336.000000 0.000099
337.000000 0.000100
338.000000 0.000101
339.000000 0.000102
340.000000 0.000103
341.000000 0.000105
342.000000 0.000106
343.000000 0.000107
344.000000 0.000108
345.000000 0.000110
346.000000 0.000111
347.000000 0.000112
348.000000 0.000113
349.000000 0.000115
350.000000 0.000116
351.000000 0.000117
352.000000 0.000119
353.000000 0.000120
354.000000 0.000121
355.000000 0.000123
356.000000 0.000124
357.000000 0.000125
358.000000 0.000127
359.000000 0.000128
360.000000 0.000129
361.000000 0.000131
362.000000 0.000132
363.000000 0.000134
364.000000 0.000135
365.000000 0.000136
366.000000 0.000138
367.000000 0.000139
368.000000 0.000141
369.000000 0.000142
370.000000 0.000144
371.000000 0.000145
372.000000 0.000146
373.000000 0.000148
374.000000 0.000149
375.000000 0.000151
376.000000 0.000152
377.000000 0.000154
378.000000 0.000155
379.000000 0.000157
380.000000 0.000158
381.000000 0.000160
382.000000 0.000162
383.000000 0.000163
384.000000 0.000165
385.000000 0.000166
386.000000 0.000168
387.000000 0.000169
388.000000 0.000171
389.000000 0.000173
390.000000 0.000174
391.000000 0.000176
392.000000 0.000177
393.000000 0.000179
394.000000 0.000181
395.000000 0.000182
396.000000 0.000184
397.000000 0.000185
398.000000 0.000187
399.000000 0.000189
400.000000 0.000190
401.000000 0.000192
402.000000 0.000194
403.000000 0.000195
404.000000 0.000197
405.000000 0.000199
406.000000 0.000201
407.000000 0.000202
408.000000 0.000204
409.000000 0.000206
410.000000 0.000207
411.000000 0.000209
412.000000 0.000211
413.000000 0.000213
414.000000 0.000214
415.000000 0.000216
416.000000 0.000218
417.000000 0.000220
418.000000 0.000221
419.000000 0.000223
420.000000 0.000225
421.000000 0.000227
422.000000 0.000229
423.000000 0.000230
424.000000 0.000232
425.000000 0.000234
426.000000 0.000236
427.000000 0.000238
428.000000 0.000240
429.000000 0.000241
430.000000 0.000243
431.000000 0.000245
432.000000 0.000247
433.000000 0.000249
434.000000 0.000251
435.000000 0.000253
436.000000 0.000254
437.000000 0.000256
438.000000 0.000258
439.000000 0.000260
440.000000 0.000262
441.000000 0.000264
442.000000 0.000266
443.000000 0.000268
444.000000 0.000270
445.000000 0.000272
446.000000 0.000273
447.000000 0.000275
448.000000 0.000277
449.000000 0.000279
450.000000 0.000281
451.000000 0.000283
452.000000 0.000285
453.000000 0.000287
454.000000 0.000289
455.000000 0.000291
456.000000 0.000293
457.000000 0.000295
458.000000 0.000297
459.000000 0.000299
460.000000 0.000301
461.000000 0.000303
462.000000 0.000305
463.000000 0.000307
464.000000 0.000309
465.000000 0.000311
466.000000 0.000313
467.000000 0.000315
468.000000 0.000317
469.000000 0.000319
470.000000 0.000321
471.000000 0.000323
472.000000 0.000325
473.000000 0.000327
474.000000 0.000329
475.000000 0.000331
476.000000 0.000333
477.000000 0.000335
478.000000 0.000337
479.000000 0.000339
480.000000 0.000342
481.000000 0.000344
482.000000 0.000346
483.000000 0.000348
484.000000 0.000350
485.000000 0.000352
486.000000 0.000354
487.000000 0.000356
488.000000 0.000358
489.000000 0.000360
490.000000 0.000362
491.000000 0.000365
492.000000 0.000367
493.000000 0.000369
494.000000 0.000371
495.000000 0.000373
496.000000 0.000375
497.000000 0.000377
498.000000 0.000379
499.000000 0.000382
500.000000 0.000384
501.000000 0.000386
502.000000 0.000388
503.000000 0.000390
504.000000 0.000392
505.000000 0.000394
506.000000 0.000397
507.000000 0.000399
508.000000 0.000401
509.000000 0.000403
510.000000 0.000405
511.000000 0.000407
512.000000 0.000410
513.000000 0.000412
514.000000 0.000414
515.000000 0.000416
516.000000 0.000418
517.000000 0.000421
518.000000 0.000423
519.000000 0.000425
520.000000 0.000427
521.000000 0.000429
522.000000 0.000432
523.000000 0.000434
524.000000 0.000436
525.000000 0.000438
526.000000 0.000440
527.000000 0.000443
528.000000 0.000445
529.000000 0.000447
530.000000 0.000449
531.000000 0.000452
532.000000 0.000454
533.000000 0.000456
534.000000 0.000458
535.000000 0.000460
536.000000 0.000463
537.000000 0.000465
538.000000 0.000467
539.000000 0.000469
540.000000 0.000472
541.000000 0.000474
542.000000 0.000476
543.000000 0.000479
544.000000 0.000481
545.000000 0.000483
546.000000 0.000485
547.000000 0.000488
548.000000 0.000490
549.000000 0.000492
550.000000 0.000494
551.000000 0.000497
552.000000 0.000499
553.000000 0.000501
554.000000 0.000504
555.000000 0.000506
556.000000 0.000508
557.000000 0.000510
558.000000 0.000513
559.000000 0.000515
560.000000 0.000517
561.000000 0.000520
562.000000 0.000522
563.000000 0.000524
564.000000 0.000527
565.000000 0.000529
566.000000 0.000531
567.000000 0.000533
568.000000 0.000536
569.000000 0.000538
570.000000 0.000540
571.000000 0.000543
572.000000 0.000545
573.000000 0.000547
574.000000 0.000550
575.000000 0.000552
576.000000 0.000554
577.000000 0.000557
578.000000 0.000559
579.000000 0.000561
580.000000 0.000564
581.000000 0.000566
582.000000 0.000568
583.000000 0.000571
584.000000 0.000573
585.000000 0.000575
586.000000 0.000578
587.000000 0.000580
588.000000 0.000582
589.000000 0.000585
590.000000 0.000587
591.000000 0.000589
592.000000 0.000592
593.000000 0.000594
594.000000 0.000596
595.000000 0.000599
596.000000 0.000601
597.000000 0.000604
598.000000 0.000606
599.000000 0.000608
600.000000 0.000611
601.000000 0.000613
602.000000 0.000615
603.000000 0.000618
604.000000 0.000620
605.000000 0.000622
606.000000 0.000625
607.000000 0.000627
608.000000 0.000630
609.000000 0.000632
610.000000 0.000634
611.000000 0.000637
612.000000 0.000639
613.000000 0.000641
614.000000 0.000644
615.000000 0.000646
616.000000 0.000649
617.000000 0.000651
618.000000 0.000653
619.000000 0.000656
620.000000 0.000658
621.000000 0.000660
622.000000 0.000663
623.000000 0.000665
624.000000 0.000667
625.000000 0.000670
626.000000 0.000672
627.000000 0.000675
628.000000 0.000677
629.000000 0.000679
630.000000 0.000682
631.000000 0.000684
632.000000 0.000687
633.000000 0.000689
634.000000 0.000691
635.000000 0.000694
636.000000 0.000696
637.000000 0.000698
638.000000 0.000701
639.000000 0.000703
640.000000 0.000706
641.000000 0.000708
642.000000 0.000710
643.000000 0.000713
644.000000 0.000715
645.000000 0.000717
646.000000 0.000720
647.000000 0.000722
648.000000 0.000725
649.000000 0.000727
650.000000 0.000729
651.000000 0.000732
652.000000 0.000734
653.000000 0.000736
654.000000 0.000739
655.000000 0.000741
656.000000 0.000743
657.000000 0.000746
658.000000 0.000748
659.000000 0.000751
660.000000 0.000753
661.000000 0.000755
662.000000 0.000758
663.000000 0.000760
664.000000 0.000762
665.000000 0.000765
666.000000 0.000767
667.000000 0.000769
668.000000 0.000772
669.000000 0.000774
670.000000 0.000777
671.000000 0.000779
672.000000 0.000781
673.000000 0.000784
674.000000 0.000786
675.000000 0.000788
676.000000 0.000791
677.000000 0.000793
678.000000 0.000795
679.000000 0.000798
680.000000 0.000800
681.000000 0.000802
682.000000 0.000805
683.000000 0.000807
684.000000 0.000809
685.000000 0.000812
686.000000 0.000814
687.000000 0.000816
688.000000 0.000819
689.000000 0.000821
690.000000 0.000823
691.000000 0.000826
692.000000 0.000828
693.000000 0.000830
694.000000 0.000832
695.000000 0.000835
696.000000 0.000837
697.000000 0.000839
698.000000 0.000842
699.000000 0.000844
700.000000 0.000846
701.000000 0.000849
702.000000 0.000851
703.000000 0.000853
704.000000 0.000855
705.000000 0.000858
706.000000 0.000860
707.000000 0.000862
708.000000 0.000865
709.000000 0.000867
710.000000 0.000869
711.000000 0.000871
712.000000 0.000874
713.000000 0.000876
714.000000 0.000878
715.000000 0.000880
716.000000 0.000883
717.000000 0.000885
718.000000 0.000887
719.000000 0.000889
720.000000 0.000892
721.000000 0.000894
722.000000 0.000896
723.000000 0.000898
724.000000 0.000901
725.000000 0.000903
726.000000 0.000905
727.000000 0.000907
728.000000 0.000910
729.000000 0.000912
730.000000 0.000914
731.000000 0.000916
732.000000 0.000918
733.000000 0.000921
734.000000 0.000923
735.000000 0.000925
736.000000 0.000927
737.000000 0.000929
738.000000 0.000931
739.000000 0.000934
740.000000 0.000936
741.000000 0.000938
742.000000 0.000940
743.000000 0.000942
744.000000 0.000944
745.000000 0.000947
746.000000 0.000949
747.000000 0.000951
748.000000 0.000953
749.000000 0.000955
750.000000 0.000957
751.000000 0.000959
752.000000 0.000962
753.000000 0.000964
754.000000 0.000966
755.000000 0.000968
756.000000 0.000970
757.000000 0.000972
758.000000 0.000974
759.000000 0.000976
760.000000 0.000978
761.000000 0.000980
762.000000 0.000983
763.000000 0.000985
764.000000 0.000987
765.000000 0.000989
766.000000 0.000991
767.000000 0.000993
768.000000 0.000995
769.000000 0.000997
770.000000 0.000999
771.000000 0.001001
772.000000 0.001003
773.000000 0.001005
774.000000 0.001007
775.000000 0.001009
776.000000 0.001011
777.000000 0.001013
778.000000 0.001015
779.000000 0.001017
780.000000 0.001019
781.000000 0.001021
782.000000 0.001023
783.000000 0.001025
784.000000 0.001027
785.000000 0.001029
786.000000 0.001031
787.000000 0.001033
788.000000 0.001035
789.000000 0.001037
790.000000 0.001038
791.000000 0.001040
792.000000 0.001042
793.000000 0.001044
794.000000 0.001046
795.000000 0.001048
796.000000 0.001050
797.000000 0.001052
798.000000 0.001054
799.000000 0.001056
800.000000 0.001057
801.000000 0.001059
802.000000 0.001061
803.000000 0.001063
804.000000 0.001065
805.000000 0.001067
806.000000 0.001068
807.000000 0.001070
808.000000 0.001072
809.000000 0.001074
810.000000 0.001076
811.000000 0.001077
812.000000 0.001079
813.000000 0.001081
814.000000 0.001083
815.000000 0.001085
816.000000 0.001086
817.000000 0.001088
818.000000 0.001090
819.000000 0.001092
820.000000 0.001093
821.000000 0.001095
822.000000 0.001097
823.000000 0.001098
824.000000 0.001100
825.000000 0.001102
826.000000 0.001103
827.000000 0.001105
828.000000 0.001107
829.000000 0.001108
830.000000 0.001110
831.000000 0.001112
832.000000 0.001113
833.000000 0.001115
834.000000 0.001117
835.000000 0.001118
836.000000 0.001120
837.000000 0.001121
838.000000 0.001123
839.000000 0.001125
840.000000 0.001126
841.000000 0.001128
842.000000 0.001129
843.000000 0.001131
844.000000 0.001132
845.000000 0.001134
846.000000 0.001136
847.000000 0.001137
848.000000 0.001139
849.000000 0.001140
850.000000 0.001142
851.000000 0.001143
852.000000 0.001145
853.000000 0.001146
854.000000 0.001148
855.000000 0.001149
856.000000 0.001150
857.000000 0.001152
858.000000 0.001153
859.000000 0.001155
860.000000 0.001156
861.000000 0.001158
862.000000 0.001159
863.000000 0.001160
864.000000 0.001162
865.000000 0.001163
866.000000 0.001164
867.000000 0.001166
868.000000 0.001167
869.000000 0.001168
870.000000 0.001170
871.000000 0.001171
872.000000 0.001172
873.000000 0.001174
874.000000 0.001175
875.000000 0.001176
876.000000 0.001178
877.000000 0.001179
878.000000 0.001180
879.000000 0.001181
880.000000 0.001183
881.000000 0.001184
882.000000 0.001185
883.000000 0.001186
884.000000 0.001188
885.000000 0.001189
886.000000 0.001190
887.000000 0.001191
888.000000 0.001192
889.000000 0.001193
890.000000 0.001195
891.000000 0.001196
892.000000 0.001197
893.000000 0.001198
894.000000 0.001199
895.000000 0.001200
896.000000 0.001201
897.000000 0.001202
898.000000 0.001203
899.000000 0.001204
900.000000 0.001206
901.000000 0.001207
902.000000 0.001208
903.000000 0.001209
904.000000 0.001210
905.000000 0.001211
906.000000 0.001212
907.000000 0.001213
908.000000 0.001214
909.000000 0.001215
910.000000 0.001216
911.000000 0.001216
912.000000 0.001217
913.000000 0.001218
914.000000 0.001219
915.000000 0.001220
916.000000 0.001221
917.000000 0.001222
918.000000 0.001223
919.000000 0.001224
920.000000 0.001225
921.000000 0.001225
922.000000 0.001226
923.000000 0.001227
924.000000 0.001228
925.000000 0.001229
926.000000 0.001229
927.000000 0.001230
928.000000 0.001231
929.000000 0.001232
930.000000 0.001233
931.000000 0.001233
932.000000 0.001234
933.000000 0.001235
934.000000 0.001236
935.000000 0.001236
936.000000 0.001237
937.000000 0.001238
938.000000 0.001238
939.000000 0.001239
940.000000 0.001240
941.000000 0.001240
942.000000 0.001241
943.000000 0.001241
944.000000 0.001242
945.000000 0.001243
946.000000 0.001243
947.000000 0.001244
948.000000 0.001244
949.000000 0.001245
950.000000 0.001246
951.000000 0.001246
952.000000 0.001247
953.000000 0.001247
954.000000 0.001248
955.000000 0.001248
956.000000 0.001249
957.000000 0.001249
958.000000 0.001250
959.000000 0.001250
960.000000 0.001250
961.000000 0.001251
962.000000 0.001251
963.000000 0.001252
964.000000 0.001252
965.000000 0.001252
966.000000 0.001253
967.000000 0.001253
968.000000 0.001254
969.000000 0.001254
970.000000 0.001254
971.000000 0.001255
972.000000 0.001255
973.000000 0.001255
974.000000 0.001256
975.000000 0.001256
976.000000 0.001256
977.000000 0.001256
978.000000 0.001257
979.000000 0.001257
980.000000 0.001257
981.000000 0.001257
982.000000 0.001257
983.000000 0.001258
984.000000 0.001258
985.000000 0.001258
986.000000 0.001258
987.000000 0.001258
988.000000 0.001258
989.000000 0.001259
990.000000 0.001259
991.000000 0.001259
992.000000 0.001259
993.000000 0.001259
994.000000 0.001259
995.000000 0.001259
996.000000 0.001259
997.000000 0.001259
998.000000 0.001259
999.000000 0.001259
1000.000000 0.001259
1001.000000 0.001259
1002.000000 0.001259
1003.000000 0.001259
1004.000000 0.001259
1005.000000 0.001259
1006.000000 0.001259
1007.000000 0.001259
1008.000000 0.001259
1009.000000 0.001259
1010.000000 0.001259
1011.000000 0.001259
1012.000000 0.001259
1013.000000 0.001258
1014.000000 0.001258
1015.000000 0.001258
1016.000000 0.001258
1017.000000 0.001258
1018.000000 0.001258
1019.000000 0.001257
1020.000000 0.001257
1021.000000 0.001257
1022.000000 0.001257
1023.000000 0.001257
1024.000000 0.001256
1025.000000 0.001256
1026.000000 0.001256
1027.000000 0.001256
1028.000000 0.001255
1029.000000 0.001255
1030.000000 0.001255
1031.000000 0.001254
1032.000000 0.001254
1033.000000 0.001254
1034.000000 0.001253
1035.000000 0.001253
1036.000000 0.001252
1037.000000 0.001252
1038.000000 0.001252
1039.000000 0.001251
1040.000000 0.001251
1041.000000 0.001250
1042.000000 0.001250
1043.000000 0.001250
1044.000000 0.001249
1045.000000 0.001249
1046.000000 0.001248
1047.000000 0.001248
1048.000000 0.001247
1049.000000 0.001247
1050.000000 0.001246
1051.000000 0.001246
1052.000000 0.001245
1053.000000 0.001244
1054.000000 0.001244
1055.000000 0.001243
1056.000000 0.001243
1057.000000 0.001242
1058.000000 0.001241
1059.000000 0.001241
1060.000000 0.001240
1061.000000 0.001240
1062.000000 0.001239
1063.000000 0.001238
1064.000000 0.001238
1065.000000 0.001237
1066.000000 0.001236
1067.000000 0.001236
1068.000000 0.001235
1069.000000 0.001234
1070.000000 0.001233
1071.000000 0.001233
1072.000000 0.001232
1073.000000 0.001231
1074.000000 0.001230
1075.000000 0.001229
1076.000000 0.001229
1077.000000 0.001228
1078.000000 0.001227
1079.000000 0.001226
1080.000000 0.001225
1081.000000 0.001225
1082.000000 0.001224
1083.000000 0.001223
1084.000000 0.001222
1085.000000 0.001221
1086.000000 0.001220
1087.000000 0.001219
1088.000000 0.001218
1089.000000 0.001217
1090.000000 0.001216
1091.000000 0.001216
1092.000000 0.001215
1093.000000 0.001214
1094.000000 0.001213
1095.000000 0.001212
1096.000000 0.001211
1097.000000 0.001210
1098.000000 0.001209
1099.000000 0.001208
1100.000000 0.001207
1101.000000 0.001206
1102.000000 0.001204
1103.000000 0.001203
1104.000000 0.001202
1105.000000 0.001201
1106.000000 0.001200
1107.000000 0.001199
1108.000000 0.001198
1109.000000 0.001197
1110.000000 0.001196
1111.000000 0.001195
1112.000000 0.001193
1113.000000 0.001192
1114.000000 0.001191
1115.000000 0.001190
1116.000000 0.001189
1117.000000 0.001188
1118.000000 0.001186
1119.000000 0.001185
1120.000000 0.001184
1121.000000 0.001183
1122.000000 0.001181
1123.000000 0.001180
1124.000000 0.001179
1125.000000 0.001178
1126.000000 0.001176
1127.000000 0.001175
1128.000000 0.001174
1129.000000 0.001172
1130.000000 0.001171
1131.000000 0.001170
1132.000000 0.001168
1133.000000 0.001167
1134.000000 0.001166
1135.000000 0.001164
1136.000000 0.001163
1137.000000 0.001162
1138.000000 0.001160
1139.000000 0.001159
1140.000000 0.001158
1141.000000 0.001156
1142.000000 0.001155
1143.000000 0.001153
1144.000000 0.001152
1145.000000 0.001150
1146.000000 0.001149
1147.000000 0.001148
1148.000000 0.001146
1149.000000 0.001145
1150.000000 0.001143
1151.000000 0.001142
1152.000000 0.001140
1153.000000 0.001139
1154.000000 0.001137
1155.000000 0.001136
1156.000000 0.001134
1157.000000 0.001132
1158.000000 0.001131
1159.000000 0.001129
1160.000000 0.001128
1161.000000 0.001126
1162.000000 0.001125
1163.000000 0.001123
1164.000000 0.001121
1165.000000 0.001120
1166.000000 0.001118
1167.000000 0.001117
1168.000000 0.001115
1169.000000 0.001113
1170.000000 0.001112
1171.000000 0.001110
1172.000000 0.001108
1173.000000 0.001107
1174.000000 0.001105
1175.000000 0.001103
1176.000000 0.001102
1177.000000 0.001100
1178.000000 0.001098
1179.000000 0.001097
1180.000000 0.001095
1181.000000 0.001093
1182.000000 0.001092
1183.000000 0.001090
1184.000000 0.001088
1185.000000 0.001086
1186.000000 0.001085
1187.000000 0.001083
1188.000000 0.001081
1189.000000 0.001079
1190.000000 0.001077
1191.000000 0.001076
1192.000000 0.001074
1193.000000 0.001072
1194.000000 0.001070
1195.000000 0.001068
1196.000000 0.001067
1197.000000 0.001065
1198.000000 0.001063
1199.000000 0.001061
1200.000000 0.001059
1201.000000 0.001057
1202.000000 0.001056
1203.000000 0.001054
1204.000000 0.001052
1205.000000 0.001050
1206.000000 0.001048
1207.000000 0.001046
1208.000000 0.001044
1209.000000 0.001042
1210.000000 0.001040
1211.000000 0.001038
1212.000000 0.001037
1213.000000 0.001035
1214.000000 0.001033
1215.000000 0.001031
1216.000000 0.001029
1217.000000 0.001027
1218.000000 0.001025
1219.000000 0.001023
1220.000000 0.001021
1221.000000 0.001019
1222.000000 0.001017
1223.000000 0.001015
1224.000000 0.001013
1225.000000 0.001011
1226.000000 0.001009
1227.000000 0.001007
1228.000000 0.001005
1229.000000 0.001003
1230.000000 0.001001
1231.000000 0.000999
1232.000000 0.000997
1233.000000 0.000995
1234.000000 0.000993
1235.000000 0.000991
1236.000000 0.000989
1237.000000 0.000987
1238.000000 0.000985
1239.000000 0.000983
1240.000000 0.000980
1241.000000 0.000978
1242.000000 0.000976
1243.000000 0.000974
1244.000000 0.000972
1245.000000 0.000970
1246.000000 0.000968
1247.000000 0.000966
1248.000000 0.000964
1249.000000 0.000962
1250.000000 0.000959
1251.000000 0.000957
1252.000000 0.000955
1253.000000 0.000953
1254.000000 0.000951
1255.000000 0.000949
1256.000000 0.000947
1257.000000 0.000944
1258.000000 0.000942
1259.000000 0.000940
1260.000000 0.000938
1261.000000 0.000936
1262.000000 0.000934
1263.000000 0.000931
1264.000000 0.000929
1265.000000 0.000927
1266.000000 0.000925
1267.000000 0.000923
1268.000000 0.000921
1269.000000 0.000918
1270.000000 0.000916
1271.000000 0.000914
1272.000000 0.000912
1273.000000 0.000910
1274.000000 0.000907
1275.000000 0.000905
1276.000000 0.000903
1277.000000 0.000901
1278.000000 0.000898
1279.000000 0.000896
1280.000000 0.000894
1281.000000 0.000892
1282.000000 0.000889
1283.000000 0.000887
1284.000000 0.000885
1285.000000 0.000883
1286.000000 0.000880
1287.000000 0.000878
1288.000000 0.000876
1289.000000 0.000874
1290.000000 0.000871
1291.000000 0.000869
1292.000000 0.000867
1293.000000 0.000865
1294.000000 0.000862
1295.000000 0.000860
1296.000000 0.000858
1297.000000 0.000855
1298.000000 0.000853
1299.000000 0.000851
1300.000000 0.000849
1301.000000 0.000846
1302.000000 0.000844
1303.000000 0.000842
1304.000000 0.000839
1305.000000 0.000837
1306.000000 0.000835
1307.000000 0.000832
1308.000000 0.000830
1309.000000 0.000828
1310.000000 0.000826
1311.000000 0.000823
1312.000000 0.000821
1313.000000 0.000819
1314.000000 0.000816
1315.000000 0.000814
1316.000000 0.000812
1317.000000 0.000809
1318.000000 0.000807
1319.000000 0.000805
1320.000000 0.000802
1321.000000 0.000800
1322.000000 0.000798
1323.000000 0.000795
1324.000000 0.000793
1325.000000 0.000791
1326.000000 0.000788
1327.000000 0.000786
1328.000000 0.000784
1329.000000 0.000781
1330.000000 0.000779
1331.000000 0.000777
1332.000000 0.000774
1333.000000 0.000772
1334.000000 0.000769
1335.000000 0.000767
1336.000000 0.000765
1337.000000 0.000762
1338.000000 0.000760
1339.000000 0.000758
1340.000000 0.000755
1341.000000 0.000753
1342.000000 0.000751
1343.000000 0.000748
1344.000000 0.000746
1345.000000 0.000743
1346.000000 0.000741
1347.000000 0.000739
1348.000000 0.000736
1349.000000 0.000734
1350.000000 0.000732
1351.000000 0.000729
1352.000000 0.000727
1353.000000 0.000725
1354.000000 0.000722
1355.000000 0.000720
1356.000000 0.000717
1357.000000 0.000715
1358.000000 0.000713
1359.000000 0.000710
1360.000000 0.000708
1361.000000 0.000706
1362.000000 0.000703
1363.000000 0.000701
1364.000000 0.000698
1365.000000 0.000696
1366.000000 0.000694
1367.000000 0.000691
1368.000000 0.000689
1369.000000 0.000687
1370.000000 0.000684
1371.000000 0.000682
1372.000000 0.000679
1373.000000 0.000677
1374.000000 0.000675
1375.000000 0.000672
1376.000000 0.000670
1377.000000 0.000667
1378.000000 0.000665
1379.000000 0.000663
1380.000000 0.000660
1381.000000 0.000658
1382.000000 0.000656
1383.000000 0.000653
1384.000000 0.000651
1385.000000 0.000649
1386.000000 0.000646
1387.000000 0.000644
1388.000000 0.000641
1389.000000 0.000639
1390.000000 0.000637
1391.000000 0.000634
1392.000000 0.000632
1393.000000 0.000630
1394.000000 0.000627
1395.000000 0.000625
1396.000000 0.000622
1397.000000 0.000620
1398.000000 0.000618
1399.000000 0.000615
1400.000000 0.000613
1401.000000 0.000611
1402.000000 0.000608
1403.000000 0.000606
1404.000000 0.000604
1405.000000 0.000601
1406.000000 0.000599
1407.000000 0.000596
1408.000000 0.000594
1409.000000 0.000592
1410.000000 0.000589
1411.000000 0.000587
1412.000000 0.000585
1413.000000 0.000582
1414.000000 0.000580
1415.000000 0.000578
1416.000000 0.000575
1417.000000 0.000573
1418.000000 0.000571
1419.000000 0.000568
1420.000000 0.000566
1421.000000 0.000564
1422.000000 0.000561
1423.000000 0.000559
1424.000000 0.000557
1425.000000 0.000554
1426.000000 0.000552
1427.000000 0.000550
1428.000000 0.000547
1429.000000 0.000545
1430.000000 0.000543
1431.000000 0.000540
1432.000000 0.000538
1433.000000 0.000536
1434.000000 0.000533
1435.000000 0.000531
1436.000000 0.000529
1437.000000 0.000527
1438.000000 0.000524
1439.000000 0.000522
1440.000000 0.000520
1441.000000 0.000517
1442.000000 0.000515
1443.000000 0.000513
1444.000000 0.000510
1445.000000 0.000508
1446.000000 0.000506
1447.000000 0.000504
1448.000000 0.000501
1449.000000 0.000499
1450.000000 0.000497
1451.000000 0.000494
1452.000000 0.000492
1453.000000 0.000490
1454.000000 0.000488
1455.000000 0.000485
1456.000000 0.000483
1457.000000 0.000481
1458.000000 0.000479
1459.000000 0.000476
1460.000000 0.000474
1461.000000 0.000472
1462.000000 0.000469
1463.000000 0.000467
1464.000000 0.000465
1465.000000 0.000463
1466.000000 0.000460
1467.000000 0.000458
1468.000000 0.000456
1469.000000 0.000454
1470.000000 0.000452
1471.000000 0.000449
1472.000000 0.000447
1473.000000 0.000445
1474.000000 0.000443
1475.000000 0.000440
1476.000000 0.000438
1477.000000 0.000436
1478.000000 0.000434
1479.000000 0.000432
1480.000000 0.000429
1481.000000 0.000427
1482.000000 0.000425
1483.000000 0.000423
1484.000000 0.000421
1485.000000 0.000418
1486.000000 0.000416
1487.000000 0.000414
1488.000000 0.000412
1489.000000 0.000410
1490.000000 0.000407
1491.000000 0.000405
1492.000000 0.000403
1493.000000 0.000401
1494.000000 0.000399
1495.000000 0.000397
1496.000000 0.000394
1497.000000 0.000392
1498.000000 0.000390
1499.000000 0.000388
1500.000000 0.000386
1501.000000 0.000384
1502.000000 0.000382
1503.000000 0.000379
1504.000000 0.000377
1505.000000 0.000375
1506.000000 0.000373
1507.000000 0.000371
1508.000000 0.000369
1509.000000 0.000367
1510.000000 0.000365
1511.000000 0.000362
1512.000000 0.000360
1513.000000 0.000358
1514.000000 0.000356
1515.000000 0.000354
1516.000000 0.000352
1517.000000 0.000350
1518.000000 0.000348
1519.000000 0.000346
1520.000000 0.000344
1521.000000 0.000342
1522.000000 0.000339
1523.000000 0.000337
1524.000000 0.000335
1525.000000 0.000333
1526.000000 0.000331
1527.000000 0.000329
1528.000000 0.000327
1529.000000 0.000325
1530.000000 0.000323
1531.000000 0.000321
1532.000000 0.000319
1533.000000 0.000317
1534.000000 0.000315
1535.000000 0.000313
1536.000000 0.000311
1537.000000 0.000309
1538.000000 0.000307
1539.000000 0.000305
1540.000000 0.000303
1541.000000 0.000301
1542.000000 0.000299
1543.000000 0.000297
1544.000000 0.000295
1545.000000 0.000293
1546.000000 0.000291
1547.000000 0.000289
1548.000000 0.000287
1549.000000 0.000285
1550.000000 0.000283
1551.000000 0.000281
1552.000000 0.000279
1553.000000 0.000277
1554.000000 0.000275
1555.000000 0.000273
1556.000000 0.000272
1557.000000 0.000270
1558.000000 0.000268
1559.000000 0.000266
1560.000000 0.000264
1561.000000 0.000262
1562.000000 0.000260
1563.000000 0.000258
1564.000000 0.000256
1565.000000 0.000254
1566.000000 0.000253
1567.000000 0.000251
1568.000000 0.000249
1569.000000 0.000247
1570.000000 0.000245
1571.000000 0.000243
1572.000000 0.000241
1573.000000 0.000240
1574.000000 0.000238
1575.000000 0.000236
1576.000000 0.000234
1577.000000 0.000232
1578.000000 0.000230
1579.000000 0.000229
1580.000000 0.000227
1581.000000 0.000225
1582.000000 0.000223
1583.000000 0.000221
1584.000000 0.000220
1585.000000 0.000218
1586.000000 0.000216
1587.000000 0.000214
1588.000000 0.000213
1589.000000 0.000211
1590.000000 0.000209
1591.000000 0.000207
1592.000000 0.000206
1593.000000 0.000204
1594.000000 0.000202
1595.000000 0.000201
1596.000000 0.000199
1597.000000 0.000197
1598.000000 0.000195
1599.000000 0.000194
1600.000000 0.000192
1601.000000 0.000190
1602.000000 0.000189
1603.000000 0.000187
1604.000000 0.000185
1605.000000 0.000184
1606.000000 0.000182
1607.000000 0.000181
1608.000000 0.000179
1609.000000 0.000177
1610.000000 0.000176
1611.000000 0.000174
1612.000000 0.000173
1613.000000 0.000171
1614.000000 0.000169
1615.000000 0.000168
1616.000000 0.000166
1617.000000 0.000165
1618.000000 0.000163
1619.000000 0.000162
1620.000000 0.000160
1621.000000 0.000158
1622.000000 0.000157
1623.000000 0.000155
1624.000000 0.000154
1625.000000 0.000152
1626.000000 0.000151
1627.000000 0.000149
1628.000000 0.000148
1629.000000 0.000146
1630.000000 0.000145
1631.000000 0.000144
1632.000000 0.000142
1633.000000 0.000141
1634.000000 0.000139
1635.000000 0.000138
1636.000000 0.000136
1637.000000 0.000135
1638.000000 0.000134
1639.000000 0.000132
1640.000000 0.000131
1641.000000 0.000129
1642.000000 0.000128
1643.000000 0.000127
1644.000000 0.000125
1645.000000 0.000124
1646.000000 0.000123
1647.000000 0.000121
1648.000000 0.000120
1649.000000 0.000119
1650.000000 0.000117
1651.000000 0.000116
1652.000000 0.000115
1653.000000 0.000113
1654.000000 0.000112
1655.000000 0.000111
1656.000000 0.000110
1657.000000 0.000108
1658.000000 0.000107
1659.000000 0.000106
1660.000000 0.000105
1661.000000 0.000103
1662.000000 0.000102
1663.000000 0.000101
1664.000000 0.000100
1665.000000 0.000099
1666.000000 0.000097
1667.000000 0.000096
1668.000000 0.000095
1669.000000 0.000094
1670.000000 0.000093
1671.000000 0.000092
1672.000000 0.000091
1673.000000 0.000089
1674.000000 0.000088
1675.000000 0.000087
1676.000000 0.000086
1677.000000 0.000085
1678.000000 0.000084
1679.000000 0.000083
1680.000000 0.000082
1681.000000 0.000081
1682.000000 0.000080
1683.000000 0.000079
1684.000000 0.000078
1685.000000 0.000077
1686.000000 0.000076
1687.000000 0.000075
1688.000000 0.000074
1689.000000 0.000073
1690.000000 0.000072
1691.000000 0.000071
1692.000000 0.000070
1693.000000 0.000069
1694.000000 0.000068
1695.000000 0.000067
1696.000000 0.000066
1697.000000 0.000065
1698.000000 0.000064
1699.000000 0.000063
1700.000000 0.000062
1701.000000 0.000061
1702.000000 0.000060
1703.000000 0.000059
1704.000000 0.000059
1705.000000 0.000058
1706.000000 0.000057
1707.000000 0.000056
1708.000000 0.000055
1709.000000 0.000054
1710.000000 0.000054
1711.000000 0.000053
1712.000000 0.000052
1713.000000 0.000051
1714.000000 0.000050
1715.000000 0.000050
1716.000000 0.000049
1717.000000 0.000048
1718.000000 0.000047
1719.000000 0.000047
1720.000000 0.000046
1721.000000 0.000045
1722.000000 0.000044
1723.000000 0.000044
1724.000000 0.000043
1725.000000 0.000042
1726.000000 0.000042
1727.000000 0.000041
1728.000000 0.000040
1729.000000 0.000040
1730.000000 0.000039
1731.000000 0.000038
1732.000000 0.000038
1733.000000 0.000037
1734.000000 0.000036
1735.000000 0.000036
1736.000000 0.000035
1737.000000 0.000034
1738.000000 0.000034
1739.000000 0.000033
1740.000000 0.000033
1741.000000 0.000032
1742.000000 0.000031
1743.000000 0.000031
1744.000000 0.000030
1745.000000 0.000030
1746.000000 0.000029
1747.000000 0.000029
1748.000000 0.000028
1749.000000 0.000028
1750.000000 0.000027
1751.000000 0.000027
1752.000000 0.000026
1753.000000 0.000026
1754.000000 0.000025
1755.000000 0.000025
1756.000000 0.000024
1757.000000 0.000024
1758.000000 0.000023
1759.000000 0.000023
1760.000000 0.000022
1761.000000 0.000022
1762.000000 0.000021
1763.000000 0.000021
1764.000000 0.000021
1765.000000 0.000020
1766.000000 0.000020
1767.000000 0.000019
1768.000000 0.000019
1769.000000 0.000019
1770.000000 0.000018
1771.000000 0.000018
1772.000000 0.000017
1773.000000 0.000017
1774.000000 0.000017
1775.000000 0.000016
1776.000000 0.000016
1777.000000 0.000016
1778.000000 0.000015
1779.000000 0.000015
1780.000000 0.000015
1781.000000 0.000014
1782.000000 0.000014
1783.000000 0.000014
1784.000000 0.000013
1785.000000 0.000013
1786.000000 0.000013
1787.000000 0.000012
1788.000000 0.000012
1789.000000 0.000012
1790.000000 0.000011
1791.000000 0.000011
1792.000000 0.000011
1793.000000 0.000011
1794.000000 0.000010
1795.000000 0.000010
1796.000000 0.000010
1797.000000 0.000010
1798.000000 0.000009
1799.000000 0.000009
1800.000000 0.000009
1801.000000 0.000009
1802.000000 0.000008
1803.000000 0.000008
1804.000000 0.000008
1805.000000 0.000008
1806.000000 0.000008
1807.000000 0.000007
1808.000000 0.000007
1809.000000 0.000007
1810.000000 0.000007
1811.000000 0.000007
1812.000000 0.000006
1813.000000 0.000006
1814.000000 0.000006
1815.000000 0.000006
1816.000000 0.000006
1817.000000 0.000006
1818.000000 0.000005
1819.000000 0.000005
1820.000000 0.000005
1821.000000 0.000005
1822.000000 0.000005
1823.000000 0.000005
1824.000000 0.000005
1825.000000 0.000004
1826.000000 0.000004
1827.000000 0.000004
1828.000000 0.000004
1829.000000 0.000004
1830.000000 0.000004
1831.000000 0.000004
1832.000000 0.000003
1833.000000 0.000003
1834.000000 0.000003
1835.000000 0.000003
1836.000000 0.000003
1837.000000 0.000003
1838.000000 0.000003
1839.000000 0.000003
1840.000000 0.000003
1841.000000 0.000003
1842.000000 0.000002
1843.000000 0.000002
1844.000000 0.000002
1845.000000 0.000002
1846.000000 0.000002
1847.000000 0.000002
1848.000000 0.000002
1849.000000 0.000002
1850.000000 0.000002
1851.000000 0.000002
1852.000000 0.000002
1853.000000 0.000002
1854.000000 0.000002
1855.000000 0.000001
1856.000000 0.000001
1857.000000 0.000001
1858.000000 0.000001
1859.000000 0.000001
1860.000000 0.000001
1861.000000 0.000001
1862.000000 0.000001
1863.000000 0.000001
1864.000000 0.000001
1865.000000 0.000001
1866.000000 0.000001
1867.000000 0.000001
1868.000000 0.000001
1869.000000 0.000001
1870.000000 0.000001
1871.000000 0.000001
1872.000000 0.000001
1873.000000 0.000001
1874.000000 0.000001
1875.000000 0.000001
1876.000000 0.000001
1877.000000 0.000001
1878.000000 0.000001
1879.000000 0.000000
1880.000000 0.000000
1881.000000 0.000000
1882.000000 0.000000
1883.000000 0.000000
1884.000000 0.000000
1885.000000 0.000000
1886.000000 0.000000
1887.000000 0.000000
1888.000000 0.000000
1889.000000 0.000000
1890.000000 0.000000
1891.000000 0.000000
1892.000000 0.000000
1893.000000 0.000000
1894.000000 0.000000
1895.000000 0.000000
1896.000000 0.000000
1897.000000 0.000000
1898.000000 0.000000
1899.000000 0.000000
1900.000000 0.000000
1901.000000 0.000000
1902.000000 0.000000
1903.000000 0.000000
1904.000000 0.000000
1905.000000 0.000000
1906.000000 0.000000
1907.000000 0.000000
1908.000000 0.000000
1909.000000 0.000000
1910.000000 0.000000
1911.000000 0.000000
1912.000000 0.000000
1913.000000 0.000000
1914.000000 0.000000
1915.000000 0.000000
1916.000000 0.000000
1917.000000 0.000000
1918.000000 0.000000
1919.000000 0.000000
1920.000000 0.000000
1921.000000 0.000000
1922.000000 0.000000
1923.000000 0.000000
1924.000000 0.000000
1925.000000 0.000000
1926.000000 0.000000
1927.000000 0.000000
1928.000000 0.000000
1929.000000 0.000000
1930.000000 0.000000
1931.000000 0.000000
1932.000000 0.000000
1933.000000 0.000000
1934.000000 0.000000
1935.000000 0.000000
1936.000000 0.000000
1937.000000 0.000000
1938.000000 0.000000
1939.000000 0.000000
1940.000000 0.000000
1941.000000 0.000000
1942.000000 0.000000
1943.000000 0.000000
1944.000000 0.000000
1945.000000 0.000000
1946.000000 0.000000
1947.000000 0.000000
1948.000000 0.000000
1949.000000 0.000000
1950.000000 0.000000
1951.000000 0.000000
1952.000000 0.000000
1953.000000 0.000000
1954.000000 0.000000
1955.000000 0.000000
1956.000000 0.000000
1957.000000 0.000000
1958.000000 0.000000
1959.000000 0.000000
1960.000000 0.000000
1961.000000 0.000000
1962.000000 0.000000
1963.000000 0.000000
1964.000000 0.000000
1965.000000 0.000000
1966.000000 0.000000
1967.000000 0.000000
1968.000000 0.000000
1969.000000 0.000000
1970.000000 0.000000
1971.000000 0.000000
1972.000000 0.000000
1973.000000 0.000000
1974.000000 0.000000
1975.000000 0.000000
1976.000000 0.000000
1977.000000 0.000000
1978.000000 0.000000
1979.000000 0.000000
1980.000000 0.000000
1981.000000 0.000000
1982.000000 0.000000
1983.000000 0.000000
1984.000000 0.000000
1985.000000 0.000000
1986.000000 0.000000
1987.000000 0.000000
1988.000000 0.000000
1989.000000 0.000000
1990.000000 0.000000
1991.000000 0.000000
1992.000000 0.000000
1993.000000 0.000000
1994.000000 0.000000
1995.000000 0.000000
1996.000000 0.000000
1997.000000 0.000000
1998.000000 0.000000
1999.000000 0.000000
2000.000000 0.000000
