n lam mean variance std
4000 0.390000 2000.493667 273343.951526 522.823059
bin_midpoint probability
1.000000 0.000000
2.000000 0.000000
3.000000 0.000000
4.000000 0.000000
5.000000 0.000000
6.000000 0.000000
7.000000 0.000000
8.000000 0.000000
9.000000 0.000000
10.000000 0.000000
11.000000 0.000000
12.000000 0.000000
13.000000 0.000000
14.000000 0.000000
15.000000 0.000000
16.000000 0.000000
17.000000 0.000000
18.000000 0.000000
19.000000 0.000000
20.000000 0.000000
21.000000 0.000000
22.000000 0.000000
23.000000 0.000000
24.000000 0.000000
25.000000 0.000000
26.000000 0.000000
27.000000 0.000000
28.000000 0.000000
29.000000 0.000000
30.000000 0.000000
31.000000 0.000000
32.000000 0.000000
33.000000 0.000000
34.000000 0.000000
35.000000 0.000000
36.000000 0.000000
37.000000 0.000000
38.000000 0.000000
39.000000 0.000000
40.000000 0.000000
41.000000 0.000000
42.000000 0.000000
43.000000 0.000000
44.000000 0.000000
45.000000 0.000000
46.000000 0.000000
47.000000 0.000000
48.000000 0.000000
49.000000 0.000000
50.000000 0.000000
51.000000 0.000000
52.000000 0.000000
53.000000 0.000000
54.000000 0.000000
55.000000 0.000000
56.000000 0.000000
57.000000 0.000000
58.000000 0.000000
59.000000 0.000000
60.000000 0.000000
61.000000 0.000000
62.000000 0.000000
63.000000 0.000000
64.000000 0.000000
65.000000 0.000000
66.000000 0.000000
67.000000 0.000000
68.000000 0.000000
69.000000 0.000000
70.000000 0.000000
71.000000 0.000000
72.000000 0.000000
73.000000 0.000000
74.000000 0.000000
75.000000 0.000000
76.000000 0.000000
77.000000 0.000000
78.000000 0.000000
79.000000 0.000000
80.000000 0.000000
81.000000 0.000000
82.000000 0.000000
83.000000 0.000000
84.000000 0.000000
85.000000 0.000000
86.000000 0.000000
87.000000 0.000000
88.000000 0.000000
89.000000 0.000000
90.000000 0.000000
91.000000 0.000000
92.000000 0.000000
93.000000 0.000000
94.000000 0.000000
95.000000 0.000000
96.000000 0.000000
97.000000 0.000000
98.000000 0.000000
99.000000 0.000000
100.000000 0.000000
101.000000 0.000000
102.000000 0.000000
103.000000 0.000000
104.000000 0.000000
105.000000 0.000000
106.000000 0.000000
107.000000 0.000000
108.000000 0.000000
109.000000 0.000000
110.000000 0.000000
111.000000 0.000000
112.000000 0.000000
113.000000 0.000000
114.000000 0.000000
115.000000 0.000000
116.000000 0.000000
117.000000 0.000000
118.000000 0.000000
119.000000 0.000000
120.000000 0.000000
121.000000 0.000000
122.000000 0.000000
123.000000 0.000000
124.000000 0.000000
125.000000 0.000000
126.000000 0.000000
127.000000 0.000000
128.000000 0.000000
129.000000 0.000000
130.000000 0.000000
131.000000 0.000000
132.000000 0.000000
133.000000 0.000000
134.000000 0.000000
135.000000 0.000000
136.000000 0.000000
137.000000 0.000000
138.000000 0.000000
139.000000 0.000000
140.000000 0.000000
141.000000 0.000000
142.000000 0.000000
143.000000 0.000000
144.000000 0.000000
145.000000 0.000000
146.000000 0.000000
147.000000 0.000000
148.000000 0.000000
149.000000 0.000000
150.000000 0.000000
151.000000 0.000000
152.000000 0.000000
153.000000 0.000000
154.000000 0.000000
155.000000 0.000000
156.000000 0.000000
157.000000 0.000000
158.000000 0.000000
159.000000 0.000000
160.000000 0.000000
161.000000 0.000000
162.000000 0.000000
163.000000 0.000000
164.000000 0.000000
165.000000 0.000000
166.000000 0.000000
167.000000 0.000000
168.000000 0.000000
169.000000 0.000000
170.000000 0.000000
171.000000 0.000000
172.000000 0.000000
173.000000 0.000000
174.000000 0.000000
175.000000 0.000000
176.000000 0.000000
177.000000 0.000000
178.000000 0.000000
179.000000 0.000000
180.000000 0.000000
181.000000 0.000000
182.000000 0.000000
183.000000 0.000000
184.000000 0.000000
185.000000 0.000000
186.000000 0.000000
187.000000 0.000000
188.000000 0.000000
189.000000 0.000000
190.000000 0.000000
191.000000 0.000000
192.000000 0.000000
193.000000 0.000000
194.000000 0.000000
195.000000 0.000000
196.000000 0.000000
197.000000 0.000000
198.000000 0.000000
199.000000 0.000000
200.000000 0.000000
201.000000 0.000000
202.000000 0.000000
203.000000 0.000000
204.000000 0.000000
205.000000 0.000000
206.000000 0.000000
207.000000 0.000000
208.000000 0.000000
209.000000 0.000000
210.000000 0.000000
211.000000 0.000000
212.000000 0.000000
213.000000 0.000000
214.000000 0.000000
215.000000 0.000000
216.000000 0.000000
217.000000 0.000000
218.000000 0.000000
219.000000 0.000000
220.000000 0.000000
221.000000 0.000000
222.000000 0.000000
223.000000 0.000000
224.000000 0.000000
225.000000 0.000000
226.000000 0.000000
227.000000 0.000000
228.000000 0.000000
229.000000 0.000000
230.000000 0.000000
231.000000 0.000000
232.000000 0.000000
233.000000 0.000000
234.000000 0.000000
235.000000 0.000000
236.000000 0.000000
237.000000 0.000000
238.000000 0.000000
239.000000 0.000000
240.000000 0.000000
241.000000 0.000000
242.000000 0.000000
243.000000 0.000000
244.000000 0.000000
245.000000 0.000000
246.000000 0.000000
247.000000 0.000000
248.000000 0.000000
249.000000 0.000000
250.000000 0.000000
251.000000 0.000000
252.000000 0.000000
253.000000 0.000000
254.000000 0.000000
255.000000 0.000000
256.000000 0.000000
257.000000 0.000000
258.000000 0.000000
259.000000 0.000000
260.000000 0.000000
261.000000 0.000000
262.000000 0.000000
263.000000 0.000000
264.000000 0.000000
265.000000 0.000000
266.000000 0.000000
267.000000 0.000000
268.000000 0.000000
269.000000 0.000000
270.000000 0.000000
271.000000 0.000000
272.000000 0.000000
273.000000 0.000000
274.000000 0.000000
275.000000 0.000000
276.000000 0.000000
277.000000 0.000000
278.000000 0.000000
279.000000 0.000000
280.000000 0.000000
281.000000 0.000000
282.000000 0.000000
283.000000 0.000000
284.000000 0.000000
285.000000 0.000000
286.000000 0.000000
287.000000 0.000000
288.000000 0.000000
289.000000 0.000000
290.000000 0.000000
291.000000 0.000000
292.000000 0.000000
293.000000 0.000000
294.000000 0.000000
295.000000 0.000000
296.000000 0.000000
297.000000 0.000000
298.000000 0.000000
299.000000 0.000000
300.000000 0.000000
301.000000 0.000000
302.000000 0.000000
303.000000 0.000000
304.000000 0.000000
305.000000 0.000000
306.000000 0.000000
307.000000 0.000000
308.000000 0.000000
309.000000 0.000000
310.000000 0.000000
311.000000 0.000000
312.000000 0.000000
313.000000 0.000000
314.000000 0.000000
315.000000 0.000000
316.000000 0.000000
317.000000 0.000000
318.000000 0.000000
319.000000 0.000000
320.000000 0.000000
321.000000 0.000000
322.000000 0.000000
323.000000 0.000000
324.000000 0.000000
325.000000 0.000000
326.000000 0.000000
327.000000 0.000000
328.000000 0.000000
329.000000 0.000000
330.000000 0.000000
331.000000 0.000000
332.000000 0.000000
333.000000 0.000000
334.000000 0.000000
335.000000 0.000000
336.000000 0.000000
337.000000 0.000000
338.000000 0.000000
339.000000 0.000000
340.000000 0.000000
341.000000 0.000000
342.000000 0.000000
343.000000 0.000000
344.000000 0.000000
345.000000 0.000000
346.000000 0.000000
347.000000 0.000000
348.000000 0.000000
349.000000 0.000000
350.000000 0.000000
351.000000 0.000000
352.000000 0.000000
353.000000 0.000000
354.000000 0.000000
355.000000 0.000000
356.000000 0.000000
357.000000 0.000000
358.000000 0.000000
359.000000 0.000000
360.000000 0.000000
361.000000 0.000000
362.000000 0.000000
363.000000 0.000000
364.000000 0.000000
365.000000 0.000000
366.000000 0.000000
367.000000 0.000000
368.000000 0.000000
369.000000 0.000000
370.000000 0.000000
371.000000 0.000000
372.000000 0.000000
373.000000 0.000000
374.000000 0.000000
375.000000 0.000000
376.000000 0.000000
377.000000 0.000000
378.000000 0.000000
379.000000 0.000000
380.000000 0.000000
381.000000 0.000000
382.000000 0.000000
383.000000 0.000000
384.000000 0.000000
385.000000 0.000001
386.000000 0.000001
387.000000 0.000001
388.000000 0.000001
389.000000 0.000001
390.000000 0.000001
391.000000 0.000001
392.000000 0.000001
393.000000 0.000001
394.000000 0.000001
395.000000 0.000001
396.000000 0.000001
397.000000 0.000001
398.000000 0.000001
399.000000 0.000001
400.000000 0.000001
401.000000 0.000001
402.000000 0.000001
403.000000 0.000001
404.000000 0.000001
405.000000 0.000001
406.000000 0.000001
407.000000 0.000001
408.000000 0.000001
409.000000 0.000001
410.000000 0.000001
411.000000 0.000001
412.000000 0.000001
413.000000 0.000001
414.000000 0.000001
415.000000 0.000001
416.000000 0.000001
417.000000 0.000001
418.000000 0.000001
419.000000 0.000001
420.000000 0.000001
421.000000 0.000001
422.000000 0.000001
423.000000 0.000001
424.000000 0.000001
425.000000 0.000001
426.000000 0.000001
427.000000 0.000001
428.000000 0.000001
429.000000 0.000001
430.000000 0.000001
431.000000 0.000001
432.000000 0.000001
433.000000 0.000001
434.000000 0.000001
435.000000 0.000001
436.000000 0.000001
437.000000 0.000001
438.000000 0.000001
439.000000 0.000001
440.000000 0.000001
441.000000 0.000001
442.000000 0.000001
443.000000 0.000001
444.000000 0.000001
445.000000 0.000001
446.000000 0.000001
447.000000 0.000001
448.000000 0.000002
449.000000 0.000002
450.000000 0.000002
451.000000 0.000002
452.000000 0.000002
453.000000 0.000002
454.000000 0.000002
455.000000 0.000002
456.000000 0.000002
457.000000 0.000002
458.000000 0.000002
459.000000 0.000002
460.000000 0.000002
461.000000 0.000002
462.000000 0.000002
463.000000 0.000002
464.000000 0.000002
465.000000 0.000002
466.000000 0.000002
467.000000 0.000002
468.000000 0.000002
469.000000 0.000002
470.000000 0.000002
471.000000 0.000002
472.000000 0.000002
473.000000 0.000002
474.000000 0.000002
475.000000 0.000002
476.000000 0.000002
477.000000 0.000002
478.000000 0.000002
479.000000 0.000002
480.000000 0.000002
481.000000 0.000002
482.000000 0.000003
483.000000 0.000003
484.000000 0.000003
485.000000 0.000003
486.000000 0.000003
487.000000 0.000003
488.000000 0.000003
489.000000 0.000003
490.000000 0.000003
491.000000 0.000003
492.000000 0.000003
493.000000 0.000003
494.000000 0.000003
495.000000 0.000003
496.000000 0.000003
497.000000 0.000003
498.000000 0.000003
499.000000 0.000003
500.000000 0.000003
501.000000 0.000003
502.000000 0.000003
503.000000 0.000003
504.000000 0.000003
505.000000 0.000003
506.000000 0.000003
507.000000 0.000004
508.000000 0.000004
509.000000 0.000004
510.000000 0.000004
511.000000 0.000004
512.000000 0.000004
513.000000 0.000004
514.000000 0.000004
515.000000 0.000004
516.000000 0.000004
517.000000 0.000004
518.000000 0.000004
519.000000 0.000004
520.000000 0.000004
521.000000 0.000004
522.000000 0.000004
523.000000 0.000004
524.000000 0.000004
525.000000 0.000004
526.000000 0.000004
527.000000 0.000005
528.000000 0.000005
529.000000 0.000005
530.000000 0.000005
531.000000 0.000005
532.000000 0.000005
533.000000 0.000005
534.000000 0.000005
535.000000 0.000005
536.000000 0.000005
537.000000 0.000005
538.000000 0.000005
539.000000 0.000005
540.000000 0.000005
541.000000 0.000005
542.000000 0.000005
543.000000 0.000005
544.000000 0.000006
545.000000 0.000006
546.000000 0.000006
547.000000 0.000006
548.000000 0.000006
549.000000 0.000006
550.000000 0.000006
551.000000 0.000006
552.000000 0.000006
553.000000 0.000006
554.000000 0.000006
555.000000 0.000006
556.000000 0.000006
557.000000 0.000006
558.000000 0.000007
559.000000 0.000007
560.000000 0.000007
561.000000 0.000007
562.000000 0.000007
563.000000 0.000007
564.000000 0.000007
565.000000 0.000007
566.000000 0.000007
567.000000 0.000007
568.000000 0.000007
569.000000 0.000007
570.000000 0.000007
571.000000 0.000008
572.000000 0.000008
573.000000 0.000008
574.000000 0.000008
575.000000 0.000008
576.000000 0.000008
577.000000 0.000008
578.000000 0.000008
579.000000 0.000008
580.000000 0.000008
581.000000 0.000008
582.000000 0.000008
583.000000 0.000009
584.000000 0.000009
585.000000 0.000009
586.000000 0.000009
587.000000 0.000009
588.000000 0.000009
589.000000 0.000009
590.000000 0.000009
591.000000 0.000009
592.000000 0.000009
593.000000 0.000009
594.000000 0.000010
595.000000 0.000010
596.000000 0.000010
597.000000 0.000010
598.000000 0.000010
599.000000 0.000010
600.000000 0.000010
601.000000 0.000010
602.000000 0.000010
603.000000 0.000010
604.000000 0.000011
605.000000 0.000011
606.000000 0.000011
607.000000 0.000011
608.000000 0.000011
609.000000 0.000011
610.000000 0.000011
611.000000 0.000011
612.000000 0.000011
613.000000 0.000012
614.000000 0.000012
615.000000 0.000012
616.000000 0.000012
617.000000 0.000012
618.000000 0.000012
619.000000 0.000012
620.000000 0.000012
621.000000 0.000013
622.000000 0.000013
623.000000 0.000013
624.000000 0.000013
625.000000 0.000013
626.000000 0.000013
627.000000 0.000013
628.000000 0.000013
629.000000 0.000014
630.000000 0.000014
631.000000 0.000014
632.000000 0.000014
633.000000 0.000014
634.000000 0.000014
635.000000 0.000014
636.000000 0.000014
637.000000 0.000015
638.000000 0.000015
639.000000 0.000015
640.000000 0.000015
641.000000 0.000015
642.000000 0.000015
643.000000 0.000015
644.000000 0.000016
645.000000 0.000016
646.000000 0.000016
647.000000 0.000016
648.000000 0.000016
649.000000 0.000016
650.000000 0.000016
651.000000 0.000016
652.000000 0.000017
653.000000 0.000017
654.000000 0.000017
655.000000 0.000017
656.000000 0.000017
657.000000 0.000017
658.000000 0.000018
659.000000 0.000018
660.000000 0.000018
661.000000 0.000018
662.000000 0.000018
663.000000 0.000018
664.000000 0.000018
665.000000 0.000019
666.000000 0.000019
667.000000 0.000019
668.000000 0.000019
669.000000 0.000019
670.000000 0.000019
671.000000 0.000020
672.000000 0.000020
673.000000 0.000020
674.000000 0.000020
675.000000 0.000020
676.000000 0.000020
677.000000 0.000021
678.000000 0.000021
679.000000 0.000021
680.000000 0.000021
681.000000 0.000021
682.000000 0.000021
683.000000 0.000022
684.000000 0.000022
685.000000 0.000022
686.000000 0.000022
687.000000 0.000022
688.000000 0.000023
689.000000 0.000023
690.000000 0.000023
691.000000 0.000023
692.000000 0.000023
693.000000 0.000023
694.000000 0.000024
695.000000 0.000024
696.000000 0.000024
697.000000 0.000024
698.000000 0.000025
699.000000 0.000025
700.000000 0.000025
701.000000 0.000025
702.000000 0.000025
703.000000 0.000025
704.000000 0.000026
705.000000 0.000026
706.000000 0.000026
707.000000 0.000026
708.000000 0.000026
709.000000 0.000027
710.000000 0.000027
711.000000 0.000027
712.000000 0.000027
713.000000 0.000027
714.000000 0.000028
715.000000 0.000028
716.000000 0.000028
717.000000 0.000028
718.000000 0.000029
719.000000 0.000029
720.000000 0.000029
721.000000 0.000029
722.000000 0.000029
723.000000 0.000030
724.000000 0.000030
725.000000 0.000030
726.000000 0.000030
727.000000 0.000031
728.000000 0.000031
729.000000 0.000031
730.000000 0.000031
731.000000 0.000032
732.000000 0.000032
733.000000 0.000032
734.000000 0.000032
735.000000 0.000032
736.000000 0.000033
737.000000 0.000033
738.000000 0.000033
739.000000 0.000033
740.000000 0.000034
741.000000 0.000034
742.000000 0.000034
743.000000 0.000034
744.000000 0.000035
745.000000 0.000035
746.000000 0.000035
747.000000 0.000035
748.000000 0.000036
749.000000 0.000036
750.000000 0.000036
751.000000 0.000036
752.000000 0.000037
753.000000 0.000037
754.000000 0.000037
755.000000 0.000037
756.000000 0.000038
757.000000 0.000038
758.000000 0.000038
759.000000 0.000038
760.000000 0.000039
761.000000 0.000039
762.000000 0.000039
763.000000 0.000039
764.000000 0.000040
765.000000 0.000040
766.000000 0.000040
767.000000 0.000041
768.000000 0.000041
769.000000 0.000041
770.000000 0.000041
771.000000 0.000042
772.000000 0.000042
773.000000 0.000042
774.000000 0.000042
775.000000 0.000043
776.000000 0.000043
777.000000 0.000043
778.000000 0.000044
779.000000 0.000044
780.000000 0.000044
781.000000 0.000045
782.000000 0.000045
783.000000 0.000045
784.000000 0.000045
785.000000 0.000046
786.000000 0.000046
787.000000 0.000046
788.000000 0.000047
789.000000 0.000047
790.000000 0.000047
791.000000 0.000048
792.000000 0.000048
793.000000 0.000048
794.000000 0.000048
795.000000 0.000049
796.000000 0.000049
797.000000 0.000049
798.000000 0.000050
799.000000 0.000050
800.000000 0.000050
801.000000 0.000051
802.000000 0.000051
803.000000 0.000051
804.000000 0.000052
805.000000 0.000052
806.000000 0.000052
807.000000 0.000053
808.000000 0.000053
809.000000 0.000053
810.000000 0.000054
811.000000 0.000054
812.000000 0.000054
813.000000 0.000055
814.000000 0.000055
815.000000 0.000055
816.000000 0.000056
817.000000 0.000056
818.000000 0.000056
819.000000 0.000057
820.000000 0.000057
821.000000 0.000057
822.000000 0.000058
823.000000 0.000058
824.000000 0.000058
825.000000 0.000059
826.000000 0.000059
827.000000 0.000059
828.000000 0.000060
829.000000 0.000060
830.000000 0.000061
831.000000 0.000061
832.000000 0.000061
833.000000 0.000062
834.000000 0.000062
835.000000 0.000062
836.000000 0.000063
837.000000 0.000063
838.000000 0.000063
839.000000 0.000064
840.000000 0.000064
841.000000 0.000065
842.000000 0.000065
843.000000 0.000065
844.000000 0.000066
845.000000 0.000066
846.000000 0.000066
847.000000 0.000067
848.000000 0.000067
849.000000 0.000067
850.000000 0.000068
851.000000 0.000068
852.000000 0.000069
853.000000 0.000069
854.000000 0.000069
855.000000 0.000070
856.000000 0.000070
857.000000 0.000070
858.000000 0.000071
859.000000 0.000071
860.000000 0.000072
861.000000 0.000072
862.000000 0.000072
863.000000 0.000073
864.000000 0.000073
865.000000 0.000074
866.000000 0.000074
867.000000 0.000075
868.000000 0.000075
869.000000 0.000075
870.000000 0.000076
871.000000 0.000076
872.000000 0.000077
873.000000 0.000077
874.000000 0.000077
875.000000 0.000078
876.000000 0.000078
877.000000 0.000079
878.000000 0.000079
879.000000 0.000079
880.000000 0.000080
881.000000 0.000080
882.000000 0.000081
883.000000 0.000081
884.000000 0.000082
885.000000 0.000082
886.000000 0.000083
887.000000 0.000083
888.000000 0.000083
889.000000 0.000084
890.000000 0.000084
891.000000 0.000085
892.000000 0.000085
893.000000 0.000085
894.000000 0.000086
895.000000 0.000087
896.000000 0.000087
897.000000 0.000087
898.000000 0.000088
899.000000 0.000088
900.000000 0.000089
901.000000 0.000089
902.000000 0.000090
903.000000 0.000090
904.000000 0.000090
905.000000 0.000091
906.000000 0.000091
907.000000 0.000092
908.000000 0.000092
909.000000 0.000093
910.000000 0.000093
911.000000 0.000094
912.000000 0.000094
913.000000 0.000095
914.000000 0.000095
915.000000 0.000095
916.000000 0.000096
917.000000 0.000097
918.000000 0.000097
919.000000 0.000098
920.000000 0.000098
921.000000 0.000098
922.000000 0.000099
923.000000 0.000099
924.000000 0.000100
925.000000 0.000101
926.000000 0.000101
927.000000 0.000101
928.000000 0.000102
929.000000 0.000102
930.000000 0.000103
931.000000 0.000103
932.000000 0.000104
933.000000 0.000104
934.000000 0.000105
935.000000 0.000105
936.000000 0.000106
937.000000 0.000106
938.000000 0.000107
939.000000 0.000107
940.000000 0.000108
941.000000 0.000108
942.000000 0.000109
943.000000 0.000109
944.000000 0.000110
945.000000 0.000110
946.000000 0.000111
947.000000 0.000111
948.000000 0.000112
949.000000 0.000112
950.000000 0.000113
951.000000 0.000113
952.000000 0.000114
953.000000 0.000115
954.000000 0.000115
955.000000 0.000116
956.000000 0.000116
957.000000 0.000116
958.000000 0.000117
959.000000 0.000118
960.000000 0.000118
961.000000 0.000119
962.000000 0.000119
963.000000 0.000120
964.000000 0.000120
965.000000 0.000120
966.000000 0.000121
967.000000 0.000122
968.000000 0.000122
969.000000 0.000123
970.000000 0.000124
971.000000 0.000124
972.000000 0.000125
973.000000 0.000125
974.000000 0.000126
975.000000 0.000126
976.000000 0.000126
977.000000 0.000127
978.000000 0.000128
979.000000 0.000128
980.000000 0.000129
981.000000 0.000130
982.000000 0.000130
983.000000 0.000131
984.000000 0.000131
985.000000 0.000132
986.000000 0.000132
987.000000 0.000133
988.000000 0.000133
989.000000 0.000134
990.000000 0.000134
991.000000 0.000135
992.000000 0.000136
993.000000 0.000136
994.000000 0.000137
995.000000 0.000137
996.000000 0.000138
997.000000 0.000139
998.000000 0.000139
999.000000 0.000140
1000.000000 0.000140
1001.000000 0.000141
1002.000000 0.000141
1003.000000 0.000142
1004.000000 0.000142
1005.000000 0.000143
1006.000000 0.000144
1007.000000 0.000144
1008.000000 0.000145
1009.000000 0.000145
1010.000000 0.000146
1011.000000 0.000147
1012.000000 0.000147
1013.000000 0.000148
1014.000000 0.000149
1015.000000 0.000149
1016.000000 0.000150
1017.000000 0.000150
1018.000000 0.000151
1019.000000 0.000151
1020.000000 0.000152
1021.000000 0.000152
1022.000000 0.000153
1023.000000 0.000154
1024.000000 0.000155
1025.000000 0.000155
1026.000000 0.000155
1027.000000 0.000156
1028.000000 0.000157
1029.000000 0.000157
1030.000000 0.000158
1031.000000 0.000159
1032.000000 0.000159
1033.000000 0.000160
1034.000000 0.000160
1035.000000 0.000161
1036.000000 0.000162
1037.000000 0.000162
1038.000000 0.000163
1039.000000 0.000164
1040.000000 0.000164
1041.000000 0.000165
1042.000000 0.000166
1043.000000 0.000166
1044.000000 0.000167
1045.000000 0.000167
1046.000000 0.000168
1047.000000 0.000169
1048.000000 0.000169
1049.000000 0.000170
1050.000000 0.000171
1051.000000 0.000171
1052.000000 0.000172
1053.000000 0.000173
1054.000000 0.000173
1055.000000 0.000174
1056.000000 0.000174
1057.000000 0.000175
1058.000000 0.000176
1059.000000 0.000176
1060.000000 0.000177
1061.000000 0.000178
1062.000000 0.000178
1063.000000 0.000179
1064.000000 0.000180
1065.000000 0.000180
1066.000000 0.000181
1067.000000 0.000182
1068.000000 0.000182
1069.000000 0.000183
1070.000000 0.000183
1071.000000 0.000184
1072.000000 0.000185
1073.000000 0.000185
1074.000000 0.000186
1075.000000 0.000187
1076.000000 0.000187
1077.000000 0.000188
1078.000000 0.000189
1079.000000 0.000189
1080.000000 0.000190
1081.000000 0.000191
1082.000000 0.000191
1083.000000 0.000192
1084.000000 0.000192
1085.000000 0.000193
1086.000000 0.000194
1087.000000 0.000194
1088.000000 0.000195
1089.000000 0.000196
1090.000000 0.000196
1091.000000 0.000197
1092.000000 0.000198
1093.000000 0.000198
1094.000000 0.000200
1095.000000 0.000200
1096.000000 0.000201
1097.000000 0.000202
1098.000000 0.000202
1099.000000 0.000203
1100.000000 0.000204
1101.000000 0.000204
1102.000000 0.000205
1103.000000 0.000206
1104.000000 0.000206
1105.000000 0.000207
1106.000000 0.000207
1107.000000 0.000208
1108.000000 0.000209
1109.000000 0.000209
1110.000000 0.000210
1111.000000 0.000211
1112.000000 0.000211
1113.000000 0.000212
1114.000000 0.000213
1115.000000 0.000213
1116.000000 0.000214
1117.000000 0.000215
1118.000000 0.000215
1119.000000 0.000217
1120.000000 0.000217
1121.000000 0.000218
1122.000000 0.000219
1123.000000 0.000219
1124.000000 0.000220
1125.000000 0.000221
1126.000000 0.000221
1127.000000 0.000222
1128.000000 0.000223
1129.000000 0.000223
1130.000000 0.000224
1131.000000 0.000225
1132.000000 0.000225
1133.000000 0.000227
1134.000000 0.000227
1135.000000 0.000228
1136.000000 0.000228
1137.000000 0.000229
1138.000000 0.000230
1139.000000 0.000231
1140.000000 0.000231
1141.000000 0.000232
1142.000000 0.000233
1143.000000 0.000233
1144.000000 0.000234
1145.000000 0.000235
1146.000000 0.000236
1147.000000 0.000236
1148.000000 0.000237
1149.000000 0.000238
1150.000000 0.000239
1151.000000 0.000239
1152.000000 0.000240
1153.000000 0.000241
1154.000000 0.000241
1155.000000 0.000242
1156.000000 0.000242
1157.000000 0.000243
1158.000000 0.000244
1159.000000 0.000245
1160.000000 0.000246
1161.000000 0.000246
1162.000000 0.000247
1163.000000 0.000248
1164.000000 0.000249
1165.000000 0.000249
1166.000000 0.000250
1167.000000 0.000251
1168.000000 0.000251
1169.000000 0.000252
1170.000000 0.000253
1171.000000 0.000254
1172.000000 0.000254
1173.000000 0.000255
1174.000000 0.000256
1175.000000 0.000257
1176.000000 0.000257
1177.000000 0.000258
1178.000000 0.000259
1179.000000 0.000259
1180.000000 0.000260
1181.000000 0.000261
1182.000000 0.000262
1183.000000 0.000262
1184.000000 0.000263
1185.000000 0.000264
1186.000000 0.000265
1187.000000 0.000265
1188.000000 0.000266
1189.000000 0.000267
1190.000000 0.000267
1191.000000 0.000268
1192.000000 0.000269
1193.000000 0.000270
1194.000000 0.000271
1195.000000 0.000271
1196.000000 0.000272
1197.000000 0.000273
1198.000000 0.000273
1199.000000 0.000274
1200.000000 0.000275
1201.000000 0.000275
1202.000000 0.000277
1203.000000 0.000277
1204.000000 0.000278
1205.000000 0.000279
1206.000000 0.000279
1207.000000 0.000280
1208.000000 0.000281
1209.000000 0.000281
1210.000000 0.000283
1211.000000 0.000283
1212.000000 0.000284
1213.000000 0.000285
1214.000000 0.000285
1215.000000 0.000286
1216.000000 0.000287
1217.000000 0.000287
1218.000000 0.000289
1219.000000 0.000289
1220.000000 0.000290
1221.000000 0.000291
1222.000000 0.000291
1223.000000 0.000292
1224.000000 0.000293
1225.000000 0.000294
1226.000000 0.000294
1227.000000 0.000295
1228.000000 0.000296
1229.000000 0.000297
1230.000000 0.000298
1231.000000 0.000298
1232.000000 0.000299
1233.000000 0.000300
1234.000000 0.000300
1235.000000 0.000301
1236.000000 0.000302
1237.000000 0.000302
1238.000000 0.000304
1239.000000 0.000304
1240.000000 0.000305
1241.000000 0.000306
1242.000000 0.000306
1243.000000 0.000308
1244.000000 0.000308
1245.000000 0.000309
1246.000000 0.000310
1247.000000 0.000310
1248.000000 0.000311
1249.000000 0.000312
1250.000000 0.000313
1251.000000 0.000313
1252.000000 0.000314
1253.000000 0.000315
1254.000000 0.000316
1255.000000 0.000317
1256.000000 0.000317
1257.000000 0.000318
1258.000000 0.000319
1259.000000 0.000319
1260.000000 0.000320
1261.000000 0.000321
1262.000000 0.000321
1263.000000 0.000323
1264.000000 0.000324
1265.000000 0.000324
1266.000000 0.000325
1267.000000 0.000326
1268.000000 0.000327
1269.000000 0.000327
1270.000000 0.000328
1271.000000 0.000329
1272.000000 0.000330
1273.000000 0.000330
1274.000000 0.000331
1275.000000 0.000332
1276.000000 0.000332
1277.000000 0.000334
1278.000000 0.000334
1279.000000 0.000335
1280.000000 0.000336
1281.000000 0.000336
1282.000000 0.000338
1283.000000 0.000338
1284.000000 0.000339
1285.000000 0.000340
1286.000000 0.000340
1287.000000 0.000341
1288.000000 0.000342
1289.000000 0.000343
1290.000000 0.000343
1291.000000 0.000344
1292.000000 0.000345
1293.000000 0.000346
1294.000000 0.000346
1295.000000 0.000347
1296.000000 0.000348
1297.000000 0.000349
1298.000000 0.000349
1299.000000 0.000350
1300.000000 0.000351
1301.000000 0.000351
1302.000000 0.000353
1303.000000 0.000353
1304.000000 0.000354
1305.000000 0.000355
1306.000000 0.000355
1307.000000 0.000357
1308.000000 0.000357
1309.000000 0.000358
1310.000000 0.000359
1311.000000 0.000360
1312.000000 0.000360
1313.000000 0.000361
1314.000000 0.000362
1315.000000 0.000362
1316.000000 0.000364
1317.000000 0.000364
1318.000000 0.000365
1319.000000 0.000366
1320.000000 0.000366
1321.000000 0.000367
1322.000000 0.000368
1323.000000 0.000368
1324.000000 0.000370
1325.000000 0.000370
1326.000000 0.000371
1327.000000 0.000372
1328.000000 0.000373
1329.000000 0.000374
1330.000000 0.000374
1331.000000 0.000375
1332.000000 0.000376
1333.000000 0.000376
1334.000000 0.000377
1335.000000 0.000378
1336.000000 0.000379
1337.000000 0.000379
1338.000000 0.000381
1339.000000 0.000381
1340.000000 0.000382
1341.000000 0.000383
1342.000000 0.000383
1343.000000 0.000384
1344.000000 0.000385
1345.000000 0.000386
1346.000000 0.000387
1347.000000 0.000387
1348.000000 0.000388
1349.000000 0.000389
1350.000000 0.000390
1351.000000 0.000390
1352.000000 0.000391
1353.000000 0.000392
1354.000000 0.000393
1355.000000 0.000393
1356.000000 0.000394
1357.000000 0.000395
1358.000000 0.000396
1359.000000 0.000396
1360.000000 0.000397
1361.000000 0.000398
1362.000000 0.000398
1363.000000 0.000400
1364.000000 0.000400
1365.000000 0.000401
1366.000000 0.000402
1367.000000 0.000402
1368.000000 0.000404
1369.000000 0.000404
1370.000000 0.000405
1371.000000 0.000406
1372.000000 0.000407
1373.000000 0.000407
1374.000000 0.000408
1375.000000 0.000409
1376.000000 0.000409
1377.000000 0.000411
1378.000000 0.000411
1379.000000 0.000412
1380.000000 0.000413
1381.000000 0.000413
1382.000000 0.000414
1383.000000 0.000415
1384.000000 0.000416
1385.000000 0.000417
1386.000000 0.000417
1387.000000 0.000418
1388.000000 0.000419
1389.000000 0.000419
1390.000000 0.000420
1391.000000 0.000421
1392.000000 0.000422
1393.000000 0.000423
1394.000000 0.000423
1395.000000 0.000424
1396.000000 0.000425
1397.000000 0.000426
1398.000000 0.000426
1399.000000 0.000427
1400.000000 0.000428
1401.000000 0.000429
1402.000000 0.000430
1403.000000 0.000430
1404.000000 0.000431
1405.000000 0.000432
1406.000000 0.000433
1407.000000 0.000433
1408.000000 0.000434
1409.000000 0.000434
1410.000000 0.000436
1411.000000 0.000436
1412.000000 0.000437
1413.000000 0.000438
1414.000000 0.000438
1415.000000 0.000439
1416.000000 0.000440
1417.000000 0.000441
1418.000000 0.000442
1419.000000 0.000442
1420.000000 0.000443
1421.000000 0.000444
1422.000000 0.000445
1423.000000 0.000445
1424.000000 0.000446
1425.000000 0.000447
1426.000000 0.000448
1427.000000 0.000448
1428.000000 0.000449
1429.000000 0.000450
1430.000000 0.000450
1431.000000 0.000451
1432.000000 0.000452
1433.000000 0.000453
1434.000000 0.000453
1435.000000 0.000454
1436.000000 0.000455
1437.000000 0.000456
1438.000000 0.000457
1439.000000 0.000457
1440.000000 0.000458
1441.000000 0.000459
1442.000000 0.000459
1443.000000 0.000460
1444.000000 0.000461
1445.000000 0.000462
1446.000000 0.000463
1447.000000 0.000463
1448.000000 0.000464
1449.000000 0.000465
1450.000000 0.000465
1451.000000 0.000466
1452.000000 0.000467
1453.000000 0.000468
1454.000000 0.000469
1455.000000 0.000469
1456.000000 0.000470
1457.000000 0.000471
1458.000000 0.000471
1459.000000 0.000472
1460.000000 0.000473
1461.000000 0.000473
1462.000000 0.000474
1463.000000 0.000475
1464.000000 0.000476
1465.000000 0.000477
1466.000000 0.000477
1467.000000 0.000478
1468.000000 0.000479
1469.000000 0.000480
1470.000000 0.000480
1471.000000 0.000481
1472.000000 0.000482
1473.000000 0.000482
1474.000000 0.000483
1475.000000 0.000484
1476.000000 0.000485
1477.000000 0.000485
1478.000000 0.000486
1479.000000 0.000487
1480.000000 0.000487
1481.000000 0.000488
1482.000000 0.000489
1483.000000 0.000490
1484.000000 0.000490
1485.000000 0.000491
1486.000000 0.000492
1487.000000 0.000493
1488.000000 0.000493
1489.000000 0.000494
1490.000000 0.000495
1491.000000 0.000495
1492.000000 0.000496
1493.000000 0.000497
1494.000000 0.000498
1495.000000 0.000498
1496.000000 0.000499
1497.000000 0.000500
1498.000000 0.000501
1499.000000 0.000501
1500.000000 0.000502
1501.000000 0.000503
1502.000000 0.000503
1503.000000 0.000504
1504.000000 0.000505
1505.000000 0.000505
1506.000000 0.000506
1507.000000 0.000507
1508.000000 0.000508
1509.000000 0.000508
1510.000000 0.000509
1511.000000 0.000510
1512.000000 0.000511
1513.000000 0.000511
1514.000000 0.000512
1515.000000 0.000513
1516.000000 0.000513
1517.000000 0.000514
1518.000000 0.000515
1519.000000 0.000515
1520.000000 0.000516
1521.000000 0.000517
1522.000000 0.000517
1523.000000 0.000518
1524.000000 0.000519
1525.000000 0.000519
1526.000000 0.000521
1527.000000 0.000521
1528.000000 0.000522
1529.000000 0.000522
1530.000000 0.000523
1531.000000 0.000524
1532.000000 0.000525
1533.000000 0.000525
1534.000000 0.000526
1535.000000 0.000527
1536.000000 0.000527
1537.000000 0.000528
1538.000000 0.000528
1539.000000 0.000529
1540.000000 0.000530
1541.000000 0.000530
1542.000000 0.000531
1543.000000 0.000532
1544.000000 0.000533
1545.000000 0.000533
1546.000000 0.000534
1547.000000 0.000535
1548.000000 0.000535
1549.000000 0.000536
1550.000000 0.000536
1551.000000 0.000538
1552.000000 0.000538
1553.000000 0.000539
1554.000000 0.000540
1555.000000 0.000540
1556.000000 0.000541
1557.000000 0.000542
1558.000000 0.000542
1559.000000 0.000543
1560.000000 0.000543
1561.000000 0.000544
1562.000000 0.000545
1563.000000 0.000545
1564.000000 0.000546
1565.000000 0.000547
1566.000000 0.000547
1567.000000 0.000548
1568.000000 0.000549
1569.000000 0.000549
1570.000000 0.000550
1571.000000 0.000551
1572.000000 0.000551
1573.000000 0.000552
1574.000000 0.000553
1575.000000 0.000553
1576.000000 0.000554
1577.000000 0.000555
1578.000000 0.000555
1579.000000 0.000556
1580.000000 0.000556
1581.000000 0.000557
1582.000000 0.000558
1583.000000 0.000558
1584.000000 0.000560
1585.000000 0.000560
1586.000000 0.000560
1587.000000 0.000561
1588.000000 0.000562
1589.000000 0.000563
1590.000000 0.000563
1591.000000 0.000564
1592.000000 0.000564
1593.000000 0.000565
1594.000000 0.000565
1595.000000 0.000567
1596.000000 0.000567
1597.000000 0.000567
1598.000000 0.000568
1599.000000 0.000569
1600.000000 0.000570
1601.000000 0.000570
1602.000000 0.000571
1603.000000 0.000571
1604.000000 0.000572
1605.000000 0.000572
1606.000000 0.000573
1607.000000 0.000574
1608.000000 0.000574
1609.000000 0.000576
1610.000000 0.000576
1611.000000 0.000576
1612.000000 0.000577
1613.000000 0.000578
1614.000000 0.000578
1615.000000 0.000579
1616.000000 0.000579
1617.000000 0.000580
1618.000000 0.000581
1619.000000 0.000580
1620.000000 0.000582
1621.000000 0.000582
1622.000000 0.000582
1623.000000 0.000584
1624.000000 0.000584
1625.000000 0.000585
1626.000000 0.000585
1627.000000 0.000586
1628.000000 0.000587
1629.000000 0.000587
1630.000000 0.000588
1631.000000 0.000589
1632.000000 0.000589
1633.000000 0.000589
1634.000000 0.000591
1635.000000 0.000591
1636.000000 0.000591
1637.000000 0.000592
1638.000000 0.000593
1639.000000 0.000593
1640.000000 0.000594
1641.000000 0.000595
1642.000000 0.000595
1643.000000 0.000596
1644.000000 0.000595
1645.000000 0.000598
1646.000000 0.000597
1647.000000 0.000597
1648.000000 0.000599
1649.000000 0.000599
1650.000000 0.000600
1651.000000 0.000600
1652.000000 0.000601
1653.000000 0.000601
1654.000000 0.000602
1655.000000 0.000602
1656.000000 0.000603
1657.000000 0.000604
1658.000000 0.000603
1659.000000 0.000606
1660.000000 0.000605
1661.000000 0.000605
1662.000000 0.000607
1663.000000 0.000607
1664.000000 0.000608
1665.000000 0.000608
1666.000000 0.000609
1667.000000 0.000609
1668.000000 0.000610
1669.000000 0.000610
1670.000000 0.000612
1671.000000 0.000612
1672.000000 0.000611
1673.000000 0.000613
1674.000000 0.000613
1675.000000 0.000613
1676.000000 0.000614
1677.000000 0.000615
1678.000000 0.000615
1679.000000 0.000615
1680.000000 0.000616
1681.000000 0.000617
1682.000000 0.000618
1683.000000 0.000617
1684.000000 0.000619
1685.000000 0.000619
1686.000000 0.000619
1687.000000 0.000620
1688.000000 0.000621
1689.000000 0.000621
1690.000000 0.000621
1691.000000 0.000622
1692.000000 0.000623
1693.000000 0.000623
1694.000000 0.000623
1695.000000 0.000625
1696.000000 0.000625
1697.000000 0.000624
1698.000000 0.000627
1699.000000 0.000626
1700.000000 0.000626
1701.000000 0.000628
1702.000000 0.000628
1703.000000 0.000629
1704.000000 0.000629
1705.000000 0.000629
1706.000000 0.000630
1707.000000 0.000630
1708.000000 0.000630
1709.000000 0.000632
1710.000000 0.000632
1711.000000 0.000632
1712.000000 0.000633
1713.000000 0.000634
1714.000000 0.000634
1715.000000 0.000634
1716.000000 0.000635
1717.000000 0.000636
1718.000000 0.000635
1719.000000 0.000636
1720.000000 0.000638
1721.000000 0.000637
1722.000000 0.000637
1723.000000 0.000639
1724.000000 0.000639
1725.000000 0.000639
1726.000000 0.000640
1727.000000 0.000640
1728.000000 0.000641
1729.000000 0.000641
1730.000000 0.000641
1731.000000 0.000643
1732.000000 0.000643
1733.000000 0.000642
1734.000000 0.000644
1735.000000 0.000644
1736.000000 0.000643
1737.000000 0.000645
1738.000000 0.000645
1739.000000 0.000645
1740.000000 0.000646
1741.000000 0.000647
1742.000000 0.000648
1743.000000 0.000647
1744.000000 0.000648
1745.000000 0.000649
1746.000000 0.000649
1747.000000 0.000649
1748.000000 0.000650
1749.000000 0.000651
1750.000000 0.000650
1751.000000 0.000652
1752.000000 0.000652
1753.000000 0.000652
1754.000000 0.000652
1755.000000 0.000653
1756.000000 0.000654
1757.000000 0.000653
1758.000000 0.000654
1759.000000 0.000655
1760.000000 0.000655
1761.000000 0.000654
1762.000000 0.000656
1763.000000 0.000657
1764.000000 0.000656
1765.000000 0.000657
1766.000000 0.000657
1767.000000 0.000659
1768.000000 0.000658
1769.000000 0.000658
1770.000000 0.000660
1771.000000 0.000659
1772.000000 0.000659
1773.000000 0.000661
1774.000000 0.000661
1775.000000 0.000660
1776.000000 0.000662
1777.000000 0.000662
1778.000000 0.000662
1779.000000 0.000663
1780.000000 0.000663
1781.000000 0.000664
1782.000000 0.000663
1783.000000 0.000664
1784.000000 0.000665
1785.000000 0.000665
1786.000000 0.000665
1787.000000 0.000666
1788.000000 0.000667
1789.000000 0.000666
1790.000000 0.000667
1791.000000 0.000667
1792.000000 0.000668
1793.000000 0.000668
1794.000000 0.000668
1795.000000 0.000670
1796.000000 0.000669
1797.000000 0.000669
1798.000000 0.000671
1799.000000 0.000671
1800.000000 0.000670
1801.000000 0.000672
1802.000000 0.000671
1803.000000 0.000672
1804.000000 0.000672
1805.000000 0.000672
1806.000000 0.000674
1807.000000 0.000672
1808.000000 0.000673
1809.000000 0.000675
1810.000000 0.000674
1811.000000 0.000674
1812.000000 0.000675
1813.000000 0.000676
1814.000000 0.000675
1815.000000 0.000676
1816.000000 0.000676
1817.000000 0.000677
1818.000000 0.000677
1819.000000 0.000677
1820.000000 0.000679
1821.000000 0.000677
1822.000000 0.000678
1823.000000 0.000679
1824.000000 0.000679
1825.000000 0.000678
1826.000000 0.000680
1827.000000 0.000680
1828.000000 0.000680
1829.000000 0.000681
1830.000000 0.000681
1831.000000 0.000682
1832.000000 0.000681
1833.000000 0.000682
1834.000000 0.000683
1835.000000 0.000682
1836.000000 0.000682
1837.000000 0.000683
1838.000000 0.000684
1839.000000 0.000683
1840.000000 0.000684
1841.000000 0.000684
1842.000000 0.000684
1843.000000 0.000685
1844.000000 0.000685
1845.000000 0.000686
1846.000000 0.000685
1847.000000 0.000686
1848.000000 0.000687
1849.000000 0.000686
1850.000000 0.000686
1851.000000 0.000688
1852.000000 0.000688
1853.000000 0.000687
1854.000000 0.000688
1855.000000 0.000688
1856.000000 0.000689
1857.000000 0.000688
1858.000000 0.000689
1859.000000 0.000690
1860.000000 0.000689
1861.000000 0.000689
1862.000000 0.000690
1863.000000 0.000690
1864.000000 0.000690
1865.000000 0.000691
1866.000000 0.000691
1867.000000 0.000691
1868.000000 0.000691
1869.000000 0.000692
1870.000000 0.000692
1871.000000 0.000692
1872.000000 0.000692
1873.000000 0.000694
1874.000000 0.000692
1875.000000 0.000693
1876.000000 0.000694
1877.000000 0.000694
1878.000000 0.000693
1879.000000 0.000694
1880.000000 0.000694
1881.000000 0.000694
1882.000000 0.000694
1883.000000 0.000695
1884.000000 0.000696
1885.000000 0.000695
1886.000000 0.000695
1887.000000 0.000697
1888.000000 0.000696
1889.000000 0.000696
1890.000000 0.000697
1891.000000 0.000697
1892.000000 0.000696
1893.000000 0.000697
1894.000000 0.000697
1895.000000 0.000698
1896.000000 0.000697
1897.000000 0.000697
1898.000000 0.000699
1899.000000 0.000697
1900.000000 0.000698
1901.000000 0.000699
1902.000000 0.000699
1903.000000 0.000699
1904.000000 0.000699
1905.000000 0.000699
1906.000000 0.000699
1907.000000 0.000700
1908.000000 0.000699
1909.000000 0.000701
1910.000000 0.000700
1911.000000 0.000700
1912.000000 0.000702
1913.000000 0.000700
1914.000000 0.000701
1915.000000 0.000701
1916.000000 0.000701
1917.000000 0.000701
1918.000000 0.000701
1919.000000 0.000702
1920.000000 0.000702
1921.000000 0.000702
1922.000000 0.000702
1923.000000 0.000703
1924.000000 0.000701
1925.000000 0.000702
1926.000000 0.000703
1927.000000 0.000702
1928.000000 0.000703
1929.000000 0.000703
1930.000000 0.000704
1931.000000 0.000703
1932.000000 0.000704
1933.000000 0.000703
1934.000000 0.000704
1935.000000 0.000704
1936.000000 0.000703
1937.000000 0.000705
1938.000000 0.000703
1939.000000 0.000704
1940.000000 0.000705
1941.000000 0.000704
1942.000000 0.000704
1943.000000 0.000705
1944.000000 0.000705
1945.000000 0.000705
1946.000000 0.000705
1947.000000 0.000705
1948.000000 0.000706
1949.000000 0.000705
1950.000000 0.000705
1951.000000 0.000707
1952.000000 0.000704
1953.000000 0.000706
1954.000000 0.000706
1955.000000 0.000706
1956.000000 0.000705
1957.000000 0.000706
1958.000000 0.000706
1959.000000 0.000706
1960.000000 0.000706
1961.000000 0.000706
1962.000000 0.000708
1963.000000 0.000705
1964.000000 0.000706
1965.000000 0.000707
1966.000000 0.000706
1967.000000 0.000707
1968.000000 0.000707
1969.000000 0.000707
1970.000000 0.000706
1971.000000 0.000707
1972.000000 0.000707
1973.000000 0.000708
1974.000000 0.000707
1975.000000 0.000707
1976.000000 0.000708
1977.000000 0.000706
1978.000000 0.000707
1979.000000 0.000707
1980.000000 0.000707
1981.000000 0.000707
1982.000000 0.000708
1983.000000 0.000708
1984.000000 0.000707
1985.000000 0.000707
1986.000000 0.000707
1987.000000 0.000709
1988.000000 0.000707
1989.000000 0.000708
1990.000000 0.000708
1991.000000 0.000707
1992.000000 0.000708
1993.000000 0.000708
1994.000000 0.000708
1995.000000 0.000708
1996.000000 0.000708
1997.000000 0.000708
1998.000000 0.000708
1999.000000 0.000707
2000.000000 0.000708
2001.000000 0.000709
2002.000000 0.000707
2003.000000 0.000708
2004.000000 0.000708
2005.000000 0.000708
2006.000000 0.000708
2007.000000 0.000708
2008.000000 0.000708
2009.000000 0.000707
2010.000000 0.000707
2011.000000 0.000707
2012.000000 0.000708
2013.000000 0.000707
2014.000000 0.000708
2015.000000 0.000708
2016.000000 0.000707
2017.000000 0.000707
2018.000000 0.000708
2019.000000 0.000707
2020.000000 0.000707
2021.000000 0.000707
2022.000000 0.000707
2023.000000 0.000707
2024.000000 0.000707
2025.000000 0.000707
2026.000000 0.000708
2027.000000 0.000706
2028.000000 0.000707
2029.000000 0.000708
2030.000000 0.000706
2031.000000 0.000707
2032.000000 0.000707
2033.000000 0.000707
2034.000000 0.000707
2035.000000 0.000706
2036.000000 0.000707
2037.000000 0.000707
2038.000000 0.000706
2039.000000 0.000707
2040.000000 0.000707
2041.000000 0.000705
2042.000000 0.000706
2043.000000 0.000707
2044.000000 0.000706
2045.000000 0.000706
2046.000000 0.000706
2047.000000 0.000706
2048.000000 0.000705
2049.000000 0.000705
2050.000000 0.000705
2051.000000 0.000706
2052.000000 0.000705
2053.000000 0.000705
2054.000000 0.000706
2055.000000 0.000704
2056.000000 0.000705
2057.000000 0.000705
2058.000000 0.000705
2059.000000 0.000705
2060.000000 0.000704
2061.000000 0.000705
2062.000000 0.000704
2063.000000 0.000703
2064.000000 0.000704
2065.000000 0.000705
2066.000000 0.000703
2067.000000 0.000704
2068.000000 0.000704
2069.000000 0.000703
2070.000000 0.000703
2071.000000 0.000703
2072.000000 0.000704
2073.000000 0.000703
2074.000000 0.000702
2075.000000 0.000703
2076.000000 0.000703
2077.000000 0.000702
2078.000000 0.000702
2079.000000 0.000703
2080.000000 0.000701
2081.000000 0.000702
2082.000000 0.000702
2083.000000 0.000701
2084.000000 0.000701
2085.000000 0.000701
2086.000000 0.000702
2087.000000 0.000701
2088.000000 0.000700
2089.000000 0.000701
2090.000000 0.000701
2091.000000 0.000699
2092.000000 0.000700
2093.000000 0.000701
2094.000000 0.000699
2095.000000 0.000699
2096.000000 0.000699
2097.000000 0.000700
2098.000000 0.000699
2099.000000 0.000698
2100.000000 0.000699
2101.000000 0.000699
2102.000000 0.000697
2103.000000 0.000698
2104.000000 0.000699
2105.000000 0.000697
2106.000000 0.000697
2107.000000 0.000698
2108.000000 0.000697
2109.000000 0.000696
2110.000000 0.000696
2111.000000 0.000697
2112.000000 0.000696
2113.000000 0.000695
2114.000000 0.000696
2115.000000 0.000696
2116.000000 0.000695
2117.000000 0.000695
2118.000000 0.000696
2119.000000 0.000694
2120.000000 0.000694
2121.000000 0.000694
2122.000000 0.000694
2123.000000 0.000694
2124.000000 0.000693
2125.000000 0.000694
2126.000000 0.000693
2127.000000 0.000692
2128.000000 0.000693
2129.000000 0.000693
2130.000000 0.000691
2131.000000 0.000692
2132.000000 0.000692
2133.000000 0.000691
2134.000000 0.000691
2135.000000 0.000690
2136.000000 0.000692
2137.000000 0.000690
2138.000000 0.000690
2139.000000 0.000690
2140.000000 0.000690
2141.000000 0.000689
2142.000000 0.000689
2143.000000 0.000690
2144.000000 0.000688
2145.000000 0.000688
2146.000000 0.000688
2147.000000 0.000688
2148.000000 0.000687
2149.000000 0.000687
2150.000000 0.000688
2151.000000 0.000687
2152.000000 0.000686
2153.000000 0.000686
2154.000000 0.000686
2155.000000 0.000685
2156.000000 0.000685
2157.000000 0.000686
2158.000000 0.000685
2159.000000 0.000684
2160.000000 0.000684
2161.000000 0.000685
2162.000000 0.000683
2163.000000 0.000683
2164.000000 0.000684
2165.000000 0.000683
2166.000000 0.000682
2167.000000 0.000682
2168.000000 0.000682
2169.000000 0.000681
2170.000000 0.000681
2171.000000 0.000681
2172.000000 0.000681
2173.000000 0.000680
2174.000000 0.000679
2175.000000 0.000680
2176.000000 0.000680
2177.000000 0.000678
2178.000000 0.000679
2179.000000 0.000679
2180.000000 0.000677
2181.000000 0.000677
2182.000000 0.000678
2183.000000 0.000677
2184.000000 0.000676
2185.000000 0.000676
2186.000000 0.000676
2187.000000 0.000676
2188.000000 0.000674
2189.000000 0.000676
2190.000000 0.000675
2191.000000 0.000674
2192.000000 0.000674
2193.000000 0.000674
2194.000000 0.000673
2195.000000 0.000673
2196.000000 0.000672
2197.000000 0.000673
2198.000000 0.000672
2199.000000 0.000671
2200.000000 0.000672
2201.000000 0.000671
2202.000000 0.000670
2203.000000 0.000671
2204.000000 0.000670
2205.000000 0.000669
2206.000000 0.000669
2207.000000 0.000669
2208.000000 0.000668
2209.000000 0.000668
2210.000000 0.000667
2211.000000 0.000667
2212.000000 0.000667
2213.000000 0.000666
2214.000000 0.000666
2215.000000 0.000666
2216.000000 0.000664
2217.000000 0.000665
2218.000000 0.000665
2219.000000 0.000664
2220.000000 0.000663
2221.000000 0.000663
2222.000000 0.000663
2223.000000 0.000662
2224.000000 0.000662
2225.000000 0.000662
2226.000000 0.000661
2227.000000 0.000660
2228.000000 0.000661
2229.000000 0.000660
2230.000000 0.000660
2231.000000 0.000659
2232.000000 0.000659
2233.000000 0.000658
2234.000000 0.000658
2235.000000 0.000657
2236.000000 0.000657
2237.000000 0.000657
2238.000000 0.000656
2239.000000 0.000656
2240.000000 0.000656
2241.000000 0.000654
2242.000000 0.000655
2243.000000 0.000654
2244.000000 0.000654
2245.000000 0.000653
2246.000000 0.000653
2247.000000 0.000653
2248.000000 0.000652
2249.000000 0.000651
2250.000000 0.000651
2251.000000 0.000651
2252.000000 0.000650
2253.000000 0.000650
2254.000000 0.000649
2255.000000 0.000649
2256.000000 0.000648
2257.000000 0.000648
2258.000000 0.000648
2259.000000 0.000647
2260.000000 0.000647
2261.000000 0.000646
2262.000000 0.000646
2263.000000 0.000645
2264.000000 0.000645
2265.000000 0.000645
2266.000000 0.000644
2267.000000 0.000644
2268.000000 0.000643
2269.000000 0.000643
2270.000000 0.000642
2271.000000 0.000641
2272.000000 0.000642
2273.000000 0.000641
2274.000000 0.000640
2275.000000 0.000640
2276.000000 0.000639
2277.000000 0.000638
2278.000000 0.000639
2279.000000 0.000638
2280.000000 0.000637
2281.000000 0.000637
2282.000000 0.000636
2283.000000 0.000636
2284.000000 0.000635
2285.000000 0.000635
2286.000000 0.000635
2287.000000 0.000634
2288.000000 0.000633
2289.000000 0.000633
2290.000000 0.000633
2291.000000 0.000632
2292.000000 0.000631
2293.000000 0.000631
2294.000000 0.000631
2295.000000 0.000630
2296.000000 0.000629
2297.000000 0.000629
2298.000000 0.000628
2299.000000 0.000628
2300.000000 0.000628
2301.000000 0.000627
2302.000000 0.000626
2303.000000 0.000626
2304.000000 0.000626
2305.000000 0.000625
2306.000000 0.000624
2307.000000 0.000623
2308.000000 0.000624
2309.000000 0.000623
2310.000000 0.000622
2311.000000 0.000622
2312.000000 0.000621
2313.000000 0.000620
2314.000000 0.000620
2315.000000 0.000620
2316.000000 0.000619
2317.000000 0.000619
2318.000000 0.000618
2319.000000 0.000618
2320.000000 0.000617
2321.000000 0.000616
2322.000000 0.000616
2323.000000 0.000615
2324.000000 0.000614
2325.000000 0.000614
2326.000000 0.000614
2327.000000 0.000613
2328.000000 0.000613
2329.000000 0.000612
2330.000000 0.000611
2331.000000 0.000611
2332.000000 0.000610
2333.000000 0.000610
2334.000000 0.000609
2335.000000 0.000608
2336.000000 0.000608
2337.000000 0.000608
2338.000000 0.000607
2339.000000 0.000607
2340.000000 0.000606
2341.000000 0.000605
2342.000000 0.000605
2343.000000 0.000604
2344.000000 0.000604
2345.000000 0.000603
2346.000000 0.000602
2347.000000 0.000602
2348.000000 0.000601
2349.000000 0.000600
2350.000000 0.000601
2351.000000 0.000600
2352.000000 0.000599
2353.000000 0.000598
2354.000000 0.000598
2355.000000 0.000597
2356.000000 0.000597
2357.000000 0.000596
2358.000000 0.000596
2359.000000 0.000595
2360.000000 0.000594
2361.000000 0.000594
2362.000000 0.000593
2363.000000 0.000592
2364.000000 0.000592
2365.000000 0.000592
2366.000000 0.000591
2367.000000 0.000590
2368.000000 0.000590
2369.000000 0.000589
2370.000000 0.000589
2371.000000 0.000587
2372.000000 0.000588
2373.000000 0.000587
2374.000000 0.000586
2375.000000 0.000586
2376.000000 0.000585
2377.000000 0.000584
2378.000000 0.000584
2379.000000 0.000583
2380.000000 0.000583
2381.000000 0.000582
2382.000000 0.000581
2383.000000 0.000581
2384.000000 0.000580
2385.000000 0.000579
2386.000000 0.000579
2387.000000 0.000578
2388.000000 0.000577
2389.000000 0.000577
2390.000000 0.000576
2391.000000 0.000576
2392.000000 0.000575
2393.000000 0.000574
2394.000000 0.000574
2395.000000 0.000573
2396.000000 0.000572
2397.000000 0.000572
2398.000000 0.000572
2399.000000 0.000570
2400.000000 0.000570
2401.000000 0.000569
2402.000000 0.000569
2403.000000 0.000568
2404.000000 0.000568
2405.000000 0.000567
2406.000000 0.000566
2407.000000 0.000566
2408.000000 0.000565
2409.000000 0.000565
2410.000000 0.000563
2411.000000 0.000563
2412.000000 0.000563
2413.000000 0.000562
2414.000000 0.000561
2415.000000 0.000561
2416.000000 0.000560
2417.000000 0.000559
2418.000000 0.000559
2419.000000 0.000558
2420.000000 0.000557
2421.000000 0.000556
2422.000000 0.000556
2423.000000 0.000556
2424.000000 0.000554
2425.000000 0.000554
2426.000000 0.000553
2427.000000 0.000553
2428.000000 0.000552
2429.000000 0.000551
2430.000000 0.000551
2431.000000 0.000550
2432.000000 0.000549
2433.000000 0.000549
2434.000000 0.000548
2435.000000 0.000547
2436.000000 0.000547
2437.000000 0.000546
2438.000000 0.000545
2439.000000 0.000545
2440.000000 0.000544
2441.000000 0.000544
2442.000000 0.000543
2443.000000 0.000542
2444.000000 0.000542
2445.000000 0.000541
2446.000000 0.000540
2447.000000 0.000540
2448.000000 0.000539
2449.000000 0.000538
2450.000000 0.000538
2451.000000 0.000537
2452.000000 0.000536
2453.000000 0.000535
2454.000000 0.000535
2455.000000 0.000534
2456.000000 0.000533
2457.000000 0.000532
2458.000000 0.000532
2459.000000 0.000531
2460.000000 0.000530
2461.000000 0.000530
2462.000000 0.000529
2463.000000 0.000528
2464.000000 0.000528
2465.000000 0.000527
2466.000000 0.000527
2467.000000 0.000526
2468.000000 0.000525
2469.000000 0.000525
2470.000000 0.000524
2471.000000 0.000523
2472.000000 0.000523
2473.000000 0.000522
2474.000000 0.000521
2475.000000 0.000520
2476.000000 0.000520
2477.000000 0.000519
2478.000000 0.000518
2479.000000 0.000517
2480.000000 0.000517
2481.000000 0.000516
2482.000000 0.000515
2483.000000 0.000515
2484.000000 0.000514
2485.000000 0.000513
2486.000000 0.000513
2487.000000 0.000512
2488.000000 0.000511
2489.000000 0.000510
2490.000000 0.000510
2491.000000 0.000509
2492.000000 0.000508
2493.000000 0.000507
2494.000000 0.000507
2495.000000 0.000506
2496.000000 0.000505
2497.000000 0.000505
2498.000000 0.000504
2499.000000 0.000503
2500.000000 0.000503
2501.000000 0.000502
2502.000000 0.000501
2503.000000 0.000500
2504.000000 0.000500
2505.000000 0.000499
2506.000000 0.000498
2507.000000 0.000497
2508.000000 0.000497
2509.000000 0.000496
2510.000000 0.000495
2511.000000 0.000495
2512.000000 0.000494
2513.000000 0.000493
2514.000000 0.000492
2515.000000 0.000492
2516.000000 0.000491
2517.000000 0.000491
2518.000000 0.000489
2519.000000 0.000489
2520.000000 0.000488
2521.000000 0.000487
2522.000000 0.000487
2523.000000 0.000486
2524.000000 0.000485
2525.000000 0.000485
2526.000000 0.000484
2527.000000 0.000483
2528.000000 0.000482
2529.000000 0.000482
2530.000000 0.000481
2531.000000 0.000480
2532.000000 0.000479
2533.000000 0.000479
2534.000000 0.000478
2535.000000 0.000477
2536.000000 0.000477
2537.000000 0.000476
2538.000000 0.000475
2539.000000 0.000474
2540.000000 0.000474
2541.000000 0.000473
2542.000000 0.000472
2543.000000 0.000471
2544.000000 0.000471
2545.000000 0.000470
2546.000000 0.000469
2547.000000 0.000469
2548.000000 0.000468
2549.000000 0.000467
2550.000000 0.000466
2551.000000 0.000465
2552.000000 0.000465
2553.000000 0.000464
2554.000000 0.000463
2555.000000 0.000463
2556.000000 0.000462
2557.000000 0.000461
2558.000000 0.000460
2559.000000 0.000460
2560.000000 0.000459
2561.000000 0.000458
2562.000000 0.000457
2563.000000 0.000456
2564.000000 0.000456
2565.000000 0.000455
2566.000000 0.000454
2567.000000 0.000454
2568.000000 0.000453
2569.000000 0.000452
2570.000000 0.000451
2571.000000 0.000450
2572.000000 0.000450
2573.000000 0.000449
2574.000000 0.000448
2575.000000 0.000448
2576.000000 0.000447
2577.000000 0.000446
2578.000000 0.000445
2579.000000 0.000444
2580.000000 0.000444
2581.000000 0.000443
2582.000000 0.000442
2583.000000 0.000442
2584.000000 0.000441
2585.000000 0.000440
2586.000000 0.000439
2587.000000 0.000438
2588.000000 0.000438
2589.000000 0.000437
2590.000000 0.000436
2591.000000 0.000436
2592.000000 0.000435
2593.000000 0.000434
2594.000000 0.000433
2595.000000 0.000433
2596.000000 0.000432
2597.000000 0.000431
2598.000000 0.000430
2599.000000 0.000429
2600.000000 0.000429
2601.000000 0.000428
2602.000000 0.000427
2603.000000 0.000426
2604.000000 0.000425
2605.000000 0.000425
2606.000000 0.000424
2607.000000 0.000423
2608.000000 0.000423
2609.000000 0.000422
2610.000000 0.000421
2611.000000 0.000420
2612.000000 0.000419
2613.000000 0.000419
2614.000000 0.000418
2615.000000 0.000417
2616.000000 0.000417
2617.000000 0.000416
2618.000000 0.000415
2619.000000 0.000414
2620.000000 0.000413
2621.000000 0.000413
2622.000000 0.000412
2623.000000 0.000411
2624.000000 0.000410
2625.000000 0.000410
2626.000000 0.000409
2627.000000 0.000408
2628.000000 0.000407
2629.000000 0.000406
2630.000000 0.000406
2631.000000 0.000405
2632.000000 0.000404
2633.000000 0.000404
2634.000000 0.000403
2635.000000 0.000402
2636.000000 0.000401
2637.000000 0.000400
2638.000000 0.000400
2639.000000 0.000399
2640.000000 0.000398
2641.000000 0.000397
2642.000000 0.000397
2643.000000 0.000396
2644.000000 0.000395
2645.000000 0.000394
2646.000000 0.000393
2647.000000 0.000393
2648.000000 0.000392
2649.000000 0.000391
2650.000000 0.000390
2651.000000 0.000389
2652.000000 0.000389
2653.000000 0.000388
2654.000000 0.000387
2655.000000 0.000387
2656.000000 0.000386
2657.000000 0.000385
2658.000000 0.000384
2659.000000 0.000383
2660.000000 0.000383
2661.000000 0.000382
2662.000000 0.000381
2663.000000 0.000380
2664.000000 0.000380
2665.000000 0.000379
2666.000000 0.000378
2667.000000 0.000377
2668.000000 0.000376
2669.000000 0.000376
2670.000000 0.000375
2671.000000 0.000374
2672.000000 0.000373
2673.000000 0.000372
2674.000000 0.000372
2675.000000 0.000371
2676.000000 0.000370
2677.000000 0.000370
2678.000000 0.000369
2679.000000 0.000368
2680.000000 0.000367
2681.000000 0.000367
2682.000000 0.000366
2683.000000 0.000365
2684.000000 0.000364
2685.000000 0.000363
2686.000000 0.000363
2687.000000 0.000362
2688.000000 0.000361
2689.000000 0.000360
2690.000000 0.000359
2691.000000 0.000359
2692.000000 0.000358
2693.000000 0.000357
2694.000000 0.000357
2695.000000 0.000356
2696.000000 0.000355
2697.000000 0.000354
2698.000000 0.000353
2699.000000 0.000353
2700.000000 0.000352
2701.000000 0.000351
2702.000000 0.000350
2703.000000 0.000350
2704.000000 0.000349
2705.000000 0.000348
2706.000000 0.000347
2707.000000 0.000346
2708.000000 0.000346
2709.000000 0.000345
2710.000000 0.000344
2711.000000 0.000343
2712.000000 0.000342
2713.000000 0.000342
2714.000000 0.000341
2715.000000 0.000340
2716.000000 0.000340
2717.000000 0.000339
2718.000000 0.000338
2719.000000 0.000337
2720.000000 0.000336
2721.000000 0.000336
2722.000000 0.000335
2723.000000 0.000334
2724.000000 0.000333
2725.000000 0.000333
2726.000000 0.000331
2727.000000 0.000331
2728.000000 0.000330
2729.000000 0.000329
2730.000000 0.000329
2731.000000 0.000328
2732.000000 0.000327
2733.000000 0.000326
2734.000000 0.000326
2735.000000 0.000325
2736.000000 0.000324
2737.000000 0.000323
2738.000000 0.000323
2739.000000 0.000322
2740.000000 0.000321
2741.000000 0.000320
2742.000000 0.000320
2743.000000 0.000319
2744.000000 0.000318
2745.000000 0.000317
2746.000000 0.000317
2747.000000 0.000316
2748.000000 0.000315
2749.000000 0.000314
2750.000000 0.000314
2751.000000 0.000312
2752.000000 0.000312
2753.000000 0.000311
2754.000000 0.000310
2755.000000 0.000310
2756.000000 0.000309
2757.000000 0.000308
2758.000000 0.000307
2759.000000 0.000306
2760.000000 0.000306
2761.000000 0.000305
2762.000000 0.000304
2763.000000 0.000304
2764.000000 0.000303
2765.000000 0.000302
2766.000000 0.000301
2767.000000 0.000301
2768.000000 0.000300
2769.000000 0.000299
2770.000000 0.000298
2771.000000 0.000298
2772.000000 0.000297
2773.000000 0.000296
2774.000000 0.000295
2775.000000 0.000295
2776.000000 0.000293
2777.000000 0.000293
2778.000000 0.000292
2779.000000 0.000291
2780.000000 0.000291
2781.000000 0.000290
2782.000000 0.000289
2783.000000 0.000288
2784.000000 0.000288
2785.000000 0.000287
2786.000000 0.000286
2787.000000 0.000285
2788.000000 0.000285
2789.000000 0.000284
2790.000000 0.000283
2791.000000 0.000283
2792.000000 0.000282
2793.000000 0.000281
2794.000000 0.000280
2795.000000 0.000279
2796.000000 0.000279
2797.000000 0.000278
2798.000000 0.000277
2799.000000 0.000277
2800.000000 0.000276
2801.000000 0.000275
2802.000000 0.000274
2803.000000 0.000273
2804.000000 0.000272
2805.000000 0.000272
2806.000000 0.000271
2807.000000 0.000270
2808.000000 0.000270
2809.000000 0.000269
2810.000000 0.000268
2811.000000 0.000268
2812.000000 0.000266
2813.000000 0.000266
2814.000000 0.000265
2815.000000 0.000264
2816.000000 0.000264
2817.000000 0.000263
2818.000000 0.000262
2819.000000 0.000262
2820.000000 0.000261
2821.000000 0.000260
2822.000000 0.000259
2823.000000 0.000258
2824.000000 0.000258
2825.000000 0.000257
2826.000000 0.000256
2827.000000 0.000256
2828.000000 0.000255
2829.000000 0.000254
2830.000000 0.000254
2831.000000 0.000253
2832.000000 0.000252
2833.000000 0.000252
2834.000000 0.000250
2835.000000 0.000250
2836.000000 0.000249
2837.000000 0.000248
2838.000000 0.000248
2839.000000 0.000247
2840.000000 0.000246
2841.000000 0.000246
2842.000000 0.000245
2843.000000 0.000244
2844.000000 0.000243
2845.000000 0.000243
2846.000000 0.000242
2847.000000 0.000241
2848.000000 0.000240
2849.000000 0.000240
2850.000000 0.000239
2851.000000 0.000238
2852.000000 0.000238
2853.000000 0.000237
2854.000000 0.000236
2855.000000 0.000236
2856.000000 0.000235
2857.000000 0.000234
2858.000000 0.000234
2859.000000 0.000232
2860.000000 0.000232
2861.000000 0.000231
2862.000000 0.000230
2863.000000 0.000230
2864.000000 0.000229
2865.000000 0.000228
2866.000000 0.000228
2867.000000 0.000227
2868.000000 0.000226
2869.000000 0.000226
2870.000000 0.000225
2871.000000 0.000224
2872.000000 0.000224
2873.000000 0.000222
2874.000000 0.000222
2875.000000 0.000221
2876.000000 0.000220
2877.000000 0.000220
2878.000000 0.000219
2879.000000 0.000218
2880.000000 0.000218
2881.000000 0.000217
2882.000000 0.000216
2883.000000 0.000216
2884.000000 0.000215
2885.000000 0.000214
2886.000000 0.000214
2887.000000 0.000213
2888.000000 0.000212
2889.000000 0.000212
2890.000000 0.000211
2891.000000 0.000210
2892.000000 0.000209
2893.000000 0.000209
2894.000000 0.000208
2895.000000 0.000207
2896.000000 0.000207
2897.000000 0.000206
2898.000000 0.000205
2899.000000 0.000205
2900.000000 0.000204
2901.000000 0.000203
2902.000000 0.000203
2903.000000 0.000202
2904.000000 0.000201
2905.000000 0.000201
2906.000000 0.000200
2907.000000 0.000199
2908.000000 0.000199
2909.000000 0.000198
2910.000000 0.000197
2911.000000 0.000197
2912.000000 0.000196
2913.000000 0.000195
2914.000000 0.000195
2915.000000 0.000194
2916.000000 0.000193
2917.000000 0.000193
2918.000000 0.000192
2919.000000 0.000191
2920.000000 0.000190
2921.000000 0.000190
2922.000000 0.000190
2923.000000 0.000188
2924.000000 0.000188
2925.000000 0.000187
2926.000000 0.000186
2927.000000 0.000186
2928.000000 0.000185
2929.000000 0.000185
2930.000000 0.000184
2931.000000 0.000183
2932.000000 0.000183
2933.000000 0.000182
2934.000000 0.000181
2935.000000 0.000181
2936.000000 0.000180
2937.000000 0.000179
2938.000000 0.000179
2939.000000 0.000178
2940.000000 0.000177
2941.000000 0.000177
2942.000000 0.000176
2943.000000 0.000176
2944.000000 0.000175
2945.000000 0.000174
2946.000000 0.000174
2947.000000 0.000173
2948.000000 0.000172
2949.000000 0.000172
2950.000000 0.000171
2951.000000 0.000170
2952.000000 0.000170
2953.000000 0.000169
2954.000000 0.000169
2955.000000 0.000168
2956.000000 0.000167
2957.000000 0.000167
2958.000000 0.000166
2959.000000 0.000165
2960.000000 0.000165
2961.000000 0.000164
2962.000000 0.000164
2963.000000 0.000163
2964.000000 0.000163
2965.000000 0.000162
2966.000000 0.000161
2967.000000 0.000160
2968.000000 0.000160
2969.000000 0.000159
2970.000000 0.000159
2971.000000 0.000158
2972.000000 0.000158
2973.000000 0.000157
2974.000000 0.000156
2975.000000 0.000156
2976.000000 0.000155
2977.000000 0.000154
2978.000000 0.000154
2979.000000 0.000153
2980.000000 0.000153
2981.000000 0.000152
2982.000000 0.000151
2983.000000 0.000151
2984.000000 0.000150
2985.000000 0.000150
2986.000000 0.000149
2987.000000 0.000148
2988.000000 0.000148
2989.000000 0.000147
2990.000000 0.000147
2991.000000 0.000146
2992.000000 0.000145
2993.000000 0.000145
2994.000000 0.000144
2995.000000 0.000144
2996.000000 0.000143
2997.000000 0.000143
2998.000000 0.000142
2999.000000 0.000141
3000.000000 0.000141
3001.000000 0.000140
3002.000000 0.000140
3003.000000 0.000139
3004.000000 0.000138
3005.000000 0.000138
3006.000000 0.000137
3007.000000 0.000137
3008.000000 0.000136
3009.000000 0.000136
3010.000000 0.000135
3011.000000 0.000135
3012.000000 0.000134
3013.000000 0.000133
3014.000000 0.000133
3015.000000 0.000132
3016.000000 0.000132
3017.000000 0.000131
3018.000000 0.000130
3019.000000 0.000130
3020.000000 0.000129
3021.000000 0.000129
3022.000000 0.000129
3023.000000 0.000128
3024.000000 0.000127
3025.000000 0.000127
3026.000000 0.000126
3027.000000 0.000126
3028.000000 0.000125
3029.000000 0.000124
3030.000000 0.000124
3031.000000 0.000123
3032.000000 0.000123
3033.000000 0.000123
3034.000000 0.000122
3035.000000 0.000121
3036.000000 0.000121
3037.000000 0.000120
3038.000000 0.000120
3039.000000 0.000119
3040.000000 0.000119
3041.000000 0.000118
3042.000000 0.000118
3043.000000 0.000117
3044.000000 0.000117
3045.000000 0.000116
3046.000000 0.000115
3047.000000 0.000115
3048.000000 0.000114
3049.000000 0.000114
3050.000000 0.000113
3051.000000 0.000113
3052.000000 0.000112
3053.000000 0.000112
3054.000000 0.000111
3055.000000 0.000111
3056.000000 0.000110
3057.000000 0.000110
3058.000000 0.000109
3059.000000 0.000109
3060.000000 0.000108
3061.000000 0.000108
3062.000000 0.000107
3063.000000 0.000107
3064.000000 0.000106
3065.000000 0.000106
3066.000000 0.000105
3067.000000 0.000105
3068.000000 0.000104
3069.000000 0.000104
3070.000000 0.000103
3071.000000 0.000103
3072.000000 0.000102
3073.000000 0.000102
3074.000000 0.000101
3075.000000 0.000101
3076.000000 0.000100
3077.000000 0.000100
3078.000000 0.000100
3079.000000 0.000099
3080.000000 0.000098
3081.000000 0.000098
3082.000000 0.000097
3083.000000 0.000097
3084.000000 0.000097
3085.000000 0.000096
3086.000000 0.000096
3087.000000 0.000095
3088.000000 0.000095
3089.000000 0.000094
3090.000000 0.000094
3091.000000 0.000093
3092.000000 0.000093
3093.000000 0.000092
3094.000000 0.000092
3095.000000 0.000091
3096.000000 0.000091
3097.000000 0.000091
3098.000000 0.000090
3099.000000 0.000089
3100.000000 0.000089
3101.000000 0.000089
3102.000000 0.000088
3103.000000 0.000088
3104.000000 0.000087
3105.000000 0.000087
3106.000000 0.000087
3107.000000 0.000086
3108.000000 0.000086
3109.000000 0.000085
3110.000000 0.000085
3111.000000 0.000084
3112.000000 0.000084
3113.000000 0.000083
3114.000000 0.000083
3115.000000 0.000082
3116.000000 0.000082
3117.000000 0.000082
3118.000000 0.000081
3119.000000 0.000081
3120.000000 0.000080
3121.000000 0.000080
3122.000000 0.000080
3123.000000 0.000079
3124.000000 0.000079
3125.000000 0.000078
3126.000000 0.000078
3127.000000 0.000077
3128.000000 0.000077
3129.000000 0.000077
3130.000000 0.000076
3131.000000 0.000076
3132.000000 0.000075
3133.000000 0.000075
3134.000000 0.000075
3135.000000 0.000074
3136.000000 0.000074
3137.000000 0.000073
3138.000000 0.000073
3139.000000 0.000073
3140.000000 0.000072
3141.000000 0.000072
3142.000000 0.000071
3143.000000 0.000071
3144.000000 0.000070
3145.000000 0.000070
3146.000000 0.000070
3147.000000 0.000069
3148.000000 0.000069
3149.000000 0.000068
3150.000000 0.000068
3151.000000 0.000068
3152.000000 0.000067
3153.000000 0.000067
3154.000000 0.000067
3155.000000 0.000066
3156.000000 0.000066
3157.000000 0.000065
3158.000000 0.000065
3159.000000 0.000065
3160.000000 0.000064
3161.000000 0.000064
3162.000000 0.000064
3163.000000 0.000063
3164.000000 0.000063
3165.000000 0.000063
3166.000000 0.000062
3167.000000 0.000062
3168.000000 0.000061
3169.000000 0.000061
3170.000000 0.000061
3171.000000 0.000060
3172.000000 0.000060
3173.000000 0.000060
3174.000000 0.000059
3175.000000 0.000059
3176.000000 0.000059
3177.000000 0.000058
3178.000000 0.000058
3179.000000 0.000058
3180.000000 0.000057
3181.000000 0.000057
3182.000000 0.000057
3183.000000 0.000056
3184.000000 0.000056
3185.000000 0.000055
3186.000000 0.000055
3187.000000 0.000055
3188.000000 0.000054
3189.000000 0.000054
3190.000000 0.000054
3191.000000 0.000054
3192.000000 0.000053
3193.000000 0.000053
3194.000000 0.000053
3195.000000 0.000052
3196.000000 0.000052
3197.000000 0.000052
3198.000000 0.000051
3199.000000 0.000051
3200.000000 0.000051
3201.000000 0.000050
3202.000000 0.000050
3203.000000 0.000050
3204.000000 0.000049
3205.000000 0.000049
3206.000000 0.000049
3207.000000 0.000048
3208.000000 0.000048
3209.000000 0.000048
3210.000000 0.000047
3211.000000 0.000047
3212.000000 0.000047
3213.000000 0.000047
3214.000000 0.000046
3215.000000 0.000046
3216.000000 0.000046
3217.000000 0.000045
3218.000000 0.000045
3219.000000 0.000045
3220.000000 0.000045
3221.000000 0.000044
3222.000000 0.000044
3223.000000 0.000044
3224.000000 0.000043
3225.000000 0.000043
3226.000000 0.000043
3227.000000 0.000042
3228.000000 0.000042
3229.000000 0.000042
3230.000000 0.000042
3231.000000 0.000042
3232.000000 0.000041
3233.000000 0.000041
3234.000000 0.000041
3235.000000 0.000040
3236.000000 0.000040
3237.000000 0.000040
3238.000000 0.000039
3239.000000 0.000039
3240.000000 0.000039
3241.000000 0.000039
3242.000000 0.000038
3243.000000 0.000038
3244.000000 0.000038
3245.000000 0.000038
3246.000000 0.000037
3247.000000 0.000037
3248.000000 0.000037
3249.000000 0.000037
3250.000000 0.000036
3251.000000 0.000036
3252.000000 0.000036
3253.000000 0.000036
3254.000000 0.000035
3255.000000 0.000035
3256.000000 0.000035
3257.000000 0.000035
3258.000000 0.000034
3259.000000 0.000034
3260.000000 0.000034
3261.000000 0.000034
3262.000000 0.000033
3263.000000 0.000033
3264.000000 0.000033
3265.000000 0.000033
3266.000000 0.000032
3267.000000 0.000032
3268.000000 0.000032
3269.000000 0.000032
3270.000000 0.000032
3271.000000 0.000031
3272.000000 0.000031
3273.000000 0.000031
3274.000000 0.000030
3275.000000 0.000030
3276.000000 0.000030
3277.000000 0.000030
3278.000000 0.000030
3279.000000 0.000029
3280.000000 0.000029
3281.000000 0.000029
3282.000000 0.000029
3283.000000 0.000029
3284.000000 0.000028
3285.000000 0.000028
3286.000000 0.000028
3287.000000 0.000028
3288.000000 0.000027
3289.000000 0.000027
3290.000000 0.000027
3291.000000 0.000027
3292.000000 0.000027
3293.000000 0.000026
3294.000000 0.000026
3295.000000 0.000026
3296.000000 0.000026
3297.000000 0.000026
3298.000000 0.000026
3299.000000 0.000025
3300.000000 0.000025
3301.000000 0.000025
3302.000000 0.000025
3303.000000 0.000024
3304.000000 0.000024
3305.000000 0.000024
3306.000000 0.000024
3307.000000 0.000024
3308.000000 0.000023
3309.000000 0.000023
3310.000000 0.000023
3311.000000 0.000023
3312.000000 0.000023
3313.000000 0.000023
3314.000000 0.000022
3315.000000 0.000022
3316.000000 0.000022
3317.000000 0.000022
3318.000000 0.000022
3319.000000 0.000021
3320.000000 0.000021
3321.000000 0.000021
3322.000000 0.000021
3323.000000 0.000021
3324.000000 0.000021
3325.000000 0.000020
3326.000000 0.000020
3327.000000 0.000020
3328.000000 0.000020
3329.000000 0.000020
3330.000000 0.000020
3331.000000 0.000020
3332.000000 0.000019
3333.000000 0.000019
3334.000000 0.000019
3335.000000 0.000019
3336.000000 0.000019
3337.000000 0.000019
3338.000000 0.000018
3339.000000 0.000018
3340.000000 0.000018
3341.000000 0.000018
3342.000000 0.000018
3343.000000 0.000018
3344.000000 0.000017
3345.000000 0.000017
3346.000000 0.000017
3347.000000 0.000017
3348.000000 0.000017
3349.000000 0.000017
3350.000000 0.000016
3351.000000 0.000016
3352.000000 0.000016
3353.000000 0.000016
3354.000000 0.000016
3355.000000 0.000016
3356.000000 0.000016
3357.000000 0.000015
3358.000000 0.000015
3359.000000 0.000015
3360.000000 0.000015
3361.000000 0.000015
3362.000000 0.000015
3363.000000 0.000015
3364.000000 0.000015
3365.000000 0.000014
3366.000000 0.000014
3367.000000 0.000014
3368.000000 0.000014
3369.000000 0.000014
3370.000000 0.000014
3371.000000 0.000014
3372.000000 0.000013
3373.000000 0.000013
3374.000000 0.000013
3375.000000 0.000013
3376.000000 0.000013
3377.000000 0.000013
3378.000000 0.000013
3379.000000 0.000013
3380.000000 0.000012
3381.000000 0.000012
3382.000000 0.000012
3383.000000 0.000012
3384.000000 0.000012
3385.000000 0.000012
3386.000000 0.000012
3387.000000 0.000012
3388.000000 0.000012
3389.000000 0.000011
3390.000000 0.000011
3391.000000 0.000011
3392.000000 0.000011
3393.000000 0.000011
3394.000000 0.000011
3395.000000 0.000011
3396.000000 0.000011
3397.000000 0.000011
3398.000000 0.000011
3399.000000 0.000010
3400.000000 0.000010
3401.000000 0.000010
3402.000000 0.000010
3403.000000 0.000010
3404.000000 0.000010
3405.000000 0.000010
3406.000000 0.000010
3407.000000 0.000010
3408.000000 0.000009
3409.000000 0.000009
3410.000000 0.000009
3411.000000 0.000009
3412.000000 0.000009
3413.000000 0.000009
3414.000000 0.000009
3415.000000 0.000009
3416.000000 0.000009
3417.000000 0.000009
3418.000000 0.000009
3419.000000 0.000008
3420.000000 0.000008
3421.000000 0.000008
3422.000000 0.000008
3423.000000 0.000008
3424.000000 0.000008
3425.000000 0.000008
3426.000000 0.000008
3427.000000 0.000008
3428.000000 0.000008
3429.000000 0.000008
3430.000000 0.000007
3431.000000 0.000007
3432.000000 0.000007
3433.000000 0.000007
3434.000000 0.000007
3435.000000 0.000007
3436.000000 0.000007
3437.000000 0.000007
3438.000000 0.000007
3439.000000 0.000007
3440.000000 0.000007
3441.000000 0.000007
3442.000000 0.000007
3443.000000 0.000007
3444.000000 0.000006
3445.000000 0.000006
3446.000000 0.000006
3447.000000 0.000006
3448.000000 0.000006
3449.000000 0.000006
3450.000000 0.000006
3451.000000 0.000006
3452.000000 0.000006
3453.000000 0.000006
3454.000000 0.000006
3455.000000 0.000006
3456.000000 0.000006
3457.000000 0.000006
3458.000000 0.000005
3459.000000 0.000005
3460.000000 0.000005
3461.000000 0.000005
3462.000000 0.000005
3463.000000 0.000005
3464.000000 0.000005
3465.000000 0.000005
3466.000000 0.000005
3467.000000 0.000005
3468.000000 0.000005
3469.000000 0.000005
3470.000000 0.000005
3471.000000 0.000005
3472.000000 0.000005
3473.000000 0.000005
3474.000000 0.000005
3475.000000 0.000004
3476.000000 0.000004
3477.000000 0.000004
3478.000000 0.000004
3479.000000 0.000004
3480.000000 0.000004
3481.000000 0.000004
3482.000000 0.000004
3483.000000 0.000004
3484.000000 0.000004
3485.000000 0.000004
3486.000000 0.000004
3487.000000 0.000004
3488.000000 0.000004
3489.000000 0.000004
3490.000000 0.000004
3491.000000 0.000004
3492.000000 0.000004
3493.000000 0.000004
3494.000000 0.000003
3495.000000 0.000003
3496.000000 0.000003
3497.000000 0.000003
3498.000000 0.000003
3499.000000 0.000003
3500.000000 0.000003
3501.000000 0.000003
3502.000000 0.000003
3503.000000 0.000003
3504.000000 0.000003
3505.000000 0.000003
3506.000000 0.000003
3507.000000 0.000003
3508.000000 0.000003
3509.000000 0.000003
3510.000000 0.000003
3511.000000 0.000003
3512.000000 0.000003
3513.000000 0.000003
3514.000000 0.000003
3515.000000 0.000003
3516.000000 0.000003
3517.000000 0.000003
3518.000000 0.000003
3519.000000 0.000002
3520.000000 0.000002
3521.000000 0.000002
3522.000000 0.000002
3523.000000 0.000002
3524.000000 0.000002
3525.000000 0.000002
3526.000000 0.000002
3527.000000 0.000002
3528.000000 0.000002
3529.000000 0.000002
3530.000000 0.000002
3531.000000 0.000002
3532.000000 0.000002
3533.000000 0.000002
3534.000000 0.000002
3535.000000 0.000002
3536.000000 0.000002
3537.000000 0.000002
3538.000000 0.000002
3539.000000 0.000002
3540.000000 0.000002
3541.000000 0.000002
3542.000000 0.000002
3543.000000 0.000002
3544.000000 0.000002
3545.000000 0.000002
3546.000000 0.000002
3547.000000 0.000002
3548.000000 0.000002
3549.000000 0.000002
3550.000000 0.000002
3551.000000 0.000002
3552.000000 0.000002
3553.000000 0.000002
3554.000000 0.000001
3555.000000 0.000001
3556.000000 0.000001
3557.000000 0.000001
3558.000000 0.000001
3559.000000 0.000001
3560.000000 0.000001
3561.000000 0.000001
3562.000000 0.000001
3563.000000 0.000001
3564.000000 0.000001
3565.000000 0.000001
3566.000000 0.000001
3567.000000 0.000001
3568.000000 0.000001
3569.000000 0.000001
3570.000000 0.000001
3571.000000 0.000001
3572.000000 0.000001
3573.000000 0.000001
3574.000000 0.000001
3575.000000 0.000001
3576.000000 0.000001
3577.000000 0.000001
3578.000000 0.000001
3579.000000 0.000001
3580.000000 0.000001
3581.000000 0.000001
3582.000000 0.000001
3583.000000 0.000001
3584.000000 0.000001
3585.000000 0.000001
3586.000000 0.000001
3587.000000 0.000001
3588.000000 0.000001
3589.000000 0.000001
3590.000000 0.000001
3591.000000 0.000001
3592.000000 0.000001
3593.000000 0.000001
3594.000000 0.000001
3595.000000 0.000001
3596.000000 0.000001
3597.000000 0.000001
3598.000000 0.000001
3599.000000 0.000001
3600.000000 0.000001
3601.000000 0.000001
3602.000000 0.000001
3603.000000 0.000001
3604.000000 0.000001
3605.000000 0.000001
3606.000000 0.000001
3607.000000 0.000001
3608.000000 0.000001
3609.000000 0.000001
3610.000000 0.000001
3611.000000 0.000001
3612.000000 0.000001
3613.000000 0.000001
3614.000000 0.000001
3615.000000 0.000001
3616.000000 0.000000
3617.000000 0.000000
3618.000000 0.000000
3619.000000 0.000000
3620.000000 0.000000
3621.000000 0.000000
3622.000000 0.000000
3623.000000 0.000000
3624.000000 0.000000
3625.000000 0.000000
3626.000000 0.000000
3627.000000 0.000000
3628.000000 0.000000
3629.000000 0.000000
3630.000000 0.000000
3631.000000 0.000000
3632.000000 0.000000
3633.000000 0.000000
3634.000000 0.000000
3635.000000 0.000000
3636.000000 0.000000
3637.000000 0.000000
3638.000000 0.000000
3639.000000 0.000000
3640.000000 0.000000
3641.000000 0.000000
3642.000000 0.000000
3643.000000 0.000000
3644.000000 0.000000
3645.000000 0.000000
3646.000000 0.000000
3647.000000 0.000000
3648.000000 0.000000
3649.000000 0.000000
3650.000000 0.000000
3651.000000 0.000000
3652.000000 0.000000
3653.000000 0.000000
3654.000000 0.000000
3655.000000 0.000000
3656.000000 0.000000
3657.000000 0.000000
3658.000000 0.000000
3659.000000 0.000000
3660.000000 0.000000
3661.000000 0.000000
3662.000000 0.000000
3663.000000 0.000000
3664.000000 0.000000
3665.000000 0.000000
3666.000000 0.000000
3667.000000 0.000000
3668.000000 0.000000
3669.000000 0.000000
3670.000000 0.000000
3671.000000 0.000000
3672.000000 0.000000
3673.000000 0.000000
3674.000000 0.000000
3675.000000 0.000000
3676.000000 0.000000
3677.000000 0.000000
3678.000000 0.000000
3679.000000 0.000000
3680.000000 0.000000
3681.000000 0.000000
3682.000000 0.000000
3683.000000 0.000000
3684.000000 0.000000
3685.000000 0.000000
3686.000000 0.000000
3687.000000 0.000000
3688.000000 0.000000
3689.000000 0.000000
3690.000000 0.000000
3691.000000 0.000000
3692.000000 0.000000
3693.000000 0.000000
3694.000000 0.000000
3695.000000 0.000000
3696.000000 0.000000
3697.000000 0.000000
3698.000000 0.000000
3699.000000 0.000000
3700.000000 0.000000
3701.000000 0.000000
3702.000000 0.000000
3703.000000 0.000000
3704.000000 0.000000
3705.000000 0.000000
3706.000000 0.000000
3707.000000 0.000000
3708.000000 0.000000
3709.000000 0.000000
3710.000000 0.000000
3711.000000 0.000000
3712.000000 0.000000
3713.000000 0.000000
3714.000000 0.000000
3715.000000 0.000000
3716.000000 0.000000
3717.000000 0.000000
3718.000000 0.000000
3719.000000 0.000000
3720.000000 0.000000
3721.000000 0.000000
3722.000000 0.000000
3723.000000 0.000000
3724.000000 0.000000
3725.000000 0.000000
3726.000000 0.000000
3727.000000 0.000000
3728.000000 0.000000
3729.000000 0.000000
3730.000000 0.000000
3731.000000 0.000000
3732.000000 0.000000
3733.000000 0.000000
3734.000000 0.000000
3735.000000 0.000000
3736.000000 0.000000
3737.000000 0.000000
3738.000000 0.000000
3739.000000 0.000000
3740.000000 0.000000
3741.000000 0.000000
3742.000000 0.000000
3743.000000 0.000000
3744.000000 0.000000
3745.000000 0.000000
3746.000000 0.000000
3747.000000 0.000000
3748.000000 0.000000
3749.000000 0.000000
3750.000000 0.000000
3751.000000 0.000000
3752.000000 0.000000
3753.000000 0.000000
3754.000000 0.000000
3755.000000 0.000000
3756.000000 0.000000
3757.000000 0.000000
3758.000000 0.000000
3759.000000 0.000000
3760.000000 0.000000
3761.000000 0.000000
3762.000000 0.000000
3763.000000 0.000000
3764.000000 0.000000
3765.000000 0.000000
3766.000000 0.000000
3767.000000 0.000000
3768.000000 0.000000
3769.000000 0.000000
3770.000000 0.000000
3771.000000 0.000000
3772.000000 0.000000
3773.000000 0.000000
3774.000000 0.000000
3775.000000 0.000000
3776.000000 0.000000
3777.000000 0.000000
3778.000000 0.000000
3779.000000 0.000000
3780.000000 0.000000
3781.000000 0.000000
3782.000000 0.000000
3783.000000 0.000000
3784.000000 0.000000
3785.000000 0.000000
3786.000000 0.000000
3787.000000 0.000000
3788.000000 0.000000
3789.000000 0.000000
3790.000000 0.000000
3791.000000 0.000000
3792.000000 0.000000
3793.000000 0.000000
3794.000000 0.000000
3795.000000 0.000000
3796.000000 0.000000
3797.000000 0.000000
3798.000000 0.000000
3799.000000 0.000000
3800.000000 0.000000
3801.000000 0.000000
3802.000000 0.000000
3803.000000 0.000000
3804.000000 0.000000
3805.000000 0.000000
3806.000000 0.000000
3807.000000 0.000000
3808.000000 0.000000
3809.000000 0.000000
3810.000000 0.000000
3811.000000 0.000000
3812.000000 0.000000
3813.000000 0.000000
3814.000000 0.000000
3815.000000 0.000000
3816.000000 0.000000
3817.000000 0.000000
3818.000000 0.000000
3819.000000 0.000000
3820.000000 0.000000
3821.000000 0.000000
3822.000000 0.000000
3823.000000 0.000000
3824.000000 0.000000
3825.000000 0.000000
3826.000000 0.000000
3827.000000 0.000000
3828.000000 0.000000
3829.000000 0.000000
3830.000000 0.000000
3831.000000 0.000000
3832.000000 0.000000
3833.000000 0.000000
3834.000000 0.000000
3835.000000 0.000000
3836.000000 0.000000
3837.000000 0.000000
3838.000000 0.000000
3839.000000 0.000000
3840.000000 0.000000
3841.000000 0.000000
3842.000000 0.000000
3843.000000 0.000000
3844.000000 0.000000
3845.000000 0.000000
3846.000000 0.000000
3847.000000 0.000000
3848.000000 0.000000
3849.000000 0.000000
3850.000000 0.000000
3851.000000 0.000000
3852.000000 0.000000
3853.000000 0.000000
3854.000000 0.000000
3855.000000 0.000000
3856.000000 0.000000
3857.000000 0.000000
3858.000000 0.000000
3859.000000 0.000000
3860.000000 0.000000
3861.000000 0.000000
3862.000000 0.000000
3863.000000 0.000000
3864.000000 0.000000
3865.000000 0.000000
3866.000000 0.000000
3867.000000 0.000000
3868.000000 0.000000
3869.000000 0.000000
3870.000000 0.000000
3871.000000 0.000000
3872.000000 0.000000
3873.000000 0.000000
3874.000000 0.000000
3875.000000 0.000000
3876.000000 0.000000
3877.000000 0.000000
3878.000000 0.000000
3879.000000 0.000000
3880.000000 0.000000
3881.000000 0.000000
3882.000000 0.000000
3883.000000 0.000000
3884.000000 0.000000
3885.000000 0.000000
3886.000000 0.000000
3887.000000 0.000000
3888.000000 0.000000
3889.000000 0.000000
3890.000000 0.000000
3891.000000 0.000000
3892.000000 0.000000
3893.000000 0.000000
3894.000000 0.000000
3895.000000 0.000000
3896.000000 0.000000
3897.000000 0.000000
3898.000000 0.000000
3899.000000 0.000000
3900.000000 0.000000
3901.000000 0.000000
3902.000000 0.000000
3903.000000 0.000000
3904.000000 0.000000
3905.000000 0.000000
3906.000000 0.000000
3907.000000 0.000000
3908.000000 0.000000
3909.000000 0.000000
3910.000000 0.000000
3911.000000 0.000000
3912.000000 0.000000
3913.000000 0.000000
3914.000000 0.000000
3915.000000 0.000000
3916.000000 0.000000
3917.000000 0.000000
3918.000000 0.000000
3919.000000 0.000000
3920.000000 0.000000
3921.000000 0.000000
3922.000000 0.000000
3923.000000 0.000000
3924.000000 0.000000
3925.000000 0.000000
3926.000000 0.000000
3927.000000 0.000000
3928.000000 0.000000
3929.000000 0.000000
3930.000000 0.000000
3931.000000 0.000000
3932.000000 0.000000
3933.000000 0.000000
3934.000000 0.000000
3935.000000 0.000000
3936.000000 0.000000
3937.000000 0.000000
3938.000000 0.000000
3939.000000 0.000000
3940.000000 0.000000
3941.000000 0.000000
3942.000000 0.000000
3943.000000 0.000000
3944.000000 0.000000
3945.000000 0.000000
3946.000000 0.000000
3947.000000 0.000000
3948.000000 0.000000
3949.000000 0.000000
3950.000000 0.000000
3951.000000 0.000000
3952.000000 0.000000
3953.000000 0.000000
3954.000000 0.000000
3955.000000 0.000000
3956.000000 0.000000
3957.000000 0.000000
3958.000000 0.000000
3959.000000 0.000000
3960.000000 0.000000
3961.000000 0.000000
3962.000000 0.000000
3963.000000 0.000000
3964.000000 0.000000
3965.000000 0.000000
3966.000000 0.000000
3967.000000 0.000000
3968.000000 0.000000
3969.000000 0.000000
3970.000000 0.000000
3971.000000 0.000000
3972.000000 0.000000
3973.000000 0.000000
3974.000000 0.000000
3975.000000 0.000000
3976.000000 0.000000
3977.000000 0.000000
3978.000000 0.000000
3979.000000 0.000000
3980.000000 0.000000
3981.000000 0.000000
3982.000000 0.000000
3983.000000 0.000000
3984.000000 0.000000
3985.000000 0.000000
3986.000000 0.000000
3987.000000 0.000000
3988.000000 0.000000
3989.000000 0.000000
3990.000000 0.000000
3991.000000 0.000000
3992.000000 0.000000
3993.000000 0.000000
3994.000000 0.000000
3995.000000 0.000000
3996.000000 0.000000
3997.000000 0.000000
3998.000000 0.000000
3999.000000 0.000000
4000.000000 0.000000
