n lam mean variance std
4000 0.290000 2000.492960 336920.048509 580.448145
bin_midpoint probability
1.000000 0.000000
2.000000 0.000000
3.000000 0.000000
4.000000 0.000000
5.000000 0.000000
6.000000 0.000000
7.000000 0.000000
8.000000 0.000000
9.000000 0.000000
10.000000 0.000000
11.000000 0.000000
12.000000 0.000000
13.000000 0.000000
14.000000 0.000000
15.000000 0.000000
16.000000 0.000000
17.000000 0.000000
18.000000 0.000000
19.000000 0.000000
20.000000 0.000000
21.000000 0.000000
22.000000 0.000000
23.000000 0.000000
24.000000 0.000000
25.000000 0.000000
26.000000 0.000000
27.000000 0.000000
28.000000 0.000000
29.000000 0.000000
30.000000 0.000000
31.000000 0.000000
32.000000 0.000000
33.000000 0.000000
34.000000 0.000000
35.000000 0.000000
36.000000 0.000000
37.000000 0.000000
38.000000 0.000000
39.000000 0.000000
40.000000 0.000000
41.000000 0.000000
42.000000 0.000000
43.000000 0.000000
44.000000 0.000000
45.000000 0.000000
46.000000 0.000000
47.000000 0.000000
48.000000 0.000000
49.000000 0.000000
50.000000 0.000000
51.000000 0.000000
52.000000 0.000000
53.000000 0.000000
54.000000 0.000000
55.000000 0.000000
56.000000 0.000000
57.000000 0.000000
58.000000 0.000000
59.000000 0.000000
60.000000 0.000000
61.000000 0.000000
62.000000 0.000000
63.000000 0.000000
64.000000 0.000000
65.000000 0.000000
66.000000 0.000000
67.000000 0.000000
68.000000 0.000000
69.000000 0.000000
70.000000 0.000000
71.000000 0.000000
72.000000 0.000000
73.000000 0.000000
74.000000 0.000000
75.000000 0.000000
76.000000 0.000000
77.000000 0.000000
78.000000 0.000000
79.000000 0.000000
80.000000 0.000000
81.000000 0.000000
82.000000 0.000000
83.000000 0.000000
84.000000 0.000000
85.000000 0.000000
86.000000 0.000000
87.000000 0.000000
88.000000 0.000000
89.000000 0.000000
90.000000 0.000000
91.000000 0.000000
92.000000 0.000000
93.000000 0.000000
94.000000 0.000000
95.000000 0.000000
96.000000 0.000000
97.000000 0.000000
98.000000 0.000000
99.000000 0.000000
100.000000 0.000000
101.000000 0.000000
102.000000 0.000000
103.000000 0.000000
104.000000 0.000000
105.000000 0.000000
106.000000 0.000000
107.000000 0.000000
108.000000 0.000000
109.000000 0.000000
110.000000 0.000000
111.000000 0.000000
112.000000 0.000000
113.000000 0.000000
114.000000 0.000000
115.000000 0.000000
116.000000 0.000000
117.000000 0.000000
118.000000 0.000000
119.000000 0.000000
120.000000 0.000000
121.000000 0.000000
122.000000 0.000000
123.000000 0.000000
124.000000 0.000000
125.000000 0.000000
126.000000 0.000000
127.000000 0.000000
128.000000 0.000000
129.000000 0.000000
130.000000 0.000000
131.000000 0.000000
132.000000 0.000000
133.000000 0.000000
134.000000 0.000000
135.000000 0.000000
136.000000 0.000000
137.000000 0.000000
138.000000 0.000000
139.000000 0.000000
140.000000 0.000000
141.000000 0.000000
142.000000 0.000000
143.000000 0.000000
144.000000 0.000000
145.000000 0.000000
146.000000 0.000000
147.000000 0.000000
148.000000 0.000000
149.000000 0.000000
150.000000 0.000000
151.000000 0.000000
152.000000 0.000000
153.000000 0.000000
154.000000 0.000000
155.000000 0.000000
156.000000 0.000000
157.000000 0.000000
158.000000 0.000000
159.000000 0.000000
160.000000 0.000000
161.000000 0.000000
162.000000 0.000000
163.000000 0.000000
164.000000 0.000000
165.000000 0.000000
166.000000 0.000000
167.000000 0.000000
168.000000 0.000000
169.000000 0.000000
170.000000 0.000000
171.000000 0.000000
172.000000 0.000000
173.000000 0.000000
174.000000 0.000000
175.000000 0.000000
176.000000 0.000000
177.000000 0.000000
178.000000 0.000000
179.000000 0.000000
180.000000 0.000000
181.000000 0.000000
182.000000 0.000000
183.000000 0.000000
184.000000 0.000000
185.000000 0.000000
186.000000 0.000000
187.000000 0.000000
188.000000 0.000000
189.000000 0.000000
190.000000 0.000000
191.000000 0.000000
192.000000 0.000000
193.000000 0.000000
194.000000 0.000000
195.000000 0.000000
196.000000 0.000000
197.000000 0.000000
198.000000 0.000000
199.000000 0.000000
200.000000 0.000000
201.000000 0.000000
202.000000 0.000000
203.000000 0.000000
204.000000 0.000000
205.000000 0.000000
206.000000 0.000000
207.000000 0.000000
208.000000 0.000000
209.000000 0.000000
210.000000 0.000000
211.000000 0.000000
212.000000 0.000000
213.000000 0.000000
214.000000 0.000000
215.000000 0.000000
216.000000 0.000000
217.000000 0.000000
218.000000 0.000000
219.000000 0.000000
220.000000 0.000000
221.000000 0.000000
222.000000 0.000000
223.000000 0.000000
224.000000 0.000000
225.000000 0.000000
226.000000 0.000000
227.000000 0.000000
228.000000 0.000000
229.000000 0.000000
230.000000 0.000000
231.000000 0.000000
232.000000 0.000000
233.000000 0.000000
234.000000 0.000000
235.000000 0.000000
236.000000 0.000000
237.000000 0.000000
238.000000 0.000000
239.000000 0.000000
240.000000 0.000000
241.000000 0.000000
242.000000 0.000000
243.000000 0.000000
244.000000 0.000000
245.000000 0.000000
246.000000 0.000000
247.000000 0.000000
248.000000 0.000000
249.000000 0.000000
250.000000 0.000000
251.000000 0.000000
252.000000 0.000000
253.000000 0.000000
254.000000 0.000000
255.000000 0.000000
256.000000 0.000000
257.000000 0.000000
258.000000 0.000000
259.000000 0.000000
260.000000 0.000000
261.000000 0.000000
262.000000 0.000000
263.000000 0.000000
264.000000 0.000000
265.000000 0.000000
266.000000 0.000000
267.000000 0.000000
268.000000 0.000000
269.000000 0.000000
270.000000 0.000000
271.000000 0.000000
272.000000 0.000000
273.000000 0.000000
274.000000 0.000000
275.000000 0.000000
276.000000 0.000000
277.000000 0.000000
278.000000 0.000000
279.000000 0.000000
280.000000 0.000000
281.000000 0.000000
282.000000 0.000000
283.000000 0.000001
284.000000 0.000001
285.000000 0.000001
286.000000 0.000001
287.000000 0.000001
288.000000 0.000001
289.000000 0.000001
290.000000 0.000001
291.000000 0.000001
292.000000 0.000001
293.000000 0.000001
294.000000 0.000001
295.000000 0.000001
296.000000 0.000001
297.000000 0.000001
298.000000 0.000001
299.000000 0.000001
300.000000 0.000001
301.000000 0.000001
302.000000 0.000001
303.000000 0.000001
304.000000 0.000001
305.000000 0.000001
306.000000 0.000001
307.000000 0.000001
308.000000 0.000001
309.000000 0.000001
310.000000 0.000001
311.000000 0.000001
312.000000 0.000001
313.000000 0.000001
314.000000 0.000001
315.000000 0.000001
316.000000 0.000001
317.000000 0.000001
318.000000 0.000001
319.000000 0.000001
320.000000 0.000001
321.000000 0.000001
322.000000 0.000001
323.000000 0.000001
324.000000 0.000001
325.000000 0.000001
326.000000 0.000001
327.000000 0.000001
328.000000 0.000001
329.000000 0.000001
330.000000 0.000001
331.000000 0.000001
332.000000 0.000001
333.000000 0.000001
334.000000 0.000001
335.000000 0.000001
336.000000 0.000001
337.000000 0.000001
338.000000 0.000001
339.000000 0.000001
340.000000 0.000002
341.000000 0.000002
342.000000 0.000002
343.000000 0.000002
344.000000 0.000002
345.000000 0.000002
346.000000 0.000002
347.000000 0.000002
348.000000 0.000002
349.000000 0.000002
350.000000 0.000002
351.000000 0.000002
352.000000 0.000002
353.000000 0.000002
354.000000 0.000002
355.000000 0.000002
356.000000 0.000002
357.000000 0.000002
358.000000 0.000002
359.000000 0.000002
360.000000 0.000002
361.000000 0.000002
362.000000 0.000002
363.000000 0.000002
364.000000 0.000002
365.000000 0.000002
366.000000 0.000002
367.000000 0.000002
368.000000 0.000002
369.000000 0.000002
370.000000 0.000002
371.000000 0.000003
372.000000 0.000003
373.000000 0.000003
374.000000 0.000003
375.000000 0.000003
376.000000 0.000003
377.000000 0.000003
378.000000 0.000003
379.000000 0.000003
380.000000 0.000003
381.000000 0.000003
382.000000 0.000003
383.000000 0.000003
384.000000 0.000003
385.000000 0.000003
386.000000 0.000003
387.000000 0.000003
388.000000 0.000003
389.000000 0.000003
390.000000 0.000003
391.000000 0.000003
392.000000 0.000003
393.000000 0.000003
394.000000 0.000003
395.000000 0.000004
396.000000 0.000004
397.000000 0.000004
398.000000 0.000004
399.000000 0.000004
400.000000 0.000004
401.000000 0.000004
402.000000 0.000004
403.000000 0.000004
404.000000 0.000004
405.000000 0.000004
406.000000 0.000004
407.000000 0.000004
408.000000 0.000004
409.000000 0.000004
410.000000 0.000004
411.000000 0.000004
412.000000 0.000004
413.000000 0.000004
414.000000 0.000005
415.000000 0.000005
416.000000 0.000005
417.000000 0.000005
418.000000 0.000005
419.000000 0.000005
420.000000 0.000005
421.000000 0.000005
422.000000 0.000005
423.000000 0.000005
424.000000 0.000005
425.000000 0.000005
426.000000 0.000005
427.000000 0.000005
428.000000 0.000005
429.000000 0.000005
430.000000 0.000006
431.000000 0.000006
432.000000 0.000006
433.000000 0.000006
434.000000 0.000006
435.000000 0.000006
436.000000 0.000006
437.000000 0.000006
438.000000 0.000006
439.000000 0.000006
440.000000 0.000006
441.000000 0.000006
442.000000 0.000006
443.000000 0.000006
444.000000 0.000007
445.000000 0.000007
446.000000 0.000007
447.000000 0.000007
448.000000 0.000007
449.000000 0.000007
450.000000 0.000007
451.000000 0.000007
452.000000 0.000007
453.000000 0.000007
454.000000 0.000007
455.000000 0.000007
456.000000 0.000008
457.000000 0.000008
458.000000 0.000008
459.000000 0.000008
460.000000 0.000008
461.000000 0.000008
462.000000 0.000008
463.000000 0.000008
464.000000 0.000008
465.000000 0.000008
466.000000 0.000008
467.000000 0.000008
468.000000 0.000009
469.000000 0.000009
470.000000 0.000009
471.000000 0.000009
472.000000 0.000009
473.000000 0.000009
474.000000 0.000009
475.000000 0.000009
476.000000 0.000009
477.000000 0.000009
478.000000 0.000010
479.000000 0.000010
480.000000 0.000010
481.000000 0.000010
482.000000 0.000010
483.000000 0.000010
484.000000 0.000010
485.000000 0.000010
486.000000 0.000010
487.000000 0.000010
488.000000 0.000011
489.000000 0.000011
490.000000 0.000011
491.000000 0.000011
492.000000 0.000011
493.000000 0.000011
494.000000 0.000011
495.000000 0.000011
496.000000 0.000011
497.000000 0.000012
498.000000 0.000012
499.000000 0.000012
500.000000 0.000012
501.000000 0.000012
502.000000 0.000012
503.000000 0.000012
504.000000 0.000012
505.000000 0.000013
506.000000 0.000013
507.000000 0.000013
508.000000 0.000013
509.000000 0.000013
510.000000 0.000013
511.000000 0.000013
512.000000 0.000013
513.000000 0.000014
514.000000 0.000014
515.000000 0.000014
516.000000 0.000014
517.000000 0.000014
518.000000 0.000014
519.000000 0.000014
520.000000 0.000014
521.000000 0.000015
522.000000 0.000015
523.000000 0.000015
524.000000 0.000015
525.000000 0.000015
526.000000 0.000015
527.000000 0.000015
528.000000 0.000016
529.000000 0.000016
530.000000 0.000016
531.000000 0.000016
532.000000 0.000016
533.000000 0.000016
534.000000 0.000016
535.000000 0.000017
536.000000 0.000017
537.000000 0.000017
538.000000 0.000017
539.000000 0.000017
540.000000 0.000017
541.000000 0.000017
542.000000 0.000018
543.000000 0.000018
544.000000 0.000018
545.000000 0.000018
546.000000 0.000018
547.000000 0.000018
548.000000 0.000019
549.000000 0.000019
550.000000 0.000019
551.000000 0.000019
552.000000 0.000019
553.000000 0.000019
554.000000 0.000020
555.000000 0.000020
556.000000 0.000020
557.000000 0.000020
558.000000 0.000020
559.000000 0.000020
560.000000 0.000021
561.000000 0.000021
562.000000 0.000021
563.000000 0.000021
564.000000 0.000021
565.000000 0.000021
566.000000 0.000022
567.000000 0.000022
568.000000 0.000022
569.000000 0.000022
570.000000 0.000022
571.000000 0.000022
572.000000 0.000023
573.000000 0.000023
574.000000 0.000023
575.000000 0.000023
576.000000 0.000023
577.000000 0.000024
578.000000 0.000024
579.000000 0.000024
580.000000 0.000024
581.000000 0.000024
582.000000 0.000025
583.000000 0.000025
584.000000 0.000025
585.000000 0.000025
586.000000 0.000025
587.000000 0.000026
588.000000 0.000026
589.000000 0.000026
590.000000 0.000026
591.000000 0.000026
592.000000 0.000027
593.000000 0.000027
594.000000 0.000027
595.000000 0.000027
596.000000 0.000027
597.000000 0.000028
598.000000 0.000028
599.000000 0.000028
600.000000 0.000028
601.000000 0.000028
602.000000 0.000029
603.000000 0.000029
604.000000 0.000029
605.000000 0.000029
606.000000 0.000029
607.000000 0.000030
608.000000 0.000030
609.000000 0.000030
610.000000 0.000030
611.000000 0.000031
612.000000 0.000031
613.000000 0.000031
614.000000 0.000031
615.000000 0.000031
616.000000 0.000032
617.000000 0.000032
618.000000 0.000032
619.000000 0.000032
620.000000 0.000033
621.000000 0.000033
622.000000 0.000033
623.000000 0.000033
624.000000 0.000034
625.000000 0.000034
626.000000 0.000034
627.000000 0.000034
628.000000 0.000034
629.000000 0.000035
630.000000 0.000035
631.000000 0.000035
632.000000 0.000035
633.000000 0.000036
634.000000 0.000036
635.000000 0.000036
636.000000 0.000036
637.000000 0.000037
638.000000 0.000037
639.000000 0.000037
640.000000 0.000037
641.000000 0.000038
642.000000 0.000038
643.000000 0.000038
644.000000 0.000038
645.000000 0.000039
646.000000 0.000039
647.000000 0.000039
648.000000 0.000039
649.000000 0.000040
650.000000 0.000040
651.000000 0.000040
652.000000 0.000041
653.000000 0.000041
654.000000 0.000041
655.000000 0.000041
656.000000 0.000042
657.000000 0.000042
658.000000 0.000042
659.000000 0.000042
660.000000 0.000043
661.000000 0.000043
662.000000 0.000043
663.000000 0.000043
664.000000 0.000044
665.000000 0.000044
666.000000 0.000044
667.000000 0.000045
668.000000 0.000045
669.000000 0.000045
670.000000 0.000045
671.000000 0.000046
672.000000 0.000046
673.000000 0.000046
674.000000 0.000047
675.000000 0.000047
676.000000 0.000047
677.000000 0.000047
678.000000 0.000048
679.000000 0.000048
680.000000 0.000048
681.000000 0.000049
682.000000 0.000049
683.000000 0.000049
684.000000 0.000050
685.000000 0.000050
686.000000 0.000050
687.000000 0.000050
688.000000 0.000051
689.000000 0.000051
690.000000 0.000051
691.000000 0.000052
692.000000 0.000052
693.000000 0.000052
694.000000 0.000053
695.000000 0.000053
696.000000 0.000053
697.000000 0.000053
698.000000 0.000054
699.000000 0.000054
700.000000 0.000054
701.000000 0.000055
702.000000 0.000055
703.000000 0.000055
704.000000 0.000056
705.000000 0.000056
706.000000 0.000056
707.000000 0.000057
708.000000 0.000057
709.000000 0.000057
710.000000 0.000058
711.000000 0.000058
712.000000 0.000058
713.000000 0.000059
714.000000 0.000059
715.000000 0.000059
716.000000 0.000060
717.000000 0.000060
718.000000 0.000060
719.000000 0.000061
720.000000 0.000061
721.000000 0.000061
722.000000 0.000062
723.000000 0.000062
724.000000 0.000062
725.000000 0.000063
726.000000 0.000063
727.000000 0.000063
728.000000 0.000064
729.000000 0.000064
730.000000 0.000064
731.000000 0.000065
732.000000 0.000065
733.000000 0.000065
734.000000 0.000066
735.000000 0.000066
736.000000 0.000066
737.000000 0.000067
738.000000 0.000067
739.000000 0.000068
740.000000 0.000068
741.000000 0.000068
742.000000 0.000069
743.000000 0.000069
744.000000 0.000069
745.000000 0.000070
746.000000 0.000070
747.000000 0.000070
748.000000 0.000071
749.000000 0.000071
750.000000 0.000071
751.000000 0.000072
752.000000 0.000072
753.000000 0.000073
754.000000 0.000073
755.000000 0.000073
756.000000 0.000074
757.000000 0.000074
758.000000 0.000074
759.000000 0.000075
760.000000 0.000075
761.000000 0.000076
762.000000 0.000076
763.000000 0.000076
764.000000 0.000077
765.000000 0.000077
766.000000 0.000077
767.000000 0.000078
768.000000 0.000078
769.000000 0.000079
770.000000 0.000079
771.000000 0.000079
772.000000 0.000080
773.000000 0.000080
774.000000 0.000081
775.000000 0.000081
776.000000 0.000081
777.000000 0.000082
778.000000 0.000082
779.000000 0.000083
780.000000 0.000083
781.000000 0.000083
782.000000 0.000084
783.000000 0.000084
784.000000 0.000084
785.000000 0.000085
786.000000 0.000085
787.000000 0.000086
788.000000 0.000086
789.000000 0.000086
790.000000 0.000087
791.000000 0.000087
792.000000 0.000088
793.000000 0.000088
794.000000 0.000089
795.000000 0.000089
796.000000 0.000089
797.000000 0.000090
798.000000 0.000090
799.000000 0.000091
800.000000 0.000091
801.000000 0.000091
802.000000 0.000092
803.000000 0.000092
804.000000 0.000093
805.000000 0.000093
806.000000 0.000093
807.000000 0.000094
808.000000 0.000094
809.000000 0.000095
810.000000 0.000095
811.000000 0.000096
812.000000 0.000096
813.000000 0.000096
814.000000 0.000097
815.000000 0.000097
816.000000 0.000098
817.000000 0.000098
818.000000 0.000099
819.000000 0.000099
820.000000 0.000099
821.000000 0.000100
822.000000 0.000100
823.000000 0.000101
824.000000 0.000101
825.000000 0.000102
826.000000 0.000102
827.000000 0.000102
828.000000 0.000103
829.000000 0.000103
830.000000 0.000104
831.000000 0.000104
832.000000 0.000105
833.000000 0.000105
834.000000 0.000106
835.000000 0.000106
836.000000 0.000106
837.000000 0.000107
838.000000 0.000107
839.000000 0.000108
840.000000 0.000108
841.000000 0.000109
842.000000 0.000109
843.000000 0.000110
844.000000 0.000110
845.000000 0.000110
846.000000 0.000111
847.000000 0.000111
848.000000 0.000112
849.000000 0.000112
850.000000 0.000113
851.000000 0.000113
852.000000 0.000114
853.000000 0.000114
854.000000 0.000115
855.000000 0.000115
856.000000 0.000115
857.000000 0.000116
858.000000 0.000116
859.000000 0.000117
860.000000 0.000117
861.000000 0.000118
862.000000 0.000118
863.000000 0.000119
864.000000 0.000119
865.000000 0.000120
866.000000 0.000120
867.000000 0.000121
868.000000 0.000121
869.000000 0.000121
870.000000 0.000122
871.000000 0.000122
872.000000 0.000123
873.000000 0.000123
874.000000 0.000124
875.000000 0.000124
876.000000 0.000125
877.000000 0.000125
878.000000 0.000126
879.000000 0.000126
880.000000 0.000127
881.000000 0.000127
882.000000 0.000128
883.000000 0.000128
884.000000 0.000129
885.000000 0.000129
886.000000 0.000130
887.000000 0.000130
888.000000 0.000131
889.000000 0.000131
890.000000 0.000131
891.000000 0.000132
892.000000 0.000132
893.000000 0.000133
894.000000 0.000133
895.000000 0.000134
896.000000 0.000134
897.000000 0.000135
898.000000 0.000135
899.000000 0.000136
900.000000 0.000136
901.000000 0.000137
902.000000 0.000137
903.000000 0.000138
904.000000 0.000138
905.000000 0.000139
906.000000 0.000139
907.000000 0.000140
908.000000 0.000140
909.000000 0.000141
910.000000 0.000141
911.000000 0.000142
912.000000 0.000142
913.000000 0.000143
914.000000 0.000143
915.000000 0.000144
916.000000 0.000144
917.000000 0.000145
918.000000 0.000145
919.000000 0.000146
920.000000 0.000146
921.000000 0.000147
922.000000 0.000147
923.000000 0.000148
924.000000 0.000148
925.000000 0.000149
926.000000 0.000149
927.000000 0.000150
928.000000 0.000150
929.000000 0.000151
930.000000 0.000151
931.000000 0.000152
932.000000 0.000152
933.000000 0.000153
934.000000 0.000153
935.000000 0.000154
936.000000 0.000154
937.000000 0.000155
938.000000 0.000155
939.000000 0.000156
940.000000 0.000156
941.000000 0.000157
942.000000 0.000157
943.000000 0.000158
944.000000 0.000159
945.000000 0.000159
946.000000 0.000160
947.000000 0.000160
948.000000 0.000161
949.000000 0.000161
950.000000 0.000162
951.000000 0.000162
952.000000 0.000163
953.000000 0.000163
954.000000 0.000164
955.000000 0.000164
956.000000 0.000165
957.000000 0.000165
958.000000 0.000166
959.000000 0.000166
960.000000 0.000167
961.000000 0.000167
962.000000 0.000168
963.000000 0.000168
964.000000 0.000169
965.000000 0.000169
966.000000 0.000170
967.000000 0.000171
968.000000 0.000171
969.000000 0.000172
970.000000 0.000172
971.000000 0.000173
972.000000 0.000173
973.000000 0.000174
974.000000 0.000174
975.000000 0.000175
976.000000 0.000175
977.000000 0.000176
978.000000 0.000176
979.000000 0.000177
980.000000 0.000177
981.000000 0.000178
982.000000 0.000179
983.000000 0.000179
984.000000 0.000180
985.000000 0.000180
986.000000 0.000181
987.000000 0.000181
988.000000 0.000182
989.000000 0.000182
990.000000 0.000183
991.000000 0.000183
992.000000 0.000184
993.000000 0.000184
994.000000 0.000185
995.000000 0.000186
996.000000 0.000186
997.000000 0.000187
998.000000 0.000187
999.000000 0.000188
1000.000000 0.000188
1001.000000 0.000189
1002.000000 0.000189
1003.000000 0.000190
1004.000000 0.000190
1005.000000 0.000191
1006.000000 0.000192
1007.000000 0.000192
1008.000000 0.000193
1009.000000 0.000193
1010.000000 0.000194
1011.000000 0.000194
1012.000000 0.000195
1013.000000 0.000195
1014.000000 0.000196
1015.000000 0.000196
1016.000000 0.000197
1017.000000 0.000198
1018.000000 0.000198
1019.000000 0.000199
1020.000000 0.000199
1021.000000 0.000200
1022.000000 0.000200
1023.000000 0.000201
1024.000000 0.000201
1025.000000 0.000202
1026.000000 0.000203
1027.000000 0.000203
1028.000000 0.000204
1029.000000 0.000204
1030.000000 0.000205
1031.000000 0.000205
1032.000000 0.000206
1033.000000 0.000206
1034.000000 0.000207
1035.000000 0.000208
1036.000000 0.000208
1037.000000 0.000209
1038.000000 0.000209
1039.000000 0.000210
1040.000000 0.000210
1041.000000 0.000211
1042.000000 0.000211
1043.000000 0.000212
1044.000000 0.000213
1045.000000 0.000213
1046.000000 0.000214
1047.000000 0.000214
1048.000000 0.000215
1049.000000 0.000215
1050.000000 0.000216
1051.000000 0.000217
1052.000000 0.000217
1053.000000 0.000218
1054.000000 0.000218
1055.000000 0.000219
1056.000000 0.000219
1057.000000 0.000220
1058.000000 0.000221
1059.000000 0.000221
1060.000000 0.000222
1061.000000 0.000222
1062.000000 0.000223
1063.000000 0.000223
1064.000000 0.000224
1065.000000 0.000224
1066.000000 0.000225
1067.000000 0.000226
1068.000000 0.000226
1069.000000 0.000227
1070.000000 0.000227
1071.000000 0.000228
1072.000000 0.000228
1073.000000 0.000229
1074.000000 0.000230
1075.000000 0.000230
1076.000000 0.000231
1077.000000 0.000231
1078.000000 0.000232
1079.000000 0.000233
1080.000000 0.000233
1081.000000 0.000234
1082.000000 0.000234
1083.000000 0.000235
1084.000000 0.000235
1085.000000 0.000236
1086.000000 0.000237
1087.000000 0.000237
1088.000000 0.000238
1089.000000 0.000238
1090.000000 0.000239
1091.000000 0.000239
1092.000000 0.000240
1093.000000 0.000241
1094.000000 0.000241
1095.000000 0.000242
1096.000000 0.000242
1097.000000 0.000243
1098.000000 0.000243
1099.000000 0.000244
1100.000000 0.000245
1101.000000 0.000245
1102.000000 0.000246
1103.000000 0.000246
1104.000000 0.000247
1105.000000 0.000248
1106.000000 0.000248
1107.000000 0.000249
1108.000000 0.000249
1109.000000 0.000250
1110.000000 0.000250
1111.000000 0.000251
1112.000000 0.000252
1113.000000 0.000252
1114.000000 0.000253
1115.000000 0.000253
1116.000000 0.000254
1117.000000 0.000255
1118.000000 0.000255
1119.000000 0.000256
1120.000000 0.000256
1121.000000 0.000257
1122.000000 0.000257
1123.000000 0.000258
1124.000000 0.000259
1125.000000 0.000259
1126.000000 0.000260
1127.000000 0.000260
1128.000000 0.000261
1129.000000 0.000262
1130.000000 0.000262
1131.000000 0.000263
1132.000000 0.000263
1133.000000 0.000264
1134.000000 0.000265
1135.000000 0.000265
1136.000000 0.000266
1137.000000 0.000266
1138.000000 0.000267
1139.000000 0.000267
1140.000000 0.000268
1141.000000 0.000269
1142.000000 0.000269
1143.000000 0.000270
1144.000000 0.000270
1145.000000 0.000271
1146.000000 0.000272
1147.000000 0.000272
1148.000000 0.000273
1149.000000 0.000273
1150.000000 0.000274
1151.000000 0.000275
1152.000000 0.000275
1153.000000 0.000276
1154.000000 0.000276
1155.000000 0.000277
1156.000000 0.000278
1157.000000 0.000278
1158.000000 0.000279
1159.000000 0.000279
1160.000000 0.000280
1161.000000 0.000281
1162.000000 0.000281
1163.000000 0.000282
1164.000000 0.000282
1165.000000 0.000283
1166.000000 0.000284
1167.000000 0.000284
1168.000000 0.000285
1169.000000 0.000285
1170.000000 0.000286
1171.000000 0.000287
1172.000000 0.000287
1173.000000 0.000288
1174.000000 0.000288
1175.000000 0.000289
1176.000000 0.000290
1177.000000 0.000290
1178.000000 0.000291
1179.000000 0.000291
1180.000000 0.000292
1181.000000 0.000293
1182.000000 0.000293
1183.000000 0.000294
1184.000000 0.000294
1185.000000 0.000295
1186.000000 0.000296
1187.000000 0.000296
1188.000000 0.000297
1189.000000 0.000297
1190.000000 0.000298
1191.000000 0.000299
1192.000000 0.000299
1193.000000 0.000300
1194.000000 0.000300
1195.000000 0.000301
1196.000000 0.000302
1197.000000 0.000302
1198.000000 0.000303
1199.000000 0.000303
1200.000000 0.000304
1201.000000 0.000305
1202.000000 0.000305
1203.000000 0.000306
1204.000000 0.000306
1205.000000 0.000307
1206.000000 0.000308
1207.000000 0.000308
1208.000000 0.000309
1209.000000 0.000309
1210.000000 0.000310
1211.000000 0.000311
1212.000000 0.000311
1213.000000 0.000312
1214.000000 0.000312
1215.000000 0.000313
1216.000000 0.000314
1217.000000 0.000314
1218.000000 0.000315
1219.000000 0.000315
1220.000000 0.000316
1221.000000 0.000317
1222.000000 0.000317
1223.000000 0.000318
1224.000000 0.000318
1225.000000 0.000319
1226.000000 0.000320
1227.000000 0.000320
1228.000000 0.000321
1229.000000 0.000321
1230.000000 0.000322
1231.000000 0.000323
1232.000000 0.000323
1233.000000 0.000324
1234.000000 0.000324
1235.000000 0.000325
1236.000000 0.000326
1237.000000 0.000326
1238.000000 0.000327
1239.000000 0.000328
1240.000000 0.000328
1241.000000 0.000329
1242.000000 0.000329
1243.000000 0.000330
1244.000000 0.000331
1245.000000 0.000331
1246.000000 0.000332
1247.000000 0.000332
1248.000000 0.000333
1249.000000 0.000334
1250.000000 0.000334
1251.000000 0.000335
1252.000000 0.000335
1253.000000 0.000336
1254.000000 0.000337
1255.000000 0.000337
1256.000000 0.000338
1257.000000 0.000338
1258.000000 0.000339
1259.000000 0.000340
1260.000000 0.000340
1261.000000 0.000341
1262.000000 0.000341
1263.000000 0.000342
1264.000000 0.000343
1265.000000 0.000343
1266.000000 0.000344
1267.000000 0.000345
1268.000000 0.000345
1269.000000 0.000346
1270.000000 0.000346
1271.000000 0.000347
1272.000000 0.000348
1273.000000 0.000348
1274.000000 0.000349
1275.000000 0.000349
1276.000000 0.000350
1277.000000 0.000351
1278.000000 0.000351
1279.000000 0.000352
1280.000000 0.000352
1281.000000 0.000353
1282.000000 0.000354
1283.000000 0.000354
1284.000000 0.000355
1285.000000 0.000355
1286.000000 0.000356
1287.000000 0.000357
1288.000000 0.000357
1289.000000 0.000358
1290.000000 0.000358
1291.000000 0.000359
1292.000000 0.000360
1293.000000 0.000360
1294.000000 0.000361
1295.000000 0.000361
1296.000000 0.000362
1297.000000 0.000363
1298.000000 0.000363
1299.000000 0.000364
1300.000000 0.000365
1301.000000 0.000365
1302.000000 0.000366
1303.000000 0.000366
1304.000000 0.000367
1305.000000 0.000368
1306.000000 0.000368
1307.000000 0.000369
1308.000000 0.000369
1309.000000 0.000370
1310.000000 0.000371
1311.000000 0.000371
1312.000000 0.000372
1313.000000 0.000372
1314.000000 0.000373
1315.000000 0.000374
1316.000000 0.000374
1317.000000 0.000375
1318.000000 0.000375
1319.000000 0.000376
1320.000000 0.000377
1321.000000 0.000377
1322.000000 0.000378
1323.000000 0.000378
1324.000000 0.000379
1325.000000 0.000380
1326.000000 0.000380
1327.000000 0.000381
1328.000000 0.000381
1329.000000 0.000382
1330.000000 0.000383
1331.000000 0.000383
1332.000000 0.000384
1333.000000 0.000384
1334.000000 0.000385
1335.000000 0.000386
1336.000000 0.000386
1337.000000 0.000387
1338.000000 0.000387
1339.000000 0.000388
1340.000000 0.000389
1341.000000 0.000389
1342.000000 0.000390
1343.000000 0.000390
1344.000000 0.000391
1345.000000 0.000392
1346.000000 0.000392
1347.000000 0.000393
1348.000000 0.000393
1349.000000 0.000394
1350.000000 0.000395
1351.000000 0.000395
1352.000000 0.000396
1353.000000 0.000396
1354.000000 0.000397
1355.000000 0.000398
1356.000000 0.000398
1357.000000 0.000399
1358.000000 0.000399
1359.000000 0.000400
1360.000000 0.000401
1361.000000 0.000401
1362.000000 0.000402
1363.000000 0.000402
1364.000000 0.000403
1365.000000 0.000404
1366.000000 0.000404
1367.000000 0.000405
1368.000000 0.000405
1369.000000 0.000406
1370.000000 0.000407
1371.000000 0.000407
1372.000000 0.000408
1373.000000 0.000408
1374.000000 0.000409
1375.000000 0.000410
1376.000000 0.000410
1377.000000 0.000411
1378.000000 0.000411
1379.000000 0.000412
1380.000000 0.000413
1381.000000 0.000413
1382.000000 0.000414
1383.000000 0.000414
1384.000000 0.000415
1385.000000 0.000416
1386.000000 0.000416
1387.000000 0.000417
1388.000000 0.000417
1389.000000 0.000418
1390.000000 0.000419
1391.000000 0.000419
1392.000000 0.000420
1393.000000 0.000420
1394.000000 0.000421
1395.000000 0.000421
1396.000000 0.000422
1397.000000 0.000423
1398.000000 0.000423
1399.000000 0.000424
1400.000000 0.000424
1401.000000 0.000425
1402.000000 0.000426
1403.000000 0.000426
1404.000000 0.000427
1405.000000 0.000427
1406.000000 0.000428
1407.000000 0.000429
1408.000000 0.000429
1409.000000 0.000430
1410.000000 0.000430
1411.000000 0.000431
1412.000000 0.000431
1413.000000 0.000432
1414.000000 0.000433
1415.000000 0.000433
1416.000000 0.000434
1417.000000 0.000434
1418.000000 0.000435
1419.000000 0.000436
1420.000000 0.000436
1421.000000 0.000437
1422.000000 0.000437
1423.000000 0.000438
1424.000000 0.000438
1425.000000 0.000439
1426.000000 0.000440
1427.000000 0.000440
1428.000000 0.000441
1429.000000 0.000441
1430.000000 0.000442
1431.000000 0.000442
1432.000000 0.000443
1433.000000 0.000444
1434.000000 0.000444
1435.000000 0.000445
1436.000000 0.000445
1437.000000 0.000446
1438.000000 0.000447
1439.000000 0.000447
1440.000000 0.000448
1441.000000 0.000448
1442.000000 0.000449
1443.000000 0.000449
1444.000000 0.000450
1445.000000 0.000451
1446.000000 0.000451
1447.000000 0.000452
1448.000000 0.000452
1449.000000 0.000453
1450.000000 0.000453
1451.000000 0.000454
1452.000000 0.000455
1453.000000 0.000455
1454.000000 0.000456
1455.000000 0.000456
1456.000000 0.000457
1457.000000 0.000457
1458.000000 0.000458
1459.000000 0.000458
1460.000000 0.000459
1461.000000 0.000460
1462.000000 0.000460
1463.000000 0.000461
1464.000000 0.000461
1465.000000 0.000462
1466.000000 0.000462
1467.000000 0.000463
1468.000000 0.000464
1469.000000 0.000464
1470.000000 0.000465
1471.000000 0.000465
1472.000000 0.000466
1473.000000 0.000466
1474.000000 0.000467
1475.000000 0.000467
1476.000000 0.000468
1477.000000 0.000469
1478.000000 0.000469
1479.000000 0.000470
1480.000000 0.000470
1481.000000 0.000471
1482.000000 0.000471
1483.000000 0.000472
1484.000000 0.000472
1485.000000 0.000473
1486.000000 0.000474
1487.000000 0.000474
1488.000000 0.000475
1489.000000 0.000475
1490.000000 0.000476
1491.000000 0.000476
1492.000000 0.000477
1493.000000 0.000477
1494.000000 0.000478
1495.000000 0.000479
1496.000000 0.000479
1497.000000 0.000480
1498.000000 0.000480
1499.000000 0.000481
1500.000000 0.000481
1501.000000 0.000482
1502.000000 0.000482
1503.000000 0.000483
1504.000000 0.000483
1505.000000 0.000484
1506.000000 0.000485
1507.000000 0.000485
1508.000000 0.000486
1509.000000 0.000486
1510.000000 0.000487
1511.000000 0.000487
1512.000000 0.000488
1513.000000 0.000488
1514.000000 0.000489
1515.000000 0.000489
1516.000000 0.000490
1517.000000 0.000490
1518.000000 0.000491
1519.000000 0.000491
1520.000000 0.000492
1521.000000 0.000493
1522.000000 0.000493
1523.000000 0.000494
1524.000000 0.000494
1525.000000 0.000495
1526.000000 0.000495
1527.000000 0.000496
1528.000000 0.000496
1529.000000 0.000497
1530.000000 0.000497
1531.000000 0.000498
1532.000000 0.000498
1533.000000 0.000499
1534.000000 0.000499
1535.000000 0.000500
1536.000000 0.000500
1537.000000 0.000501
1538.000000 0.000502
1539.000000 0.000502
1540.000000 0.000503
1541.000000 0.000503
1542.000000 0.000504
1543.000000 0.000504
1544.000000 0.000505
1545.000000 0.000505
1546.000000 0.000506
1547.000000 0.000506
1548.000000 0.000507
1549.000000 0.000507
1550.000000 0.000508
1551.000000 0.000508
1552.000000 0.000509
1553.000000 0.000509
1554.000000 0.000510
1555.000000 0.000510
1556.000000 0.000511
1557.000000 0.000511
1558.000000 0.000512
1559.000000 0.000512
1560.000000 0.000513
1561.000000 0.000513
1562.000000 0.000514
1563.000000 0.000514
1564.000000 0.000515
1565.000000 0.000515
1566.000000 0.000516
1567.000000 0.000516
1568.000000 0.000517
1569.000000 0.000517
1570.000000 0.000518
1571.000000 0.000518
1572.000000 0.000519
1573.000000 0.000519
1574.000000 0.000520
1575.000000 0.000520
1576.000000 0.000521
1577.000000 0.000521
1578.000000 0.000522
1579.000000 0.000522
1580.000000 0.000523
1581.000000 0.000523
1582.000000 0.000524
1583.000000 0.000524
1584.000000 0.000525
1585.000000 0.000525
1586.000000 0.000526
1587.000000 0.000526
1588.000000 0.000527
1589.000000 0.000527
1590.000000 0.000528
1591.000000 0.000528
1592.000000 0.000529
1593.000000 0.000529
1594.000000 0.000530
1595.000000 0.000530
1596.000000 0.000531
1597.000000 0.000531
1598.000000 0.000532
1599.000000 0.000532
1600.000000 0.000533
1601.000000 0.000533
1602.000000 0.000533
1603.000000 0.000534
1604.000000 0.000534
1605.000000 0.000535
1606.000000 0.000535
1607.000000 0.000536
1608.000000 0.000536
1609.000000 0.000537
1610.000000 0.000537
1611.000000 0.000538
1612.000000 0.000538
1613.000000 0.000539
1614.000000 0.000539
1615.000000 0.000540
1616.000000 0.000540
1617.000000 0.000540
1618.000000 0.000541
1619.000000 0.000541
1620.000000 0.000542
1621.000000 0.000542
1622.000000 0.000543
1623.000000 0.000543
1624.000000 0.000544
1625.000000 0.000544
1626.000000 0.000545
1627.000000 0.000545
1628.000000 0.000546
1629.000000 0.000546
1630.000000 0.000546
1631.000000 0.000547
1632.000000 0.000547
1633.000000 0.000548
1634.000000 0.000548
1635.000000 0.000549
1636.000000 0.000549
1637.000000 0.000550
1638.000000 0.000550
1639.000000 0.000550
1640.000000 0.000551
1641.000000 0.000551
1642.000000 0.000552
1643.000000 0.000552
1644.000000 0.000553
1645.000000 0.000553
1646.000000 0.000554
1647.000000 0.000554
1648.000000 0.000554
1649.000000 0.000555
1650.000000 0.000555
1651.000000 0.000556
1652.000000 0.000556
1653.000000 0.000557
1654.000000 0.000557
1655.000000 0.000557
1656.000000 0.000558
1657.000000 0.000558
1658.000000 0.000559
1659.000000 0.000559
1660.000000 0.000560
1661.000000 0.000560
1662.000000 0.000560
1663.000000 0.000561
1664.000000 0.000561
1665.000000 0.000562
1666.000000 0.000562
1667.000000 0.000562
1668.000000 0.000563
1669.000000 0.000563
1670.000000 0.000564
1671.000000 0.000564
1672.000000 0.000565
1673.000000 0.000565
1674.000000 0.000565
1675.000000 0.000566
1676.000000 0.000566
1677.000000 0.000567
1678.000000 0.000567
1679.000000 0.000567
1680.000000 0.000568
1681.000000 0.000568
1682.000000 0.000569
1683.000000 0.000569
1684.000000 0.000569
1685.000000 0.000570
1686.000000 0.000570
1687.000000 0.000571
1688.000000 0.000571
1689.000000 0.000571
1690.000000 0.000572
1691.000000 0.000572
1692.000000 0.000573
1693.000000 0.000573
1694.000000 0.000573
1695.000000 0.000574
1696.000000 0.000574
1697.000000 0.000575
1698.000000 0.000575
1699.000000 0.000575
1700.000000 0.000576
1701.000000 0.000576
1702.000000 0.000576
1703.000000 0.000577
1704.000000 0.000577
1705.000000 0.000578
1706.000000 0.000578
1707.000000 0.000578
1708.000000 0.000579
1709.000000 0.000579
1710.000000 0.000579
1711.000000 0.000580
1712.000000 0.000580
1713.000000 0.000581
1714.000000 0.000581
1715.000000 0.000581
1716.000000 0.000582
1717.000000 0.000582
1718.000000 0.000582
1719.000000 0.000583
1720.000000 0.000583
1721.000000 0.000583
1722.000000 0.000584
1723.000000 0.000584
1724.000000 0.000585
1725.000000 0.000585
1726.000000 0.000585
1727.000000 0.000586
1728.000000 0.000586
1729.000000 0.000586
1730.000000 0.000587
1731.000000 0.000587
1732.000000 0.000587
1733.000000 0.000588
1734.000000 0.000588
1735.000000 0.000588
1736.000000 0.000589
1737.000000 0.000589
1738.000000 0.000589
1739.000000 0.000590
1740.000000 0.000590
1741.000000 0.000590
1742.000000 0.000591
1743.000000 0.000591
1744.000000 0.000591
1745.000000 0.000592
1746.000000 0.000592
1747.000000 0.000592
1748.000000 0.000593
1749.000000 0.000593
1750.000000 0.000593
1751.000000 0.000594
1752.000000 0.000594
1753.000000 0.000594
1754.000000 0.000595
1755.000000 0.000595
1756.000000 0.000595
1757.000000 0.000596
1758.000000 0.000596
1759.000000 0.000596
1760.000000 0.000597
1761.000000 0.000597
1762.000000 0.000597
1763.000000 0.000598
1764.000000 0.000598
1765.000000 0.000598
1766.000000 0.000599
1767.000000 0.000599
1768.000000 0.000599
1769.000000 0.000599
1770.000000 0.000600
1771.000000 0.000600
1772.000000 0.000600
1773.000000 0.000601
1774.000000 0.000601
1775.000000 0.000601
1776.000000 0.000602
1777.000000 0.000602
1778.000000 0.000602
1779.000000 0.000603
1780.000000 0.000603
1781.000000 0.000603
1782.000000 0.000603
1783.000000 0.000604
1784.000000 0.000604
1785.000000 0.000604
1786.000000 0.000605
1787.000000 0.000605
1788.000000 0.000605
1789.000000 0.000605
1790.000000 0.000606
1791.000000 0.000606
1792.000000 0.000606
1793.000000 0.000607
1794.000000 0.000607
1795.000000 0.000607
1796.000000 0.000607
1797.000000 0.000608
1798.000000 0.000608
1799.000000 0.000608
1800.000000 0.000608
1801.000000 0.000609
1802.000000 0.000609
1803.000000 0.000609
1804.000000 0.000609
1805.000000 0.000610
1806.000000 0.000610
1807.000000 0.000610
1808.000000 0.000611
1809.000000 0.000611
1810.000000 0.000611
1811.000000 0.000611
1812.000000 0.000612
1813.000000 0.000612
1814.000000 0.000612
1815.000000 0.000612
1816.000000 0.000613
1817.000000 0.000613
1818.000000 0.000613
1819.000000 0.000613
1820.000000 0.000614
1821.000000 0.000614
1822.000000 0.000614
1823.000000 0.000614
1824.000000 0.000615
1825.000000 0.000615
1826.000000 0.000615
1827.000000 0.000615
1828.000000 0.000615
1829.000000 0.000616
1830.000000 0.000616
1831.000000 0.000616
1832.000000 0.000616
1833.000000 0.000617
1834.000000 0.000617
1835.000000 0.000617
1836.000000 0.000617
1837.000000 0.000618
1838.000000 0.000618
1839.000000 0.000618
1840.000000 0.000618
1841.000000 0.000618
1842.000000 0.000619
1843.000000 0.000619
1844.000000 0.000619
1845.000000 0.000619
1846.000000 0.000619
1847.000000 0.000620
1848.000000 0.000620
1849.000000 0.000620
1850.000000 0.000620
1851.000000 0.000620
1852.000000 0.000621
1853.000000 0.000621
1854.000000 0.000621
1855.000000 0.000621
1856.000000 0.000621
1857.000000 0.000622
1858.000000 0.000622
1859.000000 0.000622
1860.000000 0.000622
1861.000000 0.000622
1862.000000 0.000623
1863.000000 0.000623
1864.000000 0.000623
1865.000000 0.000623
1866.000000 0.000623
1867.000000 0.000624
1868.000000 0.000624
1869.000000 0.000624
1870.000000 0.000624
1871.000000 0.000624
1872.000000 0.000624
1873.000000 0.000625
1874.000000 0.000625
1875.000000 0.000625
1876.000000 0.000625
1877.000000 0.000625
1878.000000 0.000626
1879.000000 0.000626
1880.000000 0.000626
1881.000000 0.000626
1882.000000 0.000626
1883.000000 0.000626
1884.000000 0.000627
1885.000000 0.000627
1886.000000 0.000627
1887.000000 0.000627
1888.000000 0.000627
1889.000000 0.000627
1890.000000 0.000627
1891.000000 0.000628
1892.000000 0.000628
1893.000000 0.000628
1894.000000 0.000628
1895.000000 0.000628
1896.000000 0.000628
1897.000000 0.000628
1898.000000 0.000629
1899.000000 0.000629
1900.000000 0.000629
1901.000000 0.000629
1902.000000 0.000629
1903.000000 0.000629
1904.000000 0.000629
1905.000000 0.000630
1906.000000 0.000630
1907.000000 0.000630
1908.000000 0.000630
1909.000000 0.000630
1910.000000 0.000630
1911.000000 0.000630
1912.000000 0.000630
1913.000000 0.000631
1914.000000 0.000631
1915.000000 0.000631
1916.000000 0.000631
1917.000000 0.000631
1918.000000 0.000631
1919.000000 0.000631
1920.000000 0.000631
1921.000000 0.000632
1922.000000 0.000632
1923.000000 0.000632
1924.000000 0.000632
1925.000000 0.000632
1926.000000 0.000632
1927.000000 0.000632
1928.000000 0.000632
1929.000000 0.000632
1930.000000 0.000632
1931.000000 0.000633
1932.000000 0.000633
1933.000000 0.000633
1934.000000 0.000633
1935.000000 0.000633
1936.000000 0.000633
1937.000000 0.000633
1938.000000 0.000633
1939.000000 0.000633
1940.000000 0.000633
1941.000000 0.000633
1942.000000 0.000634
1943.000000 0.000634
1944.000000 0.000634
1945.000000 0.000634
1946.000000 0.000634
1947.000000 0.000634
1948.000000 0.000634
1949.000000 0.000634
1950.000000 0.000634
1951.000000 0.000634
1952.000000 0.000634
1953.000000 0.000634
1954.000000 0.000634
1955.000000 0.000634
1956.000000 0.000635
1957.000000 0.000635
1958.000000 0.000635
1959.000000 0.000635
1960.000000 0.000635
1961.000000 0.000635
1962.000000 0.000635
1963.000000 0.000635
1964.000000 0.000635
1965.000000 0.000635
1966.000000 0.000635
1967.000000 0.000635
1968.000000 0.000635
1969.000000 0.000635
1970.000000 0.000635
1971.000000 0.000635
1972.000000 0.000635
1973.000000 0.000635
1974.000000 0.000635
1975.000000 0.000635
1976.000000 0.000636
1977.000000 0.000636
1978.000000 0.000636
1979.000000 0.000636
1980.000000 0.000636
1981.000000 0.000636
1982.000000 0.000636
1983.000000 0.000636
1984.000000 0.000636
1985.000000 0.000636
1986.000000 0.000636
1987.000000 0.000636
1988.000000 0.000636
1989.000000 0.000636
1990.000000 0.000636
1991.000000 0.000636
1992.000000 0.000636
1993.000000 0.000636
1994.000000 0.000636
1995.000000 0.000636
1996.000000 0.000636
1997.000000 0.000636
1998.000000 0.000636
1999.000000 0.000636
2000.000000 0.000636
2001.000000 0.000636
2002.000000 0.000636
2003.000000 0.000636
2004.000000 0.000636
2005.000000 0.000636
2006.000000 0.000636
2007.000000 0.000636
2008.000000 0.000636
2009.000000 0.000636
2010.000000 0.000636
2011.000000 0.000636
2012.000000 0.000636
2013.000000 0.000636
2014.000000 0.000636
2015.000000 0.000636
2016.000000 0.000636
2017.000000 0.000636
2018.000000 0.000636
2019.000000 0.000636
2020.000000 0.000636
2021.000000 0.000636
2022.000000 0.000636
2023.000000 0.000636
2024.000000 0.000636
2025.000000 0.000636
2026.000000 0.000635
2027.000000 0.000635
2028.000000 0.000635
2029.000000 0.000635
2030.000000 0.000635
2031.000000 0.000635
2032.000000 0.000635
2033.000000 0.000635
2034.000000 0.000635
2035.000000 0.000635
2036.000000 0.000635
2037.000000 0.000635
2038.000000 0.000635
2039.000000 0.000635
2040.000000 0.000635
2041.000000 0.000635
2042.000000 0.000635
2043.000000 0.000635
2044.000000 0.000635
2045.000000 0.000635
2046.000000 0.000634
2047.000000 0.000634
2048.000000 0.000634
2049.000000 0.000634
2050.000000 0.000634
2051.000000 0.000634
2052.000000 0.000634
2053.000000 0.000634
2054.000000 0.000634
2055.000000 0.000634
2056.000000 0.000634
2057.000000 0.000634
2058.000000 0.000634
2059.000000 0.000634
2060.000000 0.000633
2061.000000 0.000633
2062.000000 0.000633
2063.000000 0.000633
2064.000000 0.000633
2065.000000 0.000633
2066.000000 0.000633
2067.000000 0.000633
2068.000000 0.000633
2069.000000 0.000633
2070.000000 0.000633
2071.000000 0.000632
2072.000000 0.000632
2073.000000 0.000632
2074.000000 0.000632
2075.000000 0.000632
2076.000000 0.000632
2077.000000 0.000632
2078.000000 0.000632
2079.000000 0.000632
2080.000000 0.000632
2081.000000 0.000631
2082.000000 0.000631
2083.000000 0.000631
2084.000000 0.000631
2085.000000 0.000631
2086.000000 0.000631
2087.000000 0.000631
2088.000000 0.000631
2089.000000 0.000630
2090.000000 0.000630
2091.000000 0.000630
2092.000000 0.000630
2093.000000 0.000630
2094.000000 0.000630
2095.000000 0.000630
2096.000000 0.000630
2097.000000 0.000629
2098.000000 0.000629
2099.000000 0.000629
2100.000000 0.000629
2101.000000 0.000629
2102.000000 0.000629
2103.000000 0.000629
2104.000000 0.000628
2105.000000 0.000628
2106.000000 0.000628
2107.000000 0.000628
2108.000000 0.000628
2109.000000 0.000628
2110.000000 0.000628
2111.000000 0.000627
2112.000000 0.000627
2113.000000 0.000627
2114.000000 0.000627
2115.000000 0.000627
2116.000000 0.000627
2117.000000 0.000627
2118.000000 0.000626
2119.000000 0.000626
2120.000000 0.000626
2121.000000 0.000626
2122.000000 0.000626
2123.000000 0.000626
2124.000000 0.000625
2125.000000 0.000625
2126.000000 0.000625
2127.000000 0.000625
2128.000000 0.000625
2129.000000 0.000624
2130.000000 0.000624
2131.000000 0.000624
2132.000000 0.000624
2133.000000 0.000624
2134.000000 0.000624
2135.000000 0.000623
2136.000000 0.000623
2137.000000 0.000623
2138.000000 0.000623
2139.000000 0.000623
2140.000000 0.000622
2141.000000 0.000622
2142.000000 0.000622
2143.000000 0.000622
2144.000000 0.000622
2145.000000 0.000621
2146.000000 0.000621
2147.000000 0.000621
2148.000000 0.000621
2149.000000 0.000621
2150.000000 0.000620
2151.000000 0.000620
2152.000000 0.000620
2153.000000 0.000620
2154.000000 0.000620
2155.000000 0.000619
2156.000000 0.000619
2157.000000 0.000619
2158.000000 0.000619
2159.000000 0.000619
2160.000000 0.000618
2161.000000 0.000618
2162.000000 0.000618
2163.000000 0.000618
2164.000000 0.000618
2165.000000 0.000617
2166.000000 0.000617
2167.000000 0.000617
2168.000000 0.000617
2169.000000 0.000616
2170.000000 0.000616
2171.000000 0.000616
2172.000000 0.000616
2173.000000 0.000615
2174.000000 0.000615
2175.000000 0.000615
2176.000000 0.000615
2177.000000 0.000615
2178.000000 0.000614
2179.000000 0.000614
2180.000000 0.000614
2181.000000 0.000614
2182.000000 0.000613
2183.000000 0.000613
2184.000000 0.000613
2185.000000 0.000613
2186.000000 0.000612
2187.000000 0.000612
2188.000000 0.000612
2189.000000 0.000612
2190.000000 0.000611
2191.000000 0.000611
2192.000000 0.000611
2193.000000 0.000611
2194.000000 0.000610
2195.000000 0.000610
2196.000000 0.000610
2197.000000 0.000609
2198.000000 0.000609
2199.000000 0.000609
2200.000000 0.000609
2201.000000 0.000608
2202.000000 0.000608
2203.000000 0.000608
2204.000000 0.000608
2205.000000 0.000607
2206.000000 0.000607
2207.000000 0.000607
2208.000000 0.000607
2209.000000 0.000606
2210.000000 0.000606
2211.000000 0.000606
2212.000000 0.000605
2213.000000 0.000605
2214.000000 0.000605
2215.000000 0.000605
2216.000000 0.000604
2217.000000 0.000604
2218.000000 0.000604
2219.000000 0.000603
2220.000000 0.000603
2221.000000 0.000603
2222.000000 0.000602
2223.000000 0.000602
2224.000000 0.000602
2225.000000 0.000602
2226.000000 0.000601
2227.000000 0.000601
2228.000000 0.000601
2229.000000 0.000600
2230.000000 0.000600
2231.000000 0.000600
2232.000000 0.000599
2233.000000 0.000599
2234.000000 0.000599
2235.000000 0.000599
2236.000000 0.000598
2237.000000 0.000598
2238.000000 0.000598
2239.000000 0.000597
2240.000000 0.000597
2241.000000 0.000597
2242.000000 0.000596
2243.000000 0.000596
2244.000000 0.000596
2245.000000 0.000595
2246.000000 0.000595
2247.000000 0.000595
2248.000000 0.000594
2249.000000 0.000594
2250.000000 0.000594
2251.000000 0.000593
2252.000000 0.000593
2253.000000 0.000593
2254.000000 0.000592
2255.000000 0.000592
2256.000000 0.000592
2257.000000 0.000591
2258.000000 0.000591
2259.000000 0.000591
2260.000000 0.000590
2261.000000 0.000590
2262.000000 0.000590
2263.000000 0.000589
2264.000000 0.000589
2265.000000 0.000589
2266.000000 0.000588
2267.000000 0.000588
2268.000000 0.000588
2269.000000 0.000587
2270.000000 0.000587
2271.000000 0.000587
2272.000000 0.000586
2273.000000 0.000586
2274.000000 0.000586
2275.000000 0.000585
2276.000000 0.000585
2277.000000 0.000585
2278.000000 0.000584
2279.000000 0.000584
2280.000000 0.000583
2281.000000 0.000583
2282.000000 0.000583
2283.000000 0.000582
2284.000000 0.000582
2285.000000 0.000582
2286.000000 0.000581
2287.000000 0.000581
2288.000000 0.000581
2289.000000 0.000580
2290.000000 0.000580
2291.000000 0.000579
2292.000000 0.000579
2293.000000 0.000579
2294.000000 0.000578
2295.000000 0.000578
2296.000000 0.000578
2297.000000 0.000577
2298.000000 0.000577
2299.000000 0.000576
2300.000000 0.000576
2301.000000 0.000576
2302.000000 0.000575
2303.000000 0.000575
2304.000000 0.000575
2305.000000 0.000574
2306.000000 0.000574
2307.000000 0.000573
2308.000000 0.000573
2309.000000 0.000573
2310.000000 0.000572
2311.000000 0.000572
2312.000000 0.000571
2313.000000 0.000571
2314.000000 0.000571
2315.000000 0.000570
2316.000000 0.000570
2317.000000 0.000569
2318.000000 0.000569
2319.000000 0.000569
2320.000000 0.000568
2321.000000 0.000568
2322.000000 0.000567
2323.000000 0.000567
2324.000000 0.000567
2325.000000 0.000566
2326.000000 0.000566
2327.000000 0.000565
2328.000000 0.000565
2329.000000 0.000565
2330.000000 0.000564
2331.000000 0.000564
2332.000000 0.000563
2333.000000 0.000563
2334.000000 0.000562
2335.000000 0.000562
2336.000000 0.000562
2337.000000 0.000561
2338.000000 0.000561
2339.000000 0.000560
2340.000000 0.000560
2341.000000 0.000560
2342.000000 0.000559
2343.000000 0.000559
2344.000000 0.000558
2345.000000 0.000558
2346.000000 0.000557
2347.000000 0.000557
2348.000000 0.000557
2349.000000 0.000556
2350.000000 0.000556
2351.000000 0.000555
2352.000000 0.000555
2353.000000 0.000554
2354.000000 0.000554
2355.000000 0.000554
2356.000000 0.000553
2357.000000 0.000553
2358.000000 0.000552
2359.000000 0.000552
2360.000000 0.000551
2361.000000 0.000551
2362.000000 0.000550
2363.000000 0.000550
2364.000000 0.000550
2365.000000 0.000549
2366.000000 0.000549
2367.000000 0.000548
2368.000000 0.000548
2369.000000 0.000547
2370.000000 0.000547
2371.000000 0.000546
2372.000000 0.000546
2373.000000 0.000546
2374.000000 0.000545
2375.000000 0.000545
2376.000000 0.000544
2377.000000 0.000544
2378.000000 0.000543
2379.000000 0.000543
2380.000000 0.000542
2381.000000 0.000542
2382.000000 0.000541
2383.000000 0.000541
2384.000000 0.000540
2385.000000 0.000540
2386.000000 0.000540
2387.000000 0.000539
2388.000000 0.000539
2389.000000 0.000538
2390.000000 0.000538
2391.000000 0.000537
2392.000000 0.000537
2393.000000 0.000536
2394.000000 0.000536
2395.000000 0.000535
2396.000000 0.000535
2397.000000 0.000534
2398.000000 0.000534
2399.000000 0.000533
2400.000000 0.000533
2401.000000 0.000532
2402.000000 0.000532
2403.000000 0.000532
2404.000000 0.000531
2405.000000 0.000531
2406.000000 0.000530
2407.000000 0.000530
2408.000000 0.000529
2409.000000 0.000529
2410.000000 0.000528
2411.000000 0.000528
2412.000000 0.000527
2413.000000 0.000527
2414.000000 0.000526
2415.000000 0.000526
2416.000000 0.000525
2417.000000 0.000525
2418.000000 0.000524
2419.000000 0.000524
2420.000000 0.000523
2421.000000 0.000523
2422.000000 0.000522
2423.000000 0.000522
2424.000000 0.000521
2425.000000 0.000521
2426.000000 0.000520
2427.000000 0.000520
2428.000000 0.000519
2429.000000 0.000519
2430.000000 0.000518
2431.000000 0.000518
2432.000000 0.000517
2433.000000 0.000517
2434.000000 0.000516
2435.000000 0.000516
2436.000000 0.000515
2437.000000 0.000515
2438.000000 0.000514
2439.000000 0.000514
2440.000000 0.000513
2441.000000 0.000513
2442.000000 0.000512
2443.000000 0.000512
2444.000000 0.000511
2445.000000 0.000511
2446.000000 0.000510
2447.000000 0.000510
2448.000000 0.000509
2449.000000 0.000509
2450.000000 0.000508
2451.000000 0.000508
2452.000000 0.000507
2453.000000 0.000507
2454.000000 0.000506
2455.000000 0.000506
2456.000000 0.000505
2457.000000 0.000505
2458.000000 0.000504
2459.000000 0.000504
2460.000000 0.000503
2461.000000 0.000503
2462.000000 0.000502
2463.000000 0.000502
2464.000000 0.000501
2465.000000 0.000500
2466.000000 0.000500
2467.000000 0.000499
2468.000000 0.000499
2469.000000 0.000498
2470.000000 0.000498
2471.000000 0.000497
2472.000000 0.000497
2473.000000 0.000496
2474.000000 0.000496
2475.000000 0.000495
2476.000000 0.000495
2477.000000 0.000494
2478.000000 0.000494
2479.000000 0.000493
2480.000000 0.000493
2481.000000 0.000492
2482.000000 0.000491
2483.000000 0.000491
2484.000000 0.000490
2485.000000 0.000490
2486.000000 0.000489
2487.000000 0.000489
2488.000000 0.000488
2489.000000 0.000488
2490.000000 0.000487
2491.000000 0.000487
2492.000000 0.000486
2493.000000 0.000486
2494.000000 0.000485
2495.000000 0.000484
2496.000000 0.000484
2497.000000 0.000483
2498.000000 0.000483
2499.000000 0.000482
2500.000000 0.000482
2501.000000 0.000481
2502.000000 0.000481
2503.000000 0.000480
2504.000000 0.000480
2505.000000 0.000479
2506.000000 0.000479
2507.000000 0.000478
2508.000000 0.000477
2509.000000 0.000477
2510.000000 0.000476
2511.000000 0.000476
2512.000000 0.000475
2513.000000 0.000475
2514.000000 0.000474
2515.000000 0.000474
2516.000000 0.000473
2517.000000 0.000472
2518.000000 0.000472
2519.000000 0.000471
2520.000000 0.000471
2521.000000 0.000470
2522.000000 0.000470
2523.000000 0.000469
2524.000000 0.000469
2525.000000 0.000468
2526.000000 0.000467
2527.000000 0.000467
2528.000000 0.000466
2529.000000 0.000466
2530.000000 0.000465
2531.000000 0.000465
2532.000000 0.000464
2533.000000 0.000464
2534.000000 0.000463
2535.000000 0.000462
2536.000000 0.000462
2537.000000 0.000461
2538.000000 0.000461
2539.000000 0.000460
2540.000000 0.000460
2541.000000 0.000459
2542.000000 0.000458
2543.000000 0.000458
2544.000000 0.000457
2545.000000 0.000457
2546.000000 0.000456
2547.000000 0.000456
2548.000000 0.000455
2549.000000 0.000454
2550.000000 0.000454
2551.000000 0.000453
2552.000000 0.000453
2553.000000 0.000452
2554.000000 0.000452
2555.000000 0.000451
2556.000000 0.000451
2557.000000 0.000450
2558.000000 0.000449
2559.000000 0.000449
2560.000000 0.000448
2561.000000 0.000448
2562.000000 0.000447
2563.000000 0.000446
2564.000000 0.000446
2565.000000 0.000445
2566.000000 0.000445
2567.000000 0.000444
2568.000000 0.000444
2569.000000 0.000443
2570.000000 0.000442
2571.000000 0.000442
2572.000000 0.000441
2573.000000 0.000441
2574.000000 0.000440
2575.000000 0.000440
2576.000000 0.000439
2577.000000 0.000438
2578.000000 0.000438
2579.000000 0.000437
2580.000000 0.000437
2581.000000 0.000436
2582.000000 0.000436
2583.000000 0.000435
2584.000000 0.000434
2585.000000 0.000434
2586.000000 0.000433
2587.000000 0.000433
2588.000000 0.000432
2589.000000 0.000431
2590.000000 0.000431
2591.000000 0.000430
2592.000000 0.000430
2593.000000 0.000429
2594.000000 0.000429
2595.000000 0.000428
2596.000000 0.000427
2597.000000 0.000427
2598.000000 0.000426
2599.000000 0.000426
2600.000000 0.000425
2601.000000 0.000424
2602.000000 0.000424
2603.000000 0.000423
2604.000000 0.000423
2605.000000 0.000422
2606.000000 0.000421
2607.000000 0.000421
2608.000000 0.000420
2609.000000 0.000420
2610.000000 0.000419
2611.000000 0.000419
2612.000000 0.000418
2613.000000 0.000417
2614.000000 0.000417
2615.000000 0.000416
2616.000000 0.000416
2617.000000 0.000415
2618.000000 0.000414
2619.000000 0.000414
2620.000000 0.000413
2621.000000 0.000413
2622.000000 0.000412
2623.000000 0.000411
2624.000000 0.000411
2625.000000 0.000410
2626.000000 0.000410
2627.000000 0.000409
2628.000000 0.000408
2629.000000 0.000408
2630.000000 0.000407
2631.000000 0.000407
2632.000000 0.000406
2633.000000 0.000405
2634.000000 0.000405
2635.000000 0.000404
2636.000000 0.000404
2637.000000 0.000403
2638.000000 0.000402
2639.000000 0.000402
2640.000000 0.000401
2641.000000 0.000401
2642.000000 0.000400
2643.000000 0.000399
2644.000000 0.000399
2645.000000 0.000398
2646.000000 0.000398
2647.000000 0.000397
2648.000000 0.000396
2649.000000 0.000396
2650.000000 0.000395
2651.000000 0.000395
2652.000000 0.000394
2653.000000 0.000393
2654.000000 0.000393
2655.000000 0.000392
2656.000000 0.000392
2657.000000 0.000391
2658.000000 0.000390
2659.000000 0.000390
2660.000000 0.000389
2661.000000 0.000389
2662.000000 0.000388
2663.000000 0.000387
2664.000000 0.000387
2665.000000 0.000386
2666.000000 0.000386
2667.000000 0.000385
2668.000000 0.000384
2669.000000 0.000384
2670.000000 0.000383
2671.000000 0.000383
2672.000000 0.000382
2673.000000 0.000381
2674.000000 0.000381
2675.000000 0.000380
2676.000000 0.000380
2677.000000 0.000379
2678.000000 0.000378
2679.000000 0.000378
2680.000000 0.000377
2681.000000 0.000377
2682.000000 0.000376
2683.000000 0.000375
2684.000000 0.000375
2685.000000 0.000374
2686.000000 0.000374
2687.000000 0.000373
2688.000000 0.000372
2689.000000 0.000372
2690.000000 0.000371
2691.000000 0.000371
2692.000000 0.000370
2693.000000 0.000369
2694.000000 0.000369
2695.000000 0.000368
2696.000000 0.000368
2697.000000 0.000367
2698.000000 0.000366
2699.000000 0.000366
2700.000000 0.000365
2701.000000 0.000365
2702.000000 0.000364
2703.000000 0.000363
2704.000000 0.000363
2705.000000 0.000362
2706.000000 0.000361
2707.000000 0.000361
2708.000000 0.000360
2709.000000 0.000360
2710.000000 0.000359
2711.000000 0.000358
2712.000000 0.000358
2713.000000 0.000357
2714.000000 0.000357
2715.000000 0.000356
2716.000000 0.000355
2717.000000 0.000355
2718.000000 0.000354
2719.000000 0.000354
2720.000000 0.000353
2721.000000 0.000352
2722.000000 0.000352
2723.000000 0.000351
2724.000000 0.000351
2725.000000 0.000350
2726.000000 0.000349
2727.000000 0.000349
2728.000000 0.000348
2729.000000 0.000348
2730.000000 0.000347
2731.000000 0.000346
2732.000000 0.000346
2733.000000 0.000345
2734.000000 0.000344
2735.000000 0.000344
2736.000000 0.000343
2737.000000 0.000343
2738.000000 0.000342
2739.000000 0.000341
2740.000000 0.000341
2741.000000 0.000340
2742.000000 0.000340
2743.000000 0.000339
2744.000000 0.000338
2745.000000 0.000338
2746.000000 0.000337
2747.000000 0.000337
2748.000000 0.000336
2749.000000 0.000335
2750.000000 0.000335
2751.000000 0.000334
2752.000000 0.000334
2753.000000 0.000333
2754.000000 0.000332
2755.000000 0.000332
2756.000000 0.000331
2757.000000 0.000331
2758.000000 0.000330
2759.000000 0.000329
2760.000000 0.000329
2761.000000 0.000328
2762.000000 0.000328
2763.000000 0.000327
2764.000000 0.000326
2765.000000 0.000326
2766.000000 0.000325
2767.000000 0.000324
2768.000000 0.000324
2769.000000 0.000323
2770.000000 0.000323
2771.000000 0.000322
2772.000000 0.000321
2773.000000 0.000321
2774.000000 0.000320
2775.000000 0.000320
2776.000000 0.000319
2777.000000 0.000318
2778.000000 0.000318
2779.000000 0.000317
2780.000000 0.000317
2781.000000 0.000316
2782.000000 0.000315
2783.000000 0.000315
2784.000000 0.000314
2785.000000 0.000314
2786.000000 0.000313
2787.000000 0.000312
2788.000000 0.000312
2789.000000 0.000311
2790.000000 0.000311
2791.000000 0.000310
2792.000000 0.000309
2793.000000 0.000309
2794.000000 0.000308
2795.000000 0.000308
2796.000000 0.000307
2797.000000 0.000306
2798.000000 0.000306
2799.000000 0.000305
2800.000000 0.000305
2801.000000 0.000304
2802.000000 0.000303
2803.000000 0.000303
2804.000000 0.000302
2805.000000 0.000302
2806.000000 0.000301
2807.000000 0.000300
2808.000000 0.000300
2809.000000 0.000299
2810.000000 0.000299
2811.000000 0.000298
2812.000000 0.000297
2813.000000 0.000297
2814.000000 0.000296
2815.000000 0.000296
2816.000000 0.000295
2817.000000 0.000294
2818.000000 0.000294
2819.000000 0.000293
2820.000000 0.000293
2821.000000 0.000292
2822.000000 0.000291
2823.000000 0.000291
2824.000000 0.000290
2825.000000 0.000290
2826.000000 0.000289
2827.000000 0.000288
2828.000000 0.000288
2829.000000 0.000287
2830.000000 0.000287
2831.000000 0.000286
2832.000000 0.000285
2833.000000 0.000285
2834.000000 0.000284
2835.000000 0.000284
2836.000000 0.000283
2837.000000 0.000282
2838.000000 0.000282
2839.000000 0.000281
2840.000000 0.000281
2841.000000 0.000280
2842.000000 0.000279
2843.000000 0.000279
2844.000000 0.000278
2845.000000 0.000278
2846.000000 0.000277
2847.000000 0.000276
2848.000000 0.000276
2849.000000 0.000275
2850.000000 0.000275
2851.000000 0.000274
2852.000000 0.000273
2853.000000 0.000273
2854.000000 0.000272
2855.000000 0.000272
2856.000000 0.000271
2857.000000 0.000270
2858.000000 0.000270
2859.000000 0.000269
2860.000000 0.000269
2861.000000 0.000268
2862.000000 0.000267
2863.000000 0.000267
2864.000000 0.000266
2865.000000 0.000266
2866.000000 0.000265
2867.000000 0.000265
2868.000000 0.000264
2869.000000 0.000263
2870.000000 0.000263
2871.000000 0.000262
2872.000000 0.000262
2873.000000 0.000261
2874.000000 0.000260
2875.000000 0.000260
2876.000000 0.000259
2877.000000 0.000259
2878.000000 0.000258
2879.000000 0.000257
2880.000000 0.000257
2881.000000 0.000256
2882.000000 0.000256
2883.000000 0.000255
2884.000000 0.000255
2885.000000 0.000254
2886.000000 0.000253
2887.000000 0.000253
2888.000000 0.000252
2889.000000 0.000252
2890.000000 0.000251
2891.000000 0.000250
2892.000000 0.000250
2893.000000 0.000249
2894.000000 0.000249
2895.000000 0.000248
2896.000000 0.000248
2897.000000 0.000247
2898.000000 0.000246
2899.000000 0.000246
2900.000000 0.000245
2901.000000 0.000245
2902.000000 0.000244
2903.000000 0.000243
2904.000000 0.000243
2905.000000 0.000242
2906.000000 0.000242
2907.000000 0.000241
2908.000000 0.000241
2909.000000 0.000240
2910.000000 0.000239
2911.000000 0.000239
2912.000000 0.000238
2913.000000 0.000238
2914.000000 0.000237
2915.000000 0.000237
2916.000000 0.000236
2917.000000 0.000235
2918.000000 0.000235
2919.000000 0.000234
2920.000000 0.000234
2921.000000 0.000233
2922.000000 0.000232
2923.000000 0.000232
2924.000000 0.000231
2925.000000 0.000231
2926.000000 0.000230
2927.000000 0.000230
2928.000000 0.000229
2929.000000 0.000228
2930.000000 0.000228
2931.000000 0.000227
2932.000000 0.000227
2933.000000 0.000226
2934.000000 0.000226
2935.000000 0.000225
2936.000000 0.000224
2937.000000 0.000224
2938.000000 0.000223
2939.000000 0.000223
2940.000000 0.000222
2941.000000 0.000222
2942.000000 0.000221
2943.000000 0.000221
2944.000000 0.000220
2945.000000 0.000219
2946.000000 0.000219
2947.000000 0.000218
2948.000000 0.000218
2949.000000 0.000217
2950.000000 0.000217
2951.000000 0.000216
2952.000000 0.000215
2953.000000 0.000215
2954.000000 0.000214
2955.000000 0.000214
2956.000000 0.000213
2957.000000 0.000213
2958.000000 0.000212
2959.000000 0.000211
2960.000000 0.000211
2961.000000 0.000210
2962.000000 0.000210
2963.000000 0.000209
2964.000000 0.000209
2965.000000 0.000208
2966.000000 0.000208
2967.000000 0.000207
2968.000000 0.000206
2969.000000 0.000206
2970.000000 0.000205
2971.000000 0.000205
2972.000000 0.000204
2973.000000 0.000204
2974.000000 0.000203
2975.000000 0.000203
2976.000000 0.000202
2977.000000 0.000201
2978.000000 0.000201
2979.000000 0.000200
2980.000000 0.000200
2981.000000 0.000199
2982.000000 0.000199
2983.000000 0.000198
2984.000000 0.000198
2985.000000 0.000197
2986.000000 0.000196
2987.000000 0.000196
2988.000000 0.000195
2989.000000 0.000195
2990.000000 0.000194
2991.000000 0.000194
2992.000000 0.000193
2993.000000 0.000193
2994.000000 0.000192
2995.000000 0.000192
2996.000000 0.000191
2997.000000 0.000190
2998.000000 0.000190
2999.000000 0.000189
3000.000000 0.000189
3001.000000 0.000188
3002.000000 0.000188
3003.000000 0.000187
3004.000000 0.000187
3005.000000 0.000186
3006.000000 0.000186
3007.000000 0.000185
3008.000000 0.000184
3009.000000 0.000184
3010.000000 0.000183
3011.000000 0.000183
3012.000000 0.000182
3013.000000 0.000182
3014.000000 0.000181
3015.000000 0.000181
3016.000000 0.000180
3017.000000 0.000180
3018.000000 0.000179
3019.000000 0.000179
3020.000000 0.000178
3021.000000 0.000177
3022.000000 0.000177
3023.000000 0.000176
3024.000000 0.000176
3025.000000 0.000175
3026.000000 0.000175
3027.000000 0.000174
3028.000000 0.000174
3029.000000 0.000173
3030.000000 0.000173
3031.000000 0.000172
3032.000000 0.000172
3033.000000 0.000171
3034.000000 0.000171
3035.000000 0.000170
3036.000000 0.000169
3037.000000 0.000169
3038.000000 0.000168
3039.000000 0.000168
3040.000000 0.000167
3041.000000 0.000167
3042.000000 0.000166
3043.000000 0.000166
3044.000000 0.000165
3045.000000 0.000165
3046.000000 0.000164
3047.000000 0.000164
3048.000000 0.000163
3049.000000 0.000163
3050.000000 0.000162
3051.000000 0.000162
3052.000000 0.000161
3053.000000 0.000161
3054.000000 0.000160
3055.000000 0.000160
3056.000000 0.000159
3057.000000 0.000159
3058.000000 0.000158
3059.000000 0.000157
3060.000000 0.000157
3061.000000 0.000156
3062.000000 0.000156
3063.000000 0.000155
3064.000000 0.000155
3065.000000 0.000154
3066.000000 0.000154
3067.000000 0.000153
3068.000000 0.000153
3069.000000 0.000152
3070.000000 0.000152
3071.000000 0.000151
3072.000000 0.000151
3073.000000 0.000150
3074.000000 0.000150
3075.000000 0.000149
3076.000000 0.000149
3077.000000 0.000148
3078.000000 0.000148
3079.000000 0.000147
3080.000000 0.000147
3081.000000 0.000146
3082.000000 0.000146
3083.000000 0.000145
3084.000000 0.000145
3085.000000 0.000144
3086.000000 0.000144
3087.000000 0.000143
3088.000000 0.000143
3089.000000 0.000142
3090.000000 0.000142
3091.000000 0.000141
3092.000000 0.000141
3093.000000 0.000140
3094.000000 0.000140
3095.000000 0.000139
3096.000000 0.000139
3097.000000 0.000138
3098.000000 0.000138
3099.000000 0.000137
3100.000000 0.000137
3101.000000 0.000136
3102.000000 0.000136
3103.000000 0.000135
3104.000000 0.000135
3105.000000 0.000134
3106.000000 0.000134
3107.000000 0.000133
3108.000000 0.000133
3109.000000 0.000132
3110.000000 0.000132
3111.000000 0.000131
3112.000000 0.000131
3113.000000 0.000130
3114.000000 0.000130
3115.000000 0.000130
3116.000000 0.000129
3117.000000 0.000129
3118.000000 0.000128
3119.000000 0.000128
3120.000000 0.000127
3121.000000 0.000127
3122.000000 0.000126
3123.000000 0.000126
3124.000000 0.000125
3125.000000 0.000125
3126.000000 0.000124
3127.000000 0.000124
3128.000000 0.000123
3129.000000 0.000123
3130.000000 0.000122
3131.000000 0.000122
3132.000000 0.000121
3133.000000 0.000121
3134.000000 0.000121
3135.000000 0.000120
3136.000000 0.000120
3137.000000 0.000119
3138.000000 0.000119
3139.000000 0.000118
3140.000000 0.000118
3141.000000 0.000117
3142.000000 0.000117
3143.000000 0.000116
3144.000000 0.000116
3145.000000 0.000115
3146.000000 0.000115
3147.000000 0.000115
3148.000000 0.000114
3149.000000 0.000114
3150.000000 0.000113
3151.000000 0.000113
3152.000000 0.000112
3153.000000 0.000112
3154.000000 0.000111
3155.000000 0.000111
3156.000000 0.000110
3157.000000 0.000110
3158.000000 0.000110
3159.000000 0.000109
3160.000000 0.000109
3161.000000 0.000108
3162.000000 0.000108
3163.000000 0.000107
3164.000000 0.000107
3165.000000 0.000106
3166.000000 0.000106
3167.000000 0.000106
3168.000000 0.000105
3169.000000 0.000105
3170.000000 0.000104
3171.000000 0.000104
3172.000000 0.000103
3173.000000 0.000103
3174.000000 0.000102
3175.000000 0.000102
3176.000000 0.000102
3177.000000 0.000101
3178.000000 0.000101
3179.000000 0.000100
3180.000000 0.000100
3181.000000 0.000099
3182.000000 0.000099
3183.000000 0.000099
3184.000000 0.000098
3185.000000 0.000098
3186.000000 0.000097
3187.000000 0.000097
3188.000000 0.000096
3189.000000 0.000096
3190.000000 0.000096
3191.000000 0.000095
3192.000000 0.000095
3193.000000 0.000094
3194.000000 0.000094
3195.000000 0.000093
3196.000000 0.000093
3197.000000 0.000093
3198.000000 0.000092
3199.000000 0.000092
3200.000000 0.000091
3201.000000 0.000091
3202.000000 0.000091
3203.000000 0.000090
3204.000000 0.000090
3205.000000 0.000089
3206.000000 0.000089
3207.000000 0.000089
3208.000000 0.000088
3209.000000 0.000088
3210.000000 0.000087
3211.000000 0.000087
3212.000000 0.000086
3213.000000 0.000086
3214.000000 0.000086
3215.000000 0.000085
3216.000000 0.000085
3217.000000 0.000084
3218.000000 0.000084
3219.000000 0.000084
3220.000000 0.000083
3221.000000 0.000083
3222.000000 0.000082
3223.000000 0.000082
3224.000000 0.000082
3225.000000 0.000081
3226.000000 0.000081
3227.000000 0.000081
3228.000000 0.000080
3229.000000 0.000080
3230.000000 0.000079
3231.000000 0.000079
3232.000000 0.000079
3233.000000 0.000078
3234.000000 0.000078
3235.000000 0.000077
3236.000000 0.000077
3237.000000 0.000077
3238.000000 0.000076
3239.000000 0.000076
3240.000000 0.000076
3241.000000 0.000075
3242.000000 0.000075
3243.000000 0.000074
3244.000000 0.000074
3245.000000 0.000074
3246.000000 0.000073
3247.000000 0.000073
3248.000000 0.000073
3249.000000 0.000072
3250.000000 0.000072
3251.000000 0.000071
3252.000000 0.000071
3253.000000 0.000071
3254.000000 0.000070
3255.000000 0.000070
3256.000000 0.000070
3257.000000 0.000069
3258.000000 0.000069
3259.000000 0.000069
3260.000000 0.000068
3261.000000 0.000068
3262.000000 0.000068
3263.000000 0.000067
3264.000000 0.000067
3265.000000 0.000066
3266.000000 0.000066
3267.000000 0.000066
3268.000000 0.000065
3269.000000 0.000065
3270.000000 0.000065
3271.000000 0.000064
3272.000000 0.000064
3273.000000 0.000064
3274.000000 0.000063
3275.000000 0.000063
3276.000000 0.000063
3277.000000 0.000062
3278.000000 0.000062
3279.000000 0.000062
3280.000000 0.000061
3281.000000 0.000061
3282.000000 0.000061
3283.000000 0.000060
3284.000000 0.000060
3285.000000 0.000060
3286.000000 0.000059
3287.000000 0.000059
3288.000000 0.000059
3289.000000 0.000058
3290.000000 0.000058
3291.000000 0.000058
3292.000000 0.000057
3293.000000 0.000057
3294.000000 0.000057
3295.000000 0.000056
3296.000000 0.000056
3297.000000 0.000056
3298.000000 0.000055
3299.000000 0.000055
3300.000000 0.000055
3301.000000 0.000054
3302.000000 0.000054
3303.000000 0.000054
3304.000000 0.000053
3305.000000 0.000053
3306.000000 0.000053
3307.000000 0.000053
3308.000000 0.000052
3309.000000 0.000052
3310.000000 0.000052
3311.000000 0.000051
3312.000000 0.000051
3313.000000 0.000051
3314.000000 0.000050
3315.000000 0.000050
3316.000000 0.000050
3317.000000 0.000050
3318.000000 0.000049
3319.000000 0.000049
3320.000000 0.000049
3321.000000 0.000048
3322.000000 0.000048
3323.000000 0.000048
3324.000000 0.000047
3325.000000 0.000047
3326.000000 0.000047
3327.000000 0.000047
3328.000000 0.000046
3329.000000 0.000046
3330.000000 0.000046
3331.000000 0.000045
3332.000000 0.000045
3333.000000 0.000045
3334.000000 0.000045
3335.000000 0.000044
3336.000000 0.000044
3337.000000 0.000044
3338.000000 0.000043
3339.000000 0.000043
3340.000000 0.000043
3341.000000 0.000043
3342.000000 0.000042
3343.000000 0.000042
3344.000000 0.000042
3345.000000 0.000042
3346.000000 0.000041
3347.000000 0.000041
3348.000000 0.000041
3349.000000 0.000041
3350.000000 0.000040
3351.000000 0.000040
3352.000000 0.000040
3353.000000 0.000039
3354.000000 0.000039
3355.000000 0.000039
3356.000000 0.000039
3357.000000 0.000038
3358.000000 0.000038
3359.000000 0.000038
3360.000000 0.000038
3361.000000 0.000037
3362.000000 0.000037
3363.000000 0.000037
3364.000000 0.000037
3365.000000 0.000036
3366.000000 0.000036
3367.000000 0.000036
3368.000000 0.000036
3369.000000 0.000035
3370.000000 0.000035
3371.000000 0.000035
3372.000000 0.000035
3373.000000 0.000034
3374.000000 0.000034
3375.000000 0.000034
3376.000000 0.000034
3377.000000 0.000034
3378.000000 0.000033
3379.000000 0.000033
3380.000000 0.000033
3381.000000 0.000033
3382.000000 0.000032
3383.000000 0.000032
3384.000000 0.000032
3385.000000 0.000032
3386.000000 0.000031
3387.000000 0.000031
3388.000000 0.000031
3389.000000 0.000031
3390.000000 0.000031
3391.000000 0.000030
3392.000000 0.000030
3393.000000 0.000030
3394.000000 0.000030
3395.000000 0.000029
3396.000000 0.000029
3397.000000 0.000029
3398.000000 0.000029
3399.000000 0.000029
3400.000000 0.000028
3401.000000 0.000028
3402.000000 0.000028
3403.000000 0.000028
3404.000000 0.000028
3405.000000 0.000027
3406.000000 0.000027
3407.000000 0.000027
3408.000000 0.000027
3409.000000 0.000027
3410.000000 0.000026
3411.000000 0.000026
3412.000000 0.000026
3413.000000 0.000026
3414.000000 0.000026
3415.000000 0.000025
3416.000000 0.000025
3417.000000 0.000025
3418.000000 0.000025
3419.000000 0.000025
3420.000000 0.000024
3421.000000 0.000024
3422.000000 0.000024
3423.000000 0.000024
3424.000000 0.000024
3425.000000 0.000023
3426.000000 0.000023
3427.000000 0.000023
3428.000000 0.000023
3429.000000 0.000023
3430.000000 0.000022
3431.000000 0.000022
3432.000000 0.000022
3433.000000 0.000022
3434.000000 0.000022
3435.000000 0.000022
3436.000000 0.000021
3437.000000 0.000021
3438.000000 0.000021
3439.000000 0.000021
3440.000000 0.000021
3441.000000 0.000021
3442.000000 0.000020
3443.000000 0.000020
3444.000000 0.000020
3445.000000 0.000020
3446.000000 0.000020
3447.000000 0.000020
3448.000000 0.000019
3449.000000 0.000019
3450.000000 0.000019
3451.000000 0.000019
3452.000000 0.000019
3453.000000 0.000019
3454.000000 0.000018
3455.000000 0.000018
3456.000000 0.000018
3457.000000 0.000018
3458.000000 0.000018
3459.000000 0.000018
3460.000000 0.000017
3461.000000 0.000017
3462.000000 0.000017
3463.000000 0.000017
3464.000000 0.000017
3465.000000 0.000017
3466.000000 0.000017
3467.000000 0.000016
3468.000000 0.000016
3469.000000 0.000016
3470.000000 0.000016
3471.000000 0.000016
3472.000000 0.000016
3473.000000 0.000016
3474.000000 0.000015
3475.000000 0.000015
3476.000000 0.000015
3477.000000 0.000015
3478.000000 0.000015
3479.000000 0.000015
3480.000000 0.000015
3481.000000 0.000014
3482.000000 0.000014
3483.000000 0.000014
3484.000000 0.000014
3485.000000 0.000014
3486.000000 0.000014
3487.000000 0.000014
3488.000000 0.000014
3489.000000 0.000013
3490.000000 0.000013
3491.000000 0.000013
3492.000000 0.000013
3493.000000 0.000013
3494.000000 0.000013
3495.000000 0.000013
3496.000000 0.000013
3497.000000 0.000012
3498.000000 0.000012
3499.000000 0.000012
3500.000000 0.000012
3501.000000 0.000012
3502.000000 0.000012
3503.000000 0.000012
3504.000000 0.000012
3505.000000 0.000011
3506.000000 0.000011
3507.000000 0.000011
3508.000000 0.000011
3509.000000 0.000011
3510.000000 0.000011
3511.000000 0.000011
3512.000000 0.000011
3513.000000 0.000011
3514.000000 0.000010
3515.000000 0.000010
3516.000000 0.000010
3517.000000 0.000010
3518.000000 0.000010
3519.000000 0.000010
3520.000000 0.000010
3521.000000 0.000010
3522.000000 0.000010
3523.000000 0.000010
3524.000000 0.000009
3525.000000 0.000009
3526.000000 0.000009
3527.000000 0.000009
3528.000000 0.000009
3529.000000 0.000009
3530.000000 0.000009
3531.000000 0.000009
3532.000000 0.000009
3533.000000 0.000009
3534.000000 0.000008
3535.000000 0.000008
3536.000000 0.000008
3537.000000 0.000008
3538.000000 0.000008
3539.000000 0.000008
3540.000000 0.000008
3541.000000 0.000008
3542.000000 0.000008
3543.000000 0.000008
3544.000000 0.000008
3545.000000 0.000008
3546.000000 0.000007
3547.000000 0.000007
3548.000000 0.000007
3549.000000 0.000007
3550.000000 0.000007
3551.000000 0.000007
3552.000000 0.000007
3553.000000 0.000007
3554.000000 0.000007
3555.000000 0.000007
3556.000000 0.000007
3557.000000 0.000007
3558.000000 0.000006
3559.000000 0.000006
3560.000000 0.000006
3561.000000 0.000006
3562.000000 0.000006
3563.000000 0.000006
3564.000000 0.000006
3565.000000 0.000006
3566.000000 0.000006
3567.000000 0.000006
3568.000000 0.000006
3569.000000 0.000006
3570.000000 0.000006
3571.000000 0.000006
3572.000000 0.000005
3573.000000 0.000005
3574.000000 0.000005
3575.000000 0.000005
3576.000000 0.000005
3577.000000 0.000005
3578.000000 0.000005
3579.000000 0.000005
3580.000000 0.000005
3581.000000 0.000005
3582.000000 0.000005
3583.000000 0.000005
3584.000000 0.000005
3585.000000 0.000005
3586.000000 0.000005
3587.000000 0.000005
3588.000000 0.000004
3589.000000 0.000004
3590.000000 0.000004
3591.000000 0.000004
3592.000000 0.000004
3593.000000 0.000004
3594.000000 0.000004
3595.000000 0.000004
3596.000000 0.000004
3597.000000 0.000004
3598.000000 0.000004
3599.000000 0.000004
3600.000000 0.000004
3601.000000 0.000004
3602.000000 0.000004
3603.000000 0.000004
3604.000000 0.000004
3605.000000 0.000004
3606.000000 0.000004
3607.000000 0.000003
3608.000000 0.000003
3609.000000 0.000003
3610.000000 0.000003
3611.000000 0.000003
3612.000000 0.000003
3613.000000 0.000003
3614.000000 0.000003
3615.000000 0.000003
3616.000000 0.000003
3617.000000 0.000003
3618.000000 0.000003
3619.000000 0.000003
3620.000000 0.000003
3621.000000 0.000003
3622.000000 0.000003
3623.000000 0.000003
3624.000000 0.000003
3625.000000 0.000003
3626.000000 0.000003
3627.000000 0.000003
3628.000000 0.000003
3629.000000 0.000003
3630.000000 0.000003
3631.000000 0.000002
3632.000000 0.000002
3633.000000 0.000002
3634.000000 0.000002
3635.000000 0.000002
3636.000000 0.000002
3637.000000 0.000002
3638.000000 0.000002
3639.000000 0.000002
3640.000000 0.000002
3641.000000 0.000002
3642.000000 0.000002
3643.000000 0.000002
3644.000000 0.000002
3645.000000 0.000002
3646.000000 0.000002
3647.000000 0.000002
3648.000000 0.000002
3649.000000 0.000002
3650.000000 0.000002
3651.000000 0.000002
3652.000000 0.000002
3653.000000 0.000002
3654.000000 0.000002
3655.000000 0.000002
3656.000000 0.000002
3657.000000 0.000002
3658.000000 0.000002
3659.000000 0.000002
3660.000000 0.000002
3661.000000 0.000002
3662.000000 0.000001
3663.000000 0.000001
3664.000000 0.000001
3665.000000 0.000001
3666.000000 0.000001
3667.000000 0.000001
3668.000000 0.000001
3669.000000 0.000001
3670.000000 0.000001
3671.000000 0.000001
3672.000000 0.000001
3673.000000 0.000001
3674.000000 0.000001
3675.000000 0.000001
3676.000000 0.000001
3677.000000 0.000001
3678.000000 0.000001
3679.000000 0.000001
3680.000000 0.000001
3681.000000 0.000001
3682.000000 0.000001
3683.000000 0.000001
3684.000000 0.000001
3685.000000 0.000001
3686.000000 0.000001
3687.000000 0.000001
3688.000000 0.000001
3689.000000 0.000001
3690.000000 0.000001
3691.000000 0.000001
3692.000000 0.000001
3693.000000 0.000001
3694.000000 0.000001
3695.000000 0.000001
3696.000000 0.000001
3697.000000 0.000001
3698.000000 0.000001
3699.000000 0.000001
3700.000000 0.000001
3701.000000 0.000001
3702.000000 0.000001
3703.000000 0.000001
3704.000000 0.000001
3705.000000 0.000001
3706.000000 0.000001
3707.000000 0.000001
3708.000000 0.000001
3709.000000 0.000001
3710.000000 0.000001
3711.000000 0.000001
3712.000000 0.000001
3713.000000 0.000001
3714.000000 0.000001
3715.000000 0.000001
3716.000000 0.000001
3717.000000 0.000001
3718.000000 0.000001
3719.000000 0.000000
3720.000000 0.000000
3721.000000 0.000000
3722.000000 0.000000
3723.000000 0.000000
3724.000000 0.000000
3725.000000 0.000000
3726.000000 0.000000
3727.000000 0.000000
3728.000000 0.000000
3729.000000 0.000000
3730.000000 0.000000
3731.000000 0.000000
3732.000000 0.000000
3733.000000 0.000000
3734.000000 0.000000
3735.000000 0.000000
3736.000000 0.000000
3737.000000 0.000000
3738.000000 0.000000
3739.000000 0.000000
3740.000000 0.000000
3741.000000 0.000000
3742.000000 0.000000
3743.000000 0.000000
3744.000000 0.000000
3745.000000 0.000000
3746.000000 0.000000
3747.000000 0.000000
3748.000000 0.000000
3749.000000 0.000000
3750.000000 0.000000
3751.000000 0.000000
3752.000000 0.000000
3753.000000 0.000000
3754.000000 0.000000
3755.000000 0.000000
3756.000000 0.000000
3757.000000 0.000000
3758.000000 0.000000
3759.000000 0.000000
3760.000000 0.000000
3761.000000 0.000000
3762.000000 0.000000
3763.000000 0.000000
3764.000000 0.000000
3765.000000 0.000000
3766.000000 0.000000
3767.000000 0.000000
3768.000000 0.000000
3769.000000 0.000000
3770.000000 0.000000
3771.000000 0.000000
3772.000000 0.000000
3773.000000 0.000000
3774.000000 0.000000
3775.000000 0.000000
3776.000000 0.000000
3777.000000 0.000000
3778.000000 0.000000
3779.000000 0.000000
3780.000000 0.000000
3781.000000 0.000000
3782.000000 0.000000
3783.000000 0.000000
3784.000000 0.000000
3785.000000 0.000000
3786.000000 0.000000
3787.000000 0.000000
3788.000000 0.000000
3789.000000 0.000000
3790.000000 0.000000
3791.000000 0.000000
3792.000000 0.000000
3793.000000 0.000000
3794.000000 0.000000
3795.000000 0.000000
3796.000000 0.000000
3797.000000 0.000000
3798.000000 0.000000
3799.000000 0.000000
3800.000000 0.000000
3801.000000 0.000000
3802.000000 0.000000
3803.000000 0.000000
3804.000000 0.000000
3805.000000 0.000000
3806.000000 0.000000
3807.000000 0.000000
3808.000000 0.000000
3809.000000 0.000000
3810.000000 0.000000
3811.000000 0.000000
3812.000000 0.000000
3813.000000 0.000000
3814.000000 0.000000
3815.000000 0.000000
3816.000000 0.000000
3817.000000 0.000000
3818.000000 0.000000
3819.000000 0.000000
3820.000000 0.000000
3821.000000 0.000000
3822.000000 0.000000
3823.000000 0.000000
3824.000000 0.000000
3825.000000 0.000000
3826.000000 0.000000
3827.000000 0.000000
3828.000000 0.000000
3829.000000 0.000000
3830.000000 0.000000
3831.000000 0.000000
3832.000000 0.000000
3833.000000 0.000000
3834.000000 0.000000
3835.000000 0.000000
3836.000000 0.000000
3837.000000 0.000000
3838.000000 0.000000
3839.000000 0.000000
3840.000000 0.000000
3841.000000 0.000000
3842.000000 0.000000
3843.000000 0.000000
3844.000000 0.000000
3845.000000 0.000000
3846.000000 0.000000
3847.000000 0.000000
3848.000000 0.000000
3849.000000 0.000000
3850.000000 0.000000
3851.000000 0.000000
3852.000000 0.000000
3853.000000 0.000000
3854.000000 0.000000
3855.000000 0.000000
3856.000000 0.000000
3857.000000 0.000000
3858.000000 0.000000
3859.000000 0.000000
3860.000000 0.000000
3861.000000 0.000000
3862.000000 0.000000
3863.000000 0.000000
3864.000000 0.000000
3865.000000 0.000000
3866.000000 0.000000
3867.000000 0.000000
3868.000000 0.000000
3869.000000 0.000000
3870.000000 0.000000
3871.000000 0.000000
3872.000000 0.000000
3873.000000 0.000000
3874.000000 0.000000
3875.000000 0.000000
3876.000000 0.000000
3877.000000 0.000000
3878.000000 0.000000
3879.000000 0.000000
3880.000000 0.000000
3881.000000 0.000000
3882.000000 0.000000
3883.000000 0.000000
3884.000000 0.000000
3885.000000 0.000000
3886.000000 0.000000
3887.000000 0.000000
3888.000000 0.000000
3889.000000 0.000000
3890.000000 0.000000
3891.000000 0.000000
3892.000000 0.000000
3893.000000 0.000000
3894.000000 0.000000
3895.000000 0.000000
3896.000000 0.000000
3897.000000 0.000000
3898.000000 0.000000
3899.000000 0.000000
3900.000000 0.000000
3901.000000 0.000000
3902.000000 0.000000
3903.000000 0.000000
3904.000000 0.000000
3905.000000 0.000000
3906.000000 0.000000
3907.000000 0.000000
3908.000000 0.000000
3909.000000 0.000000
3910.000000 0.000000
3911.000000 0.000000
3912.000000 0.000000
3913.000000 0.000000
3914.000000 0.000000
3915.000000 0.000000
3916.000000 0.000000
3917.000000 0.000000
3918.000000 0.000000
3919.000000 0.000000
3920.000000 0.000000
3921.000000 0.000000
3922.000000 0.000000
3923.000000 0.000000
3924.000000 0.000000
3925.000000 0.000000
3926.000000 0.000000
3927.000000 0.000000
3928.000000 0.000000
3929.000000 0.000000
3930.000000 0.000000
3931.000000 0.000000
3932.000000 0.000000
3933.000000 0.000000
3934.000000 0.000000
3935.000000 0.000000
3936.000000 0.000000
3937.000000 0.000000
3938.000000 0.000000
3939.000000 0.000000
3940.000000 0.000000
3941.000000 0.000000
3942.000000 0.000000
3943.000000 0.000000
3944.000000 0.000000
3945.000000 0.000000
3946.000000 0.000000
3947.000000 0.000000
3948.000000 0.000000
3949.000000 0.000000
3950.000000 0.000000
3951.000000 0.000000
3952.000000 0.000000
3953.000000 0.000000
3954.000000 0.000000
3955.000000 0.000000
3956.000000 0.000000
3957.000000 0.000000
3958.000000 0.000000
3959.000000 0.000000
3960.000000 0.000000
3961.000000 0.000000
3962.000000 0.000000
3963.000000 0.000000
3964.000000 0.000000
3965.000000 0.000000
3966.000000 0.000000
3967.000000 0.000000
3968.000000 0.000000
3969.000000 0.000000
3970.000000 0.000000
3971.000000 0.000000
3972.000000 0.000000
3973.000000 0.000000
3974.000000 0.000000
3975.000000 0.000000
3976.000000 0.000000
3977.000000 0.000000
3978.000000 0.000000
3979.000000 0.000000
3980.000000 0.000000
3981.000000 0.000000
3982.000000 0.000000
3983.000000 0.000000
3984.000000 0.000000
3985.000000 0.000000
3986.000000 0.000000
3987.000000 0.000000
3988.000000 0.000000
3989.000000 0.000000
3990.000000 0.000000
3991.000000 0.000000
3992.000000 0.000000
3993.000000 0.000000
3994.000000 0.000000
3995.000000 0.000000
3996.000000 0.000000
3997.000000 0.000000
3998.000000 0.000000
3999.000000 0.000000
4000.000000 0.000000
