n lam mean variance std
4000 0.370000 2000.493473 285506.046467 534.327658
bin_midpoint probability
1.000000 0.000000
2.000000 0.000000
3.000000 0.000000
4.000000 0.000000
5.000000 0.000000
6.000000 0.000000
7.000000 0.000000
8.000000 0.000000
9.000000 0.000000
10.000000 0.000000
11.000000 0.000000
12.000000 0.000000
13.000000 0.000000
14.000000 0.000000
15.000000 0.000000
16.000000 0.000000
17.000000 0.000000
18.000000 0.000000
19.000000 0.000000
20.000000 0.000000
21.000000 0.000000
22.000000 0.000000
23.000000 0.000000
24.000000 0.000000
25.000000 0.000000
26.000000 0.000000
27.000000 0.000000
28.000000 0.000000
29.000000 0.000000
30.000000 0.000000
31.000000 0.000000
32.000000 0.000000
33.000000 0.000000
34.000000 0.000000
35.000000 0.000000
36.000000 0.000000
37.000000 0.000000
38.000000 0.000000
39.000000 0.000000
40.000000 0.000000
41.000000 0.000000
42.000000 0.000000
43.000000 0.000000
44.000000 0.000000
45.000000 0.000000
46.000000 0.000000
47.000000 0.000000
48.000000 0.000000
49.000000 0.000000
50.000000 0.000000
51.000000 0.000000
52.000000 0.000000
53.000000 0.000000
54.000000 0.000000
55.000000 0.000000
56.000000 0.000000
57.000000 0.000000
58.000000 0.000000
59.000000 0.000000
60.000000 0.000000
61.000000 0.000000
62.000000 0.000000
63.000000 0.000000
64.000000 0.000000
65.000000 0.000000
66.000000 0.000000
67.000000 0.000000
68.000000 0.000000
69.000000 0.000000
70.000000 0.000000
71.000000 0.000000
72.000000 0.000000
73.000000 0.000000
74.000000 0.000000
75.000000 0.000000
76.000000 0.000000
77.000000 0.000000
78.000000 0.000000
79.000000 0.000000
80.000000 0.000000
81.000000 0.000000
82.000000 0.000000
83.000000 0.000000
84.000000 0.000000
85.000000 0.000000
86.000000 0.000000
87.000000 0.000000
88.000000 0.000000
89.000000 0.000000
90.000000 0.000000
91.000000 0.000000
92.000000 0.000000
93.000000 0.000000
94.000000 0.000000
95.000000 0.000000
96.000000 0.000000
97.000000 0.000000
98.000000 0.000000
99.000000 0.000000
100.000000 0.000000
101.000000 0.000000
102.000000 0.000000
103.000000 0.000000
104.000000 0.000000
105.000000 0.000000
106.000000 0.000000
107.000000 0.000000
108.000000 0.000000
109.000000 0.000000
110.000000 0.000000
111.000000 0.000000
112.000000 0.000000
113.000000 0.000000
114.000000 0.000000
115.000000 0.000000
116.000000 0.000000
117.000000 0.000000
118.000000 0.000000
119.000000 0.000000
120.000000 0.000000
121.000000 0.000000
122.000000 0.000000
123.000000 0.000000
124.000000 0.000000
125.000000 0.000000
126.000000 0.000000
127.000000 0.000000
128.000000 0.000000
129.000000 0.000000
130.000000 0.000000
131.000000 0.000000
132.000000 0.000000
133.000000 0.000000
134.000000 0.000000
135.000000 0.000000
136.000000 0.000000
137.000000 0.000000
138.000000 0.000000
139.000000 0.000000
140.000000 0.000000
141.000000 0.000000
142.000000 0.000000
143.000000 0.000000
144.000000 0.000000
145.000000 0.000000
146.000000 0.000000
147.000000 0.000000
148.000000 0.000000
149.000000 0.000000
150.000000 0.000000
151.000000 0.000000
152.000000 0.000000
153.000000 0.000000
154.000000 0.000000
155.000000 0.000000
156.000000 0.000000
157.000000 0.000000
158.000000 0.000000
159.000000 0.000000
160.000000 0.000000
161.000000 0.000000
162.000000 0.000000
163.000000 0.000000
164.000000 0.000000
165.000000 0.000000
166.000000 0.000000
167.000000 0.000000
168.000000 0.000000
169.000000 0.000000
170.000000 0.000000
171.000000 0.000000
172.000000 0.000000
173.000000 0.000000
174.000000 0.000000
175.000000 0.000000
176.000000 0.000000
177.000000 0.000000
178.000000 0.000000
179.000000 0.000000
180.000000 0.000000
181.000000 0.000000
182.000000 0.000000
183.000000 0.000000
184.000000 0.000000
185.000000 0.000000
186.000000 0.000000
187.000000 0.000000
188.000000 0.000000
189.000000 0.000000
190.000000 0.000000
191.000000 0.000000
192.000000 0.000000
193.000000 0.000000
194.000000 0.000000
195.000000 0.000000
196.000000 0.000000
197.000000 0.000000
198.000000 0.000000
199.000000 0.000000
200.000000 0.000000
201.000000 0.000000
202.000000 0.000000
203.000000 0.000000
204.000000 0.000000
205.000000 0.000000
206.000000 0.000000
207.000000 0.000000
208.000000 0.000000
209.000000 0.000000
210.000000 0.000000
211.000000 0.000000
212.000000 0.000000
213.000000 0.000000
214.000000 0.000000
215.000000 0.000000
216.000000 0.000000
217.000000 0.000000
218.000000 0.000000
219.000000 0.000000
220.000000 0.000000
221.000000 0.000000
222.000000 0.000000
223.000000 0.000000
224.000000 0.000000
225.000000 0.000000
226.000000 0.000000
227.000000 0.000000
228.000000 0.000000
229.000000 0.000000
230.000000 0.000000
231.000000 0.000000
232.000000 0.000000
233.000000 0.000000
234.000000 0.000000
235.000000 0.000000
236.000000 0.000000
237.000000 0.000000
238.000000 0.000000
239.000000 0.000000
240.000000 0.000000
241.000000 0.000000
242.000000 0.000000
243.000000 0.000000
244.000000 0.000000
245.000000 0.000000
246.000000 0.000000
247.000000 0.000000
248.000000 0.000000
249.000000 0.000000
250.000000 0.000000
251.000000 0.000000
252.000000 0.000000
253.000000 0.000000
254.000000 0.000000
255.000000 0.000000
256.000000 0.000000
257.000000 0.000000
258.000000 0.000000
259.000000 0.000000
260.000000 0.000000
261.000000 0.000000
262.000000 0.000000
263.000000 0.000000
264.000000 0.000000
265.000000 0.000000
266.000000 0.000000
267.000000 0.000000
268.000000 0.000000
269.000000 0.000000
270.000000 0.000000
271.000000 0.000000
272.000000 0.000000
273.000000 0.000000
274.000000 0.000000
275.000000 0.000000
276.000000 0.000000
277.000000 0.000000
278.000000 0.000000
279.000000 0.000000
280.000000 0.000000
281.000000 0.000000
282.000000 0.000000
283.000000 0.000000
284.000000 0.000000
285.000000 0.000000
286.000000 0.000000
287.000000 0.000000
288.000000 0.000000
289.000000 0.000000
290.000000 0.000000
291.000000 0.000000
292.000000 0.000000
293.000000 0.000000
294.000000 0.000000
295.000000 0.000000
296.000000 0.000000
297.000000 0.000000
298.000000 0.000000
299.000000 0.000000
300.000000 0.000000
301.000000 0.000000
302.000000 0.000000
303.000000 0.000000
304.000000 0.000000
305.000000 0.000000
306.000000 0.000000
307.000000 0.000000
308.000000 0.000000
309.000000 0.000000
310.000000 0.000000
311.000000 0.000000
312.000000 0.000000
313.000000 0.000000
314.000000 0.000000
315.000000 0.000000
316.000000 0.000000
317.000000 0.000000
318.000000 0.000000
319.000000 0.000000
320.000000 0.000000
321.000000 0.000000
322.000000 0.000000
323.000000 0.000000
324.000000 0.000000
325.000000 0.000000
326.000000 0.000000
327.000000 0.000000
328.000000 0.000000
329.000000 0.000000
330.000000 0.000000
331.000000 0.000000
332.000000 0.000000
333.000000 0.000000
334.000000 0.000000
335.000000 0.000000
336.000000 0.000000
337.000000 0.000000
338.000000 0.000000
339.000000 0.000000
340.000000 0.000000
341.000000 0.000000
342.000000 0.000000
343.000000 0.000000
344.000000 0.000000
345.000000 0.000000
346.000000 0.000000
347.000000 0.000000
348.000000 0.000000
349.000000 0.000000
350.000000 0.000000
351.000000 0.000000
352.000000 0.000000
353.000000 0.000000
354.000000 0.000000
355.000000 0.000000
356.000000 0.000000
357.000000 0.000000
358.000000 0.000000
359.000000 0.000000
360.000000 0.000000
361.000000 0.000000
362.000000 0.000000
363.000000 0.000000
364.000000 0.000001
365.000000 0.000001
366.000000 0.000001
367.000000 0.000001
368.000000 0.000001
369.000000 0.000001
370.000000 0.000001
371.000000 0.000001
372.000000 0.000001
373.000000 0.000001
374.000000 0.000001
375.000000 0.000001
376.000000 0.000001
377.000000 0.000001
378.000000 0.000001
379.000000 0.000001
380.000000 0.000001
381.000000 0.000001
382.000000 0.000001
383.000000 0.000001
384.000000 0.000001
385.000000 0.000001
386.000000 0.000001
387.000000 0.000001
388.000000 0.000001
389.000000 0.000001
390.000000 0.000001
391.000000 0.000001
392.000000 0.000001
393.000000 0.000001
394.000000 0.000001
395.000000 0.000001
396.000000 0.000001
397.000000 0.000001
398.000000 0.000001
399.000000 0.000001
400.000000 0.000001
401.000000 0.000001
402.000000 0.000001
403.000000 0.000001
404.000000 0.000001
405.000000 0.000001
406.000000 0.000001
407.000000 0.000001
408.000000 0.000001
409.000000 0.000001
410.000000 0.000001
411.000000 0.000001
412.000000 0.000001
413.000000 0.000001
414.000000 0.000001
415.000000 0.000001
416.000000 0.000001
417.000000 0.000001
418.000000 0.000001
419.000000 0.000001
420.000000 0.000001
421.000000 0.000001
422.000000 0.000001
423.000000 0.000001
424.000000 0.000001
425.000000 0.000001
426.000000 0.000002
427.000000 0.000002
428.000000 0.000002
429.000000 0.000002
430.000000 0.000002
431.000000 0.000002
432.000000 0.000002
433.000000 0.000002
434.000000 0.000002
435.000000 0.000002
436.000000 0.000002
437.000000 0.000002
438.000000 0.000002
439.000000 0.000002
440.000000 0.000002
441.000000 0.000002
442.000000 0.000002
443.000000 0.000002
444.000000 0.000002
445.000000 0.000002
446.000000 0.000002
447.000000 0.000002
448.000000 0.000002
449.000000 0.000002
450.000000 0.000002
451.000000 0.000002
452.000000 0.000002
453.000000 0.000002
454.000000 0.000002
455.000000 0.000002
456.000000 0.000002
457.000000 0.000002
458.000000 0.000002
459.000000 0.000002
460.000000 0.000003
461.000000 0.000003
462.000000 0.000003
463.000000 0.000003
464.000000 0.000003
465.000000 0.000003
466.000000 0.000003
467.000000 0.000003
468.000000 0.000003
469.000000 0.000003
470.000000 0.000003
471.000000 0.000003
472.000000 0.000003
473.000000 0.000003
474.000000 0.000003
475.000000 0.000003
476.000000 0.000003
477.000000 0.000003
478.000000 0.000003
479.000000 0.000003
480.000000 0.000003
481.000000 0.000003
482.000000 0.000003
483.000000 0.000003
484.000000 0.000004
485.000000 0.000004
486.000000 0.000004
487.000000 0.000004
488.000000 0.000004
489.000000 0.000004
490.000000 0.000004
491.000000 0.000004
492.000000 0.000004
493.000000 0.000004
494.000000 0.000004
495.000000 0.000004
496.000000 0.000004
497.000000 0.000004
498.000000 0.000004
499.000000 0.000004
500.000000 0.000004
501.000000 0.000004
502.000000 0.000004
503.000000 0.000004
504.000000 0.000005
505.000000 0.000005
506.000000 0.000005
507.000000 0.000005
508.000000 0.000005
509.000000 0.000005
510.000000 0.000005
511.000000 0.000005
512.000000 0.000005
513.000000 0.000005
514.000000 0.000005
515.000000 0.000005
516.000000 0.000005
517.000000 0.000005
518.000000 0.000005
519.000000 0.000005
520.000000 0.000005
521.000000 0.000006
522.000000 0.000006
523.000000 0.000006
524.000000 0.000006
525.000000 0.000006
526.000000 0.000006
527.000000 0.000006
528.000000 0.000006
529.000000 0.000006
530.000000 0.000006
531.000000 0.000006
532.000000 0.000006
533.000000 0.000006
534.000000 0.000006
535.000000 0.000007
536.000000 0.000007
537.000000 0.000007
538.000000 0.000007
539.000000 0.000007
540.000000 0.000007
541.000000 0.000007
542.000000 0.000007
543.000000 0.000007
544.000000 0.000007
545.000000 0.000007
546.000000 0.000007
547.000000 0.000007
548.000000 0.000008
549.000000 0.000008
550.000000 0.000008
551.000000 0.000008
552.000000 0.000008
553.000000 0.000008
554.000000 0.000008
555.000000 0.000008
556.000000 0.000008
557.000000 0.000008
558.000000 0.000008
559.000000 0.000008
560.000000 0.000009
561.000000 0.000009
562.000000 0.000009
563.000000 0.000009
564.000000 0.000009
565.000000 0.000009
566.000000 0.000009
567.000000 0.000009
568.000000 0.000009
569.000000 0.000009
570.000000 0.000010
571.000000 0.000010
572.000000 0.000010
573.000000 0.000010
574.000000 0.000010
575.000000 0.000010
576.000000 0.000010
577.000000 0.000010
578.000000 0.000010
579.000000 0.000010
580.000000 0.000011
581.000000 0.000011
582.000000 0.000011
583.000000 0.000011
584.000000 0.000011
585.000000 0.000011
586.000000 0.000011
587.000000 0.000011
588.000000 0.000011
589.000000 0.000012
590.000000 0.000012
591.000000 0.000012
592.000000 0.000012
593.000000 0.000012
594.000000 0.000012
595.000000 0.000012
596.000000 0.000012
597.000000 0.000012
598.000000 0.000013
599.000000 0.000013
600.000000 0.000013
601.000000 0.000013
602.000000 0.000013
603.000000 0.000013
604.000000 0.000013
605.000000 0.000013
606.000000 0.000014
607.000000 0.000014
608.000000 0.000014
609.000000 0.000014
610.000000 0.000014
611.000000 0.000014
612.000000 0.000014
613.000000 0.000014
614.000000 0.000015
615.000000 0.000015
616.000000 0.000015
617.000000 0.000015
618.000000 0.000015
619.000000 0.000015
620.000000 0.000015
621.000000 0.000016
622.000000 0.000016
623.000000 0.000016
624.000000 0.000016
625.000000 0.000016
626.000000 0.000016
627.000000 0.000016
628.000000 0.000017
629.000000 0.000017
630.000000 0.000017
631.000000 0.000017
632.000000 0.000017
633.000000 0.000017
634.000000 0.000017
635.000000 0.000018
636.000000 0.000018
637.000000 0.000018
638.000000 0.000018
639.000000 0.000018
640.000000 0.000018
641.000000 0.000019
642.000000 0.000019
643.000000 0.000019
644.000000 0.000019
645.000000 0.000019
646.000000 0.000019
647.000000 0.000020
648.000000 0.000020
649.000000 0.000020
650.000000 0.000020
651.000000 0.000020
652.000000 0.000020
653.000000 0.000020
654.000000 0.000021
655.000000 0.000021
656.000000 0.000021
657.000000 0.000021
658.000000 0.000021
659.000000 0.000022
660.000000 0.000022
661.000000 0.000022
662.000000 0.000022
663.000000 0.000022
664.000000 0.000022
665.000000 0.000023
666.000000 0.000023
667.000000 0.000023
668.000000 0.000023
669.000000 0.000023
670.000000 0.000024
671.000000 0.000024
672.000000 0.000024
673.000000 0.000024
674.000000 0.000024
675.000000 0.000024
676.000000 0.000025
677.000000 0.000025
678.000000 0.000025
679.000000 0.000025
680.000000 0.000025
681.000000 0.000026
682.000000 0.000026
683.000000 0.000026
684.000000 0.000026
685.000000 0.000026
686.000000 0.000027
687.000000 0.000027
688.000000 0.000027
689.000000 0.000027
690.000000 0.000028
691.000000 0.000028
692.000000 0.000028
693.000000 0.000028
694.000000 0.000028
695.000000 0.000029
696.000000 0.000029
697.000000 0.000029
698.000000 0.000029
699.000000 0.000029
700.000000 0.000030
701.000000 0.000030
702.000000 0.000030
703.000000 0.000030
704.000000 0.000031
705.000000 0.000031
706.000000 0.000031
707.000000 0.000031
708.000000 0.000031
709.000000 0.000032
710.000000 0.000032
711.000000 0.000032
712.000000 0.000032
713.000000 0.000033
714.000000 0.000033
715.000000 0.000033
716.000000 0.000033
717.000000 0.000034
718.000000 0.000034
719.000000 0.000034
720.000000 0.000034
721.000000 0.000035
722.000000 0.000035
723.000000 0.000035
724.000000 0.000035
725.000000 0.000036
726.000000 0.000036
727.000000 0.000036
728.000000 0.000036
729.000000 0.000036
730.000000 0.000037
731.000000 0.000037
732.000000 0.000037
733.000000 0.000038
734.000000 0.000038
735.000000 0.000038
736.000000 0.000038
737.000000 0.000039
738.000000 0.000039
739.000000 0.000039
740.000000 0.000039
741.000000 0.000040
742.000000 0.000040
743.000000 0.000040
744.000000 0.000040
745.000000 0.000041
746.000000 0.000041
747.000000 0.000041
748.000000 0.000042
749.000000 0.000042
750.000000 0.000042
751.000000 0.000042
752.000000 0.000043
753.000000 0.000043
754.000000 0.000043
755.000000 0.000043
756.000000 0.000044
757.000000 0.000044
758.000000 0.000044
759.000000 0.000045
760.000000 0.000045
761.000000 0.000045
762.000000 0.000046
763.000000 0.000046
764.000000 0.000046
765.000000 0.000046
766.000000 0.000047
767.000000 0.000047
768.000000 0.000047
769.000000 0.000048
770.000000 0.000048
771.000000 0.000048
772.000000 0.000049
773.000000 0.000049
774.000000 0.000049
775.000000 0.000049
776.000000 0.000050
777.000000 0.000050
778.000000 0.000050
779.000000 0.000051
780.000000 0.000051
781.000000 0.000051
782.000000 0.000052
783.000000 0.000052
784.000000 0.000052
785.000000 0.000053
786.000000 0.000053
787.000000 0.000053
788.000000 0.000054
789.000000 0.000054
790.000000 0.000054
791.000000 0.000055
792.000000 0.000055
793.000000 0.000055
794.000000 0.000056
795.000000 0.000056
796.000000 0.000056
797.000000 0.000057
798.000000 0.000057
799.000000 0.000057
800.000000 0.000058
801.000000 0.000058
802.000000 0.000058
803.000000 0.000059
804.000000 0.000059
805.000000 0.000059
806.000000 0.000060
807.000000 0.000060
808.000000 0.000060
809.000000 0.000061
810.000000 0.000061
811.000000 0.000062
812.000000 0.000062
813.000000 0.000062
814.000000 0.000062
815.000000 0.000063
816.000000 0.000063
817.000000 0.000064
818.000000 0.000064
819.000000 0.000064
820.000000 0.000065
821.000000 0.000065
822.000000 0.000065
823.000000 0.000066
824.000000 0.000066
825.000000 0.000067
826.000000 0.000067
827.000000 0.000067
828.000000 0.000068
829.000000 0.000068
830.000000 0.000068
831.000000 0.000069
832.000000 0.000069
833.000000 0.000070
834.000000 0.000070
835.000000 0.000070
836.000000 0.000071
837.000000 0.000071
838.000000 0.000072
839.000000 0.000072
840.000000 0.000072
841.000000 0.000073
842.000000 0.000073
843.000000 0.000073
844.000000 0.000074
845.000000 0.000074
846.000000 0.000075
847.000000 0.000075
848.000000 0.000076
849.000000 0.000076
850.000000 0.000076
851.000000 0.000077
852.000000 0.000077
853.000000 0.000077
854.000000 0.000078
855.000000 0.000078
856.000000 0.000079
857.000000 0.000079
858.000000 0.000080
859.000000 0.000080
860.000000 0.000080
861.000000 0.000081
862.000000 0.000081
863.000000 0.000082
864.000000 0.000082
865.000000 0.000082
866.000000 0.000083
867.000000 0.000083
868.000000 0.000084
869.000000 0.000084
870.000000 0.000085
871.000000 0.000085
872.000000 0.000085
873.000000 0.000086
874.000000 0.000086
875.000000 0.000087
876.000000 0.000087
877.000000 0.000088
878.000000 0.000088
879.000000 0.000089
880.000000 0.000089
881.000000 0.000089
882.000000 0.000090
883.000000 0.000090
884.000000 0.000091
885.000000 0.000091
886.000000 0.000092
887.000000 0.000092
888.000000 0.000093
889.000000 0.000093
890.000000 0.000093
891.000000 0.000094
892.000000 0.000094
893.000000 0.000095
894.000000 0.000095
895.000000 0.000096
896.000000 0.000096
897.000000 0.000097
898.000000 0.000097
899.000000 0.000098
900.000000 0.000098
901.000000 0.000099
902.000000 0.000099
903.000000 0.000099
904.000000 0.000100
905.000000 0.000100
906.000000 0.000101
907.000000 0.000101
908.000000 0.000102
909.000000 0.000102
910.000000 0.000103
911.000000 0.000103
912.000000 0.000104
913.000000 0.000104
914.000000 0.000105
915.000000 0.000105
916.000000 0.000106
917.000000 0.000106
918.000000 0.000107
919.000000 0.000107
920.000000 0.000108
921.000000 0.000108
922.000000 0.000109
923.000000 0.000109
924.000000 0.000110
925.000000 0.000110
926.000000 0.000111
927.000000 0.000111
928.000000 0.000112
929.000000 0.000112
930.000000 0.000113
931.000000 0.000113
932.000000 0.000114
933.000000 0.000114
934.000000 0.000115
935.000000 0.000115
936.000000 0.000116
937.000000 0.000116
938.000000 0.000117
939.000000 0.000117
940.000000 0.000118
941.000000 0.000118
942.000000 0.000119
943.000000 0.000119
944.000000 0.000120
945.000000 0.000120
946.000000 0.000121
947.000000 0.000121
948.000000 0.000122
949.000000 0.000123
950.000000 0.000123
951.000000 0.000124
952.000000 0.000124
953.000000 0.000125
954.000000 0.000125
955.000000 0.000126
956.000000 0.000126
957.000000 0.000127
958.000000 0.000127
959.000000 0.000128
960.000000 0.000128
961.000000 0.000129
962.000000 0.000129
963.000000 0.000130
964.000000 0.000130
965.000000 0.000131
966.000000 0.000131
967.000000 0.000132
968.000000 0.000133
969.000000 0.000133
970.000000 0.000134
971.000000 0.000134
972.000000 0.000135
973.000000 0.000135
974.000000 0.000136
975.000000 0.000136
976.000000 0.000137
977.000000 0.000138
978.000000 0.000138
979.000000 0.000139
980.000000 0.000139
981.000000 0.000140
982.000000 0.000140
983.000000 0.000141
984.000000 0.000142
985.000000 0.000142
986.000000 0.000143
987.000000 0.000143
988.000000 0.000144
989.000000 0.000144
990.000000 0.000145
991.000000 0.000145
992.000000 0.000146
993.000000 0.000147
994.000000 0.000147
995.000000 0.000148
996.000000 0.000148
997.000000 0.000149
998.000000 0.000150
999.000000 0.000150
1000.000000 0.000151
1001.000000 0.000151
1002.000000 0.000152
1003.000000 0.000152
1004.000000 0.000153
1005.000000 0.000154
1006.000000 0.000154
1007.000000 0.000155
1008.000000 0.000155
1009.000000 0.000156
1010.000000 0.000157
1011.000000 0.000157
1012.000000 0.000158
1013.000000 0.000158
1014.000000 0.000159
1015.000000 0.000160
1016.000000 0.000160
1017.000000 0.000161
1018.000000 0.000161
1019.000000 0.000162
1020.000000 0.000163
1021.000000 0.000163
1022.000000 0.000164
1023.000000 0.000164
1024.000000 0.000165
1025.000000 0.000166
1026.000000 0.000166
1027.000000 0.000167
1028.000000 0.000167
1029.000000 0.000168
1030.000000 0.000169
1031.000000 0.000169
1032.000000 0.000170
1033.000000 0.000170
1034.000000 0.000171
1035.000000 0.000172
1036.000000 0.000172
1037.000000 0.000173
1038.000000 0.000173
1039.000000 0.000174
1040.000000 0.000175
1041.000000 0.000175
1042.000000 0.000176
1043.000000 0.000177
1044.000000 0.000177
1045.000000 0.000178
1046.000000 0.000178
1047.000000 0.000179
1048.000000 0.000180
1049.000000 0.000180
1050.000000 0.000181
1051.000000 0.000182
1052.000000 0.000182
1053.000000 0.000183
1054.000000 0.000184
1055.000000 0.000184
1056.000000 0.000185
1057.000000 0.000185
1058.000000 0.000186
1059.000000 0.000187
1060.000000 0.000187
1061.000000 0.000188
1062.000000 0.000189
1063.000000 0.000189
1064.000000 0.000190
1065.000000 0.000191
1066.000000 0.000191
1067.000000 0.000192
1068.000000 0.000192
1069.000000 0.000193
1070.000000 0.000194
1071.000000 0.000194
1072.000000 0.000195
1073.000000 0.000196
1074.000000 0.000196
1075.000000 0.000197
1076.000000 0.000198
1077.000000 0.000198
1078.000000 0.000199
1079.000000 0.000200
1080.000000 0.000200
1081.000000 0.000201
1082.000000 0.000201
1083.000000 0.000202
1084.000000 0.000203
1085.000000 0.000203
1086.000000 0.000204
1087.000000 0.000205
1088.000000 0.000206
1089.000000 0.000206
1090.000000 0.000207
1091.000000 0.000207
1092.000000 0.000208
1093.000000 0.000209
1094.000000 0.000209
1095.000000 0.000210
1096.000000 0.000211
1097.000000 0.000211
1098.000000 0.000212
1099.000000 0.000213
1100.000000 0.000213
1101.000000 0.000214
1102.000000 0.000215
1103.000000 0.000216
1104.000000 0.000216
1105.000000 0.000217
1106.000000 0.000217
1107.000000 0.000218
1108.000000 0.000219
1109.000000 0.000219
1110.000000 0.000220
1111.000000 0.000221
1112.000000 0.000221
1113.000000 0.000222
1114.000000 0.000223
1115.000000 0.000224
1116.000000 0.000224
1117.000000 0.000225
1118.000000 0.000225
1119.000000 0.000226
1120.000000 0.000227
1121.000000 0.000227
1122.000000 0.000228
1123.000000 0.000229
1124.000000 0.000230
1125.000000 0.000230
1126.000000 0.000231
1127.000000 0.000232
1128.000000 0.000232
1129.000000 0.000233
1130.000000 0.000234
1131.000000 0.000234
1132.000000 0.000235
1133.000000 0.000236
1134.000000 0.000236
1135.000000 0.000237
1136.000000 0.000238
1137.000000 0.000238
1138.000000 0.000239
1139.000000 0.000240
1140.000000 0.000241
1141.000000 0.000241
1142.000000 0.000242
1143.000000 0.000242
1144.000000 0.000243
1145.000000 0.000244
1146.000000 0.000245
1147.000000 0.000245
1148.000000 0.000246
1149.000000 0.000247
1150.000000 0.000247
1151.000000 0.000248
1152.000000 0.000249
1153.000000 0.000250
1154.000000 0.000250
1155.000000 0.000251
1156.000000 0.000252
1157.000000 0.000252
1158.000000 0.000253
1159.000000 0.000254
1160.000000 0.000254
1161.000000 0.000255
1162.000000 0.000256
1163.000000 0.000257
1164.000000 0.000257
1165.000000 0.000258
1166.000000 0.000259
1167.000000 0.000259
1168.000000 0.000260
1169.000000 0.000261
1170.000000 0.000261
1171.000000 0.000262
1172.000000 0.000263
1173.000000 0.000264
1174.000000 0.000264
1175.000000 0.000265
1176.000000 0.000266
1177.000000 0.000266
1178.000000 0.000267
1179.000000 0.000268
1180.000000 0.000268
1181.000000 0.000269
1182.000000 0.000270
1183.000000 0.000271
1184.000000 0.000271
1185.000000 0.000272
1186.000000 0.000273
1187.000000 0.000274
1188.000000 0.000274
1189.000000 0.000275
1190.000000 0.000276
1191.000000 0.000276
1192.000000 0.000277
1193.000000 0.000278
1194.000000 0.000278
1195.000000 0.000279
1196.000000 0.000280
1197.000000 0.000280
1198.000000 0.000281
1199.000000 0.000282
1200.000000 0.000283
1201.000000 0.000284
1202.000000 0.000284
1203.000000 0.000285
1204.000000 0.000286
1205.000000 0.000286
1206.000000 0.000287
1207.000000 0.000288
1208.000000 0.000288
1209.000000 0.000289
1210.000000 0.000290
1211.000000 0.000291
1212.000000 0.000291
1213.000000 0.000292
1214.000000 0.000293
1215.000000 0.000293
1216.000000 0.000294
1217.000000 0.000295
1218.000000 0.000296
1219.000000 0.000296
1220.000000 0.000297
1221.000000 0.000298
1222.000000 0.000298
1223.000000 0.000299
1224.000000 0.000300
1225.000000 0.000301
1226.000000 0.000302
1227.000000 0.000302
1228.000000 0.000303
1229.000000 0.000304
1230.000000 0.000304
1231.000000 0.000305
1232.000000 0.000306
1233.000000 0.000307
1234.000000 0.000307
1235.000000 0.000308
1236.000000 0.000309
1237.000000 0.000310
1238.000000 0.000310
1239.000000 0.000311
1240.000000 0.000312
1241.000000 0.000312
1242.000000 0.000313
1243.000000 0.000314
1244.000000 0.000314
1245.000000 0.000315
1246.000000 0.000316
1247.000000 0.000317
1248.000000 0.000318
1249.000000 0.000318
1250.000000 0.000319
1251.000000 0.000320
1252.000000 0.000320
1253.000000 0.000321
1254.000000 0.000322
1255.000000 0.000322
1256.000000 0.000323
1257.000000 0.000324
1258.000000 0.000325
1259.000000 0.000325
1260.000000 0.000326
1261.000000 0.000327
1262.000000 0.000328
1263.000000 0.000329
1264.000000 0.000329
1265.000000 0.000330
1266.000000 0.000331
1267.000000 0.000331
1268.000000 0.000332
1269.000000 0.000333
1270.000000 0.000333
1271.000000 0.000334
1272.000000 0.000335
1273.000000 0.000336
1274.000000 0.000337
1275.000000 0.000337
1276.000000 0.000338
1277.000000 0.000339
1278.000000 0.000339
1279.000000 0.000340
1280.000000 0.000341
1281.000000 0.000341
1282.000000 0.000342
1283.000000 0.000343
1284.000000 0.000344
1285.000000 0.000345
1286.000000 0.000345
1287.000000 0.000346
1288.000000 0.000347
1289.000000 0.000347
1290.000000 0.000348
1291.000000 0.000349
1292.000000 0.000350
1293.000000 0.000350
1294.000000 0.000351
1295.000000 0.000352
1296.000000 0.000352
1297.000000 0.000353
1298.000000 0.000354
1299.000000 0.000355
1300.000000 0.000356
1301.000000 0.000356
1302.000000 0.000357
1303.000000 0.000358
1304.000000 0.000358
1305.000000 0.000359
1306.000000 0.000360
1307.000000 0.000361
1308.000000 0.000361
1309.000000 0.000362
1310.000000 0.000363
1311.000000 0.000364
1312.000000 0.000364
1313.000000 0.000365
1314.000000 0.000366
1315.000000 0.000367
1316.000000 0.000367
1317.000000 0.000368
1318.000000 0.000369
1319.000000 0.000369
1320.000000 0.000370
1321.000000 0.000371
1322.000000 0.000371
1323.000000 0.000373
1324.000000 0.000373
1325.000000 0.000374
1326.000000 0.000375
1327.000000 0.000375
1328.000000 0.000376
1329.000000 0.000377
1330.000000 0.000377
1331.000000 0.000378
1332.000000 0.000379
1333.000000 0.000380
1334.000000 0.000380
1335.000000 0.000381
1336.000000 0.000382
1337.000000 0.000383
1338.000000 0.000383
1339.000000 0.000384
1340.000000 0.000385
1341.000000 0.000385
1342.000000 0.000386
1343.000000 0.000387
1344.000000 0.000388
1345.000000 0.000388
1346.000000 0.000389
1347.000000 0.000390
1348.000000 0.000391
1349.000000 0.000392
1350.000000 0.000392
1351.000000 0.000393
1352.000000 0.000394
1353.000000 0.000394
1354.000000 0.000395
1355.000000 0.000396
1356.000000 0.000396
1357.000000 0.000397
1358.000000 0.000398
1359.000000 0.000399
1360.000000 0.000399
1361.000000 0.000400
1362.000000 0.000401
1363.000000 0.000402
1364.000000 0.000402
1365.000000 0.000403
1366.000000 0.000404
1367.000000 0.000404
1368.000000 0.000405
1369.000000 0.000406
1370.000000 0.000407
1371.000000 0.000407
1372.000000 0.000408
1373.000000 0.000409
1374.000000 0.000410
1375.000000 0.000410
1376.000000 0.000411
1377.000000 0.000412
1378.000000 0.000412
1379.000000 0.000413
1380.000000 0.000414
1381.000000 0.000415
1382.000000 0.000415
1383.000000 0.000416
1384.000000 0.000417
1385.000000 0.000417
1386.000000 0.000419
1387.000000 0.000419
1388.000000 0.000420
1389.000000 0.000420
1390.000000 0.000421
1391.000000 0.000422
1392.000000 0.000422
1393.000000 0.000423
1394.000000 0.000424
1395.000000 0.000425
1396.000000 0.000425
1397.000000 0.000426
1398.000000 0.000427
1399.000000 0.000428
1400.000000 0.000428
1401.000000 0.000429
1402.000000 0.000430
1403.000000 0.000431
1404.000000 0.000431
1405.000000 0.000432
1406.000000 0.000433
1407.000000 0.000433
1408.000000 0.000434
1409.000000 0.000435
1410.000000 0.000435
1411.000000 0.000437
1412.000000 0.000437
1413.000000 0.000438
1414.000000 0.000438
1415.000000 0.000439
1416.000000 0.000440
1417.000000 0.000440
1418.000000 0.000441
1419.000000 0.000442
1420.000000 0.000443
1421.000000 0.000443
1422.000000 0.000444
1423.000000 0.000445
1424.000000 0.000446
1425.000000 0.000446
1426.000000 0.000447
1427.000000 0.000448
1428.000000 0.000448
1429.000000 0.000449
1430.000000 0.000450
1431.000000 0.000450
1432.000000 0.000451
1433.000000 0.000452
1434.000000 0.000453
1435.000000 0.000453
1436.000000 0.000454
1437.000000 0.000455
1438.000000 0.000456
1439.000000 0.000456
1440.000000 0.000457
1441.000000 0.000457
1442.000000 0.000458
1443.000000 0.000459
1444.000000 0.000460
1445.000000 0.000460
1446.000000 0.000461
1447.000000 0.000462
1448.000000 0.000462
1449.000000 0.000463
1450.000000 0.000464
1451.000000 0.000465
1452.000000 0.000465
1453.000000 0.000466
1454.000000 0.000467
1455.000000 0.000467
1456.000000 0.000468
1457.000000 0.000469
1458.000000 0.000470
1459.000000 0.000470
1460.000000 0.000471
1461.000000 0.000471
1462.000000 0.000472
1463.000000 0.000473
1464.000000 0.000474
1465.000000 0.000474
1466.000000 0.000475
1467.000000 0.000476
1468.000000 0.000476
1469.000000 0.000477
1470.000000 0.000478
1471.000000 0.000479
1472.000000 0.000479
1473.000000 0.000480
1474.000000 0.000481
1475.000000 0.000481
1476.000000 0.000482
1477.000000 0.000483
1478.000000 0.000483
1479.000000 0.000484
1480.000000 0.000485
1481.000000 0.000485
1482.000000 0.000486
1483.000000 0.000487
1484.000000 0.000488
1485.000000 0.000488
1486.000000 0.000488
1487.000000 0.000490
1488.000000 0.000490
1489.000000 0.000491
1490.000000 0.000492
1491.000000 0.000492
1492.000000 0.000493
1493.000000 0.000493
1494.000000 0.000494
1495.000000 0.000495
1496.000000 0.000496
1497.000000 0.000496
1498.000000 0.000497
1499.000000 0.000498
1500.000000 0.000498
1501.000000 0.000499
1502.000000 0.000500
1503.000000 0.000500
1504.000000 0.000501
1505.000000 0.000501
1506.000000 0.000502
1507.000000 0.000503
1508.000000 0.000504
1509.000000 0.000504
1510.000000 0.000505
1511.000000 0.000505
1512.000000 0.000506
1513.000000 0.000507
1514.000000 0.000508
1515.000000 0.000508
1516.000000 0.000509
1517.000000 0.000510
1518.000000 0.000510
1519.000000 0.000511
1520.000000 0.000512
1521.000000 0.000512
1522.000000 0.000513
1523.000000 0.000513
1524.000000 0.000514
1525.000000 0.000515
1526.000000 0.000516
1527.000000 0.000516
1528.000000 0.000517
1529.000000 0.000518
1530.000000 0.000518
1531.000000 0.000519
1532.000000 0.000519
1533.000000 0.000520
1534.000000 0.000521
1535.000000 0.000521
1536.000000 0.000522
1537.000000 0.000523
1538.000000 0.000524
1539.000000 0.000524
1540.000000 0.000525
1541.000000 0.000525
1542.000000 0.000526
1543.000000 0.000526
1544.000000 0.000528
1545.000000 0.000528
1546.000000 0.000529
1547.000000 0.000529
1548.000000 0.000529
1549.000000 0.000531
1550.000000 0.000531
1551.000000 0.000532
1552.000000 0.000532
1553.000000 0.000533
1554.000000 0.000534
1555.000000 0.000534
1556.000000 0.000535
1557.000000 0.000536
1558.000000 0.000536
1559.000000 0.000537
1560.000000 0.000537
1561.000000 0.000538
1562.000000 0.000539
1563.000000 0.000540
1564.000000 0.000540
1565.000000 0.000541
1566.000000 0.000541
1567.000000 0.000542
1568.000000 0.000542
1569.000000 0.000543
1570.000000 0.000544
1571.000000 0.000544
1572.000000 0.000545
1573.000000 0.000545
1574.000000 0.000546
1575.000000 0.000547
1576.000000 0.000547
1577.000000 0.000548
1578.000000 0.000549
1579.000000 0.000549
1580.000000 0.000550
1581.000000 0.000551
1582.000000 0.000551
1583.000000 0.000552
1584.000000 0.000553
1585.000000 0.000552
1586.000000 0.000554
1587.000000 0.000554
1588.000000 0.000555
1589.000000 0.000555
1590.000000 0.000556
1591.000000 0.000557
1592.000000 0.000557
1593.000000 0.000557
1594.000000 0.000559
1595.000000 0.000559
1596.000000 0.000560
1597.000000 0.000560
1598.000000 0.000561
1599.000000 0.000562
1600.000000 0.000562
1601.000000 0.000562
1602.000000 0.000563
1603.000000 0.000564
1604.000000 0.000564
1605.000000 0.000565
1606.000000 0.000565
1607.000000 0.000567
1608.000000 0.000567
1609.000000 0.000567
1610.000000 0.000567
1611.000000 0.000569
1612.000000 0.000569
1613.000000 0.000569
1614.000000 0.000570
1615.000000 0.000571
1616.000000 0.000571
1617.000000 0.000572
1618.000000 0.000572
1619.000000 0.000573
1620.000000 0.000574
1621.000000 0.000574
1622.000000 0.000574
1623.000000 0.000575
1624.000000 0.000576
1625.000000 0.000577
1626.000000 0.000577
1627.000000 0.000578
1628.000000 0.000579
1629.000000 0.000579
1630.000000 0.000579
1631.000000 0.000580
1632.000000 0.000581
1633.000000 0.000581
1634.000000 0.000581
1635.000000 0.000582
1636.000000 0.000583
1637.000000 0.000583
1638.000000 0.000584
1639.000000 0.000584
1640.000000 0.000585
1641.000000 0.000585
1642.000000 0.000586
1643.000000 0.000586
1644.000000 0.000588
1645.000000 0.000588
1646.000000 0.000588
1647.000000 0.000588
1648.000000 0.000590
1649.000000 0.000590
1650.000000 0.000590
1651.000000 0.000591
1652.000000 0.000592
1653.000000 0.000592
1654.000000 0.000592
1655.000000 0.000593
1656.000000 0.000593
1657.000000 0.000595
1658.000000 0.000595
1659.000000 0.000595
1660.000000 0.000596
1661.000000 0.000596
1662.000000 0.000597
1663.000000 0.000597
1664.000000 0.000598
1665.000000 0.000599
1666.000000 0.000599
1667.000000 0.000599
1668.000000 0.000600
1669.000000 0.000601
1670.000000 0.000601
1671.000000 0.000601
1672.000000 0.000602
1673.000000 0.000603
1674.000000 0.000603
1675.000000 0.000603
1676.000000 0.000604
1677.000000 0.000605
1678.000000 0.000605
1679.000000 0.000606
1680.000000 0.000606
1681.000000 0.000606
1682.000000 0.000608
1683.000000 0.000607
1684.000000 0.000608
1685.000000 0.000608
1686.000000 0.000609
1687.000000 0.000609
1688.000000 0.000610
1689.000000 0.000611
1690.000000 0.000611
1691.000000 0.000612
1692.000000 0.000612
1693.000000 0.000613
1694.000000 0.000613
1695.000000 0.000614
1696.000000 0.000614
1697.000000 0.000615
1698.000000 0.000615
1699.000000 0.000616
1700.000000 0.000616
1701.000000 0.000617
1702.000000 0.000617
1703.000000 0.000618
1704.000000 0.000618
1705.000000 0.000618
1706.000000 0.000619
1707.000000 0.000620
1708.000000 0.000620
1709.000000 0.000620
1710.000000 0.000621
1711.000000 0.000621
1712.000000 0.000622
1713.000000 0.000622
1714.000000 0.000623
1715.000000 0.000623
1716.000000 0.000624
1717.000000 0.000624
1718.000000 0.000625
1719.000000 0.000625
1720.000000 0.000625
1721.000000 0.000626
1722.000000 0.000626
1723.000000 0.000627
1724.000000 0.000627
1725.000000 0.000628
1726.000000 0.000628
1727.000000 0.000629
1728.000000 0.000629
1729.000000 0.000629
1730.000000 0.000630
1731.000000 0.000630
1732.000000 0.000631
1733.000000 0.000631
1734.000000 0.000632
1735.000000 0.000632
1736.000000 0.000632
1737.000000 0.000633
1738.000000 0.000633
1739.000000 0.000634
1740.000000 0.000634
1741.000000 0.000635
1742.000000 0.000635
1743.000000 0.000636
1744.000000 0.000636
1745.000000 0.000636
1746.000000 0.000636
1747.000000 0.000637
1748.000000 0.000637
1749.000000 0.000638
1750.000000 0.000638
1751.000000 0.000639
1752.000000 0.000639
1753.000000 0.000640
1754.000000 0.000640
1755.000000 0.000640
1756.000000 0.000641
1757.000000 0.000641
1758.000000 0.000642
1759.000000 0.000642
1760.000000 0.000642
1761.000000 0.000642
1762.000000 0.000643
1763.000000 0.000644
1764.000000 0.000644
1765.000000 0.000644
1766.000000 0.000645
1767.000000 0.000645
1768.000000 0.000646
1769.000000 0.000646
1770.000000 0.000646
1771.000000 0.000647
1772.000000 0.000647
1773.000000 0.000647
1774.000000 0.000648
1775.000000 0.000648
1776.000000 0.000649
1777.000000 0.000649
1778.000000 0.000649
1779.000000 0.000650
1780.000000 0.000650
1781.000000 0.000651
1782.000000 0.000650
1783.000000 0.000651
1784.000000 0.000652
1785.000000 0.000652
1786.000000 0.000652
1787.000000 0.000652
1788.000000 0.000653
1789.000000 0.000653
1790.000000 0.000654
1791.000000 0.000654
1792.000000 0.000655
1793.000000 0.000655
1794.000000 0.000655
1795.000000 0.000655
1796.000000 0.000656
1797.000000 0.000656
1798.000000 0.000656
1799.000000 0.000657
1800.000000 0.000657
1801.000000 0.000658
1802.000000 0.000658
1803.000000 0.000658
1804.000000 0.000659
1805.000000 0.000659
1806.000000 0.000659
1807.000000 0.000659
1808.000000 0.000660
1809.000000 0.000660
1810.000000 0.000660
1811.000000 0.000660
1812.000000 0.000661
1813.000000 0.000662
1814.000000 0.000662
1815.000000 0.000662
1816.000000 0.000662
1817.000000 0.000663
1818.000000 0.000663
1819.000000 0.000663
1820.000000 0.000663
1821.000000 0.000664
1822.000000 0.000664
1823.000000 0.000664
1824.000000 0.000665
1825.000000 0.000666
1826.000000 0.000665
1827.000000 0.000666
1828.000000 0.000666
1829.000000 0.000667
1830.000000 0.000667
1831.000000 0.000667
1832.000000 0.000667
1833.000000 0.000668
1834.000000 0.000668
1835.000000 0.000668
1836.000000 0.000668
1837.000000 0.000669
1838.000000 0.000669
1839.000000 0.000669
1840.000000 0.000669
1841.000000 0.000670
1842.000000 0.000671
1843.000000 0.000670
1844.000000 0.000670
1845.000000 0.000671
1846.000000 0.000671
1847.000000 0.000671
1848.000000 0.000671
1849.000000 0.000672
1850.000000 0.000672
1851.000000 0.000672
1852.000000 0.000672
1853.000000 0.000673
1854.000000 0.000674
1855.000000 0.000673
1856.000000 0.000673
1857.000000 0.000673
1858.000000 0.000674
1859.000000 0.000675
1860.000000 0.000674
1861.000000 0.000675
1862.000000 0.000676
1863.000000 0.000675
1864.000000 0.000676
1865.000000 0.000676
1866.000000 0.000676
1867.000000 0.000677
1868.000000 0.000676
1869.000000 0.000677
1870.000000 0.000677
1871.000000 0.000677
1872.000000 0.000677
1873.000000 0.000677
1874.000000 0.000678
1875.000000 0.000678
1876.000000 0.000678
1877.000000 0.000678
1878.000000 0.000679
1879.000000 0.000679
1880.000000 0.000679
1881.000000 0.000679
1882.000000 0.000680
1883.000000 0.000680
1884.000000 0.000680
1885.000000 0.000680
1886.000000 0.000681
1887.000000 0.000681
1888.000000 0.000681
1889.000000 0.000681
1890.000000 0.000681
1891.000000 0.000682
1892.000000 0.000682
1893.000000 0.000681
1894.000000 0.000682
1895.000000 0.000682
1896.000000 0.000683
1897.000000 0.000682
1898.000000 0.000682
1899.000000 0.000683
1900.000000 0.000683
1901.000000 0.000683
1902.000000 0.000683
1903.000000 0.000684
1904.000000 0.000684
1905.000000 0.000684
1906.000000 0.000684
1907.000000 0.000684
1908.000000 0.000684
1909.000000 0.000685
1910.000000 0.000684
1911.000000 0.000685
1912.000000 0.000685
1913.000000 0.000685
1914.000000 0.000685
1915.000000 0.000686
1916.000000 0.000686
1917.000000 0.000686
1918.000000 0.000685
1919.000000 0.000686
1920.000000 0.000686
1921.000000 0.000686
1922.000000 0.000686
1923.000000 0.000687
1924.000000 0.000687
1925.000000 0.000687
1926.000000 0.000687
1927.000000 0.000687
1928.000000 0.000688
1929.000000 0.000687
1930.000000 0.000688
1931.000000 0.000687
1932.000000 0.000688
1933.000000 0.000688
1934.000000 0.000688
1935.000000 0.000688
1936.000000 0.000689
1937.000000 0.000688
1938.000000 0.000688
1939.000000 0.000688
1940.000000 0.000689
1941.000000 0.000689
1942.000000 0.000689
1943.000000 0.000689
1944.000000 0.000689
1945.000000 0.000689
1946.000000 0.000689
1947.000000 0.000689
1948.000000 0.000690
1949.000000 0.000690
1950.000000 0.000690
1951.000000 0.000689
1952.000000 0.000690
1953.000000 0.000690
1954.000000 0.000690
1955.000000 0.000690
1956.000000 0.000690
1957.000000 0.000690
1958.000000 0.000690
1959.000000 0.000690
1960.000000 0.000691
1961.000000 0.000691
1962.000000 0.000691
1963.000000 0.000690
1964.000000 0.000691
1965.000000 0.000691
1966.000000 0.000691
1967.000000 0.000691
1968.000000 0.000691
1969.000000 0.000691
1970.000000 0.000691
1971.000000 0.000691
1972.000000 0.000691
1973.000000 0.000692
1974.000000 0.000691
1975.000000 0.000691
1976.000000 0.000691
1977.000000 0.000692
1978.000000 0.000691
1979.000000 0.000691
1980.000000 0.000691
1981.000000 0.000692
1982.000000 0.000691
1983.000000 0.000691
1984.000000 0.000691
1985.000000 0.000692
1986.000000 0.000692
1987.000000 0.000692
1988.000000 0.000691
1989.000000 0.000692
1990.000000 0.000692
1991.000000 0.000692
1992.000000 0.000691
1993.000000 0.000692
1994.000000 0.000692
1995.000000 0.000692
1996.000000 0.000691
1997.000000 0.000692
1998.000000 0.000692
1999.000000 0.000692
2000.000000 0.000692
2001.000000 0.000692
2002.000000 0.000692
2003.000000 0.000692
2004.000000 0.000692
2005.000000 0.000692
2006.000000 0.000692
2007.000000 0.000692
2008.000000 0.000692
2009.000000 0.000691
2010.000000 0.000693
2011.000000 0.000692
2012.000000 0.000692
2013.000000 0.000691
2014.000000 0.000692
2015.000000 0.000692
2016.000000 0.000692
2017.000000 0.000691
2018.000000 0.000692
2019.000000 0.000691
2020.000000 0.000691
2021.000000 0.000691
2022.000000 0.000692
2023.000000 0.000692
2024.000000 0.000691
2025.000000 0.000691
2026.000000 0.000691
2027.000000 0.000692
2028.000000 0.000691
2029.000000 0.000691
2030.000000 0.000691
2031.000000 0.000691
2032.000000 0.000691
2033.000000 0.000691
2034.000000 0.000691
2035.000000 0.000691
2036.000000 0.000691
2037.000000 0.000690
2038.000000 0.000691
2039.000000 0.000691
2040.000000 0.000690
2041.000000 0.000690
2042.000000 0.000690
2043.000000 0.000691
2044.000000 0.000690
2045.000000 0.000690
2046.000000 0.000690
2047.000000 0.000691
2048.000000 0.000690
2049.000000 0.000690
2050.000000 0.000689
2051.000000 0.000690
2052.000000 0.000689
2053.000000 0.000689
2054.000000 0.000689
2055.000000 0.000689
2056.000000 0.000689
2057.000000 0.000689
2058.000000 0.000689
2059.000000 0.000689
2060.000000 0.000689
2061.000000 0.000689
2062.000000 0.000688
2063.000000 0.000688
2064.000000 0.000689
2065.000000 0.000688
2066.000000 0.000688
2067.000000 0.000688
2068.000000 0.000688
2069.000000 0.000688
2070.000000 0.000687
2071.000000 0.000688
2072.000000 0.000687
2073.000000 0.000687
2074.000000 0.000687
2075.000000 0.000687
2076.000000 0.000687
2077.000000 0.000687
2078.000000 0.000687
2079.000000 0.000686
2080.000000 0.000687
2081.000000 0.000686
2082.000000 0.000686
2083.000000 0.000686
2084.000000 0.000686
2085.000000 0.000686
2086.000000 0.000685
2087.000000 0.000685
2088.000000 0.000685
2089.000000 0.000685
2090.000000 0.000685
2091.000000 0.000684
2092.000000 0.000685
2093.000000 0.000684
2094.000000 0.000684
2095.000000 0.000684
2096.000000 0.000684
2097.000000 0.000684
2098.000000 0.000684
2099.000000 0.000683
2100.000000 0.000683
2101.000000 0.000683
2102.000000 0.000683
2103.000000 0.000683
2104.000000 0.000683
2105.000000 0.000682
2106.000000 0.000682
2107.000000 0.000682
2108.000000 0.000682
2109.000000 0.000682
2110.000000 0.000681
2111.000000 0.000681
2112.000000 0.000681
2113.000000 0.000681
2114.000000 0.000681
2115.000000 0.000680
2116.000000 0.000680
2117.000000 0.000680
2118.000000 0.000680
2119.000000 0.000680
2120.000000 0.000679
2121.000000 0.000679
2122.000000 0.000679
2123.000000 0.000679
2124.000000 0.000678
2125.000000 0.000678
2126.000000 0.000678
2127.000000 0.000678
2128.000000 0.000678
2129.000000 0.000678
2130.000000 0.000677
2131.000000 0.000677
2132.000000 0.000677
2133.000000 0.000677
2134.000000 0.000676
2135.000000 0.000676
2136.000000 0.000676
2137.000000 0.000676
2138.000000 0.000676
2139.000000 0.000675
2140.000000 0.000675
2141.000000 0.000675
2142.000000 0.000674
2143.000000 0.000674
2144.000000 0.000674
2145.000000 0.000674
2146.000000 0.000673
2147.000000 0.000673
2148.000000 0.000673
2149.000000 0.000673
2150.000000 0.000672
2151.000000 0.000672
2152.000000 0.000672
2153.000000 0.000672
2154.000000 0.000671
2155.000000 0.000671
2156.000000 0.000671
2157.000000 0.000671
2158.000000 0.000671
2159.000000 0.000670
2160.000000 0.000669
2161.000000 0.000670
2162.000000 0.000669
2163.000000 0.000669
2164.000000 0.000669
2165.000000 0.000668
2166.000000 0.000668
2167.000000 0.000668
2168.000000 0.000667
2169.000000 0.000667
2170.000000 0.000667
2171.000000 0.000667
2172.000000 0.000666
2173.000000 0.000666
2174.000000 0.000666
2175.000000 0.000666
2176.000000 0.000665
2177.000000 0.000665
2178.000000 0.000665
2179.000000 0.000664
2180.000000 0.000664
2181.000000 0.000663
2182.000000 0.000664
2183.000000 0.000663
2184.000000 0.000662
2185.000000 0.000662
2186.000000 0.000662
2187.000000 0.000662
2188.000000 0.000661
2189.000000 0.000661
2190.000000 0.000661
2191.000000 0.000661
2192.000000 0.000660
2193.000000 0.000660
2194.000000 0.000659
2195.000000 0.000660
2196.000000 0.000659
2197.000000 0.000658
2198.000000 0.000658
2199.000000 0.000658
2200.000000 0.000657
2201.000000 0.000657
2202.000000 0.000657
2203.000000 0.000657
2204.000000 0.000656
2205.000000 0.000656
2206.000000 0.000655
2207.000000 0.000656
2208.000000 0.000655
2209.000000 0.000654
2210.000000 0.000654
2211.000000 0.000654
2212.000000 0.000654
2213.000000 0.000653
2214.000000 0.000653
2215.000000 0.000652
2216.000000 0.000652
2217.000000 0.000651
2218.000000 0.000651
2219.000000 0.000651
2220.000000 0.000651
2221.000000 0.000650
2222.000000 0.000650
2223.000000 0.000649
2224.000000 0.000649
2225.000000 0.000649
2226.000000 0.000648
2227.000000 0.000648
2228.000000 0.000648
2229.000000 0.000647
2230.000000 0.000646
2231.000000 0.000646
2232.000000 0.000646
2233.000000 0.000646
2234.000000 0.000645
2235.000000 0.000644
2236.000000 0.000644
2237.000000 0.000644
2238.000000 0.000644
2239.000000 0.000643
2240.000000 0.000643
2241.000000 0.000642
2242.000000 0.000642
2243.000000 0.000641
2244.000000 0.000641
2245.000000 0.000641
2246.000000 0.000640
2247.000000 0.000640
2248.000000 0.000639
2249.000000 0.000640
2250.000000 0.000639
2251.000000 0.000638
2252.000000 0.000638
2253.000000 0.000637
2254.000000 0.000637
2255.000000 0.000636
2256.000000 0.000636
2257.000000 0.000636
2258.000000 0.000636
2259.000000 0.000635
2260.000000 0.000634
2261.000000 0.000634
2262.000000 0.000634
2263.000000 0.000633
2264.000000 0.000633
2265.000000 0.000633
2266.000000 0.000632
2267.000000 0.000632
2268.000000 0.000631
2269.000000 0.000631
2270.000000 0.000630
2271.000000 0.000630
2272.000000 0.000629
2273.000000 0.000629
2274.000000 0.000629
2275.000000 0.000628
2276.000000 0.000627
2277.000000 0.000627
2278.000000 0.000627
2279.000000 0.000626
2280.000000 0.000626
2281.000000 0.000625
2282.000000 0.000625
2283.000000 0.000625
2284.000000 0.000624
2285.000000 0.000623
2286.000000 0.000623
2287.000000 0.000623
2288.000000 0.000622
2289.000000 0.000622
2290.000000 0.000621
2291.000000 0.000621
2292.000000 0.000620
2293.000000 0.000620
2294.000000 0.000619
2295.000000 0.000619
2296.000000 0.000618
2297.000000 0.000618
2298.000000 0.000617
2299.000000 0.000617
2300.000000 0.000617
2301.000000 0.000616
2302.000000 0.000615
2303.000000 0.000615
2304.000000 0.000615
2305.000000 0.000614
2306.000000 0.000614
2307.000000 0.000613
2308.000000 0.000613
2309.000000 0.000612
2310.000000 0.000611
2311.000000 0.000611
2312.000000 0.000611
2313.000000 0.000610
2314.000000 0.000610
2315.000000 0.000609
2316.000000 0.000609
2317.000000 0.000608
2318.000000 0.000608
2319.000000 0.000607
2320.000000 0.000607
2321.000000 0.000606
2322.000000 0.000605
2323.000000 0.000605
2324.000000 0.000604
2325.000000 0.000604
2326.000000 0.000604
2327.000000 0.000603
2328.000000 0.000602
2329.000000 0.000602
2330.000000 0.000601
2331.000000 0.000601
2332.000000 0.000600
2333.000000 0.000600
2334.000000 0.000599
2335.000000 0.000599
2336.000000 0.000598
2337.000000 0.000598
2338.000000 0.000597
2339.000000 0.000597
2340.000000 0.000596
2341.000000 0.000596
2342.000000 0.000595
2343.000000 0.000595
2344.000000 0.000594
2345.000000 0.000594
2346.000000 0.000593
2347.000000 0.000592
2348.000000 0.000592
2349.000000 0.000591
2350.000000 0.000591
2351.000000 0.000590
2352.000000 0.000590
2353.000000 0.000589
2354.000000 0.000589
2355.000000 0.000588
2356.000000 0.000588
2357.000000 0.000587
2358.000000 0.000587
2359.000000 0.000586
2360.000000 0.000585
2361.000000 0.000585
2362.000000 0.000584
2363.000000 0.000584
2364.000000 0.000583
2365.000000 0.000583
2366.000000 0.000582
2367.000000 0.000582
2368.000000 0.000581
2369.000000 0.000580
2370.000000 0.000580
2371.000000 0.000579
2372.000000 0.000579
2373.000000 0.000578
2374.000000 0.000578
2375.000000 0.000577
2376.000000 0.000577
2377.000000 0.000576
2378.000000 0.000575
2379.000000 0.000575
2380.000000 0.000574
2381.000000 0.000574
2382.000000 0.000573
2383.000000 0.000572
2384.000000 0.000572
2385.000000 0.000571
2386.000000 0.000571
2387.000000 0.000570
2388.000000 0.000570
2389.000000 0.000569
2390.000000 0.000568
2391.000000 0.000568
2392.000000 0.000567
2393.000000 0.000567
2394.000000 0.000566
2395.000000 0.000566
2396.000000 0.000565
2397.000000 0.000564
2398.000000 0.000563
2399.000000 0.000563
2400.000000 0.000563
2401.000000 0.000562
2402.000000 0.000561
2403.000000 0.000561
2404.000000 0.000560
2405.000000 0.000560
2406.000000 0.000559
2407.000000 0.000558
2408.000000 0.000558
2409.000000 0.000557
2410.000000 0.000556
2411.000000 0.000556
2412.000000 0.000555
2413.000000 0.000555
2414.000000 0.000554
2415.000000 0.000554
2416.000000 0.000553
2417.000000 0.000552
2418.000000 0.000552
2419.000000 0.000551
2420.000000 0.000550
2421.000000 0.000550
2422.000000 0.000549
2423.000000 0.000548
2424.000000 0.000548
2425.000000 0.000547
2426.000000 0.000547
2427.000000 0.000546
2428.000000 0.000546
2429.000000 0.000545
2430.000000 0.000544
2431.000000 0.000544
2432.000000 0.000543
2433.000000 0.000543
2434.000000 0.000542
2435.000000 0.000541
2436.000000 0.000540
2437.000000 0.000540
2438.000000 0.000540
2439.000000 0.000539
2440.000000 0.000538
2441.000000 0.000537
2442.000000 0.000537
2443.000000 0.000536
2444.000000 0.000536
2445.000000 0.000535
2446.000000 0.000534
2447.000000 0.000534
2448.000000 0.000533
2449.000000 0.000532
2450.000000 0.000532
2451.000000 0.000531
2452.000000 0.000531
2453.000000 0.000530
2454.000000 0.000529
2455.000000 0.000529
2456.000000 0.000528
2457.000000 0.000527
2458.000000 0.000527
2459.000000 0.000526
2460.000000 0.000525
2461.000000 0.000524
2462.000000 0.000524
2463.000000 0.000524
2464.000000 0.000523
2465.000000 0.000522
2466.000000 0.000521
2467.000000 0.000521
2468.000000 0.000520
2469.000000 0.000520
2470.000000 0.000519
2471.000000 0.000518
2472.000000 0.000518
2473.000000 0.000517
2474.000000 0.000516
2475.000000 0.000515
2476.000000 0.000515
2477.000000 0.000514
2478.000000 0.000514
2479.000000 0.000513
2480.000000 0.000512
2481.000000 0.000512
2482.000000 0.000511
2483.000000 0.000510
2484.000000 0.000510
2485.000000 0.000509
2486.000000 0.000508
2487.000000 0.000508
2488.000000 0.000507
2489.000000 0.000506
2490.000000 0.000506
2491.000000 0.000505
2492.000000 0.000504
2493.000000 0.000504
2494.000000 0.000503
2495.000000 0.000502
2496.000000 0.000502
2497.000000 0.000501
2498.000000 0.000500
2499.000000 0.000499
2500.000000 0.000499
2501.000000 0.000498
2502.000000 0.000498
2503.000000 0.000497
2504.000000 0.000496
2505.000000 0.000496
2506.000000 0.000495
2507.000000 0.000494
2508.000000 0.000494
2509.000000 0.000493
2510.000000 0.000492
2511.000000 0.000491
2512.000000 0.000491
2513.000000 0.000490
2514.000000 0.000490
2515.000000 0.000489
2516.000000 0.000488
2517.000000 0.000487
2518.000000 0.000487
2519.000000 0.000486
2520.000000 0.000485
2521.000000 0.000485
2522.000000 0.000484
2523.000000 0.000483
2524.000000 0.000482
2525.000000 0.000482
2526.000000 0.000481
2527.000000 0.000480
2528.000000 0.000480
2529.000000 0.000479
2530.000000 0.000479
2531.000000 0.000478
2532.000000 0.000477
2533.000000 0.000476
2534.000000 0.000476
2535.000000 0.000475
2536.000000 0.000474
2537.000000 0.000474
2538.000000 0.000473
2539.000000 0.000472
2540.000000 0.000472
2541.000000 0.000471
2542.000000 0.000470
2543.000000 0.000469
2544.000000 0.000469
2545.000000 0.000468
2546.000000 0.000467
2547.000000 0.000467
2548.000000 0.000466
2549.000000 0.000465
2550.000000 0.000464
2551.000000 0.000464
2552.000000 0.000463
2553.000000 0.000463
2554.000000 0.000462
2555.000000 0.000461
2556.000000 0.000460
2557.000000 0.000460
2558.000000 0.000459
2559.000000 0.000458
2560.000000 0.000458
2561.000000 0.000457
2562.000000 0.000456
2563.000000 0.000455
2564.000000 0.000455
2565.000000 0.000454
2566.000000 0.000453
2567.000000 0.000453
2568.000000 0.000452
2569.000000 0.000451
2570.000000 0.000451
2571.000000 0.000450
2572.000000 0.000449
2573.000000 0.000448
2574.000000 0.000447
2575.000000 0.000447
2576.000000 0.000446
2577.000000 0.000446
2578.000000 0.000445
2579.000000 0.000444
2580.000000 0.000443
2581.000000 0.000443
2582.000000 0.000442
2583.000000 0.000441
2584.000000 0.000441
2585.000000 0.000440
2586.000000 0.000439
2587.000000 0.000438
2588.000000 0.000438
2589.000000 0.000437
2590.000000 0.000436
2591.000000 0.000436
2592.000000 0.000435
2593.000000 0.000434
2594.000000 0.000433
2595.000000 0.000433
2596.000000 0.000432
2597.000000 0.000431
2598.000000 0.000431
2599.000000 0.000430
2600.000000 0.000429
2601.000000 0.000428
2602.000000 0.000428
2603.000000 0.000427
2604.000000 0.000426
2605.000000 0.000425
2606.000000 0.000425
2607.000000 0.000424
2608.000000 0.000423
2609.000000 0.000423
2610.000000 0.000422
2611.000000 0.000421
2612.000000 0.000420
2613.000000 0.000420
2614.000000 0.000419
2615.000000 0.000418
2616.000000 0.000418
2617.000000 0.000417
2618.000000 0.000416
2619.000000 0.000415
2620.000000 0.000415
2621.000000 0.000414
2622.000000 0.000413
2623.000000 0.000412
2624.000000 0.000412
2625.000000 0.000411
2626.000000 0.000410
2627.000000 0.000410
2628.000000 0.000409
2629.000000 0.000408
2630.000000 0.000407
2631.000000 0.000407
2632.000000 0.000406
2633.000000 0.000405
2634.000000 0.000405
2635.000000 0.000404
2636.000000 0.000403
2637.000000 0.000402
2638.000000 0.000402
2639.000000 0.000401
2640.000000 0.000400
2641.000000 0.000399
2642.000000 0.000399
2643.000000 0.000398
2644.000000 0.000397
2645.000000 0.000396
2646.000000 0.000396
2647.000000 0.000395
2648.000000 0.000394
2649.000000 0.000394
2650.000000 0.000393
2651.000000 0.000392
2652.000000 0.000391
2653.000000 0.000391
2654.000000 0.000390
2655.000000 0.000389
2656.000000 0.000388
2657.000000 0.000388
2658.000000 0.000387
2659.000000 0.000386
2660.000000 0.000386
2661.000000 0.000385
2662.000000 0.000384
2663.000000 0.000383
2664.000000 0.000383
2665.000000 0.000382
2666.000000 0.000381
2667.000000 0.000380
2668.000000 0.000380
2669.000000 0.000379
2670.000000 0.000378
2671.000000 0.000377
2672.000000 0.000377
2673.000000 0.000376
2674.000000 0.000375
2675.000000 0.000374
2676.000000 0.000374
2677.000000 0.000373
2678.000000 0.000372
2679.000000 0.000372
2680.000000 0.000371
2681.000000 0.000370
2682.000000 0.000369
2683.000000 0.000369
2684.000000 0.000368
2685.000000 0.000367
2686.000000 0.000366
2687.000000 0.000366
2688.000000 0.000365
2689.000000 0.000364
2690.000000 0.000364
2691.000000 0.000363
2692.000000 0.000362
2693.000000 0.000361
2694.000000 0.000361
2695.000000 0.000360
2696.000000 0.000359
2697.000000 0.000358
2698.000000 0.000358
2699.000000 0.000357
2700.000000 0.000356
2701.000000 0.000356
2702.000000 0.000355
2703.000000 0.000354
2704.000000 0.000353
2705.000000 0.000353
2706.000000 0.000352
2707.000000 0.000351
2708.000000 0.000350
2709.000000 0.000350
2710.000000 0.000349
2711.000000 0.000348
2712.000000 0.000347
2713.000000 0.000347
2714.000000 0.000346
2715.000000 0.000345
2716.000000 0.000344
2717.000000 0.000344
2718.000000 0.000343
2719.000000 0.000342
2720.000000 0.000342
2721.000000 0.000341
2722.000000 0.000340
2723.000000 0.000339
2724.000000 0.000339
2725.000000 0.000338
2726.000000 0.000337
2727.000000 0.000336
2728.000000 0.000336
2729.000000 0.000335
2730.000000 0.000334
2731.000000 0.000334
2732.000000 0.000333
2733.000000 0.000332
2734.000000 0.000331
2735.000000 0.000331
2736.000000 0.000330
2737.000000 0.000329
2738.000000 0.000328
2739.000000 0.000328
2740.000000 0.000327
2741.000000 0.000326
2742.000000 0.000325
2743.000000 0.000325
2744.000000 0.000324
2745.000000 0.000323
2746.000000 0.000323
2747.000000 0.000322
2748.000000 0.000321
2749.000000 0.000320
2750.000000 0.000320
2751.000000 0.000319
2752.000000 0.000318
2753.000000 0.000317
2754.000000 0.000317
2755.000000 0.000316
2756.000000 0.000315
2757.000000 0.000315
2758.000000 0.000314
2759.000000 0.000313
2760.000000 0.000312
2761.000000 0.000312
2762.000000 0.000311
2763.000000 0.000310
2764.000000 0.000309
2765.000000 0.000309
2766.000000 0.000308
2767.000000 0.000307
2768.000000 0.000307
2769.000000 0.000306
2770.000000 0.000305
2771.000000 0.000304
2772.000000 0.000304
2773.000000 0.000303
2774.000000 0.000302
2775.000000 0.000301
2776.000000 0.000301
2777.000000 0.000300
2778.000000 0.000299
2779.000000 0.000299
2780.000000 0.000298
2781.000000 0.000297
2782.000000 0.000296
2783.000000 0.000296
2784.000000 0.000295
2785.000000 0.000294
2786.000000 0.000293
2787.000000 0.000293
2788.000000 0.000292
2789.000000 0.000291
2790.000000 0.000290
2791.000000 0.000290
2792.000000 0.000289
2793.000000 0.000288
2794.000000 0.000288
2795.000000 0.000287
2796.000000 0.000286
2797.000000 0.000286
2798.000000 0.000285
2799.000000 0.000284
2800.000000 0.000283
2801.000000 0.000283
2802.000000 0.000282
2803.000000 0.000281
2804.000000 0.000281
2805.000000 0.000280
2806.000000 0.000279
2807.000000 0.000278
2808.000000 0.000278
2809.000000 0.000277
2810.000000 0.000276
2811.000000 0.000276
2812.000000 0.000275
2813.000000 0.000274
2814.000000 0.000273
2815.000000 0.000273
2816.000000 0.000272
2817.000000 0.000271
2818.000000 0.000271
2819.000000 0.000270
2820.000000 0.000269
2821.000000 0.000269
2822.000000 0.000268
2823.000000 0.000267
2824.000000 0.000266
2825.000000 0.000266
2826.000000 0.000265
2827.000000 0.000264
2828.000000 0.000264
2829.000000 0.000263
2830.000000 0.000262
2831.000000 0.000261
2832.000000 0.000261
2833.000000 0.000260
2834.000000 0.000259
2835.000000 0.000259
2836.000000 0.000258
2837.000000 0.000257
2838.000000 0.000257
2839.000000 0.000256
2840.000000 0.000255
2841.000000 0.000254
2842.000000 0.000254
2843.000000 0.000253
2844.000000 0.000252
2845.000000 0.000252
2846.000000 0.000251
2847.000000 0.000250
2848.000000 0.000250
2849.000000 0.000249
2850.000000 0.000248
2851.000000 0.000247
2852.000000 0.000247
2853.000000 0.000246
2854.000000 0.000245
2855.000000 0.000245
2856.000000 0.000244
2857.000000 0.000243
2858.000000 0.000243
2859.000000 0.000242
2860.000000 0.000241
2861.000000 0.000241
2862.000000 0.000240
2863.000000 0.000239
2864.000000 0.000238
2865.000000 0.000238
2866.000000 0.000237
2867.000000 0.000236
2868.000000 0.000236
2869.000000 0.000235
2870.000000 0.000234
2871.000000 0.000234
2872.000000 0.000233
2873.000000 0.000232
2874.000000 0.000232
2875.000000 0.000231
2876.000000 0.000230
2877.000000 0.000229
2878.000000 0.000229
2879.000000 0.000228
2880.000000 0.000227
2881.000000 0.000227
2882.000000 0.000226
2883.000000 0.000225
2884.000000 0.000225
2885.000000 0.000224
2886.000000 0.000223
2887.000000 0.000223
2888.000000 0.000222
2889.000000 0.000221
2890.000000 0.000221
2891.000000 0.000220
2892.000000 0.000219
2893.000000 0.000219
2894.000000 0.000218
2895.000000 0.000217
2896.000000 0.000217
2897.000000 0.000216
2898.000000 0.000215
2899.000000 0.000215
2900.000000 0.000214
2901.000000 0.000213
2902.000000 0.000213
2903.000000 0.000212
2904.000000 0.000211
2905.000000 0.000211
2906.000000 0.000210
2907.000000 0.000209
2908.000000 0.000209
2909.000000 0.000208
2910.000000 0.000207
2911.000000 0.000207
2912.000000 0.000206
2913.000000 0.000205
2914.000000 0.000205
2915.000000 0.000204
2916.000000 0.000203
2917.000000 0.000203
2918.000000 0.000202
2919.000000 0.000202
2920.000000 0.000201
2921.000000 0.000200
2922.000000 0.000200
2923.000000 0.000199
2924.000000 0.000198
2925.000000 0.000198
2926.000000 0.000197
2927.000000 0.000196
2928.000000 0.000196
2929.000000 0.000195
2930.000000 0.000194
2931.000000 0.000194
2932.000000 0.000193
2933.000000 0.000192
2934.000000 0.000192
2935.000000 0.000191
2936.000000 0.000191
2937.000000 0.000190
2938.000000 0.000189
2939.000000 0.000189
2940.000000 0.000188
2941.000000 0.000187
2942.000000 0.000187
2943.000000 0.000186
2944.000000 0.000185
2945.000000 0.000185
2946.000000 0.000184
2947.000000 0.000184
2948.000000 0.000183
2949.000000 0.000182
2950.000000 0.000182
2951.000000 0.000181
2952.000000 0.000180
2953.000000 0.000180
2954.000000 0.000179
2955.000000 0.000178
2956.000000 0.000178
2957.000000 0.000177
2958.000000 0.000177
2959.000000 0.000176
2960.000000 0.000175
2961.000000 0.000175
2962.000000 0.000174
2963.000000 0.000173
2964.000000 0.000173
2965.000000 0.000172
2966.000000 0.000172
2967.000000 0.000171
2968.000000 0.000170
2969.000000 0.000170
2970.000000 0.000169
2971.000000 0.000169
2972.000000 0.000168
2973.000000 0.000167
2974.000000 0.000167
2975.000000 0.000166
2976.000000 0.000166
2977.000000 0.000165
2978.000000 0.000164
2979.000000 0.000164
2980.000000 0.000163
2981.000000 0.000163
2982.000000 0.000162
2983.000000 0.000161
2984.000000 0.000161
2985.000000 0.000160
2986.000000 0.000160
2987.000000 0.000159
2988.000000 0.000158
2989.000000 0.000158
2990.000000 0.000157
2991.000000 0.000157
2992.000000 0.000156
2993.000000 0.000155
2994.000000 0.000155
2995.000000 0.000154
2996.000000 0.000154
2997.000000 0.000153
2998.000000 0.000153
2999.000000 0.000152
3000.000000 0.000151
3001.000000 0.000151
3002.000000 0.000150
3003.000000 0.000149
3004.000000 0.000149
3005.000000 0.000148
3006.000000 0.000148
3007.000000 0.000147
3008.000000 0.000147
3009.000000 0.000146
3010.000000 0.000146
3011.000000 0.000145
3012.000000 0.000144
3013.000000 0.000144
3014.000000 0.000143
3015.000000 0.000143
3016.000000 0.000142
3017.000000 0.000142
3018.000000 0.000141
3019.000000 0.000140
3020.000000 0.000140
3021.000000 0.000139
3022.000000 0.000139
3023.000000 0.000138
3024.000000 0.000138
3025.000000 0.000137
3026.000000 0.000137
3027.000000 0.000136
3028.000000 0.000135
3029.000000 0.000135
3030.000000 0.000134
3031.000000 0.000134
3032.000000 0.000133
3033.000000 0.000133
3034.000000 0.000132
3035.000000 0.000132
3036.000000 0.000131
3037.000000 0.000130
3038.000000 0.000130
3039.000000 0.000129
3040.000000 0.000129
3041.000000 0.000128
3042.000000 0.000128
3043.000000 0.000127
3044.000000 0.000127
3045.000000 0.000126
3046.000000 0.000126
3047.000000 0.000125
3048.000000 0.000125
3049.000000 0.000124
3050.000000 0.000124
3051.000000 0.000123
3052.000000 0.000122
3053.000000 0.000122
3054.000000 0.000121
3055.000000 0.000121
3056.000000 0.000120
3057.000000 0.000120
3058.000000 0.000119
3059.000000 0.000119
3060.000000 0.000118
3061.000000 0.000118
3062.000000 0.000117
3063.000000 0.000117
3064.000000 0.000116
3065.000000 0.000116
3066.000000 0.000115
3067.000000 0.000115
3068.000000 0.000114
3069.000000 0.000114
3070.000000 0.000113
3071.000000 0.000113
3072.000000 0.000112
3073.000000 0.000112
3074.000000 0.000111
3075.000000 0.000111
3076.000000 0.000110
3077.000000 0.000110
3078.000000 0.000109
3079.000000 0.000109
3080.000000 0.000108
3081.000000 0.000108
3082.000000 0.000107
3083.000000 0.000107
3084.000000 0.000106
3085.000000 0.000106
3086.000000 0.000105
3087.000000 0.000105
3088.000000 0.000104
3089.000000 0.000104
3090.000000 0.000103
3091.000000 0.000103
3092.000000 0.000102
3093.000000 0.000102
3094.000000 0.000101
3095.000000 0.000101
3096.000000 0.000100
3097.000000 0.000100
3098.000000 0.000100
3099.000000 0.000099
3100.000000 0.000099
3101.000000 0.000098
3102.000000 0.000098
3103.000000 0.000097
3104.000000 0.000097
3105.000000 0.000096
3106.000000 0.000096
3107.000000 0.000095
3108.000000 0.000095
3109.000000 0.000094
3110.000000 0.000094
3111.000000 0.000093
3112.000000 0.000093
3113.000000 0.000093
3114.000000 0.000092
3115.000000 0.000092
3116.000000 0.000091
3117.000000 0.000091
3118.000000 0.000090
3119.000000 0.000090
3120.000000 0.000089
3121.000000 0.000089
3122.000000 0.000089
3123.000000 0.000088
3124.000000 0.000088
3125.000000 0.000087
3126.000000 0.000087
3127.000000 0.000086
3128.000000 0.000086
3129.000000 0.000085
3130.000000 0.000085
3131.000000 0.000085
3132.000000 0.000084
3133.000000 0.000084
3134.000000 0.000083
3135.000000 0.000083
3136.000000 0.000083
3137.000000 0.000082
3138.000000 0.000082
3139.000000 0.000081
3140.000000 0.000081
3141.000000 0.000080
3142.000000 0.000080
3143.000000 0.000080
3144.000000 0.000079
3145.000000 0.000079
3146.000000 0.000078
3147.000000 0.000078
3148.000000 0.000078
3149.000000 0.000077
3150.000000 0.000077
3151.000000 0.000076
3152.000000 0.000076
3153.000000 0.000075
3154.000000 0.000075
3155.000000 0.000075
3156.000000 0.000074
3157.000000 0.000074
3158.000000 0.000073
3159.000000 0.000073
3160.000000 0.000073
3161.000000 0.000072
3162.000000 0.000072
3163.000000 0.000071
3164.000000 0.000071
3165.000000 0.000071
3166.000000 0.000070
3167.000000 0.000070
3168.000000 0.000070
3169.000000 0.000069
3170.000000 0.000069
3171.000000 0.000068
3172.000000 0.000068
3173.000000 0.000068
3174.000000 0.000067
3175.000000 0.000067
3176.000000 0.000067
3177.000000 0.000066
3178.000000 0.000066
3179.000000 0.000065
3180.000000 0.000065
3181.000000 0.000065
3182.000000 0.000064
3183.000000 0.000064
3184.000000 0.000064
3185.000000 0.000063
3186.000000 0.000063
3187.000000 0.000063
3188.000000 0.000062
3189.000000 0.000062
3190.000000 0.000061
3191.000000 0.000061
3192.000000 0.000061
3193.000000 0.000060
3194.000000 0.000060
3195.000000 0.000060
3196.000000 0.000059
3197.000000 0.000059
3198.000000 0.000059
3199.000000 0.000058
3200.000000 0.000058
3201.000000 0.000058
3202.000000 0.000057
3203.000000 0.000057
3204.000000 0.000057
3205.000000 0.000056
3206.000000 0.000056
3207.000000 0.000056
3208.000000 0.000055
3209.000000 0.000055
3210.000000 0.000055
3211.000000 0.000054
3212.000000 0.000054
3213.000000 0.000054
3214.000000 0.000053
3215.000000 0.000053
3216.000000 0.000053
3217.000000 0.000052
3218.000000 0.000052
3219.000000 0.000052
3220.000000 0.000051
3221.000000 0.000051
3222.000000 0.000051
3223.000000 0.000050
3224.000000 0.000050
3225.000000 0.000050
3226.000000 0.000049
3227.000000 0.000049
3228.000000 0.000049
3229.000000 0.000049
3230.000000 0.000048
3231.000000 0.000048
3232.000000 0.000048
3233.000000 0.000047
3234.000000 0.000047
3235.000000 0.000047
3236.000000 0.000046
3237.000000 0.000046
3238.000000 0.000046
3239.000000 0.000046
3240.000000 0.000045
3241.000000 0.000045
3242.000000 0.000045
3243.000000 0.000044
3244.000000 0.000044
3245.000000 0.000044
3246.000000 0.000044
3247.000000 0.000043
3248.000000 0.000043
3249.000000 0.000043
3250.000000 0.000042
3251.000000 0.000042
3252.000000 0.000042
3253.000000 0.000042
3254.000000 0.000041
3255.000000 0.000041
3256.000000 0.000041
3257.000000 0.000040
3258.000000 0.000040
3259.000000 0.000040
3260.000000 0.000040
3261.000000 0.000039
3262.000000 0.000039
3263.000000 0.000039
3264.000000 0.000039
3265.000000 0.000038
3266.000000 0.000038
3267.000000 0.000038
3268.000000 0.000038
3269.000000 0.000037
3270.000000 0.000037
3271.000000 0.000037
3272.000000 0.000037
3273.000000 0.000036
3274.000000 0.000036
3275.000000 0.000036
3276.000000 0.000035
3277.000000 0.000035
3278.000000 0.000035
3279.000000 0.000035
3280.000000 0.000035
3281.000000 0.000034
3282.000000 0.000034
3283.000000 0.000034
3284.000000 0.000034
3285.000000 0.000033
3286.000000 0.000033
3287.000000 0.000033
3288.000000 0.000033
3289.000000 0.000032
3290.000000 0.000032
3291.000000 0.000032
3292.000000 0.000032
3293.000000 0.000031
3294.000000 0.000031
3295.000000 0.000031
3296.000000 0.000031
3297.000000 0.000031
3298.000000 0.000030
3299.000000 0.000030
3300.000000 0.000030
3301.000000 0.000030
3302.000000 0.000029
3303.000000 0.000029
3304.000000 0.000029
3305.000000 0.000029
3306.000000 0.000029
3307.000000 0.000028
3308.000000 0.000028
3309.000000 0.000028
3310.000000 0.000028
3311.000000 0.000027
3312.000000 0.000027
3313.000000 0.000027
3314.000000 0.000027
3315.000000 0.000027
3316.000000 0.000026
3317.000000 0.000026
3318.000000 0.000026
3319.000000 0.000026
3320.000000 0.000026
3321.000000 0.000025
3322.000000 0.000025
3323.000000 0.000025
3324.000000 0.000025
3325.000000 0.000025
3326.000000 0.000024
3327.000000 0.000024
3328.000000 0.000024
3329.000000 0.000024
3330.000000 0.000024
3331.000000 0.000024
3332.000000 0.000023
3333.000000 0.000023
3334.000000 0.000023
3335.000000 0.000023
3336.000000 0.000023
3337.000000 0.000022
3338.000000 0.000022
3339.000000 0.000022
3340.000000 0.000022
3341.000000 0.000022
3342.000000 0.000022
3343.000000 0.000021
3344.000000 0.000021
3345.000000 0.000021
3346.000000 0.000021
3347.000000 0.000021
3348.000000 0.000020
3349.000000 0.000020
3350.000000 0.000020
3351.000000 0.000020
3352.000000 0.000020
3353.000000 0.000020
3354.000000 0.000019
3355.000000 0.000019
3356.000000 0.000019
3357.000000 0.000019
3358.000000 0.000019
3359.000000 0.000019
3360.000000 0.000019
3361.000000 0.000018
3362.000000 0.000018
3363.000000 0.000018
3364.000000 0.000018
3365.000000 0.000018
3366.000000 0.000018
3367.000000 0.000017
3368.000000 0.000017
3369.000000 0.000017
3370.000000 0.000017
3371.000000 0.000017
3372.000000 0.000017
3373.000000 0.000017
3374.000000 0.000016
3375.000000 0.000016
3376.000000 0.000016
3377.000000 0.000016
3378.000000 0.000016
3379.000000 0.000016
3380.000000 0.000016
3381.000000 0.000015
3382.000000 0.000015
3383.000000 0.000015
3384.000000 0.000015
3385.000000 0.000015
3386.000000 0.000015
3387.000000 0.000015
3388.000000 0.000014
3389.000000 0.000014
3390.000000 0.000014
3391.000000 0.000014
3392.000000 0.000014
3393.000000 0.000014
3394.000000 0.000014
3395.000000 0.000014
3396.000000 0.000013
3397.000000 0.000013
3398.000000 0.000013
3399.000000 0.000013
3400.000000 0.000013
3401.000000 0.000013
3402.000000 0.000013
3403.000000 0.000013
3404.000000 0.000012
3405.000000 0.000012
3406.000000 0.000012
3407.000000 0.000012
3408.000000 0.000012
3409.000000 0.000012
3410.000000 0.000012
3411.000000 0.000012
3412.000000 0.000012
3413.000000 0.000011
3414.000000 0.000011
3415.000000 0.000011
3416.000000 0.000011
3417.000000 0.000011
3418.000000 0.000011
3419.000000 0.000011
3420.000000 0.000011
3421.000000 0.000011
3422.000000 0.000010
3423.000000 0.000010
3424.000000 0.000010
3425.000000 0.000010
3426.000000 0.000010
3427.000000 0.000010
3428.000000 0.000010
3429.000000 0.000010
3430.000000 0.000010
3431.000000 0.000010
3432.000000 0.000009
3433.000000 0.000009
3434.000000 0.000009
3435.000000 0.000009
3436.000000 0.000009
3437.000000 0.000009
3438.000000 0.000009
3439.000000 0.000009
3440.000000 0.000009
3441.000000 0.000009
3442.000000 0.000008
3443.000000 0.000008
3444.000000 0.000008
3445.000000 0.000008
3446.000000 0.000008
3447.000000 0.000008
3448.000000 0.000008
3449.000000 0.000008
3450.000000 0.000008
3451.000000 0.000008
3452.000000 0.000008
3453.000000 0.000008
3454.000000 0.000007
3455.000000 0.000007
3456.000000 0.000007
3457.000000 0.000007
3458.000000 0.000007
3459.000000 0.000007
3460.000000 0.000007
3461.000000 0.000007
3462.000000 0.000007
3463.000000 0.000007
3464.000000 0.000007
3465.000000 0.000007
3466.000000 0.000007
3467.000000 0.000006
3468.000000 0.000006
3469.000000 0.000006
3470.000000 0.000006
3471.000000 0.000006
3472.000000 0.000006
3473.000000 0.000006
3474.000000 0.000006
3475.000000 0.000006
3476.000000 0.000006
3477.000000 0.000006
3478.000000 0.000006
3479.000000 0.000006
3480.000000 0.000006
3481.000000 0.000005
3482.000000 0.000005
3483.000000 0.000005
3484.000000 0.000005
3485.000000 0.000005
3486.000000 0.000005
3487.000000 0.000005
3488.000000 0.000005
3489.000000 0.000005
3490.000000 0.000005
3491.000000 0.000005
3492.000000 0.000005
3493.000000 0.000005
3494.000000 0.000005
3495.000000 0.000005
3496.000000 0.000005
3497.000000 0.000005
3498.000000 0.000004
3499.000000 0.000004
3500.000000 0.000004
3501.000000 0.000004
3502.000000 0.000004
3503.000000 0.000004
3504.000000 0.000004
3505.000000 0.000004
3506.000000 0.000004
3507.000000 0.000004
3508.000000 0.000004
3509.000000 0.000004
3510.000000 0.000004
3511.000000 0.000004
3512.000000 0.000004
3513.000000 0.000004
3514.000000 0.000004
3515.000000 0.000004
3516.000000 0.000004
3517.000000 0.000004
3518.000000 0.000003
3519.000000 0.000003
3520.000000 0.000003
3521.000000 0.000003
3522.000000 0.000003
3523.000000 0.000003
3524.000000 0.000003
3525.000000 0.000003
3526.000000 0.000003
3527.000000 0.000003
3528.000000 0.000003
3529.000000 0.000003
3530.000000 0.000003
3531.000000 0.000003
3532.000000 0.000003
3533.000000 0.000003
3534.000000 0.000003
3535.000000 0.000003
3536.000000 0.000003
3537.000000 0.000003
3538.000000 0.000003
3539.000000 0.000003
3540.000000 0.000003
3541.000000 0.000003
3542.000000 0.000002
3543.000000 0.000002
3544.000000 0.000002
3545.000000 0.000002
3546.000000 0.000002
3547.000000 0.000002
3548.000000 0.000002
3549.000000 0.000002
3550.000000 0.000002
3551.000000 0.000002
3552.000000 0.000002
3553.000000 0.000002
3554.000000 0.000002
3555.000000 0.000002
3556.000000 0.000002
3557.000000 0.000002
3558.000000 0.000002
3559.000000 0.000002
3560.000000 0.000002
3561.000000 0.000002
3562.000000 0.000002
3563.000000 0.000002
3564.000000 0.000002
3565.000000 0.000002
3566.000000 0.000002
3567.000000 0.000002
3568.000000 0.000002
3569.000000 0.000002
3570.000000 0.000002
3571.000000 0.000002
3572.000000 0.000002
3573.000000 0.000002
3574.000000 0.000002
3575.000000 0.000002
3576.000000 0.000001
3577.000000 0.000001
3578.000000 0.000001
3579.000000 0.000001
3580.000000 0.000001
3581.000000 0.000001
3582.000000 0.000001
3583.000000 0.000001
3584.000000 0.000001
3585.000000 0.000001
3586.000000 0.000001
3587.000000 0.000001
3588.000000 0.000001
3589.000000 0.000001
3590.000000 0.000001
3591.000000 0.000001
3592.000000 0.000001
3593.000000 0.000001
3594.000000 0.000001
3595.000000 0.000001
3596.000000 0.000001
3597.000000 0.000001
3598.000000 0.000001
3599.000000 0.000001
3600.000000 0.000001
3601.000000 0.000001
3602.000000 0.000001
3603.000000 0.000001
3604.000000 0.000001
3605.000000 0.000001
3606.000000 0.000001
3607.000000 0.000001
3608.000000 0.000001
3609.000000 0.000001
3610.000000 0.000001
3611.000000 0.000001
3612.000000 0.000001
3613.000000 0.000001
3614.000000 0.000001
3615.000000 0.000001
3616.000000 0.000001
3617.000000 0.000001
3618.000000 0.000001
3619.000000 0.000001
3620.000000 0.000001
3621.000000 0.000001
3622.000000 0.000001
3623.000000 0.000001
3624.000000 0.000001
3625.000000 0.000001
3626.000000 0.000001
3627.000000 0.000001
3628.000000 0.000001
3629.000000 0.000001
3630.000000 0.000001
3631.000000 0.000001
3632.000000 0.000001
3633.000000 0.000001
3634.000000 0.000001
3635.000000 0.000001
3636.000000 0.000001
3637.000000 0.000001
3638.000000 0.000000
3639.000000 0.000000
3640.000000 0.000000
3641.000000 0.000000
3642.000000 0.000000
3643.000000 0.000000
3644.000000 0.000000
3645.000000 0.000000
3646.000000 0.000000
3647.000000 0.000000
3648.000000 0.000000
3649.000000 0.000000
3650.000000 0.000000
3651.000000 0.000000
3652.000000 0.000000
3653.000000 0.000000
3654.000000 0.000000
3655.000000 0.000000
3656.000000 0.000000
3657.000000 0.000000
3658.000000 0.000000
3659.000000 0.000000
3660.000000 0.000000
3661.000000 0.000000
3662.000000 0.000000
3663.000000 0.000000
3664.000000 0.000000
3665.000000 0.000000
3666.000000 0.000000
3667.000000 0.000000
3668.000000 0.000000
3669.000000 0.000000
3670.000000 0.000000
3671.000000 0.000000
3672.000000 0.000000
3673.000000 0.000000
3674.000000 0.000000
3675.000000 0.000000
3676.000000 0.000000
3677.000000 0.000000
3678.000000 0.000000
3679.000000 0.000000
3680.000000 0.000000
3681.000000 0.000000
3682.000000 0.000000
3683.000000 0.000000
3684.000000 0.000000
3685.000000 0.000000
3686.000000 0.000000
3687.000000 0.000000
3688.000000 0.000000
3689.000000 0.000000
3690.000000 0.000000
3691.000000 0.000000
3692.000000 0.000000
3693.000000 0.000000
3694.000000 0.000000
3695.000000 0.000000
3696.000000 0.000000
3697.000000 0.000000
3698.000000 0.000000
3699.000000 0.000000
3700.000000 0.000000
3701.000000 0.000000
3702.000000 0.000000
3703.000000 0.000000
3704.000000 0.000000
3705.000000 0.000000
3706.000000 0.000000
3707.000000 0.000000
3708.000000 0.000000
3709.000000 0.000000
3710.000000 0.000000
3711.000000 0.000000
3712.000000 0.000000
3713.000000 0.000000
3714.000000 0.000000
3715.000000 0.000000
3716.000000 0.000000
3717.000000 0.000000
3718.000000 0.000000
3719.000000 0.000000
3720.000000 0.000000
3721.000000 0.000000
3722.000000 0.000000
3723.000000 0.000000
3724.000000 0.000000
3725.000000 0.000000
3726.000000 0.000000
3727.000000 0.000000
3728.000000 0.000000
3729.000000 0.000000
3730.000000 0.000000
3731.000000 0.000000
3732.000000 0.000000
3733.000000 0.000000
3734.000000 0.000000
3735.000000 0.000000
3736.000000 0.000000
3737.000000 0.000000
3738.000000 0.000000
3739.000000 0.000000
3740.000000 0.000000
3741.000000 0.000000
3742.000000 0.000000
3743.000000 0.000000
3744.000000 0.000000
3745.000000 0.000000
3746.000000 0.000000
3747.000000 0.000000
3748.000000 0.000000
3749.000000 0.000000
3750.000000 0.000000
3751.000000 0.000000
3752.000000 0.000000
3753.000000 0.000000
3754.000000 0.000000
3755.000000 0.000000
3756.000000 0.000000
3757.000000 0.000000
3758.000000 0.000000
3759.000000 0.000000
3760.000000 0.000000
3761.000000 0.000000
3762.000000 0.000000
3763.000000 0.000000
3764.000000 0.000000
3765.000000 0.000000
3766.000000 0.000000
3767.000000 0.000000
3768.000000 0.000000
3769.000000 0.000000
3770.000000 0.000000
3771.000000 0.000000
3772.000000 0.000000
3773.000000 0.000000
3774.000000 0.000000
3775.000000 0.000000
3776.000000 0.000000
3777.000000 0.000000
3778.000000 0.000000
3779.000000 0.000000
3780.000000 0.000000
3781.000000 0.000000
3782.000000 0.000000
3783.000000 0.000000
3784.000000 0.000000
3785.000000 0.000000
3786.000000 0.000000
3787.000000 0.000000
3788.000000 0.000000
3789.000000 0.000000
3790.000000 0.000000
3791.000000 0.000000
3792.000000 0.000000
3793.000000 0.000000
3794.000000 0.000000
3795.000000 0.000000
3796.000000 0.000000
3797.000000 0.000000
3798.000000 0.000000
3799.000000 0.000000
3800.000000 0.000000
3801.000000 0.000000
3802.000000 0.000000
3803.000000 0.000000
3804.000000 0.000000
3805.000000 0.000000
3806.000000 0.000000
3807.000000 0.000000
3808.000000 0.000000
3809.000000 0.000000
3810.000000 0.000000
3811.000000 0.000000
3812.000000 0.000000
3813.000000 0.000000
3814.000000 0.000000
3815.000000 0.000000
3816.000000 0.000000
3817.000000 0.000000
3818.000000 0.000000
3819.000000 0.000000
3820.000000 0.000000
3821.000000 0.000000
3822.000000 0.000000
3823.000000 0.000000
3824.000000 0.000000
3825.000000 0.000000
3826.000000 0.000000
3827.000000 0.000000
3828.000000 0.000000
3829.000000 0.000000
3830.000000 0.000000
3831.000000 0.000000
3832.000000 0.000000
3833.000000 0.000000
3834.000000 0.000000
3835.000000 0.000000
3836.000000 0.000000
3837.000000 0.000000
3838.000000 0.000000
3839.000000 0.000000
3840.000000 0.000000
3841.000000 0.000000
3842.000000 0.000000
3843.000000 0.000000
3844.000000 0.000000
3845.000000 0.000000
3846.000000 0.000000
3847.000000 0.000000
3848.000000 0.000000
3849.000000 0.000000
3850.000000 0.000000
3851.000000 0.000000
3852.000000 0.000000
3853.000000 0.000000
3854.000000 0.000000
3855.000000 0.000000
3856.000000 0.000000
3857.000000 0.000000
3858.000000 0.000000
3859.000000 0.000000
3860.000000 0.000000
3861.000000 0.000000
3862.000000 0.000000
3863.000000 0.000000
3864.000000 0.000000
3865.000000 0.000000
3866.000000 0.000000
3867.000000 0.000000
3868.000000 0.000000
3869.000000 0.000000
3870.000000 0.000000
3871.000000 0.000000
3872.000000 0.000000
3873.000000 0.000000
3874.000000 0.000000
3875.000000 0.000000
3876.000000 0.000000
3877.000000 0.000000
3878.000000 0.000000
3879.000000 0.000000
3880.000000 0.000000
3881.000000 0.000000
3882.000000 0.000000
3883.000000 0.000000
3884.000000 0.000000
3885.000000 0.000000
3886.000000 0.000000
3887.000000 0.000000
3888.000000 0.000000
3889.000000 0.000000
3890.000000 0.000000
3891.000000 0.000000
3892.000000 0.000000
3893.000000 0.000000
3894.000000 0.000000
3895.000000 0.000000
3896.000000 0.000000
3897.000000 0.000000
3898.000000 0.000000
3899.000000 0.000000
3900.000000 0.000000
3901.000000 0.000000
3902.000000 0.000000
3903.000000 0.000000
3904.000000 0.000000
3905.000000 0.000000
3906.000000 0.000000
3907.000000 0.000000
3908.000000 0.000000
3909.000000 0.000000
3910.000000 0.000000
3911.000000 0.000000
3912.000000 0.000000
3913.000000 0.000000
3914.000000 0.000000
3915.000000 0.000000
3916.000000 0.000000
3917.000000 0.000000
3918.000000 0.000000
3919.000000 0.000000
3920.000000 0.000000
3921.000000 0.000000
3922.000000 0.000000
3923.000000 0.000000
3924.000000 0.000000
3925.000000 0.000000
3926.000000 0.000000
3927.000000 0.000000
3928.000000 0.000000
3929.000000 0.000000
3930.000000 0.000000
3931.000000 0.000000
3932.000000 0.000000
3933.000000 0.000000
3934.000000 0.000000
3935.000000 0.000000
3936.000000 0.000000
3937.000000 0.000000
3938.000000 0.000000
3939.000000 0.000000
3940.000000 0.000000
3941.000000 0.000000
3942.000000 0.000000
3943.000000 0.000000
3944.000000 0.000000
3945.000000 0.000000
3946.000000 0.000000
3947.000000 0.000000
3948.000000 0.000000
3949.000000 0.000000
3950.000000 0.000000
3951.000000 0.000000
3952.000000 0.000000
3953.000000 0.000000
3954.000000 0.000000
3955.000000 0.000000
3956.000000 0.000000
3957.000000 0.000000
3958.000000 0.000000
3959.000000 0.000000
3960.000000 0.000000
3961.000000 0.000000
3962.000000 0.000000
3963.000000 0.000000
3964.000000 0.000000
3965.000000 0.000000
3966.000000 0.000000
3967.000000 0.000000
3968.000000 0.000000
3969.000000 0.000000
3970.000000 0.000000
3971.000000 0.000000
3972.000000 0.000000
3973.000000 0.000000
3974.000000 0.000000
3975.000000 0.000000
3976.000000 0.000000
3977.000000 0.000000
3978.000000 0.000000
3979.000000 0.000000
3980.000000 0.000000
3981.000000 0.000000
3982.000000 0.000000
3983.000000 0.000000
3984.000000 0.000000
3985.000000 0.000000
3986.000000 0.000000
3987.000000 0.000000
3988.000000 0.000000
3989.000000 0.000000
3990.000000 0.000000
3991.000000 0.000000
3992.000000 0.000000
3993.000000 0.000000
3994.000000 0.000000
3995.000000 0.000000
3996.000000 0.000000
3997.000000 0.000000
3998.000000 0.000000
3999.000000 0.000000
4000.000000 0.000000
