n lam mean variance std
4000 0.730000 2000.492828 101472.982733 318.548242
bin_midpoint probability
1.000000 0.000000
2.000000 0.000000
3.000000 0.000000
4.000000 0.000000
5.000000 0.000000
6.000000 0.000000
7.000000 0.000000
8.000000 0.000000
9.000000 0.000000
10.000000 0.000000
11.000000 0.000000
12.000000 0.000000
13.000000 0.000000
14.000000 0.000000
15.000000 0.000000
16.000000 0.000000
17.000000 0.000000
18.000000 0.000000
19.000000 0.000000
20.000000 0.000000
21.000000 0.000000
22.000000 0.000000
23.000000 0.000000
24.000000 0.000000
25.000000 0.000000
26.000000 0.000000
27.000000 0.000000
28.000000 0.000000
29.000000 0.000000
30.000000 0.000000
31.000000 0.000000
32.000000 0.000000
33.000000 0.000000
34.000000 0.000000
35.000000 0.000000
36.000000 0.000000
37.000000 0.000000
38.000000 0.000000
39.000000 0.000000
40.000000 0.000000
41.000000 0.000000
42.000000 0.000000
43.000000 0.000000
44.000000 0.000000
45.000000 0.000000
46.000000 0.000000
47.000000 0.000000
48.000000 0.000000
49.000000 0.000000
50.000000 0.000000
51.000000 0.000000
52.000000 0.000000
53.000000 0.000000
54.000000 0.000000
55.000000 0.000000
56.000000 0.000000
57.000000 0.000000
58.000000 0.000000
59.000000 0.000000
60.000000 0.000000
61.000000 0.000000
62.000000 0.000000
63.000000 0.000000
64.000000 0.000000
65.000000 0.000000
66.000000 0.000000
67.000000 0.000000
68.000000 0.000000
69.000000 0.000000
70.000000 0.000000
71.000000 0.000000
72.000000 0.000000
73.000000 0.000000
74.000000 0.000000
75.000000 0.000000
76.000000 0.000000
77.000000 0.000000
78.000000 0.000000
79.000000 0.000000
80.000000 0.000000
81.000000 0.000000
82.000000 0.000000
83.000000 0.000000
84.000000 0.000000
85.000000 0.000000
86.000000 0.000000
87.000000 0.000000
88.000000 0.000000
89.000000 0.000000
90.000000 0.000000
91.000000 0.000000
92.000000 0.000000
93.000000 0.000000
94.000000 0.000000
95.000000 0.000000
96.000000 0.000000
97.000000 0.000000
98.000000 0.000000
99.000000 0.000000
100.000000 0.000000
101.000000 0.000000
102.000000 0.000000
103.000000 0.000000
104.000000 0.000000
105.000000 0.000000
106.000000 0.000000
107.000000 0.000000
108.000000 0.000000
109.000000 0.000000
110.000000 0.000000
111.000000 0.000000
112.000000 0.000000
113.000000 0.000000
114.000000 0.000000
115.000000 0.000000
116.000000 0.000000
117.000000 0.000000
118.000000 0.000000
119.000000 0.000000
120.000000 0.000000
121.000000 0.000000
122.000000 0.000000
123.000000 0.000000
124.000000 0.000000
125.000000 0.000000
126.000000 0.000000
127.000000 0.000000
128.000000 0.000000
129.000000 0.000000
130.000000 0.000000
131.000000 0.000000
132.000000 0.000000
133.000000 0.000000
134.000000 0.000000
135.000000 0.000000
136.000000 0.000000
137.000000 0.000000
138.000000 0.000000
139.000000 0.000000
140.000000 0.000000
141.000000 0.000000
142.000000 0.000000
143.000000 0.000000
144.000000 0.000000
145.000000 0.000000
146.000000 0.000000
147.000000 0.000000
148.000000 0.000000
149.000000 0.000000
150.000000 0.000000
151.000000 0.000000
152.000000 0.000000
153.000000 0.000000
154.000000 0.000000
155.000000 0.000000
156.000000 0.000000
157.000000 0.000000
158.000000 0.000000
159.000000 0.000000
160.000000 0.000000
161.000000 0.000000
162.000000 0.000000
163.000000 0.000000
164.000000 0.000000
165.000000 0.000000
166.000000 0.000000
167.000000 0.000000
168.000000 0.000000
169.000000 0.000000
170.000000 0.000000
171.000000 0.000000
172.000000 0.000000
173.000000 0.000000
174.000000 0.000000
175.000000 0.000000
176.000000 0.000000
177.000000 0.000000
178.000000 0.000000
179.000000 0.000000
180.000000 0.000000
181.000000 0.000000
182.000000 0.000000
183.000000 0.000000
184.000000 0.000000
185.000000 0.000000
186.000000 0.000000
187.000000 0.000000
188.000000 0.000000
189.000000 0.000000
190.000000 0.000000
191.000000 0.000000
192.000000 0.000000
193.000000 0.000000
194.000000 0.000000
195.000000 0.000000
196.000000 0.000000
197.000000 0.000000
198.000000 0.000000
199.000000 0.000000
200.000000 0.000000
201.000000 0.000000
202.000000 0.000000
203.000000 0.000000
204.000000 0.000000
205.000000 0.000000
206.000000 0.000000
207.000000 0.000000
208.000000 0.000000
209.000000 0.000000
210.000000 0.000000
211.000000 0.000000
212.000000 0.000000
213.000000 0.000000
214.000000 0.000000
215.000000 0.000000
216.000000 0.000000
217.000000 0.000000
218.000000 0.000000
219.000000 0.000000
220.000000 0.000000
221.000000 0.000000
222.000000 0.000000
223.000000 0.000000
224.000000 0.000000
225.000000 0.000000
226.000000 0.000000
227.000000 0.000000
228.000000 0.000000
229.000000 0.000000
230.000000 0.000000
231.000000 0.000000
232.000000 0.000000
233.000000 0.000000
234.000000 0.000000
235.000000 0.000000
236.000000 0.000000
237.000000 0.000000
238.000000 0.000000
239.000000 0.000000
240.000000 0.000000
241.000000 0.000000
242.000000 0.000000
243.000000 0.000000
244.000000 0.000000
245.000000 0.000000
246.000000 0.000000
247.000000 0.000000
248.000000 0.000000
249.000000 0.000000
250.000000 0.000000
251.000000 0.000000
252.000000 0.000000
253.000000 0.000000
254.000000 0.000000
255.000000 0.000000
256.000000 0.000000
257.000000 0.000000
258.000000 0.000000
259.000000 0.000000
260.000000 0.000000
261.000000 0.000000
262.000000 0.000000
263.000000 0.000000
264.000000 0.000000
265.000000 0.000000
266.000000 0.000000
267.000000 0.000000
268.000000 0.000000
269.000000 0.000000
270.000000 0.000000
271.000000 0.000000
272.000000 0.000000
273.000000 0.000000
274.000000 0.000000
275.000000 0.000000
276.000000 0.000000
277.000000 0.000000
278.000000 0.000000
279.000000 0.000000
280.000000 0.000000
281.000000 0.000000
282.000000 0.000000
283.000000 0.000000
284.000000 0.000000
285.000000 0.000000
286.000000 0.000000
287.000000 0.000000
288.000000 0.000000
289.000000 0.000000
290.000000 0.000000
291.000000 0.000000
292.000000 0.000000
293.000000 0.000000
294.000000 0.000000
295.000000 0.000000
296.000000 0.000000
297.000000 0.000000
298.000000 0.000000
299.000000 0.000000
300.000000 0.000000
301.000000 0.000000
302.000000 0.000000
303.000000 0.000000
304.000000 0.000000
305.000000 0.000000
306.000000 0.000000
307.000000 0.000000
308.000000 0.000000
309.000000 0.000000
310.000000 0.000000
311.000000 0.000000
312.000000 0.000000
313.000000 0.000000
314.000000 0.000000
315.000000 0.000000
316.000000 0.000000
317.000000 0.000000
318.000000 0.000000
319.000000 0.000000
320.000000 0.000000
321.000000 0.000000
322.000000 0.000000
323.000000 0.000000
324.000000 0.000000
325.000000 0.000000
326.000000 0.000000
327.000000 0.000000
328.000000 0.000000
329.000000 0.000000
330.000000 0.000000
331.000000 0.000000
332.000000 0.000000
333.000000 0.000000
334.000000 0.000000
335.000000 0.000000
336.000000 0.000000
337.000000 0.000000
338.000000 0.000000
339.000000 0.000000
340.000000 0.000000
341.000000 0.000000
342.000000 0.000000
343.000000 0.000000
344.000000 0.000000
345.000000 0.000000
346.000000 0.000000
347.000000 0.000000
348.000000 0.000000
349.000000 0.000000
350.000000 0.000000
351.000000 0.000000
352.000000 0.000000
353.000000 0.000000
354.000000 0.000000
355.000000 0.000000
356.000000 0.000000
357.000000 0.000000
358.000000 0.000000
359.000000 0.000000
360.000000 0.000000
361.000000 0.000000
362.000000 0.000000
363.000000 0.000000
364.000000 0.000000
365.000000 0.000000
366.000000 0.000000
367.000000 0.000000
368.000000 0.000000
369.000000 0.000000
370.000000 0.000000
371.000000 0.000000
372.000000 0.000000
373.000000 0.000000
374.000000 0.000000
375.000000 0.000000
376.000000 0.000000
377.000000 0.000000
378.000000 0.000000
379.000000 0.000000
380.000000 0.000000
381.000000 0.000000
382.000000 0.000000
383.000000 0.000000
384.000000 0.000000
385.000000 0.000000
386.000000 0.000000
387.000000 0.000000
388.000000 0.000000
389.000000 0.000000
390.000000 0.000000
391.000000 0.000000
392.000000 0.000000
393.000000 0.000000
394.000000 0.000000
395.000000 0.000000
396.000000 0.000000
397.000000 0.000000
398.000000 0.000000
399.000000 0.000000
400.000000 0.000000
401.000000 0.000000
402.000000 0.000000
403.000000 0.000000
404.000000 0.000000
405.000000 0.000000
406.000000 0.000000
407.000000 0.000000
408.000000 0.000000
409.000000 0.000000
410.000000 0.000000
411.000000 0.000000
412.000000 0.000000
413.000000 0.000000
414.000000 0.000000
415.000000 0.000000
416.000000 0.000000
417.000000 0.000000
418.000000 0.000000
419.000000 0.000000
420.000000 0.000000
421.000000 0.000000
422.000000 0.000000
423.000000 0.000000
424.000000 0.000000
425.000000 0.000000
426.000000 0.000000
427.000000 0.000000
428.000000 0.000000
429.000000 0.000000
430.000000 0.000000
431.000000 0.000000
432.000000 0.000000
433.000000 0.000000
434.000000 0.000000
435.000000 0.000000
436.000000 0.000000
437.000000 0.000000
438.000000 0.000000
439.000000 0.000000
440.000000 0.000000
441.000000 0.000000
442.000000 0.000000
443.000000 0.000000
444.000000 0.000000
445.000000 0.000000
446.000000 0.000000
447.000000 0.000000
448.000000 0.000000
449.000000 0.000000
450.000000 0.000000
451.000000 0.000000
452.000000 0.000000
453.000000 0.000000
454.000000 0.000000
455.000000 0.000000
456.000000 0.000000
457.000000 0.000000
458.000000 0.000000
459.000000 0.000000
460.000000 0.000000
461.000000 0.000000
462.000000 0.000000
463.000000 0.000000
464.000000 0.000000
465.000000 0.000000
466.000000 0.000000
467.000000 0.000000
468.000000 0.000000
469.000000 0.000000
470.000000 0.000000
471.000000 0.000000
472.000000 0.000000
473.000000 0.000000
474.000000 0.000000
475.000000 0.000000
476.000000 0.000000
477.000000 0.000000
478.000000 0.000000
479.000000 0.000000
480.000000 0.000000
481.000000 0.000000
482.000000 0.000000
483.000000 0.000000
484.000000 0.000000
485.000000 0.000000
486.000000 0.000000
487.000000 0.000000
488.000000 0.000000
489.000000 0.000000
490.000000 0.000000
491.000000 0.000000
492.000000 0.000000
493.000000 0.000000
494.000000 0.000000
495.000000 0.000000
496.000000 0.000000
497.000000 0.000000
498.000000 0.000000
499.000000 0.000000
500.000000 0.000000
501.000000 0.000000
502.000000 0.000000
503.000000 0.000000
504.000000 0.000000
505.000000 0.000000
506.000000 0.000000
507.000000 0.000000
508.000000 0.000000
509.000000 0.000000
510.000000 0.000000
511.000000 0.000000
512.000000 0.000000
513.000000 0.000000
514.000000 0.000000
515.000000 0.000000
516.000000 0.000000
517.000000 0.000000
518.000000 0.000000
519.000000 0.000000
520.000000 0.000000
521.000000 0.000000
522.000000 0.000000
523.000000 0.000000
524.000000 0.000000
525.000000 0.000000
526.000000 0.000000
527.000000 0.000000
528.000000 0.000000
529.000000 0.000000
530.000000 0.000000
531.000000 0.000000
532.000000 0.000000
533.000000 0.000000
534.000000 0.000000
535.000000 0.000000
536.000000 0.000000
537.000000 0.000000
538.000000 0.000000
539.000000 0.000000
540.000000 0.000000
541.000000 0.000000
542.000000 0.000000
543.000000 0.000000
544.000000 0.000000
545.000000 0.000000
546.000000 0.000000
547.000000 0.000000
548.000000 0.000000
549.000000 0.000000
550.000000 0.000000
551.000000 0.000000
552.000000 0.000000
553.000000 0.000000
554.000000 0.000000
555.000000 0.000000
556.000000 0.000000
557.000000 0.000000
558.000000 0.000000
559.000000 0.000000
560.000000 0.000000
561.000000 0.000000
562.000000 0.000000
563.000000 0.000000
564.000000 0.000000
565.000000 0.000000
566.000000 0.000000
567.000000 0.000000
568.000000 0.000000
569.000000 0.000000
570.000000 0.000000
571.000000 0.000000
572.000000 0.000000
573.000000 0.000000
574.000000 0.000000
575.000000 0.000000
576.000000 0.000000
577.000000 0.000000
578.000000 0.000000
579.000000 0.000000
580.000000 0.000000
581.000000 0.000000
582.000000 0.000000
583.000000 0.000000
584.000000 0.000000
585.000000 0.000000
586.000000 0.000000
587.000000 0.000000
588.000000 0.000000
589.000000 0.000000
590.000000 0.000000
591.000000 0.000000
592.000000 0.000000
593.000000 0.000000
594.000000 0.000000
595.000000 0.000000
596.000000 0.000000
597.000000 0.000000
598.000000 0.000000
599.000000 0.000000
600.000000 0.000000
601.000000 0.000000
602.000000 0.000000
603.000000 0.000000
604.000000 0.000000
605.000000 0.000000
606.000000 0.000000
607.000000 0.000000
608.000000 0.000000
609.000000 0.000000
610.000000 0.000000
611.000000 0.000000
612.000000 0.000000
613.000000 0.000000
614.000000 0.000000
615.000000 0.000000
616.000000 0.000000
617.000000 0.000000
618.000000 0.000000
619.000000 0.000000
620.000000 0.000000
621.000000 0.000000
622.000000 0.000000
623.000000 0.000000
624.000000 0.000000
625.000000 0.000000
626.000000 0.000000
627.000000 0.000000
628.000000 0.000000
629.000000 0.000000
630.000000 0.000000
631.000000 0.000000
632.000000 0.000000
633.000000 0.000000
634.000000 0.000000
635.000000 0.000000
636.000000 0.000000
637.000000 0.000000
638.000000 0.000000
639.000000 0.000000
640.000000 0.000000
641.000000 0.000000
642.000000 0.000000
643.000000 0.000000
644.000000 0.000000
645.000000 0.000000
646.000000 0.000000
647.000000 0.000000
648.000000 0.000000
649.000000 0.000000
650.000000 0.000000
651.000000 0.000000
652.000000 0.000000
653.000000 0.000000
654.000000 0.000000
655.000000 0.000000
656.000000 0.000000
657.000000 0.000000
658.000000 0.000000
659.000000 0.000000
660.000000 0.000000
661.000000 0.000000
662.000000 0.000000
663.000000 0.000000
664.000000 0.000000
665.000000 0.000000
666.000000 0.000000
667.000000 0.000000
668.000000 0.000000
669.000000 0.000000
670.000000 0.000000
671.000000 0.000000
672.000000 0.000000
673.000000 0.000000
674.000000 0.000000
675.000000 0.000000
676.000000 0.000000
677.000000 0.000000
678.000000 0.000000
679.000000 0.000000
680.000000 0.000000
681.000000 0.000000
682.000000 0.000000
683.000000 0.000000
684.000000 0.000000
685.000000 0.000000
686.000000 0.000000
687.000000 0.000000
688.000000 0.000000
689.000000 0.000000
690.000000 0.000000
691.000000 0.000000
692.000000 0.000000
693.000000 0.000000
694.000000 0.000000
695.000000 0.000000
696.000000 0.000000
697.000000 0.000000
698.000000 0.000000
699.000000 0.000000
700.000000 0.000000
701.000000 0.000000
702.000000 0.000000
703.000000 0.000000
704.000000 0.000000
705.000000 0.000000
706.000000 0.000000
707.000000 0.000000
708.000000 0.000000
709.000000 0.000000
710.000000 0.000000
711.000000 0.000000
712.000000 0.000000
713.000000 0.000000
714.000000 0.000000
715.000000 0.000000
716.000000 0.000000
717.000000 0.000000
718.000000 0.000000
719.000000 0.000000
720.000000 0.000000
721.000000 0.000000
722.000000 0.000000
723.000000 0.000000
724.000000 0.000000
725.000000 0.000000
726.000000 0.000000
727.000000 0.000000
728.000000 0.000000
729.000000 0.000000
730.000000 0.000000
731.000000 0.000000
732.000000 0.000000
733.000000 0.000000
734.000000 0.000000
735.000000 0.000000
736.000000 0.000000
737.000000 0.000000
738.000000 0.000000
739.000000 0.000000
740.000000 0.000000
741.000000 0.000000
742.000000 0.000000
743.000000 0.000000
744.000000 0.000000
745.000000 0.000000
746.000000 0.000000
747.000000 0.000000
748.000000 0.000000
749.000000 0.000000
750.000000 0.000000
751.000000 0.000000
752.000000 0.000000
753.000000 0.000000
754.000000 0.000000
755.000000 0.000000
756.000000 0.000000
757.000000 0.000000
758.000000 0.000000
759.000000 0.000000
760.000000 0.000000
761.000000 0.000000
762.000000 0.000000
763.000000 0.000000
764.000000 0.000000
765.000000 0.000000
766.000000 0.000000
767.000000 0.000000
768.000000 0.000000
769.000000 0.000000
770.000000 0.000000
771.000000 0.000000
772.000000 0.000000
773.000000 0.000000
774.000000 0.000000
775.000000 0.000000
776.000000 0.000000
777.000000 0.000000
778.000000 0.000000
779.000000 0.000000
780.000000 0.000000
781.000000 0.000000
782.000000 0.000000
783.000000 0.000000
784.000000 0.000000
785.000000 0.000000
786.000000 0.000000
787.000000 0.000000
788.000000 0.000000
789.000000 0.000000
790.000000 0.000000
791.000000 0.000000
792.000000 0.000000
793.000000 0.000000
794.000000 0.000000
795.000000 0.000000
796.000000 0.000000
797.000000 0.000000
798.000000 0.000000
799.000000 0.000000
800.000000 0.000000
801.000000 0.000000
802.000000 0.000000
803.000000 0.000000
804.000000 0.000000
805.000000 0.000000
806.000000 0.000000
807.000000 0.000000
808.000000 0.000000
809.000000 0.000000
810.000000 0.000000
811.000000 0.000000
812.000000 0.000000
813.000000 0.000000
814.000000 0.000000
815.000000 0.000000
816.000000 0.000000
817.000000 0.000000
818.000000 0.000000
819.000000 0.000000
820.000000 0.000000
821.000000 0.000000
822.000000 0.000000
823.000000 0.000000
824.000000 0.000000
825.000000 0.000000
826.000000 0.000000
827.000000 0.000000
828.000000 0.000000
829.000000 0.000000
830.000000 0.000000
831.000000 0.000000
832.000000 0.000000
833.000000 0.000000
834.000000 0.000000
835.000000 0.000000
836.000000 0.000000
837.000000 0.000000
838.000000 0.000000
839.000000 0.000000
840.000000 0.000000
841.000000 0.000000
842.000000 0.000000
843.000000 0.000000
844.000000 0.000000
845.000000 0.000000
846.000000 0.000000
847.000000 0.000000
848.000000 0.000000
849.000000 0.000000
850.000000 0.000000
851.000000 0.000000
852.000000 0.000000
853.000000 0.000000
854.000000 0.000000
855.000000 0.000001
856.000000 0.000001
857.000000 0.000001
858.000000 0.000001
859.000000 0.000001
860.000000 0.000001
861.000000 0.000001
862.000000 0.000001
863.000000 0.000001
864.000000 0.000001
865.000000 0.000001
866.000000 0.000001
867.000000 0.000001
868.000000 0.000001
869.000000 0.000001
870.000000 0.000001
871.000000 0.000001
872.000000 0.000001
873.000000 0.000001
874.000000 0.000001
875.000000 0.000001
876.000000 0.000001
877.000000 0.000001
878.000000 0.000001
879.000000 0.000001
880.000000 0.000001
881.000000 0.000001
882.000000 0.000001
883.000000 0.000001
884.000000 0.000001
885.000000 0.000001
886.000000 0.000001
887.000000 0.000001
888.000000 0.000001
889.000000 0.000001
890.000000 0.000001
891.000000 0.000001
892.000000 0.000001
893.000000 0.000001
894.000000 0.000001
895.000000 0.000001
896.000000 0.000001
897.000000 0.000001
898.000000 0.000001
899.000000 0.000001
900.000000 0.000001
901.000000 0.000001
902.000000 0.000001
903.000000 0.000001
904.000000 0.000001
905.000000 0.000001
906.000000 0.000001
907.000000 0.000001
908.000000 0.000001
909.000000 0.000001
910.000000 0.000001
911.000000 0.000001
912.000000 0.000001
913.000000 0.000001
914.000000 0.000001
915.000000 0.000001
916.000000 0.000001
917.000000 0.000001
918.000000 0.000001
919.000000 0.000002
920.000000 0.000002
921.000000 0.000002
922.000000 0.000002
923.000000 0.000002
924.000000 0.000002
925.000000 0.000002
926.000000 0.000002
927.000000 0.000002
928.000000 0.000002
929.000000 0.000002
930.000000 0.000002
931.000000 0.000002
932.000000 0.000002
933.000000 0.000002
934.000000 0.000002
935.000000 0.000002
936.000000 0.000002
937.000000 0.000002
938.000000 0.000002
939.000000 0.000002
940.000000 0.000002
941.000000 0.000002
942.000000 0.000002
943.000000 0.000002
944.000000 0.000002
945.000000 0.000002
946.000000 0.000002
947.000000 0.000002
948.000000 0.000002
949.000000 0.000002
950.000000 0.000002
951.000000 0.000002
952.000000 0.000003
953.000000 0.000003
954.000000 0.000003
955.000000 0.000003
956.000000 0.000003
957.000000 0.000003
958.000000 0.000003
959.000000 0.000003
960.000000 0.000003
961.000000 0.000003
962.000000 0.000003
963.000000 0.000003
964.000000 0.000003
965.000000 0.000003
966.000000 0.000003
967.000000 0.000003
968.000000 0.000003
969.000000 0.000003
970.000000 0.000003
971.000000 0.000003
972.000000 0.000003
973.000000 0.000003
974.000000 0.000004
975.000000 0.000004
976.000000 0.000004
977.000000 0.000004
978.000000 0.000004
979.000000 0.000004
980.000000 0.000004
981.000000 0.000004
982.000000 0.000004
983.000000 0.000004
984.000000 0.000004
985.000000 0.000004
986.000000 0.000004
987.000000 0.000004
988.000000 0.000004
989.000000 0.000004
990.000000 0.000004
991.000000 0.000004
992.000000 0.000005
993.000000 0.000005
994.000000 0.000005
995.000000 0.000005
996.000000 0.000005
997.000000 0.000005
998.000000 0.000005
999.000000 0.000005
1000.000000 0.000005
1001.000000 0.000005
1002.000000 0.000005
1003.000000 0.000005
1004.000000 0.000005
1005.000000 0.000005
1006.000000 0.000005
1007.000000 0.000006
1008.000000 0.000006
1009.000000 0.000006
1010.000000 0.000006
1011.000000 0.000006
1012.000000 0.000006
1013.000000 0.000006
1014.000000 0.000006
1015.000000 0.000006
1016.000000 0.000006
1017.000000 0.000006
1018.000000 0.000006
1019.000000 0.000007
1020.000000 0.000007
1021.000000 0.000007
1022.000000 0.000007
1023.000000 0.000007
1024.000000 0.000007
1025.000000 0.000007
1026.000000 0.000007
1027.000000 0.000007
1028.000000 0.000007
1029.000000 0.000007
1030.000000 0.000008
1031.000000 0.000008
1032.000000 0.000008
1033.000000 0.000008
1034.000000 0.000008
1035.000000 0.000008
1036.000000 0.000008
1037.000000 0.000008
1038.000000 0.000008
1039.000000 0.000008
1040.000000 0.000009
1041.000000 0.000009
1042.000000 0.000009
1043.000000 0.000009
1044.000000 0.000009
1045.000000 0.000009
1046.000000 0.000009
1047.000000 0.000009
1048.000000 0.000009
1049.000000 0.000010
1050.000000 0.000010
1051.000000 0.000010
1052.000000 0.000010
1053.000000 0.000010
1054.000000 0.000010
1055.000000 0.000010
1056.000000 0.000010
1057.000000 0.000011
1058.000000 0.000011
1059.000000 0.000011
1060.000000 0.000011
1061.000000 0.000011
1062.000000 0.000011
1063.000000 0.000011
1064.000000 0.000012
1065.000000 0.000012
1066.000000 0.000012
1067.000000 0.000012
1068.000000 0.000012
1069.000000 0.000012
1070.000000 0.000012
1071.000000 0.000013
1072.000000 0.000013
1073.000000 0.000013
1074.000000 0.000013
1075.000000 0.000013
1076.000000 0.000013
1077.000000 0.000013
1078.000000 0.000014
1079.000000 0.000014
1080.000000 0.000014
1081.000000 0.000014
1082.000000 0.000014
1083.000000 0.000014
1084.000000 0.000015
1085.000000 0.000015
1086.000000 0.000015
1087.000000 0.000015
1088.000000 0.000015
1089.000000 0.000016
1090.000000 0.000016
1091.000000 0.000016
1092.000000 0.000016
1093.000000 0.000016
1094.000000 0.000016
1095.000000 0.000017
1096.000000 0.000017
1097.000000 0.000017
1098.000000 0.000017
1099.000000 0.000017
1100.000000 0.000018
1101.000000 0.000018
1102.000000 0.000018
1103.000000 0.000018
1104.000000 0.000018
1105.000000 0.000019
1106.000000 0.000019
1107.000000 0.000019
1108.000000 0.000019
1109.000000 0.000019
1110.000000 0.000020
1111.000000 0.000020
1112.000000 0.000020
1113.000000 0.000020
1114.000000 0.000021
1115.000000 0.000021
1116.000000 0.000021
1117.000000 0.000021
1118.000000 0.000022
1119.000000 0.000022
1120.000000 0.000022
1121.000000 0.000022
1122.000000 0.000022
1123.000000 0.000023
1124.000000 0.000023
1125.000000 0.000023
1126.000000 0.000023
1127.000000 0.000024
1128.000000 0.000024
1129.000000 0.000024
1130.000000 0.000024
1131.000000 0.000025
1132.000000 0.000025
1133.000000 0.000025
1134.000000 0.000026
1135.000000 0.000026
1136.000000 0.000026
1137.000000 0.000026
1138.000000 0.000027
1139.000000 0.000027
1140.000000 0.000027
1141.000000 0.000027
1142.000000 0.000028
1143.000000 0.000028
1144.000000 0.000028
1145.000000 0.000029
1146.000000 0.000029
1147.000000 0.000029
1148.000000 0.000029
1149.000000 0.000030
1150.000000 0.000030
1151.000000 0.000030
1152.000000 0.000031
1153.000000 0.000031
1154.000000 0.000031
1155.000000 0.000032
1156.000000 0.000032
1157.000000 0.000032
1158.000000 0.000033
1159.000000 0.000033
1160.000000 0.000033
1161.000000 0.000034
1162.000000 0.000034
1163.000000 0.000034
1164.000000 0.000035
1165.000000 0.000035
1166.000000 0.000035
1167.000000 0.000036
1168.000000 0.000036
1169.000000 0.000036
1170.000000 0.000037
1171.000000 0.000037
1172.000000 0.000038
1173.000000 0.000038
1174.000000 0.000038
1175.000000 0.000039
1176.000000 0.000039
1177.000000 0.000039
1178.000000 0.000040
1179.000000 0.000040
1180.000000 0.000041
1181.000000 0.000041
1182.000000 0.000041
1183.000000 0.000042
1184.000000 0.000042
1185.000000 0.000043
1186.000000 0.000043
1187.000000 0.000043
1188.000000 0.000044
1189.000000 0.000044
1190.000000 0.000045
1191.000000 0.000045
1192.000000 0.000045
1193.000000 0.000046
1194.000000 0.000046
1195.000000 0.000047
1196.000000 0.000047
1197.000000 0.000048
1198.000000 0.000048
1199.000000 0.000049
1200.000000 0.000049
1201.000000 0.000050
1202.000000 0.000050
1203.000000 0.000050
1204.000000 0.000051
1205.000000 0.000051
1206.000000 0.000052
1207.000000 0.000052
1208.000000 0.000053
1209.000000 0.000053
1210.000000 0.000054
1211.000000 0.000054
1212.000000 0.000055
1213.000000 0.000055
1214.000000 0.000056
1215.000000 0.000056
1216.000000 0.000057
1217.000000 0.000057
1218.000000 0.000058
1219.000000 0.000058
1220.000000 0.000059
1221.000000 0.000059
1222.000000 0.000060
1223.000000 0.000060
1224.000000 0.000061
1225.000000 0.000061
1226.000000 0.000062
1227.000000 0.000062
1228.000000 0.000063
1229.000000 0.000064
1230.000000 0.000064
1231.000000 0.000065
1232.000000 0.000065
1233.000000 0.000066
1234.000000 0.000067
1235.000000 0.000067
1236.000000 0.000068
1237.000000 0.000068
1238.000000 0.000069
1239.000000 0.000069
1240.000000 0.000070
1241.000000 0.000070
1242.000000 0.000071
1243.000000 0.000072
1244.000000 0.000072
1245.000000 0.000073
1246.000000 0.000074
1247.000000 0.000074
1248.000000 0.000075
1249.000000 0.000076
1250.000000 0.000076
1251.000000 0.000077
1252.000000 0.000077
1253.000000 0.000078
1254.000000 0.000079
1255.000000 0.000079
1256.000000 0.000080
1257.000000 0.000081
1258.000000 0.000081
1259.000000 0.000082
1260.000000 0.000083
1261.000000 0.000084
1262.000000 0.000084
1263.000000 0.000085
1264.000000 0.000085
1265.000000 0.000086
1266.000000 0.000087
1267.000000 0.000088
1268.000000 0.000088
1269.000000 0.000089
1270.000000 0.000090
1271.000000 0.000090
1272.000000 0.000091
1273.000000 0.000092
1274.000000 0.000093
1275.000000 0.000093
1276.000000 0.000094
1277.000000 0.000095
1278.000000 0.000096
1279.000000 0.000096
1280.000000 0.000097
1281.000000 0.000098
1282.000000 0.000099
1283.000000 0.000099
1284.000000 0.000100
1285.000000 0.000101
1286.000000 0.000102
1287.000000 0.000102
1288.000000 0.000104
1289.000000 0.000104
1290.000000 0.000105
1291.000000 0.000106
1292.000000 0.000107
1293.000000 0.000107
1294.000000 0.000108
1295.000000 0.000109
1296.000000 0.000110
1297.000000 0.000111
1298.000000 0.000112
1299.000000 0.000113
1300.000000 0.000113
1301.000000 0.000114
1302.000000 0.000115
1303.000000 0.000116
1304.000000 0.000117
1305.000000 0.000118
1306.000000 0.000119
1307.000000 0.000120
1308.000000 0.000120
1309.000000 0.000122
1310.000000 0.000122
1311.000000 0.000123
1312.000000 0.000124
1313.000000 0.000125
1314.000000 0.000126
1315.000000 0.000127
1316.000000 0.000128
1317.000000 0.000129
1318.000000 0.000130
1319.000000 0.000131
1320.000000 0.000131
1321.000000 0.000132
1322.000000 0.000133
1323.000000 0.000134
1324.000000 0.000135
1325.000000 0.000136
1326.000000 0.000137
1327.000000 0.000138
1328.000000 0.000139
1329.000000 0.000140
1330.000000 0.000141
1331.000000 0.000142
1332.000000 0.000143
1333.000000 0.000144
1334.000000 0.000146
1335.000000 0.000146
1336.000000 0.000148
1337.000000 0.000148
1338.000000 0.000150
1339.000000 0.000150
1340.000000 0.000152
1341.000000 0.000152
1342.000000 0.000154
1343.000000 0.000155
1344.000000 0.000156
1345.000000 0.000157
1346.000000 0.000158
1347.000000 0.000159
1348.000000 0.000160
1349.000000 0.000161
1350.000000 0.000162
1351.000000 0.000163
1352.000000 0.000165
1353.000000 0.000166
1354.000000 0.000167
1355.000000 0.000168
1356.000000 0.000169
1357.000000 0.000170
1358.000000 0.000171
1359.000000 0.000173
1360.000000 0.000174
1361.000000 0.000175
1362.000000 0.000176
1363.000000 0.000177
1364.000000 0.000178
1365.000000 0.000180
1366.000000 0.000181
1367.000000 0.000182
1368.000000 0.000183
1369.000000 0.000184
1370.000000 0.000185
1371.000000 0.000187
1372.000000 0.000188
1373.000000 0.000189
1374.000000 0.000190
1375.000000 0.000192
1376.000000 0.000193
1377.000000 0.000194
1378.000000 0.000195
1379.000000 0.000197
1380.000000 0.000198
1381.000000 0.000199
1382.000000 0.000201
1383.000000 0.000202
1384.000000 0.000203
1385.000000 0.000204
1386.000000 0.000206
1387.000000 0.000207
1388.000000 0.000208
1389.000000 0.000209
1390.000000 0.000211
1391.000000 0.000212
1392.000000 0.000214
1393.000000 0.000215
1394.000000 0.000216
1395.000000 0.000217
1396.000000 0.000219
1397.000000 0.000220
1398.000000 0.000222
1399.000000 0.000223
1400.000000 0.000224
1401.000000 0.000225
1402.000000 0.000227
1403.000000 0.000228
1404.000000 0.000230
1405.000000 0.000231
1406.000000 0.000232
1407.000000 0.000234
1408.000000 0.000235
1409.000000 0.000237
1410.000000 0.000238
1411.000000 0.000240
1412.000000 0.000241
1413.000000 0.000243
1414.000000 0.000244
1415.000000 0.000246
1416.000000 0.000247
1417.000000 0.000248
1418.000000 0.000250
1419.000000 0.000251
1420.000000 0.000252
1421.000000 0.000254
1422.000000 0.000255
1423.000000 0.000257
1424.000000 0.000258
1425.000000 0.000260
1426.000000 0.000261
1427.000000 0.000263
1428.000000 0.000265
1429.000000 0.000266
1430.000000 0.000268
1431.000000 0.000269
1432.000000 0.000271
1433.000000 0.000272
1434.000000 0.000274
1435.000000 0.000275
1436.000000 0.000277
1437.000000 0.000278
1438.000000 0.000280
1439.000000 0.000282
1440.000000 0.000283
1441.000000 0.000285
1442.000000 0.000287
1443.000000 0.000288
1444.000000 0.000290
1445.000000 0.000291
1446.000000 0.000293
1447.000000 0.000294
1448.000000 0.000296
1449.000000 0.000297
1450.000000 0.000300
1451.000000 0.000301
1452.000000 0.000303
1453.000000 0.000304
1454.000000 0.000306
1455.000000 0.000307
1456.000000 0.000309
1457.000000 0.000311
1458.000000 0.000313
1459.000000 0.000314
1460.000000 0.000316
1461.000000 0.000318
1462.000000 0.000319
1463.000000 0.000321
1464.000000 0.000323
1465.000000 0.000324
1466.000000 0.000326
1467.000000 0.000328
1468.000000 0.000330
1469.000000 0.000331
1470.000000 0.000333
1471.000000 0.000335
1472.000000 0.000336
1473.000000 0.000339
1474.000000 0.000340
1475.000000 0.000342
1476.000000 0.000343
1477.000000 0.000345
1478.000000 0.000347
1479.000000 0.000349
1480.000000 0.000350
1481.000000 0.000353
1482.000000 0.000354
1483.000000 0.000356
1484.000000 0.000358
1485.000000 0.000359
1486.000000 0.000362
1487.000000 0.000363
1488.000000 0.000365
1489.000000 0.000367
1490.000000 0.000369
1491.000000 0.000370
1492.000000 0.000372
1493.000000 0.000374
1494.000000 0.000376
1495.000000 0.000378
1496.000000 0.000380
1497.000000 0.000381
1498.000000 0.000384
1499.000000 0.000385
1500.000000 0.000387
1501.000000 0.000389
1502.000000 0.000391
1503.000000 0.000392
1504.000000 0.000395
1505.000000 0.000396
1506.000000 0.000399
1507.000000 0.000400
1508.000000 0.000402
1509.000000 0.000404
1510.000000 0.000406
1511.000000 0.000408
1512.000000 0.000410
1513.000000 0.000412
1514.000000 0.000414
1515.000000 0.000416
1516.000000 0.000418
1517.000000 0.000420
1518.000000 0.000421
1519.000000 0.000424
1520.000000 0.000425
1521.000000 0.000428
1522.000000 0.000429
1523.000000 0.000432
1524.000000 0.000433
1525.000000 0.000436
1526.000000 0.000437
1527.000000 0.000439
1528.000000 0.000441
1529.000000 0.000443
1530.000000 0.000445
1531.000000 0.000447
1532.000000 0.000449
1533.000000 0.000451
1534.000000 0.000453
1535.000000 0.000455
1536.000000 0.000457
1537.000000 0.000459
1538.000000 0.000461
1539.000000 0.000463
1540.000000 0.000465
1541.000000 0.000467
1542.000000 0.000469
1543.000000 0.000471
1544.000000 0.000474
1545.000000 0.000475
1546.000000 0.000478
1547.000000 0.000479
1548.000000 0.000482
1549.000000 0.000484
1550.000000 0.000486
1551.000000 0.000488
1552.000000 0.000490
1553.000000 0.000492
1554.000000 0.000494
1555.000000 0.000496
1556.000000 0.000499
1557.000000 0.000500
1558.000000 0.000503
1559.000000 0.000505
1560.000000 0.000507
1561.000000 0.000509
1562.000000 0.000511
1563.000000 0.000513
1564.000000 0.000515
1565.000000 0.000517
1566.000000 0.000519
1567.000000 0.000522
1568.000000 0.000523
1569.000000 0.000526
1570.000000 0.000528
1571.000000 0.000531
1572.000000 0.000532
1573.000000 0.000535
1574.000000 0.000536
1575.000000 0.000539
1576.000000 0.000541
1577.000000 0.000543
1578.000000 0.000545
1579.000000 0.000548
1580.000000 0.000549
1581.000000 0.000552
1582.000000 0.000554
1583.000000 0.000556
1584.000000 0.000558
1585.000000 0.000561
1586.000000 0.000562
1587.000000 0.000565
1588.000000 0.000567
1589.000000 0.000569
1590.000000 0.000571
1591.000000 0.000573
1592.000000 0.000576
1593.000000 0.000578
1594.000000 0.000580
1595.000000 0.000582
1596.000000 0.000585
1597.000000 0.000586
1598.000000 0.000589
1599.000000 0.000591
1600.000000 0.000593
1601.000000 0.000595
1602.000000 0.000598
1603.000000 0.000599
1604.000000 0.000602
1605.000000 0.000604
1606.000000 0.000607
1607.000000 0.000608
1608.000000 0.000611
1609.000000 0.000613
1610.000000 0.000616
1611.000000 0.000617
1612.000000 0.000620
1613.000000 0.000622
1614.000000 0.000624
1615.000000 0.000626
1616.000000 0.000629
1617.000000 0.000630
1618.000000 0.000633
1619.000000 0.000636
1620.000000 0.000637
1621.000000 0.000640
1622.000000 0.000642
1623.000000 0.000644
1624.000000 0.000646
1625.000000 0.000649
1626.000000 0.000651
1627.000000 0.000653
1628.000000 0.000655
1629.000000 0.000658
1630.000000 0.000660
1631.000000 0.000662
1632.000000 0.000664
1633.000000 0.000667
1634.000000 0.000669
1635.000000 0.000672
1636.000000 0.000673
1637.000000 0.000676
1638.000000 0.000677
1639.000000 0.000680
1640.000000 0.000682
1641.000000 0.000685
1642.000000 0.000687
1643.000000 0.000689
1644.000000 0.000691
1645.000000 0.000694
1646.000000 0.000696
1647.000000 0.000698
1648.000000 0.000701
1649.000000 0.000702
1650.000000 0.000705
1651.000000 0.000707
1652.000000 0.000709
1653.000000 0.000711
1654.000000 0.000714
1655.000000 0.000716
1656.000000 0.000719
1657.000000 0.000720
1658.000000 0.000723
1659.000000 0.000724
1660.000000 0.000728
1661.000000 0.000729
1662.000000 0.000732
1663.000000 0.000734
1664.000000 0.000736
1665.000000 0.000738
1666.000000 0.000741
1667.000000 0.000743
1668.000000 0.000745
1669.000000 0.000747
1670.000000 0.000750
1671.000000 0.000752
1672.000000 0.000754
1673.000000 0.000757
1674.000000 0.000759
1675.000000 0.000761
1676.000000 0.000763
1677.000000 0.000766
1678.000000 0.000767
1679.000000 0.000770
1680.000000 0.000772
1681.000000 0.000775
1682.000000 0.000776
1683.000000 0.000779
1684.000000 0.000780
1685.000000 0.000784
1686.000000 0.000785
1687.000000 0.000788
1688.000000 0.000789
1689.000000 0.000792
1690.000000 0.000794
1691.000000 0.000797
1692.000000 0.000799
1693.000000 0.000801
1694.000000 0.000803
1695.000000 0.000806
1696.000000 0.000807
1697.000000 0.000810
1698.000000 0.000812
1699.000000 0.000814
1700.000000 0.000817
1701.000000 0.000818
1702.000000 0.000821
1703.000000 0.000823
1704.000000 0.000825
1705.000000 0.000827
1706.000000 0.000830
1707.000000 0.000831
1708.000000 0.000835
1709.000000 0.000835
1710.000000 0.000839
1711.000000 0.000840
1712.000000 0.000843
1713.000000 0.000844
1714.000000 0.000847
1715.000000 0.000849
1716.000000 0.000852
1717.000000 0.000853
1718.000000 0.000856
1719.000000 0.000857
1720.000000 0.000860
1721.000000 0.000862
1722.000000 0.000865
1723.000000 0.000866
1724.000000 0.000869
1725.000000 0.000870
1726.000000 0.000873
1727.000000 0.000875
1728.000000 0.000877
1729.000000 0.000879
1730.000000 0.000881
1731.000000 0.000884
1732.000000 0.000885
1733.000000 0.000888
1734.000000 0.000889
1735.000000 0.000892
1736.000000 0.000893
1737.000000 0.000896
1738.000000 0.000898
1739.000000 0.000901
1740.000000 0.000902
1741.000000 0.000905
1742.000000 0.000906
1743.000000 0.000909
1744.000000 0.000910
1745.000000 0.000913
1746.000000 0.000915
1747.000000 0.000917
1748.000000 0.000918
1749.000000 0.000921
1750.000000 0.000923
1751.000000 0.000925
1752.000000 0.000927
1753.000000 0.000929
1754.000000 0.000931
1755.000000 0.000933
1756.000000 0.000936
1757.000000 0.000936
1758.000000 0.000940
1759.000000 0.000941
1760.000000 0.000944
1761.000000 0.000945
1762.000000 0.000947
1763.000000 0.000949
1764.000000 0.000951
1765.000000 0.000953
1766.000000 0.000955
1767.000000 0.000957
1768.000000 0.000960
1769.000000 0.000961
1770.000000 0.000963
1771.000000 0.000965
1772.000000 0.000967
1773.000000 0.000968
1774.000000 0.000971
1775.000000 0.000972
1776.000000 0.000975
1777.000000 0.000976
1778.000000 0.000979
1779.000000 0.000980
1780.000000 0.000982
1781.000000 0.000985
1782.000000 0.000985
1783.000000 0.000989
1784.000000 0.000989
1785.000000 0.000992
1786.000000 0.000993
1787.000000 0.000996
1788.000000 0.000997
1789.000000 0.000999
1790.000000 0.001001
1791.000000 0.001003
1792.000000 0.001004
1793.000000 0.001007
1794.000000 0.001008
1795.000000 0.001011
1796.000000 0.001011
1797.000000 0.001014
1798.000000 0.001015
1799.000000 0.001018
1800.000000 0.001019
1801.000000 0.001021
1802.000000 0.001022
1803.000000 0.001025
1804.000000 0.001026
1805.000000 0.001028
1806.000000 0.001030
1807.000000 0.001031
1808.000000 0.001034
1809.000000 0.001035
1810.000000 0.001037
1811.000000 0.001038
1812.000000 0.001040
1813.000000 0.001041
1814.000000 0.001044
1815.000000 0.001045
1816.000000 0.001047
1817.000000 0.001048
1818.000000 0.001051
1819.000000 0.001052
1820.000000 0.001054
1821.000000 0.001055
1822.000000 0.001057
1823.000000 0.001058
1824.000000 0.001061
1825.000000 0.001061
1826.000000 0.001064
1827.000000 0.001065
1828.000000 0.001067
1829.000000 0.001068
1830.000000 0.001070
1831.000000 0.001072
1832.000000 0.001073
1833.000000 0.001074
1834.000000 0.001076
1835.000000 0.001078
1836.000000 0.001079
1837.000000 0.001081
1838.000000 0.001082
1839.000000 0.001084
1840.000000 0.001085
1841.000000 0.001087
1842.000000 0.001088
1843.000000 0.001090
1844.000000 0.001091
1845.000000 0.001093
1846.000000 0.001094
1847.000000 0.001096
1848.000000 0.001097
1849.000000 0.001099
1850.000000 0.001100
1851.000000 0.001102
1852.000000 0.001103
1853.000000 0.001105
1854.000000 0.001106
1855.000000 0.001107
1856.000000 0.001109
1857.000000 0.001110
1858.000000 0.001111
1859.000000 0.001113
1860.000000 0.001114
1861.000000 0.001115
1862.000000 0.001117
1863.000000 0.001118
1864.000000 0.001120
1865.000000 0.001120
1866.000000 0.001123
1867.000000 0.001123
1868.000000 0.001125
1869.000000 0.001125
1870.000000 0.001128
1871.000000 0.001128
1872.000000 0.001130
1873.000000 0.001130
1874.000000 0.001133
1875.000000 0.001133
1876.000000 0.001135
1877.000000 0.001136
1878.000000 0.001137
1879.000000 0.001138
1880.000000 0.001140
1881.000000 0.001140
1882.000000 0.001142
1883.000000 0.001142
1884.000000 0.001144
1885.000000 0.001145
1886.000000 0.001147
1887.000000 0.001147
1888.000000 0.001148
1889.000000 0.001150
1890.000000 0.001150
1891.000000 0.001152
1892.000000 0.001153
1893.000000 0.001155
1894.000000 0.001155
1895.000000 0.001157
1896.000000 0.001157
1897.000000 0.001159
1898.000000 0.001159
1899.000000 0.001161
1900.000000 0.001161
1901.000000 0.001163
1902.000000 0.001163
1903.000000 0.001164
1904.000000 0.001165
1905.000000 0.001167
1906.000000 0.001167
1907.000000 0.001168
1908.000000 0.001168
1909.000000 0.001170
1910.000000 0.001171
1911.000000 0.001172
1912.000000 0.001173
1913.000000 0.001174
1914.000000 0.001175
1915.000000 0.001175
1916.000000 0.001177
1917.000000 0.001177
1918.000000 0.001179
1919.000000 0.001178
1920.000000 0.001180
1921.000000 0.001180
1922.000000 0.001182
1923.000000 0.001181
1924.000000 0.001183
1925.000000 0.001183
1926.000000 0.001185
1927.000000 0.001185
1928.000000 0.001186
1929.000000 0.001187
1930.000000 0.001188
1931.000000 0.001187
1932.000000 0.001189
1933.000000 0.001189
1934.000000 0.001190
1935.000000 0.001191
1936.000000 0.001191
1937.000000 0.001192
1938.000000 0.001192
1939.000000 0.001193
1940.000000 0.001194
1941.000000 0.001195
1942.000000 0.001195
1943.000000 0.001196
1944.000000 0.001196
1945.000000 0.001197
1946.000000 0.001197
1947.000000 0.001199
1948.000000 0.001198
1949.000000 0.001200
1950.000000 0.001199
1951.000000 0.001200
1952.000000 0.001200
1953.000000 0.001201
1954.000000 0.001201
1955.000000 0.001203
1956.000000 0.001202
1957.000000 0.001203
1958.000000 0.001203
1959.000000 0.001204
1960.000000 0.001204
1961.000000 0.001205
1962.000000 0.001205
1963.000000 0.001205
1964.000000 0.001206
1965.000000 0.001207
1966.000000 0.001207
1967.000000 0.001207
1968.000000 0.001208
1969.000000 0.001207
1970.000000 0.001209
1971.000000 0.001208
1972.000000 0.001209
1973.000000 0.001208
1974.000000 0.001210
1975.000000 0.001209
1976.000000 0.001210
1977.000000 0.001210
1978.000000 0.001211
1979.000000 0.001210
1980.000000 0.001211
1981.000000 0.001210
1982.000000 0.001211
1983.000000 0.001211
1984.000000 0.001212
1985.000000 0.001211
1986.000000 0.001212
1987.000000 0.001212
1988.000000 0.001212
1989.000000 0.001212
1990.000000 0.001213
1991.000000 0.001213
1992.000000 0.001212
1993.000000 0.001213
1994.000000 0.001212
1995.000000 0.001213
1996.000000 0.001212
1997.000000 0.001213
1998.000000 0.001212
1999.000000 0.001213
2000.000000 0.001212
2001.000000 0.001213
2002.000000 0.001213
2003.000000 0.001213
2004.000000 0.001212
2005.000000 0.001213
2006.000000 0.001212
2007.000000 0.001213
2008.000000 0.001212
2009.000000 0.001213
2010.000000 0.001212
2011.000000 0.001212
2012.000000 0.001212
2013.000000 0.001212
2014.000000 0.001212
2015.000000 0.001211
2016.000000 0.001212
2017.000000 0.001211
2018.000000 0.001212
2019.000000 0.001211
2020.000000 0.001211
2021.000000 0.001210
2022.000000 0.001211
2023.000000 0.001210
2024.000000 0.001210
2025.000000 0.001209
2026.000000 0.001210
2027.000000 0.001209
2028.000000 0.001209
2029.000000 0.001208
2030.000000 0.001209
2031.000000 0.001208
2032.000000 0.001208
2033.000000 0.001207
2034.000000 0.001207
2035.000000 0.001207
2036.000000 0.001206
2037.000000 0.001206
2038.000000 0.001206
2039.000000 0.001205
2040.000000 0.001204
2041.000000 0.001205
2042.000000 0.001204
2043.000000 0.001204
2044.000000 0.001203
2045.000000 0.001203
2046.000000 0.001202
2047.000000 0.001202
2048.000000 0.001201
2049.000000 0.001200
2050.000000 0.001200
2051.000000 0.001200
2052.000000 0.001199
2053.000000 0.001199
2054.000000 0.001197
2055.000000 0.001198
2056.000000 0.001197
2057.000000 0.001197
2058.000000 0.001195
2059.000000 0.001195
2060.000000 0.001195
2061.000000 0.001194
2062.000000 0.001193
2063.000000 0.001193
2064.000000 0.001192
2065.000000 0.001191
2066.000000 0.001191
2067.000000 0.001190
2068.000000 0.001190
2069.000000 0.001188
2070.000000 0.001188
2071.000000 0.001187
2072.000000 0.001187
2073.000000 0.001185
2074.000000 0.001185
2075.000000 0.001184
2076.000000 0.001184
2077.000000 0.001182
2078.000000 0.001182
2079.000000 0.001181
2080.000000 0.001181
2081.000000 0.001179
2082.000000 0.001179
2083.000000 0.001178
2084.000000 0.001177
2085.000000 0.001176
2086.000000 0.001176
2087.000000 0.001175
2088.000000 0.001173
2089.000000 0.001173
2090.000000 0.001172
2091.000000 0.001171
2092.000000 0.001170
2093.000000 0.001169
2094.000000 0.001168
2095.000000 0.001167
2096.000000 0.001166
2097.000000 0.001166
2098.000000 0.001164
2099.000000 0.001164
2100.000000 0.001162
2101.000000 0.001162
2102.000000 0.001160
2103.000000 0.001159
2104.000000 0.001158
2105.000000 0.001158
2106.000000 0.001156
2107.000000 0.001155
2108.000000 0.001154
2109.000000 0.001153
2110.000000 0.001152
2111.000000 0.001151
2112.000000 0.001150
2113.000000 0.001149
2114.000000 0.001148
2115.000000 0.001146
2116.000000 0.001145
2117.000000 0.001144
2118.000000 0.001143
2119.000000 0.001141
2120.000000 0.001141
2121.000000 0.001139
2122.000000 0.001138
2123.000000 0.001137
2124.000000 0.001136
2125.000000 0.001134
2126.000000 0.001134
2127.000000 0.001131
2128.000000 0.001131
2129.000000 0.001130
2130.000000 0.001128
2131.000000 0.001127
2132.000000 0.001126
2133.000000 0.001124
2134.000000 0.001123
2135.000000 0.001122
2136.000000 0.001121
2137.000000 0.001119
2138.000000 0.001118
2139.000000 0.001117
2140.000000 0.001115
2141.000000 0.001114
2142.000000 0.001112
2143.000000 0.001111
2144.000000 0.001110
2145.000000 0.001109
2146.000000 0.001107
2147.000000 0.001105
2148.000000 0.001104
2149.000000 0.001103
2150.000000 0.001101
2151.000000 0.001100
2152.000000 0.001098
2153.000000 0.001098
2154.000000 0.001095
2155.000000 0.001094
2156.000000 0.001093
2157.000000 0.001091
2158.000000 0.001090
2159.000000 0.001089
2160.000000 0.001087
2161.000000 0.001085
2162.000000 0.001084
2163.000000 0.001082
2164.000000 0.001081
2165.000000 0.001079
2166.000000 0.001078
2167.000000 0.001076
2168.000000 0.001075
2169.000000 0.001073
2170.000000 0.001072
2171.000000 0.001070
2172.000000 0.001068
2173.000000 0.001066
2174.000000 0.001066
2175.000000 0.001063
2176.000000 0.001062
2177.000000 0.001060
2178.000000 0.001059
2179.000000 0.001056
2180.000000 0.001056
2181.000000 0.001053
2182.000000 0.001052
2183.000000 0.001050
2184.000000 0.001049
2185.000000 0.001047
2186.000000 0.001045
2187.000000 0.001043
2188.000000 0.001042
2189.000000 0.001040
2190.000000 0.001038
2191.000000 0.001037
2192.000000 0.001035
2193.000000 0.001033
2194.000000 0.001031
2195.000000 0.001029
2196.000000 0.001028
2197.000000 0.001027
2198.000000 0.001024
2199.000000 0.001023
2200.000000 0.001020
2201.000000 0.001019
2202.000000 0.001017
2203.000000 0.001016
2204.000000 0.001013
2205.000000 0.001012
2206.000000 0.001010
2207.000000 0.001009
2208.000000 0.001006
2209.000000 0.001005
2210.000000 0.001003
2211.000000 0.001001
2212.000000 0.000999
2213.000000 0.000997
2214.000000 0.000995
2215.000000 0.000994
2216.000000 0.000992
2217.000000 0.000990
2218.000000 0.000988
2219.000000 0.000986
2220.000000 0.000984
2221.000000 0.000982
2222.000000 0.000981
2223.000000 0.000978
2224.000000 0.000977
2225.000000 0.000974
2226.000000 0.000973
2227.000000 0.000970
2228.000000 0.000969
2229.000000 0.000967
2230.000000 0.000965
2231.000000 0.000963
2232.000000 0.000962
2233.000000 0.000959
2234.000000 0.000957
2235.000000 0.000955
2236.000000 0.000953
2237.000000 0.000951
2238.000000 0.000949
2239.000000 0.000947
2240.000000 0.000945
2241.000000 0.000943
2242.000000 0.000941
2243.000000 0.000939
2244.000000 0.000937
2245.000000 0.000935
2246.000000 0.000933
2247.000000 0.000931
2248.000000 0.000929
2249.000000 0.000927
2250.000000 0.000925
2251.000000 0.000923
2252.000000 0.000921
2253.000000 0.000919
2254.000000 0.000916
2255.000000 0.000915
2256.000000 0.000912
2257.000000 0.000911
2258.000000 0.000908
2259.000000 0.000907
2260.000000 0.000904
2261.000000 0.000903
2262.000000 0.000900
2263.000000 0.000898
2264.000000 0.000896
2265.000000 0.000894
2266.000000 0.000892
2267.000000 0.000890
2268.000000 0.000887
2269.000000 0.000886
2270.000000 0.000884
2271.000000 0.000881
2272.000000 0.000879
2273.000000 0.000877
2274.000000 0.000875
2275.000000 0.000872
2276.000000 0.000871
2277.000000 0.000868
2278.000000 0.000867
2279.000000 0.000864
2280.000000 0.000862
2281.000000 0.000860
2282.000000 0.000858
2283.000000 0.000855
2284.000000 0.000854
2285.000000 0.000851
2286.000000 0.000849
2287.000000 0.000847
2288.000000 0.000845
2289.000000 0.000842
2290.000000 0.000840
2291.000000 0.000838
2292.000000 0.000836
2293.000000 0.000834
2294.000000 0.000832
2295.000000 0.000830
2296.000000 0.000827
2297.000000 0.000825
2298.000000 0.000823
2299.000000 0.000821
2300.000000 0.000818
2301.000000 0.000817
2302.000000 0.000814
2303.000000 0.000812
2304.000000 0.000810
2305.000000 0.000808
2306.000000 0.000805
2307.000000 0.000803
2308.000000 0.000801
2309.000000 0.000799
2310.000000 0.000796
2311.000000 0.000795
2312.000000 0.000792
2313.000000 0.000790
2314.000000 0.000787
2315.000000 0.000786
2316.000000 0.000783
2317.000000 0.000781
2318.000000 0.000779
2319.000000 0.000776
2320.000000 0.000774
2321.000000 0.000772
2322.000000 0.000770
2323.000000 0.000767
2324.000000 0.000766
2325.000000 0.000763
2326.000000 0.000761
2327.000000 0.000758
2328.000000 0.000757
2329.000000 0.000754
2330.000000 0.000752
2331.000000 0.000749
2332.000000 0.000748
2333.000000 0.000745
2334.000000 0.000743
2335.000000 0.000740
2336.000000 0.000739
2337.000000 0.000736
2338.000000 0.000734
2339.000000 0.000731
2340.000000 0.000730
2341.000000 0.000727
2342.000000 0.000725
2343.000000 0.000723
2344.000000 0.000720
2345.000000 0.000718
2346.000000 0.000716
2347.000000 0.000714
2348.000000 0.000711
2349.000000 0.000709
2350.000000 0.000707
2351.000000 0.000705
2352.000000 0.000702
2353.000000 0.000701
2354.000000 0.000698
2355.000000 0.000696
2356.000000 0.000693
2357.000000 0.000691
2358.000000 0.000689
2359.000000 0.000687
2360.000000 0.000684
2361.000000 0.000683
2362.000000 0.000680
2363.000000 0.000678
2364.000000 0.000675
2365.000000 0.000674
2366.000000 0.000670
2367.000000 0.000669
2368.000000 0.000666
2369.000000 0.000664
2370.000000 0.000662
2371.000000 0.000660
2372.000000 0.000658
2373.000000 0.000655
2374.000000 0.000653
2375.000000 0.000651
2376.000000 0.000649
2377.000000 0.000646
2378.000000 0.000645
2379.000000 0.000642
2380.000000 0.000640
2381.000000 0.000637
2382.000000 0.000635
2383.000000 0.000633
2384.000000 0.000631
2385.000000 0.000628
2386.000000 0.000627
2387.000000 0.000624
2388.000000 0.000622
2389.000000 0.000619
2390.000000 0.000618
2391.000000 0.000615
2392.000000 0.000613
2393.000000 0.000611
2394.000000 0.000609
2395.000000 0.000606
2396.000000 0.000604
2397.000000 0.000602
2398.000000 0.000600
2399.000000 0.000598
2400.000000 0.000595
2401.000000 0.000593
2402.000000 0.000591
2403.000000 0.000589
2404.000000 0.000586
2405.000000 0.000584
2406.000000 0.000582
2407.000000 0.000580
2408.000000 0.000577
2409.000000 0.000576
2410.000000 0.000573
2411.000000 0.000571
2412.000000 0.000569
2413.000000 0.000567
2414.000000 0.000564
2415.000000 0.000563
2416.000000 0.000560
2417.000000 0.000558
2418.000000 0.000556
2419.000000 0.000554
2420.000000 0.000551
2421.000000 0.000550
2422.000000 0.000547
2423.000000 0.000545
2424.000000 0.000543
2425.000000 0.000541
2426.000000 0.000539
2427.000000 0.000536
2428.000000 0.000535
2429.000000 0.000532
2430.000000 0.000530
2431.000000 0.000528
2432.000000 0.000526
2433.000000 0.000524
2434.000000 0.000522
2435.000000 0.000519
2436.000000 0.000518
2437.000000 0.000515
2438.000000 0.000513
2439.000000 0.000511
2440.000000 0.000509
2441.000000 0.000507
2442.000000 0.000505
2443.000000 0.000502
2444.000000 0.000501
2445.000000 0.000498
2446.000000 0.000496
2447.000000 0.000494
2448.000000 0.000492
2449.000000 0.000490
2450.000000 0.000488
2451.000000 0.000486
2452.000000 0.000484
2453.000000 0.000482
2454.000000 0.000480
2455.000000 0.000478
2456.000000 0.000475
2457.000000 0.000474
2458.000000 0.000471
2459.000000 0.000470
2460.000000 0.000467
2461.000000 0.000466
2462.000000 0.000463
2463.000000 0.000462
2464.000000 0.000459
2465.000000 0.000457
2466.000000 0.000455
2467.000000 0.000453
2468.000000 0.000451
2469.000000 0.000449
2470.000000 0.000447
2471.000000 0.000445
2472.000000 0.000443
2473.000000 0.000441
2474.000000 0.000439
2475.000000 0.000437
2476.000000 0.000435
2477.000000 0.000433
2478.000000 0.000431
2479.000000 0.000429
2480.000000 0.000428
2481.000000 0.000425
2482.000000 0.000424
2483.000000 0.000421
2484.000000 0.000420
2485.000000 0.000417
2486.000000 0.000416
2487.000000 0.000413
2488.000000 0.000412
2489.000000 0.000410
2490.000000 0.000408
2491.000000 0.000406
2492.000000 0.000404
2493.000000 0.000402
2494.000000 0.000400
2495.000000 0.000398
2496.000000 0.000397
2497.000000 0.000394
2498.000000 0.000393
2499.000000 0.000391
2500.000000 0.000389
2501.000000 0.000387
2502.000000 0.000385
2503.000000 0.000383
2504.000000 0.000382
2505.000000 0.000380
2506.000000 0.000378
2507.000000 0.000376
2508.000000 0.000374
2509.000000 0.000372
2510.000000 0.000370
2511.000000 0.000369
2512.000000 0.000366
2513.000000 0.000365
2514.000000 0.000363
2515.000000 0.000362
2516.000000 0.000359
2517.000000 0.000358
2518.000000 0.000356
2519.000000 0.000354
2520.000000 0.000352
2521.000000 0.000351
2522.000000 0.000349
2523.000000 0.000347
2524.000000 0.000345
2525.000000 0.000344
2526.000000 0.000342
2527.000000 0.000340
2528.000000 0.000338
2529.000000 0.000337
2530.000000 0.000335
2531.000000 0.000333
2532.000000 0.000331
2533.000000 0.000329
2534.000000 0.000328
2535.000000 0.000326
2536.000000 0.000324
2537.000000 0.000322
2538.000000 0.000321
2539.000000 0.000319
2540.000000 0.000318
2541.000000 0.000316
2542.000000 0.000314
2543.000000 0.000312
2544.000000 0.000311
2545.000000 0.000309
2546.000000 0.000308
2547.000000 0.000306
2548.000000 0.000304
2549.000000 0.000303
2550.000000 0.000301
2551.000000 0.000299
2552.000000 0.000298
2553.000000 0.000296
2554.000000 0.000295
2555.000000 0.000293
2556.000000 0.000291
2557.000000 0.000290
2558.000000 0.000288
2559.000000 0.000286
2560.000000 0.000285
2561.000000 0.000283
2562.000000 0.000281
2563.000000 0.000280
2564.000000 0.000278
2565.000000 0.000277
2566.000000 0.000275
2567.000000 0.000274
2568.000000 0.000272
2569.000000 0.000271
2570.000000 0.000269
2571.000000 0.000268
2572.000000 0.000266
2573.000000 0.000265
2574.000000 0.000263
2575.000000 0.000262
2576.000000 0.000260
2577.000000 0.000259
2578.000000 0.000257
2579.000000 0.000256
2580.000000 0.000254
2581.000000 0.000253
2582.000000 0.000251
2583.000000 0.000250
2584.000000 0.000248
2585.000000 0.000247
2586.000000 0.000245
2587.000000 0.000244
2588.000000 0.000243
2589.000000 0.000241
2590.000000 0.000240
2591.000000 0.000238
2592.000000 0.000237
2593.000000 0.000235
2594.000000 0.000234
2595.000000 0.000232
2596.000000 0.000231
2597.000000 0.000230
2598.000000 0.000228
2599.000000 0.000227
2600.000000 0.000226
2601.000000 0.000224
2602.000000 0.000223
2603.000000 0.000221
2604.000000 0.000220
2605.000000 0.000219
2606.000000 0.000217
2607.000000 0.000216
2608.000000 0.000215
2609.000000 0.000213
2610.000000 0.000212
2611.000000 0.000211
2612.000000 0.000209
2613.000000 0.000208
2614.000000 0.000207
2615.000000 0.000206
2616.000000 0.000204
2617.000000 0.000203
2618.000000 0.000202
2619.000000 0.000201
2620.000000 0.000199
2621.000000 0.000198
2622.000000 0.000197
2623.000000 0.000195
2624.000000 0.000194
2625.000000 0.000193
2626.000000 0.000192
2627.000000 0.000190
2628.000000 0.000189
2629.000000 0.000188
2630.000000 0.000187
2631.000000 0.000186
2632.000000 0.000184
2633.000000 0.000183
2634.000000 0.000182
2635.000000 0.000181
2636.000000 0.000180
2637.000000 0.000178
2638.000000 0.000177
2639.000000 0.000176
2640.000000 0.000175
2641.000000 0.000174
2642.000000 0.000173
2643.000000 0.000171
2644.000000 0.000170
2645.000000 0.000169
2646.000000 0.000168
2647.000000 0.000167
2648.000000 0.000166
2649.000000 0.000165
2650.000000 0.000164
2651.000000 0.000162
2652.000000 0.000161
2653.000000 0.000160
2654.000000 0.000159
2655.000000 0.000158
2656.000000 0.000157
2657.000000 0.000156
2658.000000 0.000155
2659.000000 0.000154
2660.000000 0.000153
2661.000000 0.000152
2662.000000 0.000150
2663.000000 0.000150
2664.000000 0.000148
2665.000000 0.000147
2666.000000 0.000146
2667.000000 0.000145
2668.000000 0.000144
2669.000000 0.000143
2670.000000 0.000142
2671.000000 0.000141
2672.000000 0.000140
2673.000000 0.000139
2674.000000 0.000138
2675.000000 0.000137
2676.000000 0.000136
2677.000000 0.000135
2678.000000 0.000134
2679.000000 0.000133
2680.000000 0.000132
2681.000000 0.000132
2682.000000 0.000131
2683.000000 0.000130
2684.000000 0.000129
2685.000000 0.000128
2686.000000 0.000127
2687.000000 0.000126
2688.000000 0.000125
2689.000000 0.000124
2690.000000 0.000123
2691.000000 0.000122
2692.000000 0.000121
2693.000000 0.000120
2694.000000 0.000120
2695.000000 0.000119
2696.000000 0.000118
2697.000000 0.000117
2698.000000 0.000116
2699.000000 0.000115
2700.000000 0.000114
2701.000000 0.000113
2702.000000 0.000113
2703.000000 0.000112
2704.000000 0.000111
2705.000000 0.000110
2706.000000 0.000109
2707.000000 0.000108
2708.000000 0.000107
2709.000000 0.000107
2710.000000 0.000106
2711.000000 0.000105
2712.000000 0.000104
2713.000000 0.000103
2714.000000 0.000103
2715.000000 0.000102
2716.000000 0.000101
2717.000000 0.000100
2718.000000 0.000099
2719.000000 0.000099
2720.000000 0.000098
2721.000000 0.000097
2722.000000 0.000096
2723.000000 0.000096
2724.000000 0.000095
2725.000000 0.000094
2726.000000 0.000093
2727.000000 0.000093
2728.000000 0.000092
2729.000000 0.000091
2730.000000 0.000090
2731.000000 0.000090
2732.000000 0.000089
2733.000000 0.000088
2734.000000 0.000088
2735.000000 0.000087
2736.000000 0.000086
2737.000000 0.000085
2738.000000 0.000085
2739.000000 0.000084
2740.000000 0.000083
2741.000000 0.000083
2742.000000 0.000082
2743.000000 0.000081
2744.000000 0.000081
2745.000000 0.000080
2746.000000 0.000079
2747.000000 0.000079
2748.000000 0.000078
2749.000000 0.000077
2750.000000 0.000077
2751.000000 0.000076
2752.000000 0.000076
2753.000000 0.000075
2754.000000 0.000074
2755.000000 0.000074
2756.000000 0.000073
2757.000000 0.000072
2758.000000 0.000072
2759.000000 0.000071
2760.000000 0.000071
2761.000000 0.000070
2762.000000 0.000069
2763.000000 0.000069
2764.000000 0.000068
2765.000000 0.000068
2766.000000 0.000067
2767.000000 0.000066
2768.000000 0.000066
2769.000000 0.000065
2770.000000 0.000065
2771.000000 0.000064
2772.000000 0.000064
2773.000000 0.000063
2774.000000 0.000062
2775.000000 0.000062
2776.000000 0.000061
2777.000000 0.000061
2778.000000 0.000060
2779.000000 0.000060
2780.000000 0.000059
2781.000000 0.000059
2782.000000 0.000058
2783.000000 0.000058
2784.000000 0.000057
2785.000000 0.000057
2786.000000 0.000056
2787.000000 0.000056
2788.000000 0.000055
2789.000000 0.000055
2790.000000 0.000054
2791.000000 0.000054
2792.000000 0.000053
2793.000000 0.000053
2794.000000 0.000052
2795.000000 0.000052
2796.000000 0.000051
2797.000000 0.000051
2798.000000 0.000050
2799.000000 0.000050
2800.000000 0.000049
2801.000000 0.000049
2802.000000 0.000049
2803.000000 0.000048
2804.000000 0.000048
2805.000000 0.000047
2806.000000 0.000047
2807.000000 0.000046
2808.000000 0.000046
2809.000000 0.000045
2810.000000 0.000045
2811.000000 0.000045
2812.000000 0.000044
2813.000000 0.000044
2814.000000 0.000043
2815.000000 0.000043
2816.000000 0.000043
2817.000000 0.000042
2818.000000 0.000042
2819.000000 0.000041
2820.000000 0.000041
2821.000000 0.000041
2822.000000 0.000040
2823.000000 0.000040
2824.000000 0.000039
2825.000000 0.000039
2826.000000 0.000039
2827.000000 0.000038
2828.000000 0.000038
2829.000000 0.000038
2830.000000 0.000037
2831.000000 0.000037
2832.000000 0.000036
2833.000000 0.000036
2834.000000 0.000036
2835.000000 0.000035
2836.000000 0.000035
2837.000000 0.000035
2838.000000 0.000034
2839.000000 0.000034
2840.000000 0.000034
2841.000000 0.000033
2842.000000 0.000033
2843.000000 0.000033
2844.000000 0.000032
2845.000000 0.000032
2846.000000 0.000032
2847.000000 0.000031
2848.000000 0.000031
2849.000000 0.000031
2850.000000 0.000030
2851.000000 0.000030
2852.000000 0.000030
2853.000000 0.000029
2854.000000 0.000029
2855.000000 0.000029
2856.000000 0.000029
2857.000000 0.000028
2858.000000 0.000028
2859.000000 0.000028
2860.000000 0.000027
2861.000000 0.000027
2862.000000 0.000027
2863.000000 0.000027
2864.000000 0.000026
2865.000000 0.000026
2866.000000 0.000026
2867.000000 0.000026
2868.000000 0.000025
2869.000000 0.000025
2870.000000 0.000025
2871.000000 0.000024
2872.000000 0.000024
2873.000000 0.000024
2874.000000 0.000024
2875.000000 0.000023
2876.000000 0.000023
2877.000000 0.000023
2878.000000 0.000023
2879.000000 0.000022
2880.000000 0.000022
2881.000000 0.000022
2882.000000 0.000022
2883.000000 0.000021
2884.000000 0.000021
2885.000000 0.000021
2886.000000 0.000021
2887.000000 0.000021
2888.000000 0.000020
2889.000000 0.000020
2890.000000 0.000020
2891.000000 0.000020
2892.000000 0.000019
2893.000000 0.000019
2894.000000 0.000019
2895.000000 0.000019
2896.000000 0.000019
2897.000000 0.000018
2898.000000 0.000018
2899.000000 0.000018
2900.000000 0.000018
2901.000000 0.000018
2902.000000 0.000017
2903.000000 0.000017
2904.000000 0.000017
2905.000000 0.000017
2906.000000 0.000017
2907.000000 0.000016
2908.000000 0.000016
2909.000000 0.000016
2910.000000 0.000016
2911.000000 0.000016
2912.000000 0.000016
2913.000000 0.000015
2914.000000 0.000015
2915.000000 0.000015
2916.000000 0.000015
2917.000000 0.000015
2918.000000 0.000014
2919.000000 0.000014
2920.000000 0.000014
2921.000000 0.000014
2922.000000 0.000014
2923.000000 0.000014
2924.000000 0.000013
2925.000000 0.000013
2926.000000 0.000013
2927.000000 0.000013
2928.000000 0.000013
2929.000000 0.000013
2930.000000 0.000013
2931.000000 0.000012
2932.000000 0.000012
2933.000000 0.000012
2934.000000 0.000012
2935.000000 0.000012
2936.000000 0.000012
2937.000000 0.000012
2938.000000 0.000011
2939.000000 0.000011
2940.000000 0.000011
2941.000000 0.000011
2942.000000 0.000011
2943.000000 0.000011
2944.000000 0.000011
2945.000000 0.000010
2946.000000 0.000010
2947.000000 0.000010
2948.000000 0.000010
2949.000000 0.000010
2950.000000 0.000010
2951.000000 0.000010
2952.000000 0.000010
2953.000000 0.000009
2954.000000 0.000009
2955.000000 0.000009
2956.000000 0.000009
2957.000000 0.000009
2958.000000 0.000009
2959.000000 0.000009
2960.000000 0.000009
2961.000000 0.000009
2962.000000 0.000008
2963.000000 0.000008
2964.000000 0.000008
2965.000000 0.000008
2966.000000 0.000008
2967.000000 0.000008
2968.000000 0.000008
2969.000000 0.000008
2970.000000 0.000008
2971.000000 0.000008
2972.000000 0.000007
2973.000000 0.000007
2974.000000 0.000007
2975.000000 0.000007
2976.000000 0.000007
2977.000000 0.000007
2978.000000 0.000007
2979.000000 0.000007
2980.000000 0.000007
2981.000000 0.000007
2982.000000 0.000007
2983.000000 0.000006
2984.000000 0.000006
2985.000000 0.000006
2986.000000 0.000006
2987.000000 0.000006
2988.000000 0.000006
2989.000000 0.000006
2990.000000 0.000006
2991.000000 0.000006
2992.000000 0.000006
2993.000000 0.000006
2994.000000 0.000006
2995.000000 0.000005
2996.000000 0.000005
2997.000000 0.000005
2998.000000 0.000005
2999.000000 0.000005
3000.000000 0.000005
3001.000000 0.000005
3002.000000 0.000005
3003.000000 0.000005
3004.000000 0.000005
3005.000000 0.000005
3006.000000 0.000005
3007.000000 0.000005
3008.000000 0.000005
3009.000000 0.000005
3010.000000 0.000004
3011.000000 0.000004
3012.000000 0.000004
3013.000000 0.000004
3014.000000 0.000004
3015.000000 0.000004
3016.000000 0.000004
3017.000000 0.000004
3018.000000 0.000004
3019.000000 0.000004
3020.000000 0.000004
3021.000000 0.000004
3022.000000 0.000004
3023.000000 0.000004
3024.000000 0.000004
3025.000000 0.000004
3026.000000 0.000004
3027.000000 0.000004
3028.000000 0.000003
3029.000000 0.000003
3030.000000 0.000003
3031.000000 0.000003
3032.000000 0.000003
3033.000000 0.000003
3034.000000 0.000003
3035.000000 0.000003
3036.000000 0.000003
3037.000000 0.000003
3038.000000 0.000003
3039.000000 0.000003
3040.000000 0.000003
3041.000000 0.000003
3042.000000 0.000003
3043.000000 0.000003
3044.000000 0.000003
3045.000000 0.000003
3046.000000 0.000003
3047.000000 0.000003
3048.000000 0.000003
3049.000000 0.000003
3050.000000 0.000002
3051.000000 0.000002
3052.000000 0.000002
3053.000000 0.000002
3054.000000 0.000002
3055.000000 0.000002
3056.000000 0.000002
3057.000000 0.000002
3058.000000 0.000002
3059.000000 0.000002
3060.000000 0.000002
3061.000000 0.000002
3062.000000 0.000002
3063.000000 0.000002
3064.000000 0.000002
3065.000000 0.000002
3066.000000 0.000002
3067.000000 0.000002
3068.000000 0.000002
3069.000000 0.000002
3070.000000 0.000002
3071.000000 0.000002
3072.000000 0.000002
3073.000000 0.000002
3074.000000 0.000002
3075.000000 0.000002
3076.000000 0.000002
3077.000000 0.000002
3078.000000 0.000002
3079.000000 0.000002
3080.000000 0.000002
3081.000000 0.000002
3082.000000 0.000002
3083.000000 0.000001
3084.000000 0.000001
3085.000000 0.000001
3086.000000 0.000001
3087.000000 0.000001
3088.000000 0.000001
3089.000000 0.000001
3090.000000 0.000001
3091.000000 0.000001
3092.000000 0.000001
3093.000000 0.000001
3094.000000 0.000001
3095.000000 0.000001
3096.000000 0.000001
3097.000000 0.000001
3098.000000 0.000001
3099.000000 0.000001
3100.000000 0.000001
3101.000000 0.000001
3102.000000 0.000001
3103.000000 0.000001
3104.000000 0.000001
3105.000000 0.000001
3106.000000 0.000001
3107.000000 0.000001
3108.000000 0.000001
3109.000000 0.000001
3110.000000 0.000001
3111.000000 0.000001
3112.000000 0.000001
3113.000000 0.000001
3114.000000 0.000001
3115.000000 0.000001
3116.000000 0.000001
3117.000000 0.000001
3118.000000 0.000001
3119.000000 0.000001
3120.000000 0.000001
3121.000000 0.000001
3122.000000 0.000001
3123.000000 0.000001
3124.000000 0.000001
3125.000000 0.000001
3126.000000 0.000001
3127.000000 0.000001
3128.000000 0.000001
3129.000000 0.000001
3130.000000 0.000001
3131.000000 0.000001
3132.000000 0.000001
3133.000000 0.000001
3134.000000 0.000001
3135.000000 0.000001
3136.000000 0.000001
3137.000000 0.000001
3138.000000 0.000001
3139.000000 0.000001
3140.000000 0.000001
3141.000000 0.000001
3142.000000 0.000001
3143.000000 0.000001
3144.000000 0.000001
3145.000000 0.000001
3146.000000 0.000001
3147.000000 0.000000
3148.000000 0.000000
3149.000000 0.000000
3150.000000 0.000000
3151.000000 0.000000
3152.000000 0.000000
3153.000000 0.000000
3154.000000 0.000000
3155.000000 0.000000
3156.000000 0.000000
3157.000000 0.000000
3158.000000 0.000000
3159.000000 0.000000
3160.000000 0.000000
3161.000000 0.000000
3162.000000 0.000000
3163.000000 0.000000
3164.000000 0.000000
3165.000000 0.000000
3166.000000 0.000000
3167.000000 0.000000
3168.000000 0.000000
3169.000000 0.000000
3170.000000 0.000000
3171.000000 0.000000
3172.000000 0.000000
3173.000000 0.000000
3174.000000 0.000000
3175.000000 0.000000
3176.000000 0.000000
3177.000000 0.000000
3178.000000 0.000000
3179.000000 0.000000
3180.000000 0.000000
3181.000000 0.000000
3182.000000 0.000000
3183.000000 0.000000
3184.000000 0.000000
3185.000000 0.000000
3186.000000 0.000000
3187.000000 0.000000
3188.000000 0.000000
3189.000000 0.000000
3190.000000 0.000000
3191.000000 0.000000
3192.000000 0.000000
3193.000000 0.000000
3194.000000 0.000000
3195.000000 0.000000
3196.000000 0.000000
3197.000000 0.000000
3198.000000 0.000000
3199.000000 0.000000
3200.000000 0.000000
3201.000000 0.000000
3202.000000 0.000000
3203.000000 0.000000
3204.000000 0.000000
3205.000000 0.000000
3206.000000 0.000000
3207.000000 0.000000
3208.000000 0.000000
3209.000000 0.000000
3210.000000 0.000000
3211.000000 0.000000
3212.000000 0.000000
3213.000000 0.000000
3214.000000 0.000000
3215.000000 0.000000
3216.000000 0.000000
3217.000000 0.000000
3218.000000 0.000000
3219.000000 0.000000
3220.000000 0.000000
3221.000000 0.000000
3222.000000 0.000000
3223.000000 0.000000
3224.000000 0.000000
3225.000000 0.000000
3226.000000 0.000000
3227.000000 0.000000
3228.000000 0.000000
3229.000000 0.000000
3230.000000 0.000000
3231.000000 0.000000
3232.000000 0.000000
3233.000000 0.000000
3234.000000 0.000000
3235.000000 0.000000
3236.000000 0.000000
3237.000000 0.000000
3238.000000 0.000000
3239.000000 0.000000
3240.000000 0.000000
3241.000000 0.000000
3242.000000 0.000000
3243.000000 0.000000
3244.000000 0.000000
3245.000000 0.000000
3246.000000 0.000000
3247.000000 0.000000
3248.000000 0.000000
3249.000000 0.000000
3250.000000 0.000000
3251.000000 0.000000
3252.000000 0.000000
3253.000000 0.000000
3254.000000 0.000000
3255.000000 0.000000
3256.000000 0.000000
3257.000000 0.000000
3258.000000 0.000000
3259.000000 0.000000
3260.000000 0.000000
3261.000000 0.000000
3262.000000 0.000000
3263.000000 0.000000
3264.000000 0.000000
3265.000000 0.000000
3266.000000 0.000000
3267.000000 0.000000
3268.000000 0.000000
3269.000000 0.000000
3270.000000 0.000000
3271.000000 0.000000
3272.000000 0.000000
3273.000000 0.000000
3274.000000 0.000000
3275.000000 0.000000
3276.000000 0.000000
3277.000000 0.000000
3278.000000 0.000000
3279.000000 0.000000
3280.000000 0.000000
3281.000000 0.000000
3282.000000 0.000000
3283.000000 0.000000
3284.000000 0.000000
3285.000000 0.000000
3286.000000 0.000000
3287.000000 0.000000
3288.000000 0.000000
3289.000000 0.000000
3290.000000 0.000000
3291.000000 0.000000
3292.000000 0.000000
3293.000000 0.000000
3294.000000 0.000000
3295.000000 0.000000
3296.000000 0.000000
3297.000000 0.000000
3298.000000 0.000000
3299.000000 0.000000
3300.000000 0.000000
3301.000000 0.000000
3302.000000 0.000000
3303.000000 0.000000
3304.000000 0.000000
3305.000000 0.000000
3306.000000 0.000000
3307.000000 0.000000
3308.000000 0.000000
3309.000000 0.000000
3310.000000 0.000000
3311.000000 0.000000
3312.000000 0.000000
3313.000000 0.000000
3314.000000 0.000000
3315.000000 0.000000
3316.000000 0.000000
3317.000000 0.000000
3318.000000 0.000000
3319.000000 0.000000
3320.000000 0.000000
3321.000000 0.000000
3322.000000 0.000000
3323.000000 0.000000
3324.000000 0.000000
3325.000000 0.000000
3326.000000 0.000000
3327.000000 0.000000
3328.000000 0.000000
3329.000000 0.000000
3330.000000 0.000000
3331.000000 0.000000
3332.000000 0.000000
3333.000000 0.000000
3334.000000 0.000000
3335.000000 0.000000
3336.000000 0.000000
3337.000000 0.000000
3338.000000 0.000000
3339.000000 0.000000
3340.000000 0.000000
3341.000000 0.000000
3342.000000 0.000000
3343.000000 0.000000
3344.000000 0.000000
3345.000000 0.000000
3346.000000 0.000000
3347.000000 0.000000
3348.000000 0.000000
3349.000000 0.000000
3350.000000 0.000000
3351.000000 0.000000
3352.000000 0.000000
3353.000000 0.000000
3354.000000 0.000000
3355.000000 0.000000
3356.000000 0.000000
3357.000000 0.000000
3358.000000 0.000000
3359.000000 0.000000
3360.000000 0.000000
3361.000000 0.000000
3362.000000 0.000000
3363.000000 0.000000
3364.000000 0.000000
3365.000000 0.000000
3366.000000 0.000000
3367.000000 0.000000
3368.000000 0.000000
3369.000000 0.000000
3370.000000 0.000000
3371.000000 0.000000
3372.000000 0.000000
3373.000000 0.000000
3374.000000 0.000000
3375.000000 0.000000
3376.000000 0.000000
3377.000000 0.000000
3378.000000 0.000000
3379.000000 0.000000
3380.000000 0.000000
3381.000000 0.000000
3382.000000 0.000000
3383.000000 0.000000
3384.000000 0.000000
3385.000000 0.000000
3386.000000 0.000000
3387.000000 0.000000
3388.000000 0.000000
3389.000000 0.000000
3390.000000 0.000000
3391.000000 0.000000
3392.000000 0.000000
3393.000000 0.000000
3394.000000 0.000000
3395.000000 0.000000
3396.000000 0.000000
3397.000000 0.000000
3398.000000 0.000000
3399.000000 0.000000
3400.000000 0.000000
3401.000000 0.000000
3402.000000 0.000000
3403.000000 0.000000
3404.000000 0.000000
3405.000000 0.000000
3406.000000 0.000000
3407.000000 0.000000
3408.000000 0.000000
3409.000000 0.000000
3410.000000 0.000000
3411.000000 0.000000
3412.000000 0.000000
3413.000000 0.000000
3414.000000 0.000000
3415.000000 0.000000
3416.000000 0.000000
3417.000000 0.000000
3418.000000 0.000000
3419.000000 0.000000
3420.000000 0.000000
3421.000000 0.000000
3422.000000 0.000000
3423.000000 0.000000
3424.000000 0.000000
3425.000000 0.000000
3426.000000 0.000000
3427.000000 0.000000
3428.000000 0.000000
3429.000000 0.000000
3430.000000 0.000000
3431.000000 0.000000
3432.000000 0.000000
3433.000000 0.000000
3434.000000 0.000000
3435.000000 0.000000
3436.000000 0.000000
3437.000000 0.000000
3438.000000 0.000000
3439.000000 0.000000
3440.000000 0.000000
3441.000000 0.000000
3442.000000 0.000000
3443.000000 0.000000
3444.000000 0.000000
3445.000000 0.000000
3446.000000 0.000000
3447.000000 0.000000
3448.000000 0.000000
3449.000000 0.000000
3450.000000 0.000000
3451.000000 0.000000
3452.000000 0.000000
3453.000000 0.000000
3454.000000 0.000000
3455.000000 0.000000
3456.000000 0.000000
3457.000000 0.000000
3458.000000 0.000000
3459.000000 0.000000
3460.000000 0.000000
3461.000000 0.000000
3462.000000 0.000000
3463.000000 0.000000
3464.000000 0.000000
3465.000000 0.000000
3466.000000 0.000000
3467.000000 0.000000
3468.000000 0.000000
3469.000000 0.000000
3470.000000 0.000000
3471.000000 0.000000
3472.000000 0.000000
3473.000000 0.000000
3474.000000 0.000000
3475.000000 0.000000
3476.000000 0.000000
3477.000000 0.000000
3478.000000 0.000000
3479.000000 0.000000
3480.000000 0.000000
3481.000000 0.000000
3482.000000 0.000000
3483.000000 0.000000
3484.000000 0.000000
3485.000000 0.000000
3486.000000 0.000000
3487.000000 0.000000
3488.000000 0.000000
3489.000000 0.000000
3490.000000 0.000000
3491.000000 0.000000
3492.000000 0.000000
3493.000000 0.000000
3494.000000 0.000000
3495.000000 0.000000
3496.000000 0.000000
3497.000000 0.000000
3498.000000 0.000000
3499.000000 0.000000
3500.000000 0.000000
3501.000000 0.000000
3502.000000 0.000000
3503.000000 0.000000
3504.000000 0.000000
3505.000000 0.000000
3506.000000 0.000000
3507.000000 0.000000
3508.000000 0.000000
3509.000000 0.000000
3510.000000 0.000000
3511.000000 0.000000
3512.000000 0.000000
3513.000000 0.000000
3514.000000 0.000000
3515.000000 0.000000
3516.000000 0.000000
3517.000000 0.000000
3518.000000 0.000000
3519.000000 0.000000
3520.000000 0.000000
3521.000000 0.000000
3522.000000 0.000000
3523.000000 0.000000
3524.000000 0.000000
3525.000000 0.000000
3526.000000 0.000000
3527.000000 0.000000
3528.000000 0.000000
3529.000000 0.000000
3530.000000 0.000000
3531.000000 0.000000
3532.000000 0.000000
3533.000000 0.000000
3534.000000 0.000000
3535.000000 0.000000
3536.000000 0.000000
3537.000000 0.000000
3538.000000 0.000000
3539.000000 0.000000
3540.000000 0.000000
3541.000000 0.000000
3542.000000 0.000000
3543.000000 0.000000
3544.000000 0.000000
3545.000000 0.000000
3546.000000 0.000000
3547.000000 0.000000
3548.000000 0.000000
3549.000000 0.000000
3550.000000 0.000000
3551.000000 0.000000
3552.000000 0.000000
3553.000000 0.000000
3554.000000 0.000000
3555.000000 0.000000
3556.000000 0.000000
3557.000000 0.000000
3558.000000 0.000000
3559.000000 0.000000
3560.000000 0.000000
3561.000000 0.000000
3562.000000 0.000000
3563.000000 0.000000
3564.000000 0.000000
3565.000000 0.000000
3566.000000 0.000000
3567.000000 0.000000
3568.000000 0.000000
3569.000000 0.000000
3570.000000 0.000000
3571.000000 0.000000
3572.000000 0.000000
3573.000000 0.000000
3574.000000 0.000000
3575.000000 0.000000
3576.000000 0.000000
3577.000000 0.000000
3578.000000 0.000000
3579.000000 0.000000
3580.000000 0.000000
3581.000000 0.000000
3582.000000 0.000000
3583.000000 0.000000
3584.000000 0.000000
3585.000000 0.000000
3586.000000 0.000000
3587.000000 0.000000
3588.000000 0.000000
3589.000000 0.000000
3590.000000 0.000000
3591.000000 0.000000
3592.000000 0.000000
3593.000000 0.000000
3594.000000 0.000000
3595.000000 0.000000
3596.000000 0.000000
3597.000000 0.000000
3598.000000 0.000000
3599.000000 0.000000
3600.000000 0.000000
3601.000000 0.000000
3602.000000 0.000000
3603.000000 0.000000
3604.000000 0.000000
3605.000000 0.000000
3606.000000 0.000000
3607.000000 0.000000
3608.000000 0.000000
3609.000000 0.000000
3610.000000 0.000000
3611.000000 0.000000
3612.000000 0.000000
3613.000000 0.000000
3614.000000 0.000000
3615.000000 0.000000
3616.000000 0.000000
3617.000000 0.000000
3618.000000 0.000000
3619.000000 0.000000
3620.000000 0.000000
3621.000000 0.000000
3622.000000 0.000000
3623.000000 0.000000
3624.000000 0.000000
3625.000000 0.000000
3626.000000 0.000000
3627.000000 0.000000
3628.000000 0.000000
3629.000000 0.000000
3630.000000 0.000000
3631.000000 0.000000
3632.000000 0.000000
3633.000000 0.000000
3634.000000 0.000000
3635.000000 0.000000
3636.000000 0.000000
3637.000000 0.000000
3638.000000 0.000000
3639.000000 0.000000
3640.000000 0.000000
3641.000000 0.000000
3642.000000 0.000000
3643.000000 0.000000
3644.000000 0.000000
3645.000000 0.000000
3646.000000 0.000000
3647.000000 0.000000
3648.000000 0.000000
3649.000000 0.000000
3650.000000 0.000000
3651.000000 0.000000
3652.000000 0.000000
3653.000000 0.000000
3654.000000 0.000000
3655.000000 0.000000
3656.000000 0.000000
3657.000000 0.000000
3658.000000 0.000000
3659.000000 0.000000
3660.000000 0.000000
3661.000000 0.000000
3662.000000 0.000000
3663.000000 0.000000
3664.000000 0.000000
3665.000000 0.000000
3666.000000 0.000000
3667.000000 0.000000
3668.000000 0.000000
3669.000000 0.000000
3670.000000 0.000000
3671.000000 0.000000
3672.000000 0.000000
3673.000000 0.000000
3674.000000 0.000000
3675.000000 0.000000
3676.000000 0.000000
3677.000000 0.000000
3678.000000 0.000000
3679.000000 0.000000
3680.000000 0.000000
3681.000000 0.000000
3682.000000 0.000000
3683.000000 0.000000
3684.000000 0.000000
3685.000000 0.000000
3686.000000 0.000000
3687.000000 0.000000
3688.000000 0.000000
3689.000000 0.000000
3690.000000 0.000000
3691.000000 0.000000
3692.000000 0.000000
3693.000000 0.000000
3694.000000 0.000000
3695.000000 0.000000
3696.000000 0.000000
3697.000000 0.000000
3698.000000 0.000000
3699.000000 0.000000
3700.000000 0.000000
3701.000000 0.000000
3702.000000 0.000000
3703.000000 0.000000
3704.000000 0.000000
3705.000000 0.000000
3706.000000 0.000000
3707.000000 0.000000
3708.000000 0.000000
3709.000000 0.000000
3710.000000 0.000000
3711.000000 0.000000
3712.000000 0.000000
3713.000000 0.000000
3714.000000 0.000000
3715.000000 0.000000
3716.000000 0.000000
3717.000000 0.000000
3718.000000 0.000000
3719.000000 0.000000
3720.000000 0.000000
3721.000000 0.000000
3722.000000 0.000000
3723.000000 0.000000
3724.000000 0.000000
3725.000000 0.000000
3726.000000 0.000000
3727.000000 0.000000
3728.000000 0.000000
3729.000000 0.000000
3730.000000 0.000000
3731.000000 0.000000
3732.000000 0.000000
3733.000000 0.000000
3734.000000 0.000000
3735.000000 0.000000
3736.000000 0.000000
3737.000000 0.000000
3738.000000 0.000000
3739.000000 0.000000
3740.000000 0.000000
3741.000000 0.000000
3742.000000 0.000000
3743.000000 0.000000
3744.000000 0.000000
3745.000000 0.000000
3746.000000 0.000000
3747.000000 0.000000
3748.000000 0.000000
3749.000000 0.000000
3750.000000 0.000000
3751.000000 0.000000
3752.000000 0.000000
3753.000000 0.000000
3754.000000 0.000000
3755.000000 0.000000
3756.000000 0.000000
3757.000000 0.000000
3758.000000 0.000000
3759.000000 0.000000
3760.000000 0.000000
3761.000000 0.000000
3762.000000 0.000000
3763.000000 0.000000
3764.000000 0.000000
3765.000000 0.000000
3766.000000 0.000000
3767.000000 0.000000
3768.000000 0.000000
3769.000000 0.000000
3770.000000 0.000000
3771.000000 0.000000
3772.000000 0.000000
3773.000000 0.000000
3774.000000 0.000000
3775.000000 0.000000
3776.000000 0.000000
3777.000000 0.000000
3778.000000 0.000000
3779.000000 0.000000
3780.000000 0.000000
3781.000000 0.000000
3782.000000 0.000000
3783.000000 0.000000
3784.000000 0.000000
3785.000000 0.000000
3786.000000 0.000000
3787.000000 0.000000
3788.000000 0.000000
3789.000000 0.000000
3790.000000 0.000000
3791.000000 0.000000
3792.000000 0.000000
3793.000000 0.000000
3794.000000 0.000000
3795.000000 0.000000
3796.000000 0.000000
3797.000000 0.000000
3798.000000 0.000000
3799.000000 0.000000
3800.000000 0.000000
3801.000000 0.000000
3802.000000 0.000000
3803.000000 0.000000
3804.000000 0.000000
3805.000000 0.000000
3806.000000 0.000000
3807.000000 0.000000
3808.000000 0.000000
3809.000000 0.000000
3810.000000 0.000000
3811.000000 0.000000
3812.000000 0.000000
3813.000000 0.000000
3814.000000 0.000000
3815.000000 0.000000
3816.000000 0.000000
3817.000000 0.000000
3818.000000 0.000000
3819.000000 0.000000
3820.000000 0.000000
3821.000000 0.000000
3822.000000 0.000000
3823.000000 0.000000
3824.000000 0.000000
3825.000000 0.000000
3826.000000 0.000000
3827.000000 0.000000
3828.000000 0.000000
3829.000000 0.000000
3830.000000 0.000000
3831.000000 0.000000
3832.000000 0.000000
3833.000000 0.000000
3834.000000 0.000000
3835.000000 0.000000
3836.000000 0.000000
3837.000000 0.000000
3838.000000 0.000000
3839.000000 0.000000
3840.000000 0.000000
3841.000000 0.000000
3842.000000 0.000000
3843.000000 0.000000
3844.000000 0.000000
3845.000000 0.000000
3846.000000 0.000000
3847.000000 0.000000
3848.000000 0.000000
3849.000000 0.000000
3850.000000 0.000000
3851.000000 0.000000
3852.000000 0.000000
3853.000000 0.000000
3854.000000 0.000000
3855.000000 0.000000
3856.000000 0.000000
3857.000000 0.000000
3858.000000 0.000000
3859.000000 0.000000
3860.000000 0.000000
3861.000000 0.000000
3862.000000 0.000000
3863.000000 0.000000
3864.000000 0.000000
3865.000000 0.000000
3866.000000 0.000000
3867.000000 0.000000
3868.000000 0.000000
3869.000000 0.000000
3870.000000 0.000000
3871.000000 0.000000
3872.000000 0.000000
3873.000000 0.000000
3874.000000 0.000000
3875.000000 0.000000
3876.000000 0.000000
3877.000000 0.000000
3878.000000 0.000000
3879.000000 0.000000
3880.000000 0.000000
3881.000000 0.000000
3882.000000 0.000000
3883.000000 0.000000
3884.000000 0.000000
3885.000000 0.000000
3886.000000 0.000000
3887.000000 0.000000
3888.000000 0.000000
3889.000000 0.000000
3890.000000 0.000000
3891.000000 0.000000
3892.000000 0.000000
3893.000000 0.000000
3894.000000 0.000000
3895.000000 0.000000
3896.000000 0.000000
3897.000000 0.000000
3898.000000 0.000000
3899.000000 0.000000
3900.000000 0.000000
3901.000000 0.000000
3902.000000 0.000000
3903.000000 0.000000
3904.000000 0.000000
3905.000000 0.000000
3906.000000 0.000000
3907.000000 0.000000
3908.000000 0.000000
3909.000000 0.000000
3910.000000 0.000000
3911.000000 0.000000
3912.000000 0.000000
3913.000000 0.000000
3914.000000 0.000000
3915.000000 0.000000
3916.000000 0.000000
3917.000000 0.000000
3918.000000 0.000000
3919.000000 0.000000
3920.000000 0.000000
3921.000000 0.000000
3922.000000 0.000000
3923.000000 0.000000
3924.000000 0.000000
3925.000000 0.000000
3926.000000 0.000000
3927.000000 0.000000
3928.000000 0.000000
3929.000000 0.000000
3930.000000 0.000000
3931.000000 0.000000
3932.000000 0.000000
3933.000000 0.000000
3934.000000 0.000000
3935.000000 0.000000
3936.000000 0.000000
3937.000000 0.000000
3938.000000 0.000000
3939.000000 0.000000
3940.000000 0.000000
3941.000000 0.000000
3942.000000 0.000000
3943.000000 0.000000
3944.000000 0.000000
3945.000000 0.000000
3946.000000 0.000000
3947.000000 0.000000
3948.000000 0.000000
3949.000000 0.000000
3950.000000 0.000000
3951.000000 0.000000
3952.000000 0.000000
3953.000000 0.000000
3954.000000 0.000000
3955.000000 0.000000
3956.000000 0.000000
3957.000000 0.000000
3958.000000 0.000000
3959.000000 0.000000
3960.000000 0.000000
3961.000000 0.000000
3962.000000 0.000000
3963.000000 0.000000
3964.000000 0.000000
3965.000000 0.000000
3966.000000 0.000000
3967.000000 0.000000
3968.000000 0.000000
3969.000000 0.000000
3970.000000 0.000000
3971.000000 0.000000
3972.000000 0.000000
3973.000000 0.000000
3974.000000 0.000000
3975.000000 0.000000
3976.000000 0.000000
3977.000000 0.000000
3978.000000 0.000000
3979.000000 0.000000
3980.000000 0.000000
3981.000000 0.000000
3982.000000 0.000000
3983.000000 0.000000
3984.000000 0.000000
3985.000000 0.000000
3986.000000 0.000000
3987.000000 0.000000
3988.000000 0.000000
3989.000000 0.000000
3990.000000 0.000000
3991.000000 0.000000
3992.000000 0.000000
3993.000000 0.000000
3994.000000 0.000000
3995.000000 0.000000
3996.000000 0.000000
3997.000000 0.000000
3998.000000 0.000000
3999.000000 0.000000
4000.000000 0.000000
