n lam mean variance std
4000 0.560000 2000.500000 179895.677943 424.141106
bin_midpoint probability
1.000000 0.000000
2.000000 0.000000
3.000000 0.000000
4.000000 0.000000
5.000000 0.000000
6.000000 0.000000
7.000000 0.000000
8.000000 0.000000
9.000000 0.000000
10.000000 0.000000
11.000000 0.000000
12.000000 0.000000
13.000000 0.000000
14.000000 0.000000
15.000000 0.000000
16.000000 0.000000
17.000000 0.000000
18.000000 0.000000
19.000000 0.000000
20.000000 0.000000
21.000000 0.000000
22.000000 0.000000
23.000000 0.000000
24.000000 0.000000
25.000000 0.000000
26.000000 0.000000
27.000000 0.000000
28.000000 0.000000
29.000000 0.000000
30.000000 0.000000
31.000000 0.000000
32.000000 0.000000
33.000000 0.000000
34.000000 0.000000
35.000000 0.000000
36.000000 0.000000
37.000000 0.000000
38.000000 0.000000
39.000000 0.000000
40.000000 0.000000
41.000000 0.000000
42.000000 0.000000
43.000000 0.000000
44.000000 0.000000
45.000000 0.000000
46.000000 0.000000
47.000000 0.000000
48.000000 0.000000
49.000000 0.000000
50.000000 0.000000
51.000000 0.000000
52.000000 0.000000
53.000000 0.000000
54.000000 0.000000
55.000000 0.000000
56.000000 0.000000
57.000000 0.000000
58.000000 0.000000
59.000000 0.000000
60.000000 0.000000
61.000000 0.000000
62.000000 0.000000
63.000000 0.000000
64.000000 0.000000
65.000000 0.000000
66.000000 0.000000
67.000000 0.000000
68.000000 0.000000
69.000000 0.000000
70.000000 0.000000
71.000000 0.000000
72.000000 0.000000
73.000000 0.000000
74.000000 0.000000
75.000000 0.000000
76.000000 0.000000
77.000000 0.000000
78.000000 0.000000
79.000000 0.000000
80.000000 0.000000
81.000000 0.000000
82.000000 0.000000
83.000000 0.000000
84.000000 0.000000
85.000000 0.000000
86.000000 0.000000
87.000000 0.000000
88.000000 0.000000
89.000000 0.000000
90.000000 0.000000
91.000000 0.000000
92.000000 0.000000
93.000000 0.000000
94.000000 0.000000
95.000000 0.000000
96.000000 0.000000
97.000000 0.000000
98.000000 0.000000
99.000000 0.000000
100.000000 0.000000
101.000000 0.000000
102.000000 0.000000
103.000000 0.000000
104.000000 0.000000
105.000000 0.000000
106.000000 0.000000
107.000000 0.000000
108.000000 0.000000
109.000000 0.000000
110.000000 0.000000
111.000000 0.000000
112.000000 0.000000
113.000000 0.000000
114.000000 0.000000
115.000000 0.000000
116.000000 0.000000
117.000000 0.000000
118.000000 0.000000
119.000000 0.000000
120.000000 0.000000
121.000000 0.000000
122.000000 0.000000
123.000000 0.000000
124.000000 0.000000
125.000000 0.000000
126.000000 0.000000
127.000000 0.000000
128.000000 0.000000
129.000000 0.000000
130.000000 0.000000
131.000000 0.000000
132.000000 0.000000
133.000000 0.000000
134.000000 0.000000
135.000000 0.000000
136.000000 0.000000
137.000000 0.000000
138.000000 0.000000
139.000000 0.000000
140.000000 0.000000
141.000000 0.000000
142.000000 0.000000
143.000000 0.000000
144.000000 0.000000
145.000000 0.000000
146.000000 0.000000
147.000000 0.000000
148.000000 0.000000
149.000000 0.000000
150.000000 0.000000
151.000000 0.000000
152.000000 0.000000
153.000000 0.000000
154.000000 0.000000
155.000000 0.000000
156.000000 0.000000
157.000000 0.000000
158.000000 0.000000
159.000000 0.000000
160.000000 0.000000
161.000000 0.000000
162.000000 0.000000
163.000000 0.000000
164.000000 0.000000
165.000000 0.000000
166.000000 0.000000
167.000000 0.000000
168.000000 0.000000
169.000000 0.000000
170.000000 0.000000
171.000000 0.000000
172.000000 0.000000
173.000000 0.000000
174.000000 0.000000
175.000000 0.000000
176.000000 0.000000
177.000000 0.000000
178.000000 0.000000
179.000000 0.000000
180.000000 0.000000
181.000000 0.000000
182.000000 0.000000
183.000000 0.000000
184.000000 0.000000
185.000000 0.000000
186.000000 0.000000
187.000000 0.000000
188.000000 0.000000
189.000000 0.000000
190.000000 0.000000
191.000000 0.000000
192.000000 0.000000
193.000000 0.000000
194.000000 0.000000
195.000000 0.000000
196.000000 0.000000
197.000000 0.000000
198.000000 0.000000
199.000000 0.000000
200.000000 0.000000
201.000000 0.000000
202.000000 0.000000
203.000000 0.000000
204.000000 0.000000
205.000000 0.000000
206.000000 0.000000
207.000000 0.000000
208.000000 0.000000
209.000000 0.000000
210.000000 0.000000
211.000000 0.000000
212.000000 0.000000
213.000000 0.000000
214.000000 0.000000
215.000000 0.000000
216.000000 0.000000
217.000000 0.000000
218.000000 0.000000
219.000000 0.000000
220.000000 0.000000
221.000000 0.000000
222.000000 0.000000
223.000000 0.000000
224.000000 0.000000
225.000000 0.000000
226.000000 0.000000
227.000000 0.000000
228.000000 0.000000
229.000000 0.000000
230.000000 0.000000
231.000000 0.000000
232.000000 0.000000
233.000000 0.000000
234.000000 0.000000
235.000000 0.000000
236.000000 0.000000
237.000000 0.000000
238.000000 0.000000
239.000000 0.000000
240.000000 0.000000
241.000000 0.000000
242.000000 0.000000
243.000000 0.000000
244.000000 0.000000
245.000000 0.000000
246.000000 0.000000
247.000000 0.000000
248.000000 0.000000
249.000000 0.000000
250.000000 0.000000
251.000000 0.000000
252.000000 0.000000
253.000000 0.000000
254.000000 0.000000
255.000000 0.000000
256.000000 0.000000
257.000000 0.000000
258.000000 0.000000
259.000000 0.000000
260.000000 0.000000
261.000000 0.000000
262.000000 0.000000
263.000000 0.000000
264.000000 0.000000
265.000000 0.000000
266.000000 0.000000
267.000000 0.000000
268.000000 0.000000
269.000000 0.000000
270.000000 0.000000
271.000000 0.000000
272.000000 0.000000
273.000000 0.000000
274.000000 0.000000
275.000000 0.000000
276.000000 0.000000
277.000000 0.000000
278.000000 0.000000
279.000000 0.000000
280.000000 0.000000
281.000000 0.000000
282.000000 0.000000
283.000000 0.000000
284.000000 0.000000
285.000000 0.000000
286.000000 0.000000
287.000000 0.000000
288.000000 0.000000
289.000000 0.000000
290.000000 0.000000
291.000000 0.000000
292.000000 0.000000
293.000000 0.000000
294.000000 0.000000
295.000000 0.000000
296.000000 0.000000
297.000000 0.000000
298.000000 0.000000
299.000000 0.000000
300.000000 0.000000
301.000000 0.000000
302.000000 0.000000
303.000000 0.000000
304.000000 0.000000
305.000000 0.000000
306.000000 0.000000
307.000000 0.000000
308.000000 0.000000
309.000000 0.000000
310.000000 0.000000
311.000000 0.000000
312.000000 0.000000
313.000000 0.000000
314.000000 0.000000
315.000000 0.000000
316.000000 0.000000
317.000000 0.000000
318.000000 0.000000
319.000000 0.000000
320.000000 0.000000
321.000000 0.000000
322.000000 0.000000
323.000000 0.000000
324.000000 0.000000
325.000000 0.000000
326.000000 0.000000
327.000000 0.000000
328.000000 0.000000
329.000000 0.000000
330.000000 0.000000
331.000000 0.000000
332.000000 0.000000
333.000000 0.000000
334.000000 0.000000
335.000000 0.000000
336.000000 0.000000
337.000000 0.000000
338.000000 0.000000
339.000000 0.000000
340.000000 0.000000
341.000000 0.000000
342.000000 0.000000
343.000000 0.000000
344.000000 0.000000
345.000000 0.000000
346.000000 0.000000
347.000000 0.000000
348.000000 0.000000
349.000000 0.000000
350.000000 0.000000
351.000000 0.000000
352.000000 0.000000
353.000000 0.000000
354.000000 0.000000
355.000000 0.000000
356.000000 0.000000
357.000000 0.000000
358.000000 0.000000
359.000000 0.000000
360.000000 0.000000
361.000000 0.000000
362.000000 0.000000
363.000000 0.000000
364.000000 0.000000
365.000000 0.000000
366.000000 0.000000
367.000000 0.000000
368.000000 0.000000
369.000000 0.000000
370.000000 0.000000
371.000000 0.000000
372.000000 0.000000
373.000000 0.000000
374.000000 0.000000
375.000000 0.000000
376.000000 0.000000
377.000000 0.000000
378.000000 0.000000
379.000000 0.000000
380.000000 0.000000
381.000000 0.000000
382.000000 0.000000
383.000000 0.000000
384.000000 0.000000
385.000000 0.000000
386.000000 0.000000
387.000000 0.000000
388.000000 0.000000
389.000000 0.000000
390.000000 0.000000
391.000000 0.000000
392.000000 0.000000
393.000000 0.000000
394.000000 0.000000
395.000000 0.000000
396.000000 0.000000
397.000000 0.000000
398.000000 0.000000
399.000000 0.000000
400.000000 0.000000
401.000000 0.000000
402.000000 0.000000
403.000000 0.000000
404.000000 0.000000
405.000000 0.000000
406.000000 0.000000
407.000000 0.000000
408.000000 0.000000
409.000000 0.000000
410.000000 0.000000
411.000000 0.000000
412.000000 0.000000
413.000000 0.000000
414.000000 0.000000
415.000000 0.000000
416.000000 0.000000
417.000000 0.000000
418.000000 0.000000
419.000000 0.000000
420.000000 0.000000
421.000000 0.000000
422.000000 0.000000
423.000000 0.000000
424.000000 0.000000
425.000000 0.000000
426.000000 0.000000
427.000000 0.000000
428.000000 0.000000
429.000000 0.000000
430.000000 0.000000
431.000000 0.000000
432.000000 0.000000
433.000000 0.000000
434.000000 0.000000
435.000000 0.000000
436.000000 0.000000
437.000000 0.000000
438.000000 0.000000
439.000000 0.000000
440.000000 0.000000
441.000000 0.000000
442.000000 0.000000
443.000000 0.000000
444.000000 0.000000
445.000000 0.000000
446.000000 0.000000
447.000000 0.000000
448.000000 0.000000
449.000000 0.000000
450.000000 0.000000
451.000000 0.000000
452.000000 0.000000
453.000000 0.000000
454.000000 0.000000
455.000000 0.000000
456.000000 0.000000
457.000000 0.000000
458.000000 0.000000
459.000000 0.000000
460.000000 0.000000
461.000000 0.000000
462.000000 0.000000
463.000000 0.000000
464.000000 0.000000
465.000000 0.000000
466.000000 0.000000
467.000000 0.000000
468.000000 0.000000
469.000000 0.000000
470.000000 0.000000
471.000000 0.000000
472.000000 0.000000
473.000000 0.000000
474.000000 0.000000
475.000000 0.000000
476.000000 0.000000
477.000000 0.000000
478.000000 0.000000
479.000000 0.000000
480.000000 0.000000
481.000000 0.000000
482.000000 0.000000
483.000000 0.000000
484.000000 0.000000
485.000000 0.000000
486.000000 0.000000
487.000000 0.000000
488.000000 0.000000
489.000000 0.000000
490.000000 0.000000
491.000000 0.000000
492.000000 0.000000
493.000000 0.000000
494.000000 0.000000
495.000000 0.000000
496.000000 0.000000
497.000000 0.000000
498.000000 0.000000
499.000000 0.000000
500.000000 0.000000
501.000000 0.000000
502.000000 0.000000
503.000000 0.000000
504.000000 0.000000
505.000000 0.000000
506.000000 0.000000
507.000000 0.000000
508.000000 0.000000
509.000000 0.000000
510.000000 0.000000
511.000000 0.000000
512.000000 0.000000
513.000000 0.000000
514.000000 0.000000
515.000000 0.000000
516.000000 0.000000
517.000000 0.000000
518.000000 0.000000
519.000000 0.000000
520.000000 0.000000
521.000000 0.000000
522.000000 0.000000
523.000000 0.000000
524.000000 0.000000
525.000000 0.000000
526.000000 0.000000
527.000000 0.000000
528.000000 0.000000
529.000000 0.000000
530.000000 0.000000
531.000000 0.000000
532.000000 0.000000
533.000000 0.000000
534.000000 0.000000
535.000000 0.000000
536.000000 0.000000
537.000000 0.000000
538.000000 0.000000
539.000000 0.000000
540.000000 0.000000
541.000000 0.000000
542.000000 0.000000
543.000000 0.000000
544.000000 0.000000
545.000000 0.000000
546.000000 0.000000
547.000000 0.000000
548.000000 0.000000
549.000000 0.000000
550.000000 0.000000
551.000000 0.000000
552.000000 0.000000
553.000000 0.000000
554.000000 0.000000
555.000000 0.000000
556.000000 0.000000
557.000000 0.000000
558.000000 0.000000
559.000000 0.000000
560.000000 0.000000
561.000000 0.000000
562.000000 0.000000
563.000000 0.000000
564.000000 0.000000
565.000000 0.000000
566.000000 0.000000
567.000000 0.000000
568.000000 0.000000
569.000000 0.000000
570.000000 0.000000
571.000000 0.000000
572.000000 0.000000
573.000000 0.000000
574.000000 0.000000
575.000000 0.000000
576.000000 0.000000
577.000000 0.000000
578.000000 0.000000
579.000000 0.000000
580.000000 0.000000
581.000000 0.000000
582.000000 0.000000
583.000000 0.000000
584.000000 0.000000
585.000000 0.000000
586.000000 0.000000
587.000000 0.000000
588.000000 0.000000
589.000000 0.000000
590.000000 0.000001
591.000000 0.000001
592.000000 0.000001
593.000000 0.000001
594.000000 0.000001
595.000000 0.000001
596.000000 0.000001
597.000000 0.000001
598.000000 0.000001
599.000000 0.000001
600.000000 0.000001
601.000000 0.000001
602.000000 0.000001
603.000000 0.000001
604.000000 0.000001
605.000000 0.000001
606.000000 0.000001
607.000000 0.000001
608.000000 0.000001
609.000000 0.000001
610.000000 0.000001
611.000000 0.000001
612.000000 0.000001
613.000000 0.000001
614.000000 0.000001
615.000000 0.000001
616.000000 0.000001
617.000000 0.000001
618.000000 0.000001
619.000000 0.000001
620.000000 0.000001
621.000000 0.000001
622.000000 0.000001
623.000000 0.000001
624.000000 0.000001
625.000000 0.000001
626.000000 0.000001
627.000000 0.000001
628.000000 0.000001
629.000000 0.000001
630.000000 0.000001
631.000000 0.000001
632.000000 0.000001
633.000000 0.000001
634.000000 0.000001
635.000000 0.000001
636.000000 0.000001
637.000000 0.000001
638.000000 0.000001
639.000000 0.000001
640.000000 0.000001
641.000000 0.000001
642.000000 0.000001
643.000000 0.000001
644.000000 0.000001
645.000000 0.000001
646.000000 0.000001
647.000000 0.000001
648.000000 0.000001
649.000000 0.000001
650.000000 0.000001
651.000000 0.000001
652.000000 0.000001
653.000000 0.000001
654.000000 0.000001
655.000000 0.000001
656.000000 0.000001
657.000000 0.000002
658.000000 0.000002
659.000000 0.000002
660.000000 0.000002
661.000000 0.000002
662.000000 0.000002
663.000000 0.000002
664.000000 0.000002
665.000000 0.000002
666.000000 0.000002
667.000000 0.000002
668.000000 0.000002
669.000000 0.000002
670.000000 0.000002
671.000000 0.000002
672.000000 0.000002
673.000000 0.000002
674.000000 0.000002
675.000000 0.000002
676.000000 0.000002
677.000000 0.000002
678.000000 0.000002
679.000000 0.000002
680.000000 0.000002
681.000000 0.000002
682.000000 0.000002
683.000000 0.000002
684.000000 0.000002
685.000000 0.000002
686.000000 0.000002
687.000000 0.000002
688.000000 0.000002
689.000000 0.000002
690.000000 0.000002
691.000000 0.000002
692.000000 0.000002
693.000000 0.000003
694.000000 0.000003
695.000000 0.000003
696.000000 0.000003
697.000000 0.000003
698.000000 0.000003
699.000000 0.000003
700.000000 0.000003
701.000000 0.000003
702.000000 0.000003
703.000000 0.000003
704.000000 0.000003
705.000000 0.000003
706.000000 0.000003
707.000000 0.000003
708.000000 0.000003
709.000000 0.000003
710.000000 0.000003
711.000000 0.000003
712.000000 0.000003
713.000000 0.000003
714.000000 0.000003
715.000000 0.000003
716.000000 0.000003
717.000000 0.000003
718.000000 0.000004
719.000000 0.000004
720.000000 0.000004
721.000000 0.000004
722.000000 0.000004
723.000000 0.000004
724.000000 0.000004
725.000000 0.000004
726.000000 0.000004
727.000000 0.000004
728.000000 0.000004
729.000000 0.000004
730.000000 0.000004
731.000000 0.000004
732.000000 0.000004
733.000000 0.000004
734.000000 0.000004
735.000000 0.000004
736.000000 0.000004
737.000000 0.000004
738.000000 0.000005
739.000000 0.000005
740.000000 0.000005
741.000000 0.000005
742.000000 0.000005
743.000000 0.000005
744.000000 0.000005
745.000000 0.000005
746.000000 0.000005
747.000000 0.000005
748.000000 0.000005
749.000000 0.000005
750.000000 0.000005
751.000000 0.000005
752.000000 0.000005
753.000000 0.000005
754.000000 0.000006
755.000000 0.000006
756.000000 0.000006
757.000000 0.000006
758.000000 0.000006
759.000000 0.000006
760.000000 0.000006
761.000000 0.000006
762.000000 0.000006
763.000000 0.000006
764.000000 0.000006
765.000000 0.000006
766.000000 0.000006
767.000000 0.000006
768.000000 0.000007
769.000000 0.000007
770.000000 0.000007
771.000000 0.000007
772.000000 0.000007
773.000000 0.000007
774.000000 0.000007
775.000000 0.000007
776.000000 0.000007
777.000000 0.000007
778.000000 0.000007
779.000000 0.000007
780.000000 0.000007
781.000000 0.000008
782.000000 0.000008
783.000000 0.000008
784.000000 0.000008
785.000000 0.000008
786.000000 0.000008
787.000000 0.000008
788.000000 0.000008
789.000000 0.000008
790.000000 0.000008
791.000000 0.000008
792.000000 0.000009
793.000000 0.000009
794.000000 0.000009
795.000000 0.000009
796.000000 0.000009
797.000000 0.000009
798.000000 0.000009
799.000000 0.000009
800.000000 0.000009
801.000000 0.000009
802.000000 0.000009
803.000000 0.000010
804.000000 0.000010
805.000000 0.000010
806.000000 0.000010
807.000000 0.000010
808.000000 0.000010
809.000000 0.000010
810.000000 0.000010
811.000000 0.000010
812.000000 0.000011
813.000000 0.000011
814.000000 0.000011
815.000000 0.000011
816.000000 0.000011
817.000000 0.000011
818.000000 0.000011
819.000000 0.000011
820.000000 0.000011
821.000000 0.000012
822.000000 0.000012
823.000000 0.000012
824.000000 0.000012
825.000000 0.000012
826.000000 0.000012
827.000000 0.000012
828.000000 0.000012
829.000000 0.000013
830.000000 0.000013
831.000000 0.000013
832.000000 0.000013
833.000000 0.000013
834.000000 0.000013
835.000000 0.000013
836.000000 0.000014
837.000000 0.000014
838.000000 0.000014
839.000000 0.000014
840.000000 0.000014
841.000000 0.000014
842.000000 0.000014
843.000000 0.000014
844.000000 0.000015
845.000000 0.000015
846.000000 0.000015
847.000000 0.000015
848.000000 0.000015
849.000000 0.000015
850.000000 0.000015
851.000000 0.000016
852.000000 0.000016
853.000000 0.000016
854.000000 0.000016
855.000000 0.000016
856.000000 0.000016
857.000000 0.000017
858.000000 0.000017
859.000000 0.000017
860.000000 0.000017
861.000000 0.000017
862.000000 0.000017
863.000000 0.000018
864.000000 0.000018
865.000000 0.000018
866.000000 0.000018
867.000000 0.000018
868.000000 0.000018
869.000000 0.000019
870.000000 0.000019
871.000000 0.000019
872.000000 0.000019
873.000000 0.000019
874.000000 0.000019
875.000000 0.000020
876.000000 0.000020
877.000000 0.000020
878.000000 0.000020
879.000000 0.000020
880.000000 0.000021
881.000000 0.000021
882.000000 0.000021
883.000000 0.000021
884.000000 0.000021
885.000000 0.000021
886.000000 0.000022
887.000000 0.000022
888.000000 0.000022
889.000000 0.000022
890.000000 0.000022
891.000000 0.000023
892.000000 0.000023
893.000000 0.000023
894.000000 0.000023
895.000000 0.000023
896.000000 0.000024
897.000000 0.000024
898.000000 0.000024
899.000000 0.000024
900.000000 0.000025
901.000000 0.000025
902.000000 0.000025
903.000000 0.000025
904.000000 0.000025
905.000000 0.000026
906.000000 0.000026
907.000000 0.000026
908.000000 0.000026
909.000000 0.000027
910.000000 0.000027
911.000000 0.000027
912.000000 0.000027
913.000000 0.000027
914.000000 0.000028
915.000000 0.000028
916.000000 0.000028
917.000000 0.000028
918.000000 0.000029
919.000000 0.000029
920.000000 0.000029
921.000000 0.000029
922.000000 0.000030
923.000000 0.000030
924.000000 0.000030
925.000000 0.000030
926.000000 0.000031
927.000000 0.000031
928.000000 0.000031
929.000000 0.000031
930.000000 0.000032
931.000000 0.000032
932.000000 0.000032
933.000000 0.000032
934.000000 0.000033
935.000000 0.000033
936.000000 0.000033
937.000000 0.000033
938.000000 0.000034
939.000000 0.000034
940.000000 0.000034
941.000000 0.000035
942.000000 0.000035
943.000000 0.000035
944.000000 0.000035
945.000000 0.000036
946.000000 0.000036
947.000000 0.000036
948.000000 0.000037
949.000000 0.000037
950.000000 0.000037
951.000000 0.000037
952.000000 0.000038
953.000000 0.000038
954.000000 0.000038
955.000000 0.000039
956.000000 0.000039
957.000000 0.000039
958.000000 0.000040
959.000000 0.000040
960.000000 0.000040
961.000000 0.000040
962.000000 0.000041
963.000000 0.000041
964.000000 0.000041
965.000000 0.000042
966.000000 0.000042
967.000000 0.000042
968.000000 0.000043
969.000000 0.000043
970.000000 0.000043
971.000000 0.000044
972.000000 0.000044
973.000000 0.000044
974.000000 0.000045
975.000000 0.000045
976.000000 0.000045
977.000000 0.000046
978.000000 0.000046
979.000000 0.000046
980.000000 0.000047
981.000000 0.000047
982.000000 0.000047
983.000000 0.000048
984.000000 0.000048
985.000000 0.000048
986.000000 0.000049
987.000000 0.000049
988.000000 0.000049
989.000000 0.000050
990.000000 0.000050
991.000000 0.000051
992.000000 0.000051
993.000000 0.000051
994.000000 0.000052
995.000000 0.000052
996.000000 0.000052
997.000000 0.000053
998.000000 0.000053
999.000000 0.000054
1000.000000 0.000054
1001.000000 0.000054
1002.000000 0.000055
1003.000000 0.000055
1004.000000 0.000055
1005.000000 0.000056
1006.000000 0.000056
1007.000000 0.000057
1008.000000 0.000057
1009.000000 0.000057
1010.000000 0.000058
1011.000000 0.000058
1012.000000 0.000059
1013.000000 0.000059
1014.000000 0.000060
1015.000000 0.000060
1016.000000 0.000060
1017.000000 0.000061
1018.000000 0.000061
1019.000000 0.000062
1020.000000 0.000062
1021.000000 0.000062
1022.000000 0.000063
1023.000000 0.000063
1024.000000 0.000064
1025.000000 0.000064
1026.000000 0.000065
1027.000000 0.000065
1028.000000 0.000065
1029.000000 0.000066
1030.000000 0.000066
1031.000000 0.000067
1032.000000 0.000067
1033.000000 0.000068
1034.000000 0.000068
1035.000000 0.000069
1036.000000 0.000069
1037.000000 0.000070
1038.000000 0.000070
1039.000000 0.000070
1040.000000 0.000071
1041.000000 0.000071
1042.000000 0.000072
1043.000000 0.000072
1044.000000 0.000073
1045.000000 0.000073
1046.000000 0.000074
1047.000000 0.000074
1048.000000 0.000075
1049.000000 0.000075
1050.000000 0.000076
1051.000000 0.000076
1052.000000 0.000077
1053.000000 0.000077
1054.000000 0.000078
1055.000000 0.000078
1056.000000 0.000079
1057.000000 0.000079
1058.000000 0.000080
1059.000000 0.000080
1060.000000 0.000081
1061.000000 0.000081
1062.000000 0.000082
1063.000000 0.000082
1064.000000 0.000083
1065.000000 0.000083
1066.000000 0.000084
1067.000000 0.000084
1068.000000 0.000085
1069.000000 0.000085
1070.000000 0.000086
1071.000000 0.000086
1072.000000 0.000087
1073.000000 0.000087
1074.000000 0.000088
1075.000000 0.000089
1076.000000 0.000089
1077.000000 0.000090
1078.000000 0.000090
1079.000000 0.000091
1080.000000 0.000091
1081.000000 0.000092
1082.000000 0.000092
1083.000000 0.000093
1084.000000 0.000093
1085.000000 0.000094
1086.000000 0.000095
1087.000000 0.000095
1088.000000 0.000096
1089.000000 0.000096
1090.000000 0.000097
1091.000000 0.000097
1092.000000 0.000098
1093.000000 0.000099
1094.000000 0.000099
1095.000000 0.000100
1096.000000 0.000100
1097.000000 0.000101
1098.000000 0.000102
1099.000000 0.000102
1100.000000 0.000103
1101.000000 0.000103
1102.000000 0.000104
1103.000000 0.000105
1104.000000 0.000105
1105.000000 0.000106
1106.000000 0.000106
1107.000000 0.000107
1108.000000 0.000108
1109.000000 0.000108
1110.000000 0.000109
1111.000000 0.000109
1112.000000 0.000110
1113.000000 0.000111
1114.000000 0.000111
1115.000000 0.000112
1116.000000 0.000113
1117.000000 0.000113
1118.000000 0.000114
1119.000000 0.000115
1120.000000 0.000115
1121.000000 0.000116
1122.000000 0.000116
1123.000000 0.000117
1124.000000 0.000118
1125.000000 0.000118
1126.000000 0.000119
1127.000000 0.000120
1128.000000 0.000120
1129.000000 0.000121
1130.000000 0.000122
1131.000000 0.000122
1132.000000 0.000123
1133.000000 0.000124
1134.000000 0.000124
1135.000000 0.000125
1136.000000 0.000126
1137.000000 0.000126
1138.000000 0.000127
1139.000000 0.000128
1140.000000 0.000129
1141.000000 0.000129
1142.000000 0.000130
1143.000000 0.000131
1144.000000 0.000131
1145.000000 0.000132
1146.000000 0.000133
1147.000000 0.000133
1148.000000 0.000134
1149.000000 0.000135
1150.000000 0.000136
1151.000000 0.000136
1152.000000 0.000137
1153.000000 0.000138
1154.000000 0.000138
1155.000000 0.000139
1156.000000 0.000140
1157.000000 0.000141
1158.000000 0.000141
1159.000000 0.000142
1160.000000 0.000143
1161.000000 0.000144
1162.000000 0.000144
1163.000000 0.000145
1164.000000 0.000146
1165.000000 0.000147
1166.000000 0.000147
1167.000000 0.000148
1168.000000 0.000149
1169.000000 0.000150
1170.000000 0.000150
1171.000000 0.000151
1172.000000 0.000152
1173.000000 0.000153
1174.000000 0.000153
1175.000000 0.000154
1176.000000 0.000155
1177.000000 0.000156
1178.000000 0.000156
1179.000000 0.000157
1180.000000 0.000158
1181.000000 0.000159
1182.000000 0.000160
1183.000000 0.000160
1184.000000 0.000161
1185.000000 0.000162
1186.000000 0.000163
1187.000000 0.000164
1188.000000 0.000164
1189.000000 0.000165
1190.000000 0.000166
1191.000000 0.000167
1192.000000 0.000168
1193.000000 0.000168
1194.000000 0.000169
1195.000000 0.000170
1196.000000 0.000171
1197.000000 0.000172
1198.000000 0.000173
1199.000000 0.000173
1200.000000 0.000174
1201.000000 0.000175
1202.000000 0.000176
1203.000000 0.000177
1204.000000 0.000178
1205.000000 0.000178
1206.000000 0.000179
1207.000000 0.000180
1208.000000 0.000181
1209.000000 0.000182
1210.000000 0.000183
1211.000000 0.000183
1212.000000 0.000184
1213.000000 0.000185
1214.000000 0.000186
1215.000000 0.000187
1216.000000 0.000188
1217.000000 0.000189
1218.000000 0.000190
1219.000000 0.000190
1220.000000 0.000191
1221.000000 0.000192
1222.000000 0.000193
1223.000000 0.000194
1224.000000 0.000195
1225.000000 0.000196
1226.000000 0.000197
1227.000000 0.000197
1228.000000 0.000198
1229.000000 0.000199
1230.000000 0.000200
1231.000000 0.000201
1232.000000 0.000202
1233.000000 0.000203
1234.000000 0.000204
1235.000000 0.000205
1236.000000 0.000206
1237.000000 0.000206
1238.000000 0.000207
1239.000000 0.000208
1240.000000 0.000209
1241.000000 0.000210
1242.000000 0.000211
1243.000000 0.000212
1244.000000 0.000213
1245.000000 0.000214
1246.000000 0.000215
1247.000000 0.000216
1248.000000 0.000217
1249.000000 0.000218
1250.000000 0.000219
1251.000000 0.000219
1252.000000 0.000220
1253.000000 0.000221
1254.000000 0.000222
1255.000000 0.000223
1256.000000 0.000224
1257.000000 0.000225
1258.000000 0.000226
1259.000000 0.000227
1260.000000 0.000228
1261.000000 0.000229
1262.000000 0.000230
1263.000000 0.000231
1264.000000 0.000232
1265.000000 0.000233
1266.000000 0.000234
1267.000000 0.000235
1268.000000 0.000236
1269.000000 0.000237
1270.000000 0.000238
1271.000000 0.000239
1272.000000 0.000240
1273.000000 0.000241
1274.000000 0.000242
1275.000000 0.000243
1276.000000 0.000244
1277.000000 0.000245
1278.000000 0.000246
1279.000000 0.000247
1280.000000 0.000248
1281.000000 0.000249
1282.000000 0.000250
1283.000000 0.000251
1284.000000 0.000252
1285.000000 0.000253
1286.000000 0.000254
1287.000000 0.000255
1288.000000 0.000256
1289.000000 0.000257
1290.000000 0.000258
1291.000000 0.000259
1292.000000 0.000260
1293.000000 0.000261
1294.000000 0.000262
1295.000000 0.000263
1296.000000 0.000264
1297.000000 0.000265
1298.000000 0.000266
1299.000000 0.000267
1300.000000 0.000268
1301.000000 0.000269
1302.000000 0.000270
1303.000000 0.000271
1304.000000 0.000272
1305.000000 0.000273
1306.000000 0.000274
1307.000000 0.000275
1308.000000 0.000276
1309.000000 0.000278
1310.000000 0.000279
1311.000000 0.000280
1312.000000 0.000281
1313.000000 0.000282
1314.000000 0.000283
1315.000000 0.000284
1316.000000 0.000285
1317.000000 0.000286
1318.000000 0.000287
1319.000000 0.000288
1320.000000 0.000289
1321.000000 0.000290
1322.000000 0.000291
1323.000000 0.000292
1324.000000 0.000294
1325.000000 0.000295
1326.000000 0.000296
1327.000000 0.000297
1328.000000 0.000298
1329.000000 0.000299
1330.000000 0.000300
1331.000000 0.000301
1332.000000 0.000302
1333.000000 0.000303
1334.000000 0.000304
1335.000000 0.000306
1336.000000 0.000307
1337.000000 0.000308
1338.000000 0.000309
1339.000000 0.000310
1340.000000 0.000311
1341.000000 0.000312
1342.000000 0.000313
1343.000000 0.000314
1344.000000 0.000316
1345.000000 0.000317
1346.000000 0.000318
1347.000000 0.000319
1348.000000 0.000320
1349.000000 0.000321
1350.000000 0.000322
1351.000000 0.000323
1352.000000 0.000324
1353.000000 0.000326
1354.000000 0.000327
1355.000000 0.000328
1356.000000 0.000329
1357.000000 0.000330
1358.000000 0.000331
1359.000000 0.000332
1360.000000 0.000334
1361.000000 0.000335
1362.000000 0.000336
1363.000000 0.000337
1364.000000 0.000338
1365.000000 0.000339
1366.000000 0.000340
1367.000000 0.000342
1368.000000 0.000343
1369.000000 0.000344
1370.000000 0.000345
1371.000000 0.000346
1372.000000 0.000347
1373.000000 0.000348
1374.000000 0.000350
1375.000000 0.000351
1376.000000 0.000352
1377.000000 0.000353
1378.000000 0.000354
1379.000000 0.000355
1380.000000 0.000357
1381.000000 0.000358
1382.000000 0.000359
1383.000000 0.000360
1384.000000 0.000361
1385.000000 0.000362
1386.000000 0.000364
1387.000000 0.000365
1388.000000 0.000366
1389.000000 0.000367
1390.000000 0.000368
1391.000000 0.000369
1392.000000 0.000371
1393.000000 0.000372
1394.000000 0.000373
1395.000000 0.000374
1396.000000 0.000375
1397.000000 0.000376
1398.000000 0.000378
1399.000000 0.000379
1400.000000 0.000380
1401.000000 0.000381
1402.000000 0.000382
1403.000000 0.000384
1404.000000 0.000385
1405.000000 0.000386
1406.000000 0.000387
1407.000000 0.000388
1408.000000 0.000389
1409.000000 0.000391
1410.000000 0.000392
1411.000000 0.000393
1412.000000 0.000394
1413.000000 0.000395
1414.000000 0.000397
1415.000000 0.000398
1416.000000 0.000399
1417.000000 0.000400
1418.000000 0.000401
1419.000000 0.000403
1420.000000 0.000404
1421.000000 0.000405
1422.000000 0.000406
1423.000000 0.000407
1424.000000 0.000409
1425.000000 0.000410
1426.000000 0.000411
1427.000000 0.000412
1428.000000 0.000413
1429.000000 0.000415
1430.000000 0.000416
1431.000000 0.000417
1432.000000 0.000418
1433.000000 0.000420
1434.000000 0.000421
1435.000000 0.000422
1436.000000 0.000423
1437.000000 0.000424
1438.000000 0.000426
1439.000000 0.000427
1440.000000 0.000428
1441.000000 0.000429
1442.000000 0.000430
1443.000000 0.000432
1444.000000 0.000433
1445.000000 0.000434
1446.000000 0.000435
1447.000000 0.000437
1448.000000 0.000438
1449.000000 0.000439
1450.000000 0.000440
1451.000000 0.000441
1452.000000 0.000443
1453.000000 0.000444
1454.000000 0.000445
1455.000000 0.000446
1456.000000 0.000448
1457.000000 0.000449
1458.000000 0.000450
1459.000000 0.000451
1460.000000 0.000452
1461.000000 0.000454
1462.000000 0.000455
1463.000000 0.000456
1464.000000 0.000457
1465.000000 0.000459
1466.000000 0.000460
1467.000000 0.000461
1468.000000 0.000462
1469.000000 0.000463
1470.000000 0.000465
1471.000000 0.000466
1472.000000 0.000467
1473.000000 0.000468
1474.000000 0.000470
1475.000000 0.000471
1476.000000 0.000472
1477.000000 0.000473
1478.000000 0.000474
1479.000000 0.000476
1480.000000 0.000477
1481.000000 0.000478
1482.000000 0.000479
1483.000000 0.000481
1484.000000 0.000482
1485.000000 0.000483
1486.000000 0.000484
1487.000000 0.000486
1488.000000 0.000487
1489.000000 0.000488
1490.000000 0.000489
1491.000000 0.000490
1492.000000 0.000492
1493.000000 0.000493
1494.000000 0.000494
1495.000000 0.000495
1496.000000 0.000497
1497.000000 0.000498
1498.000000 0.000499
1499.000000 0.000500
1500.000000 0.000502
1501.000000 0.000503
1502.000000 0.000504
1503.000000 0.000505
1504.000000 0.000506
1505.000000 0.000508
1506.000000 0.000509
1507.000000 0.000510
1508.000000 0.000511
1509.000000 0.000513
1510.000000 0.000514
1511.000000 0.000515
1512.000000 0.000516
1513.000000 0.000517
1514.000000 0.000519
1515.000000 0.000520
1516.000000 0.000521
1517.000000 0.000522
1518.000000 0.000524
1519.000000 0.000525
1520.000000 0.000526
1521.000000 0.000527
1522.000000 0.000529
1523.000000 0.000530
1524.000000 0.000531
1525.000000 0.000532
1526.000000 0.000533
1527.000000 0.000535
1528.000000 0.000536
1529.000000 0.000537
1530.000000 0.000538
1531.000000 0.000540
1532.000000 0.000541
1533.000000 0.000542
1534.000000 0.000543
1535.000000 0.000544
1536.000000 0.000546
1537.000000 0.000547
1538.000000 0.000548
1539.000000 0.000549
1540.000000 0.000550
1541.000000 0.000552
1542.000000 0.000553
1543.000000 0.000554
1544.000000 0.000555
1545.000000 0.000557
1546.000000 0.000558
1547.000000 0.000559
1548.000000 0.000560
1549.000000 0.000561
1550.000000 0.000563
1551.000000 0.000564
1552.000000 0.000565
1553.000000 0.000566
1554.000000 0.000567
1555.000000 0.000569
1556.000000 0.000570
1557.000000 0.000571
1558.000000 0.000572
1559.000000 0.000573
1560.000000 0.000575
1561.000000 0.000576
1562.000000 0.000577
1563.000000 0.000578
1564.000000 0.000579
1565.000000 0.000581
1566.000000 0.000582
1567.000000 0.000583
1568.000000 0.000584
1569.000000 0.000585
1570.000000 0.000587
1571.000000 0.000588
1572.000000 0.000589
1573.000000 0.000590
1574.000000 0.000591
1575.000000 0.000593
1576.000000 0.000594
1577.000000 0.000595
1578.000000 0.000596
1579.000000 0.000597
1580.000000 0.000598
1581.000000 0.000600
1582.000000 0.000601
1583.000000 0.000602
1584.000000 0.000603
1585.000000 0.000604
1586.000000 0.000606
1587.000000 0.000607
1588.000000 0.000608
1589.000000 0.000609
1590.000000 0.000610
1591.000000 0.000611
1592.000000 0.000613
1593.000000 0.000614
1594.000000 0.000615
1595.000000 0.000616
1596.000000 0.000617
1597.000000 0.000618
1598.000000 0.000620
1599.000000 0.000621
1600.000000 0.000622
1601.000000 0.000623
1602.000000 0.000624
1603.000000 0.000625
1604.000000 0.000626
1605.000000 0.000628
1606.000000 0.000629
1607.000000 0.000630
1608.000000 0.000631
1609.000000 0.000632
1610.000000 0.000633
1611.000000 0.000634
1612.000000 0.000636
1613.000000 0.000637
1614.000000 0.000638
1615.000000 0.000639
1616.000000 0.000640
1617.000000 0.000641
1618.000000 0.000642
1619.000000 0.000644
1620.000000 0.000645
1621.000000 0.000646
1622.000000 0.000647
1623.000000 0.000648
1624.000000 0.000649
1625.000000 0.000650
1626.000000 0.000651
1627.000000 0.000653
1628.000000 0.000654
1629.000000 0.000655
1630.000000 0.000656
1631.000000 0.000657
1632.000000 0.000658
1633.000000 0.000659
1634.000000 0.000660
1635.000000 0.000662
1636.000000 0.000663
1637.000000 0.000664
1638.000000 0.000665
1639.000000 0.000666
1640.000000 0.000667
1641.000000 0.000668
1642.000000 0.000669
1643.000000 0.000670
1644.000000 0.000671
1645.000000 0.000672
1646.000000 0.000674
1647.000000 0.000675
1648.000000 0.000676
1649.000000 0.000677
1650.000000 0.000678
1651.000000 0.000679
1652.000000 0.000680
1653.000000 0.000681
1654.000000 0.000682
1655.000000 0.000683
1656.000000 0.000684
1657.000000 0.000685
1658.000000 0.000687
1659.000000 0.000688
1660.000000 0.000689
1661.000000 0.000690
1662.000000 0.000691
1663.000000 0.000692
1664.000000 0.000693
1665.000000 0.000694
1666.000000 0.000695
1667.000000 0.000696
1668.000000 0.000697
1669.000000 0.000698
1670.000000 0.000699
1671.000000 0.000700
1672.000000 0.000701
1673.000000 0.000702
1674.000000 0.000703
1675.000000 0.000704
1676.000000 0.000705
1677.000000 0.000706
1678.000000 0.000707
1679.000000 0.000708
1680.000000 0.000709
1681.000000 0.000710
1682.000000 0.000712
1683.000000 0.000713
1684.000000 0.000714
1685.000000 0.000715
1686.000000 0.000716
1687.000000 0.000717
1688.000000 0.000718
1689.000000 0.000719
1690.000000 0.000720
1691.000000 0.000721
1692.000000 0.000722
1693.000000 0.000723
1694.000000 0.000724
1695.000000 0.000725
1696.000000 0.000726
1697.000000 0.000727
1698.000000 0.000728
1699.000000 0.000728
1700.000000 0.000729
1701.000000 0.000730
1702.000000 0.000731
1703.000000 0.000732
1704.000000 0.000733
1705.000000 0.000734
1706.000000 0.000735
1707.000000 0.000736
1708.000000 0.000737
1709.000000 0.000738
1710.000000 0.000739
1711.000000 0.000740
1712.000000 0.000741
1713.000000 0.000742
1714.000000 0.000743
1715.000000 0.000744
1716.000000 0.000745
1717.000000 0.000746
1718.000000 0.000747
1719.000000 0.000748
1720.000000 0.000749
1721.000000 0.000749
1722.000000 0.000750
1723.000000 0.000751
1724.000000 0.000752
1725.000000 0.000753
1726.000000 0.000754
1727.000000 0.000755
1728.000000 0.000756
1729.000000 0.000757
1730.000000 0.000758
1731.000000 0.000759
1732.000000 0.000760
1733.000000 0.000760
1734.000000 0.000761
1735.000000 0.000762
1736.000000 0.000763
1737.000000 0.000764
1738.000000 0.000765
1739.000000 0.000766
1740.000000 0.000767
1741.000000 0.000768
1742.000000 0.000768
1743.000000 0.000769
1744.000000 0.000770
1745.000000 0.000771
1746.000000 0.000772
1747.000000 0.000773
1748.000000 0.000774
1749.000000 0.000774
1750.000000 0.000775
1751.000000 0.000776
1752.000000 0.000777
1753.000000 0.000778
1754.000000 0.000779
1755.000000 0.000780
1756.000000 0.000780
1757.000000 0.000781
1758.000000 0.000782
1759.000000 0.000783
1760.000000 0.000784
1761.000000 0.000784
1762.000000 0.000785
1763.000000 0.000786
1764.000000 0.000787
1765.000000 0.000788
1766.000000 0.000789
1767.000000 0.000789
1768.000000 0.000790
1769.000000 0.000791
1770.000000 0.000792
1771.000000 0.000793
1772.000000 0.000793
1773.000000 0.000794
1774.000000 0.000795
1775.000000 0.000796
1776.000000 0.000796
1777.000000 0.000797
1778.000000 0.000798
1779.000000 0.000799
1780.000000 0.000800
1781.000000 0.000800
1782.000000 0.000801
1783.000000 0.000802
1784.000000 0.000803
1785.000000 0.000803
1786.000000 0.000804
1787.000000 0.000805
1788.000000 0.000806
1789.000000 0.000806
1790.000000 0.000807
1791.000000 0.000808
1792.000000 0.000809
1793.000000 0.000809
1794.000000 0.000810
1795.000000 0.000811
1796.000000 0.000811
1797.000000 0.000812
1798.000000 0.000813
1799.000000 0.000814
1800.000000 0.000814
1801.000000 0.000815
1802.000000 0.000816
1803.000000 0.000816
1804.000000 0.000817
1805.000000 0.000818
1806.000000 0.000818
1807.000000 0.000819
1808.000000 0.000820
1809.000000 0.000821
1810.000000 0.000821
1811.000000 0.000822
1812.000000 0.000823
1813.000000 0.000823
1814.000000 0.000824
1815.000000 0.000825
1816.000000 0.000825
1817.000000 0.000826
1818.000000 0.000827
1819.000000 0.000827
1820.000000 0.000828
1821.000000 0.000828
1822.000000 0.000829
1823.000000 0.000830
1824.000000 0.000830
1825.000000 0.000831
1826.000000 0.000832
1827.000000 0.000832
1828.000000 0.000833
1829.000000 0.000833
1830.000000 0.000834
1831.000000 0.000835
1832.000000 0.000835
1833.000000 0.000836
1834.000000 0.000836
1835.000000 0.000837
1836.000000 0.000838
1837.000000 0.000838
1838.000000 0.000839
1839.000000 0.000839
1840.000000 0.000840
1841.000000 0.000841
1842.000000 0.000841
1843.000000 0.000842
1844.000000 0.000842
1845.000000 0.000843
1846.000000 0.000843
1847.000000 0.000844
1848.000000 0.000845
1849.000000 0.000845
1850.000000 0.000846
1851.000000 0.000846
1852.000000 0.000847
1853.000000 0.000847
1854.000000 0.000848
1855.000000 0.000848
1856.000000 0.000849
1857.000000 0.000849
1858.000000 0.000850
1859.000000 0.000850
1860.000000 0.000851
1861.000000 0.000851
1862.000000 0.000852
1863.000000 0.000852
1864.000000 0.000853
1865.000000 0.000853
1866.000000 0.000854
1867.000000 0.000854
1868.000000 0.000855
1869.000000 0.000855
1870.000000 0.000856
1871.000000 0.000856
1872.000000 0.000857
1873.000000 0.000857
1874.000000 0.000858
1875.000000 0.000858
1876.000000 0.000859
1877.000000 0.000859
1878.000000 0.000860
1879.000000 0.000860
1880.000000 0.000860
1881.000000 0.000861
1882.000000 0.000861
1883.000000 0.000862
1884.000000 0.000862
1885.000000 0.000863
1886.000000 0.000863
1887.000000 0.000863
1888.000000 0.000864
1889.000000 0.000864
1890.000000 0.000865
1891.000000 0.000865
1892.000000 0.000865
1893.000000 0.000866
1894.000000 0.000866
1895.000000 0.000867
1896.000000 0.000867
1897.000000 0.000867
1898.000000 0.000868
1899.000000 0.000868
1900.000000 0.000869
1901.000000 0.000869
1902.000000 0.000869
1903.000000 0.000870
1904.000000 0.000870
1905.000000 0.000870
1906.000000 0.000871
1907.000000 0.000871
1908.000000 0.000871
1909.000000 0.000872
1910.000000 0.000872
1911.000000 0.000872
1912.000000 0.000873
1913.000000 0.000873
1914.000000 0.000873
1915.000000 0.000874
1916.000000 0.000874
1917.000000 0.000874
1918.000000 0.000875
1919.000000 0.000875
1920.000000 0.000875
1921.000000 0.000876
1922.000000 0.000876
1923.000000 0.000876
1924.000000 0.000876
1925.000000 0.000877
1926.000000 0.000877
1927.000000 0.000877
1928.000000 0.000877
1929.000000 0.000878
1930.000000 0.000878
1931.000000 0.000878
1932.000000 0.000879
1933.000000 0.000879
1934.000000 0.000879
1935.000000 0.000879
1936.000000 0.000880
1937.000000 0.000880
1938.000000 0.000880
1939.000000 0.000880
1940.000000 0.000880
1941.000000 0.000881
1942.000000 0.000881
1943.000000 0.000881
1944.000000 0.000881
1945.000000 0.000882
1946.000000 0.000882
1947.000000 0.000882
1948.000000 0.000882
1949.000000 0.000882
1950.000000 0.000883
1951.000000 0.000883
1952.000000 0.000883
1953.000000 0.000883
1954.000000 0.000883
1955.000000 0.000883
1956.000000 0.000884
1957.000000 0.000884
1958.000000 0.000884
1959.000000 0.000884
1960.000000 0.000884
1961.000000 0.000884
1962.000000 0.000885
1963.000000 0.000885
1964.000000 0.000885
1965.000000 0.000885
1966.000000 0.000885
1967.000000 0.000885
1968.000000 0.000885
1969.000000 0.000885
1970.000000 0.000886
1971.000000 0.000886
1972.000000 0.000886
1973.000000 0.000886
1974.000000 0.000886
1975.000000 0.000886
1976.000000 0.000886
1977.000000 0.000886
1978.000000 0.000886
1979.000000 0.000886
1980.000000 0.000887
1981.000000 0.000887
1982.000000 0.000887
1983.000000 0.000887
1984.000000 0.000887
1985.000000 0.000887
1986.000000 0.000887
1987.000000 0.000887
1988.000000 0.000887
1989.000000 0.000887
1990.000000 0.000887
1991.000000 0.000887
1992.000000 0.000887
1993.000000 0.000887
1994.000000 0.000887
1995.000000 0.000887
1996.000000 0.000887
1997.000000 0.000887
1998.000000 0.000887
1999.000000 0.000887
2000.000000 0.000887
2001.000000 0.000887
2002.000000 0.000887
2003.000000 0.000887
2004.000000 0.000887
2005.000000 0.000887
2006.000000 0.000887
2007.000000 0.000887
2008.000000 0.000887
2009.000000 0.000887
2010.000000 0.000887
2011.000000 0.000887
2012.000000 0.000887
2013.000000 0.000887
2014.000000 0.000887
2015.000000 0.000887
2016.000000 0.000887
2017.000000 0.000887
2018.000000 0.000887
2019.000000 0.000887
2020.000000 0.000887
2021.000000 0.000887
2022.000000 0.000886
2023.000000 0.000886
2024.000000 0.000886
2025.000000 0.000886
2026.000000 0.000886
2027.000000 0.000886
2028.000000 0.000886
2029.000000 0.000886
2030.000000 0.000886
2031.000000 0.000886
2032.000000 0.000885
2033.000000 0.000885
2034.000000 0.000885
2035.000000 0.000885
2036.000000 0.000885
2037.000000 0.000885
2038.000000 0.000885
2039.000000 0.000885
2040.000000 0.000884
2041.000000 0.000884
2042.000000 0.000884
2043.000000 0.000884
2044.000000 0.000884
2045.000000 0.000884
2046.000000 0.000883
2047.000000 0.000883
2048.000000 0.000883
2049.000000 0.000883
2050.000000 0.000883
2051.000000 0.000883
2052.000000 0.000882
2053.000000 0.000882
2054.000000 0.000882
2055.000000 0.000882
2056.000000 0.000882
2057.000000 0.000881
2058.000000 0.000881
2059.000000 0.000881
2060.000000 0.000881
2061.000000 0.000880
2062.000000 0.000880
2063.000000 0.000880
2064.000000 0.000880
2065.000000 0.000880
2066.000000 0.000879
2067.000000 0.000879
2068.000000 0.000879
2069.000000 0.000879
2070.000000 0.000878
2071.000000 0.000878
2072.000000 0.000878
2073.000000 0.000877
2074.000000 0.000877
2075.000000 0.000877
2076.000000 0.000877
2077.000000 0.000876
2078.000000 0.000876
2079.000000 0.000876
2080.000000 0.000876
2081.000000 0.000875
2082.000000 0.000875
2083.000000 0.000875
2084.000000 0.000874
2085.000000 0.000874
2086.000000 0.000874
2087.000000 0.000873
2088.000000 0.000873
2089.000000 0.000873
2090.000000 0.000872
2091.000000 0.000872
2092.000000 0.000872
2093.000000 0.000871
2094.000000 0.000871
2095.000000 0.000871
2096.000000 0.000870
2097.000000 0.000870
2098.000000 0.000870
2099.000000 0.000869
2100.000000 0.000869
2101.000000 0.000869
2102.000000 0.000868
2103.000000 0.000868
2104.000000 0.000867
2105.000000 0.000867
2106.000000 0.000867
2107.000000 0.000866
2108.000000 0.000866
2109.000000 0.000865
2110.000000 0.000865
2111.000000 0.000865
2112.000000 0.000864
2113.000000 0.000864
2114.000000 0.000863
2115.000000 0.000863
2116.000000 0.000863
2117.000000 0.000862
2118.000000 0.000862
2119.000000 0.000861
2120.000000 0.000861
2121.000000 0.000860
2122.000000 0.000860
2123.000000 0.000860
2124.000000 0.000859
2125.000000 0.000859
2126.000000 0.000858
2127.000000 0.000858
2128.000000 0.000857
2129.000000 0.000857
2130.000000 0.000856
2131.000000 0.000856
2132.000000 0.000855
2133.000000 0.000855
2134.000000 0.000854
2135.000000 0.000854
2136.000000 0.000853
2137.000000 0.000853
2138.000000 0.000852
2139.000000 0.000852
2140.000000 0.000851
2141.000000 0.000851
2142.000000 0.000850
2143.000000 0.000850
2144.000000 0.000849
2145.000000 0.000849
2146.000000 0.000848
2147.000000 0.000848
2148.000000 0.000847
2149.000000 0.000847
2150.000000 0.000846
2151.000000 0.000846
2152.000000 0.000845
2153.000000 0.000845
2154.000000 0.000844
2155.000000 0.000843
2156.000000 0.000843
2157.000000 0.000842
2158.000000 0.000842
2159.000000 0.000841
2160.000000 0.000841
2161.000000 0.000840
2162.000000 0.000839
2163.000000 0.000839
2164.000000 0.000838
2165.000000 0.000838
2166.000000 0.000837
2167.000000 0.000836
2168.000000 0.000836
2169.000000 0.000835
2170.000000 0.000835
2171.000000 0.000834
2172.000000 0.000833
2173.000000 0.000833
2174.000000 0.000832
2175.000000 0.000832
2176.000000 0.000831
2177.000000 0.000830
2178.000000 0.000830
2179.000000 0.000829
2180.000000 0.000828
2181.000000 0.000828
2182.000000 0.000827
2183.000000 0.000827
2184.000000 0.000826
2185.000000 0.000825
2186.000000 0.000825
2187.000000 0.000824
2188.000000 0.000823
2189.000000 0.000823
2190.000000 0.000822
2191.000000 0.000821
2192.000000 0.000821
2193.000000 0.000820
2194.000000 0.000819
2195.000000 0.000818
2196.000000 0.000818
2197.000000 0.000817
2198.000000 0.000816
2199.000000 0.000816
2200.000000 0.000815
2201.000000 0.000814
2202.000000 0.000814
2203.000000 0.000813
2204.000000 0.000812
2205.000000 0.000811
2206.000000 0.000811
2207.000000 0.000810
2208.000000 0.000809
2209.000000 0.000809
2210.000000 0.000808
2211.000000 0.000807
2212.000000 0.000806
2213.000000 0.000806
2214.000000 0.000805
2215.000000 0.000804
2216.000000 0.000803
2217.000000 0.000803
2218.000000 0.000802
2219.000000 0.000801
2220.000000 0.000800
2221.000000 0.000800
2222.000000 0.000799
2223.000000 0.000798
2224.000000 0.000797
2225.000000 0.000796
2226.000000 0.000796
2227.000000 0.000795
2228.000000 0.000794
2229.000000 0.000793
2230.000000 0.000793
2231.000000 0.000792
2232.000000 0.000791
2233.000000 0.000790
2234.000000 0.000789
2235.000000 0.000789
2236.000000 0.000788
2237.000000 0.000787
2238.000000 0.000786
2239.000000 0.000785
2240.000000 0.000784
2241.000000 0.000784
2242.000000 0.000783
2243.000000 0.000782
2244.000000 0.000781
2245.000000 0.000780
2246.000000 0.000780
2247.000000 0.000779
2248.000000 0.000778
2249.000000 0.000777
2250.000000 0.000776
2251.000000 0.000775
2252.000000 0.000774
2253.000000 0.000774
2254.000000 0.000773
2255.000000 0.000772
2256.000000 0.000771
2257.000000 0.000770
2258.000000 0.000769
2259.000000 0.000768
2260.000000 0.000768
2261.000000 0.000767
2262.000000 0.000766
2263.000000 0.000765
2264.000000 0.000764
2265.000000 0.000763
2266.000000 0.000762
2267.000000 0.000761
2268.000000 0.000760
2269.000000 0.000760
2270.000000 0.000759
2271.000000 0.000758
2272.000000 0.000757
2273.000000 0.000756
2274.000000 0.000755
2275.000000 0.000754
2276.000000 0.000753
2277.000000 0.000752
2278.000000 0.000751
2279.000000 0.000750
2280.000000 0.000749
2281.000000 0.000749
2282.000000 0.000748
2283.000000 0.000747
2284.000000 0.000746
2285.000000 0.000745
2286.000000 0.000744
2287.000000 0.000743
2288.000000 0.000742
2289.000000 0.000741
2290.000000 0.000740
2291.000000 0.000739
2292.000000 0.000738
2293.000000 0.000737
2294.000000 0.000736
2295.000000 0.000735
2296.000000 0.000734
2297.000000 0.000733
2298.000000 0.000732
2299.000000 0.000731
2300.000000 0.000730
2301.000000 0.000729
2302.000000 0.000728
2303.000000 0.000728
2304.000000 0.000727
2305.000000 0.000726
2306.000000 0.000725
2307.000000 0.000724
2308.000000 0.000723
2309.000000 0.000722
2310.000000 0.000721
2311.000000 0.000720
2312.000000 0.000719
2313.000000 0.000718
2314.000000 0.000717
2315.000000 0.000716
2316.000000 0.000715
2317.000000 0.000714
2318.000000 0.000713
2319.000000 0.000712
2320.000000 0.000710
2321.000000 0.000709
2322.000000 0.000708
2323.000000 0.000707
2324.000000 0.000706
2325.000000 0.000705
2326.000000 0.000704
2327.000000 0.000703
2328.000000 0.000702
2329.000000 0.000701
2330.000000 0.000700
2331.000000 0.000699
2332.000000 0.000698
2333.000000 0.000697
2334.000000 0.000696
2335.000000 0.000695
2336.000000 0.000694
2337.000000 0.000693
2338.000000 0.000692
2339.000000 0.000691
2340.000000 0.000690
2341.000000 0.000689
2342.000000 0.000688
2343.000000 0.000687
2344.000000 0.000685
2345.000000 0.000684
2346.000000 0.000683
2347.000000 0.000682
2348.000000 0.000681
2349.000000 0.000680
2350.000000 0.000679
2351.000000 0.000678
2352.000000 0.000677
2353.000000 0.000676
2354.000000 0.000675
2355.000000 0.000674
2356.000000 0.000672
2357.000000 0.000671
2358.000000 0.000670
2359.000000 0.000669
2360.000000 0.000668
2361.000000 0.000667
2362.000000 0.000666
2363.000000 0.000665
2364.000000 0.000664
2365.000000 0.000663
2366.000000 0.000662
2367.000000 0.000660
2368.000000 0.000659
2369.000000 0.000658
2370.000000 0.000657
2371.000000 0.000656
2372.000000 0.000655
2373.000000 0.000654
2374.000000 0.000653
2375.000000 0.000651
2376.000000 0.000650
2377.000000 0.000649
2378.000000 0.000648
2379.000000 0.000647
2380.000000 0.000646
2381.000000 0.000645
2382.000000 0.000644
2383.000000 0.000642
2384.000000 0.000641
2385.000000 0.000640
2386.000000 0.000639
2387.000000 0.000638
2388.000000 0.000637
2389.000000 0.000636
2390.000000 0.000634
2391.000000 0.000633
2392.000000 0.000632
2393.000000 0.000631
2394.000000 0.000630
2395.000000 0.000629
2396.000000 0.000628
2397.000000 0.000626
2398.000000 0.000625
2399.000000 0.000624
2400.000000 0.000623
2401.000000 0.000622
2402.000000 0.000621
2403.000000 0.000620
2404.000000 0.000618
2405.000000 0.000617
2406.000000 0.000616
2407.000000 0.000615
2408.000000 0.000614
2409.000000 0.000613
2410.000000 0.000611
2411.000000 0.000610
2412.000000 0.000609
2413.000000 0.000608
2414.000000 0.000607
2415.000000 0.000606
2416.000000 0.000604
2417.000000 0.000603
2418.000000 0.000602
2419.000000 0.000601
2420.000000 0.000600
2421.000000 0.000598
2422.000000 0.000597
2423.000000 0.000596
2424.000000 0.000595
2425.000000 0.000594
2426.000000 0.000593
2427.000000 0.000591
2428.000000 0.000590
2429.000000 0.000589
2430.000000 0.000588
2431.000000 0.000587
2432.000000 0.000585
2433.000000 0.000584
2434.000000 0.000583
2435.000000 0.000582
2436.000000 0.000581
2437.000000 0.000579
2438.000000 0.000578
2439.000000 0.000577
2440.000000 0.000576
2441.000000 0.000575
2442.000000 0.000573
2443.000000 0.000572
2444.000000 0.000571
2445.000000 0.000570
2446.000000 0.000569
2447.000000 0.000567
2448.000000 0.000566
2449.000000 0.000565
2450.000000 0.000564
2451.000000 0.000563
2452.000000 0.000561
2453.000000 0.000560
2454.000000 0.000559
2455.000000 0.000558
2456.000000 0.000557
2457.000000 0.000555
2458.000000 0.000554
2459.000000 0.000553
2460.000000 0.000552
2461.000000 0.000550
2462.000000 0.000549
2463.000000 0.000548
2464.000000 0.000547
2465.000000 0.000546
2466.000000 0.000544
2467.000000 0.000543
2468.000000 0.000542
2469.000000 0.000541
2470.000000 0.000540
2471.000000 0.000538
2472.000000 0.000537
2473.000000 0.000536
2474.000000 0.000535
2475.000000 0.000533
2476.000000 0.000532
2477.000000 0.000531
2478.000000 0.000530
2479.000000 0.000529
2480.000000 0.000527
2481.000000 0.000526
2482.000000 0.000525
2483.000000 0.000524
2484.000000 0.000522
2485.000000 0.000521
2486.000000 0.000520
2487.000000 0.000519
2488.000000 0.000517
2489.000000 0.000516
2490.000000 0.000515
2491.000000 0.000514
2492.000000 0.000513
2493.000000 0.000511
2494.000000 0.000510
2495.000000 0.000509
2496.000000 0.000508
2497.000000 0.000506
2498.000000 0.000505
2499.000000 0.000504
2500.000000 0.000503
2501.000000 0.000502
2502.000000 0.000500
2503.000000 0.000499
2504.000000 0.000498
2505.000000 0.000497
2506.000000 0.000495
2507.000000 0.000494
2508.000000 0.000493
2509.000000 0.000492
2510.000000 0.000490
2511.000000 0.000489
2512.000000 0.000488
2513.000000 0.000487
2514.000000 0.000486
2515.000000 0.000484
2516.000000 0.000483
2517.000000 0.000482
2518.000000 0.000481
2519.000000 0.000479
2520.000000 0.000478
2521.000000 0.000477
2522.000000 0.000476
2523.000000 0.000474
2524.000000 0.000473
2525.000000 0.000472
2526.000000 0.000471
2527.000000 0.000470
2528.000000 0.000468
2529.000000 0.000467
2530.000000 0.000466
2531.000000 0.000465
2532.000000 0.000463
2533.000000 0.000462
2534.000000 0.000461
2535.000000 0.000460
2536.000000 0.000459
2537.000000 0.000457
2538.000000 0.000456
2539.000000 0.000455
2540.000000 0.000454
2541.000000 0.000452
2542.000000 0.000451
2543.000000 0.000450
2544.000000 0.000449
2545.000000 0.000448
2546.000000 0.000446
2547.000000 0.000445
2548.000000 0.000444
2549.000000 0.000443
2550.000000 0.000441
2551.000000 0.000440
2552.000000 0.000439
2553.000000 0.000438
2554.000000 0.000437
2555.000000 0.000435
2556.000000 0.000434
2557.000000 0.000433
2558.000000 0.000432
2559.000000 0.000430
2560.000000 0.000429
2561.000000 0.000428
2562.000000 0.000427
2563.000000 0.000426
2564.000000 0.000424
2565.000000 0.000423
2566.000000 0.000422
2567.000000 0.000421
2568.000000 0.000420
2569.000000 0.000418
2570.000000 0.000417
2571.000000 0.000416
2572.000000 0.000415
2573.000000 0.000413
2574.000000 0.000412
2575.000000 0.000411
2576.000000 0.000410
2577.000000 0.000409
2578.000000 0.000407
2579.000000 0.000406
2580.000000 0.000405
2581.000000 0.000404
2582.000000 0.000403
2583.000000 0.000401
2584.000000 0.000400
2585.000000 0.000399
2586.000000 0.000398
2587.000000 0.000397
2588.000000 0.000395
2589.000000 0.000394
2590.000000 0.000393
2591.000000 0.000392
2592.000000 0.000391
2593.000000 0.000389
2594.000000 0.000388
2595.000000 0.000387
2596.000000 0.000386
2597.000000 0.000385
2598.000000 0.000384
2599.000000 0.000382
2600.000000 0.000381
2601.000000 0.000380
2602.000000 0.000379
2603.000000 0.000378
2604.000000 0.000376
2605.000000 0.000375
2606.000000 0.000374
2607.000000 0.000373
2608.000000 0.000372
2609.000000 0.000371
2610.000000 0.000369
2611.000000 0.000368
2612.000000 0.000367
2613.000000 0.000366
2614.000000 0.000365
2615.000000 0.000364
2616.000000 0.000362
2617.000000 0.000361
2618.000000 0.000360
2619.000000 0.000359
2620.000000 0.000358
2621.000000 0.000357
2622.000000 0.000355
2623.000000 0.000354
2624.000000 0.000353
2625.000000 0.000352
2626.000000 0.000351
2627.000000 0.000350
2628.000000 0.000348
2629.000000 0.000347
2630.000000 0.000346
2631.000000 0.000345
2632.000000 0.000344
2633.000000 0.000343
2634.000000 0.000342
2635.000000 0.000340
2636.000000 0.000339
2637.000000 0.000338
2638.000000 0.000337
2639.000000 0.000336
2640.000000 0.000335
2641.000000 0.000334
2642.000000 0.000332
2643.000000 0.000331
2644.000000 0.000330
2645.000000 0.000329
2646.000000 0.000328
2647.000000 0.000327
2648.000000 0.000326
2649.000000 0.000324
2650.000000 0.000323
2651.000000 0.000322
2652.000000 0.000321
2653.000000 0.000320
2654.000000 0.000319
2655.000000 0.000318
2656.000000 0.000317
2657.000000 0.000316
2658.000000 0.000314
2659.000000 0.000313
2660.000000 0.000312
2661.000000 0.000311
2662.000000 0.000310
2663.000000 0.000309
2664.000000 0.000308
2665.000000 0.000307
2666.000000 0.000306
2667.000000 0.000304
2668.000000 0.000303
2669.000000 0.000302
2670.000000 0.000301
2671.000000 0.000300
2672.000000 0.000299
2673.000000 0.000298
2674.000000 0.000297
2675.000000 0.000296
2676.000000 0.000295
2677.000000 0.000294
2678.000000 0.000292
2679.000000 0.000291
2680.000000 0.000290
2681.000000 0.000289
2682.000000 0.000288
2683.000000 0.000287
2684.000000 0.000286
2685.000000 0.000285
2686.000000 0.000284
2687.000000 0.000283
2688.000000 0.000282
2689.000000 0.000281
2690.000000 0.000280
2691.000000 0.000279
2692.000000 0.000278
2693.000000 0.000276
2694.000000 0.000275
2695.000000 0.000274
2696.000000 0.000273
2697.000000 0.000272
2698.000000 0.000271
2699.000000 0.000270
2700.000000 0.000269
2701.000000 0.000268
2702.000000 0.000267
2703.000000 0.000266
2704.000000 0.000265
2705.000000 0.000264
2706.000000 0.000263
2707.000000 0.000262
2708.000000 0.000261
2709.000000 0.000260
2710.000000 0.000259
2711.000000 0.000258
2712.000000 0.000257
2713.000000 0.000256
2714.000000 0.000255
2715.000000 0.000254
2716.000000 0.000253
2717.000000 0.000252
2718.000000 0.000251
2719.000000 0.000250
2720.000000 0.000249
2721.000000 0.000248
2722.000000 0.000247
2723.000000 0.000246
2724.000000 0.000245
2725.000000 0.000244
2726.000000 0.000243
2727.000000 0.000242
2728.000000 0.000241
2729.000000 0.000240
2730.000000 0.000239
2731.000000 0.000238
2732.000000 0.000237
2733.000000 0.000236
2734.000000 0.000235
2735.000000 0.000234
2736.000000 0.000233
2737.000000 0.000232
2738.000000 0.000231
2739.000000 0.000230
2740.000000 0.000229
2741.000000 0.000228
2742.000000 0.000227
2743.000000 0.000226
2744.000000 0.000225
2745.000000 0.000224
2746.000000 0.000223
2747.000000 0.000222
2748.000000 0.000221
2749.000000 0.000220
2750.000000 0.000219
2751.000000 0.000219
2752.000000 0.000218
2753.000000 0.000217
2754.000000 0.000216
2755.000000 0.000215
2756.000000 0.000214
2757.000000 0.000213
2758.000000 0.000212
2759.000000 0.000211
2760.000000 0.000210
2761.000000 0.000209
2762.000000 0.000208
2763.000000 0.000207
2764.000000 0.000206
2765.000000 0.000206
2766.000000 0.000205
2767.000000 0.000204
2768.000000 0.000203
2769.000000 0.000202
2770.000000 0.000201
2771.000000 0.000200
2772.000000 0.000199
2773.000000 0.000198
2774.000000 0.000197
2775.000000 0.000197
2776.000000 0.000196
2777.000000 0.000195
2778.000000 0.000194
2779.000000 0.000193
2780.000000 0.000192
2781.000000 0.000191
2782.000000 0.000190
2783.000000 0.000190
2784.000000 0.000189
2785.000000 0.000188
2786.000000 0.000187
2787.000000 0.000186
2788.000000 0.000185
2789.000000 0.000184
2790.000000 0.000183
2791.000000 0.000183
2792.000000 0.000182
2793.000000 0.000181
2794.000000 0.000180
2795.000000 0.000179
2796.000000 0.000178
2797.000000 0.000178
2798.000000 0.000177
2799.000000 0.000176
2800.000000 0.000175
2801.000000 0.000174
2802.000000 0.000173
2803.000000 0.000173
2804.000000 0.000172
2805.000000 0.000171
2806.000000 0.000170
2807.000000 0.000169
2808.000000 0.000168
2809.000000 0.000168
2810.000000 0.000167
2811.000000 0.000166
2812.000000 0.000165
2813.000000 0.000164
2814.000000 0.000164
2815.000000 0.000163
2816.000000 0.000162
2817.000000 0.000161
2818.000000 0.000160
2819.000000 0.000160
2820.000000 0.000159
2821.000000 0.000158
2822.000000 0.000157
2823.000000 0.000156
2824.000000 0.000156
2825.000000 0.000155
2826.000000 0.000154
2827.000000 0.000153
2828.000000 0.000153
2829.000000 0.000152
2830.000000 0.000151
2831.000000 0.000150
2832.000000 0.000150
2833.000000 0.000149
2834.000000 0.000148
2835.000000 0.000147
2836.000000 0.000147
2837.000000 0.000146
2838.000000 0.000145
2839.000000 0.000144
2840.000000 0.000144
2841.000000 0.000143
2842.000000 0.000142
2843.000000 0.000141
2844.000000 0.000141
2845.000000 0.000140
2846.000000 0.000139
2847.000000 0.000138
2848.000000 0.000138
2849.000000 0.000137
2850.000000 0.000136
2851.000000 0.000136
2852.000000 0.000135
2853.000000 0.000134
2854.000000 0.000133
2855.000000 0.000133
2856.000000 0.000132
2857.000000 0.000131
2858.000000 0.000131
2859.000000 0.000130
2860.000000 0.000129
2861.000000 0.000129
2862.000000 0.000128
2863.000000 0.000127
2864.000000 0.000126
2865.000000 0.000126
2866.000000 0.000125
2867.000000 0.000124
2868.000000 0.000124
2869.000000 0.000123
2870.000000 0.000122
2871.000000 0.000122
2872.000000 0.000121
2873.000000 0.000120
2874.000000 0.000120
2875.000000 0.000119
2876.000000 0.000118
2877.000000 0.000118
2878.000000 0.000117
2879.000000 0.000116
2880.000000 0.000116
2881.000000 0.000115
2882.000000 0.000115
2883.000000 0.000114
2884.000000 0.000113
2885.000000 0.000113
2886.000000 0.000112
2887.000000 0.000111
2888.000000 0.000111
2889.000000 0.000110
2890.000000 0.000109
2891.000000 0.000109
2892.000000 0.000108
2893.000000 0.000108
2894.000000 0.000107
2895.000000 0.000106
2896.000000 0.000106
2897.000000 0.000105
2898.000000 0.000105
2899.000000 0.000104
2900.000000 0.000103
2901.000000 0.000103
2902.000000 0.000102
2903.000000 0.000102
2904.000000 0.000101
2905.000000 0.000100
2906.000000 0.000100
2907.000000 0.000099
2908.000000 0.000099
2909.000000 0.000098
2910.000000 0.000097
2911.000000 0.000097
2912.000000 0.000096
2913.000000 0.000096
2914.000000 0.000095
2915.000000 0.000095
2916.000000 0.000094
2917.000000 0.000093
2918.000000 0.000093
2919.000000 0.000092
2920.000000 0.000092
2921.000000 0.000091
2922.000000 0.000091
2923.000000 0.000090
2924.000000 0.000090
2925.000000 0.000089
2926.000000 0.000089
2927.000000 0.000088
2928.000000 0.000087
2929.000000 0.000087
2930.000000 0.000086
2931.000000 0.000086
2932.000000 0.000085
2933.000000 0.000085
2934.000000 0.000084
2935.000000 0.000084
2936.000000 0.000083
2937.000000 0.000083
2938.000000 0.000082
2939.000000 0.000082
2940.000000 0.000081
2941.000000 0.000081
2942.000000 0.000080
2943.000000 0.000080
2944.000000 0.000079
2945.000000 0.000079
2946.000000 0.000078
2947.000000 0.000078
2948.000000 0.000077
2949.000000 0.000077
2950.000000 0.000076
2951.000000 0.000076
2952.000000 0.000075
2953.000000 0.000075
2954.000000 0.000074
2955.000000 0.000074
2956.000000 0.000073
2957.000000 0.000073
2958.000000 0.000072
2959.000000 0.000072
2960.000000 0.000071
2961.000000 0.000071
2962.000000 0.000070
2963.000000 0.000070
2964.000000 0.000070
2965.000000 0.000069
2966.000000 0.000069
2967.000000 0.000068
2968.000000 0.000068
2969.000000 0.000067
2970.000000 0.000067
2971.000000 0.000066
2972.000000 0.000066
2973.000000 0.000065
2974.000000 0.000065
2975.000000 0.000065
2976.000000 0.000064
2977.000000 0.000064
2978.000000 0.000063
2979.000000 0.000063
2980.000000 0.000062
2981.000000 0.000062
2982.000000 0.000062
2983.000000 0.000061
2984.000000 0.000061
2985.000000 0.000060
2986.000000 0.000060
2987.000000 0.000060
2988.000000 0.000059
2989.000000 0.000059
2990.000000 0.000058
2991.000000 0.000058
2992.000000 0.000057
2993.000000 0.000057
2994.000000 0.000057
2995.000000 0.000056
2996.000000 0.000056
2997.000000 0.000055
2998.000000 0.000055
2999.000000 0.000055
3000.000000 0.000054
3001.000000 0.000054
3002.000000 0.000054
3003.000000 0.000053
3004.000000 0.000053
3005.000000 0.000052
3006.000000 0.000052
3007.000000 0.000052
3008.000000 0.000051
3009.000000 0.000051
3010.000000 0.000051
3011.000000 0.000050
3012.000000 0.000050
3013.000000 0.000049
3014.000000 0.000049
3015.000000 0.000049
3016.000000 0.000048
3017.000000 0.000048
3018.000000 0.000048
3019.000000 0.000047
3020.000000 0.000047
3021.000000 0.000047
3022.000000 0.000046
3023.000000 0.000046
3024.000000 0.000046
3025.000000 0.000045
3026.000000 0.000045
3027.000000 0.000045
3028.000000 0.000044
3029.000000 0.000044
3030.000000 0.000044
3031.000000 0.000043
3032.000000 0.000043
3033.000000 0.000043
3034.000000 0.000042
3035.000000 0.000042
3036.000000 0.000042
3037.000000 0.000041
3038.000000 0.000041
3039.000000 0.000041
3040.000000 0.000040
3041.000000 0.000040
3042.000000 0.000040
3043.000000 0.000040
3044.000000 0.000039
3045.000000 0.000039
3046.000000 0.000039
3047.000000 0.000038
3048.000000 0.000038
3049.000000 0.000038
3050.000000 0.000037
3051.000000 0.000037
3052.000000 0.000037
3053.000000 0.000037
3054.000000 0.000036
3055.000000 0.000036
3056.000000 0.000036
3057.000000 0.000035
3058.000000 0.000035
3059.000000 0.000035
3060.000000 0.000035
3061.000000 0.000034
3062.000000 0.000034
3063.000000 0.000034
3064.000000 0.000033
3065.000000 0.000033
3066.000000 0.000033
3067.000000 0.000033
3068.000000 0.000032
3069.000000 0.000032
3070.000000 0.000032
3071.000000 0.000032
3072.000000 0.000031
3073.000000 0.000031
3074.000000 0.000031
3075.000000 0.000031
3076.000000 0.000030
3077.000000 0.000030
3078.000000 0.000030
3079.000000 0.000030
3080.000000 0.000029
3081.000000 0.000029
3082.000000 0.000029
3083.000000 0.000029
3084.000000 0.000028
3085.000000 0.000028
3086.000000 0.000028
3087.000000 0.000028
3088.000000 0.000027
3089.000000 0.000027
3090.000000 0.000027
3091.000000 0.000027
3092.000000 0.000027
3093.000000 0.000026
3094.000000 0.000026
3095.000000 0.000026
3096.000000 0.000026
3097.000000 0.000025
3098.000000 0.000025
3099.000000 0.000025
3100.000000 0.000025
3101.000000 0.000025
3102.000000 0.000024
3103.000000 0.000024
3104.000000 0.000024
3105.000000 0.000024
3106.000000 0.000023
3107.000000 0.000023
3108.000000 0.000023
3109.000000 0.000023
3110.000000 0.000023
3111.000000 0.000022
3112.000000 0.000022
3113.000000 0.000022
3114.000000 0.000022
3115.000000 0.000022
3116.000000 0.000021
3117.000000 0.000021
3118.000000 0.000021
3119.000000 0.000021
3120.000000 0.000021
3121.000000 0.000021
3122.000000 0.000020
3123.000000 0.000020
3124.000000 0.000020
3125.000000 0.000020
3126.000000 0.000020
3127.000000 0.000019
3128.000000 0.000019
3129.000000 0.000019
3130.000000 0.000019
3131.000000 0.000019
3132.000000 0.000019
3133.000000 0.000018
3134.000000 0.000018
3135.000000 0.000018
3136.000000 0.000018
3137.000000 0.000018
3138.000000 0.000018
3139.000000 0.000017
3140.000000 0.000017
3141.000000 0.000017
3142.000000 0.000017
3143.000000 0.000017
3144.000000 0.000017
3145.000000 0.000016
3146.000000 0.000016
3147.000000 0.000016
3148.000000 0.000016
3149.000000 0.000016
3150.000000 0.000016
3151.000000 0.000015
3152.000000 0.000015
3153.000000 0.000015
3154.000000 0.000015
3155.000000 0.000015
3156.000000 0.000015
3157.000000 0.000015
3158.000000 0.000014
3159.000000 0.000014
3160.000000 0.000014
3161.000000 0.000014
3162.000000 0.000014
3163.000000 0.000014
3164.000000 0.000014
3165.000000 0.000014
3166.000000 0.000013
3167.000000 0.000013
3168.000000 0.000013
3169.000000 0.000013
3170.000000 0.000013
3171.000000 0.000013
3172.000000 0.000013
3173.000000 0.000012
3174.000000 0.000012
3175.000000 0.000012
3176.000000 0.000012
3177.000000 0.000012
3178.000000 0.000012
3179.000000 0.000012
3180.000000 0.000012
3181.000000 0.000011
3182.000000 0.000011
3183.000000 0.000011
3184.000000 0.000011
3185.000000 0.000011
3186.000000 0.000011
3187.000000 0.000011
3188.000000 0.000011
3189.000000 0.000011
3190.000000 0.000010
3191.000000 0.000010
3192.000000 0.000010
3193.000000 0.000010
3194.000000 0.000010
3195.000000 0.000010
3196.000000 0.000010
3197.000000 0.000010
3198.000000 0.000010
3199.000000 0.000009
3200.000000 0.000009
3201.000000 0.000009
3202.000000 0.000009
3203.000000 0.000009
3204.000000 0.000009
3205.000000 0.000009
3206.000000 0.000009
3207.000000 0.000009
3208.000000 0.000009
3209.000000 0.000009
3210.000000 0.000008
3211.000000 0.000008
3212.000000 0.000008
3213.000000 0.000008
3214.000000 0.000008
3215.000000 0.000008
3216.000000 0.000008
3217.000000 0.000008
3218.000000 0.000008
3219.000000 0.000008
3220.000000 0.000008
3221.000000 0.000007
3222.000000 0.000007
3223.000000 0.000007
3224.000000 0.000007
3225.000000 0.000007
3226.000000 0.000007
3227.000000 0.000007
3228.000000 0.000007
3229.000000 0.000007
3230.000000 0.000007
3231.000000 0.000007
3232.000000 0.000007
3233.000000 0.000007
3234.000000 0.000006
3235.000000 0.000006
3236.000000 0.000006
3237.000000 0.000006
3238.000000 0.000006
3239.000000 0.000006
3240.000000 0.000006
3241.000000 0.000006
3242.000000 0.000006
3243.000000 0.000006
3244.000000 0.000006
3245.000000 0.000006
3246.000000 0.000006
3247.000000 0.000006
3248.000000 0.000005
3249.000000 0.000005
3250.000000 0.000005
3251.000000 0.000005
3252.000000 0.000005
3253.000000 0.000005
3254.000000 0.000005
3255.000000 0.000005
3256.000000 0.000005
3257.000000 0.000005
3258.000000 0.000005
3259.000000 0.000005
3260.000000 0.000005
3261.000000 0.000005
3262.000000 0.000005
3263.000000 0.000005
3264.000000 0.000004
3265.000000 0.000004
3266.000000 0.000004
3267.000000 0.000004
3268.000000 0.000004
3269.000000 0.000004
3270.000000 0.000004
3271.000000 0.000004
3272.000000 0.000004
3273.000000 0.000004
3274.000000 0.000004
3275.000000 0.000004
3276.000000 0.000004
3277.000000 0.000004
3278.000000 0.000004
3279.000000 0.000004
3280.000000 0.000004
3281.000000 0.000004
3282.000000 0.000004
3283.000000 0.000004
3284.000000 0.000003
3285.000000 0.000003
3286.000000 0.000003
3287.000000 0.000003
3288.000000 0.000003
3289.000000 0.000003
3290.000000 0.000003
3291.000000 0.000003
3292.000000 0.000003
3293.000000 0.000003
3294.000000 0.000003
3295.000000 0.000003
3296.000000 0.000003
3297.000000 0.000003
3298.000000 0.000003
3299.000000 0.000003
3300.000000 0.000003
3301.000000 0.000003
3302.000000 0.000003
3303.000000 0.000003
3304.000000 0.000003
3305.000000 0.000003
3306.000000 0.000003
3307.000000 0.000003
3308.000000 0.000003
3309.000000 0.000002
3310.000000 0.000002
3311.000000 0.000002
3312.000000 0.000002
3313.000000 0.000002
3314.000000 0.000002
3315.000000 0.000002
3316.000000 0.000002
3317.000000 0.000002
3318.000000 0.000002
3319.000000 0.000002
3320.000000 0.000002
3321.000000 0.000002
3322.000000 0.000002
3323.000000 0.000002
3324.000000 0.000002
3325.000000 0.000002
3326.000000 0.000002
3327.000000 0.000002
3328.000000 0.000002
3329.000000 0.000002
3330.000000 0.000002
3331.000000 0.000002
3332.000000 0.000002
3333.000000 0.000002
3334.000000 0.000002
3335.000000 0.000002
3336.000000 0.000002
3337.000000 0.000002
3338.000000 0.000002
3339.000000 0.000002
3340.000000 0.000002
3341.000000 0.000002
3342.000000 0.000002
3343.000000 0.000002
3344.000000 0.000002
3345.000000 0.000001
3346.000000 0.000001
3347.000000 0.000001
3348.000000 0.000001
3349.000000 0.000001
3350.000000 0.000001
3351.000000 0.000001
3352.000000 0.000001
3353.000000 0.000001
3354.000000 0.000001
3355.000000 0.000001
3356.000000 0.000001
3357.000000 0.000001
3358.000000 0.000001
3359.000000 0.000001
3360.000000 0.000001
3361.000000 0.000001
3362.000000 0.000001
3363.000000 0.000001
3364.000000 0.000001
3365.000000 0.000001
3366.000000 0.000001
3367.000000 0.000001
3368.000000 0.000001
3369.000000 0.000001
3370.000000 0.000001
3371.000000 0.000001
3372.000000 0.000001
3373.000000 0.000001
3374.000000 0.000001
3375.000000 0.000001
3376.000000 0.000001
3377.000000 0.000001
3378.000000 0.000001
3379.000000 0.000001
3380.000000 0.000001
3381.000000 0.000001
3382.000000 0.000001
3383.000000 0.000001
3384.000000 0.000001
3385.000000 0.000001
3386.000000 0.000001
3387.000000 0.000001
3388.000000 0.000001
3389.000000 0.000001
3390.000000 0.000001
3391.000000 0.000001
3392.000000 0.000001
3393.000000 0.000001
3394.000000 0.000001
3395.000000 0.000001
3396.000000 0.000001
3397.000000 0.000001
3398.000000 0.000001
3399.000000 0.000001
3400.000000 0.000001
3401.000000 0.000001
3402.000000 0.000001
3403.000000 0.000001
3404.000000 0.000001
3405.000000 0.000001
3406.000000 0.000001
3407.000000 0.000001
3408.000000 0.000001
3409.000000 0.000001
3410.000000 0.000001
3411.000000 0.000001
3412.000000 0.000000
3413.000000 0.000000
3414.000000 0.000000
3415.000000 0.000000
3416.000000 0.000000
3417.000000 0.000000
3418.000000 0.000000
3419.000000 0.000000
3420.000000 0.000000
3421.000000 0.000000
3422.000000 0.000000
3423.000000 0.000000
3424.000000 0.000000
3425.000000 0.000000
3426.000000 0.000000
3427.000000 0.000000
3428.000000 0.000000
3429.000000 0.000000
3430.000000 0.000000
3431.000000 0.000000
3432.000000 0.000000
3433.000000 0.000000
3434.000000 0.000000
3435.000000 0.000000
3436.000000 0.000000
3437.000000 0.000000
3438.000000 0.000000
3439.000000 0.000000
3440.000000 0.000000
3441.000000 0.000000
3442.000000 0.000000
3443.000000 0.000000
3444.000000 0.000000
3445.000000 0.000000
3446.000000 0.000000
3447.000000 0.000000
3448.000000 0.000000
3449.000000 0.000000
3450.000000 0.000000
3451.000000 0.000000
3452.000000 0.000000
3453.000000 0.000000
3454.000000 0.000000
3455.000000 0.000000
3456.000000 0.000000
3457.000000 0.000000
3458.000000 0.000000
3459.000000 0.000000
3460.000000 0.000000
3461.000000 0.000000
3462.000000 0.000000
3463.000000 0.000000
3464.000000 0.000000
3465.000000 0.000000
3466.000000 0.000000
3467.000000 0.000000
3468.000000 0.000000
3469.000000 0.000000
3470.000000 0.000000
3471.000000 0.000000
3472.000000 0.000000
3473.000000 0.000000
3474.000000 0.000000
3475.000000 0.000000
3476.000000 0.000000
3477.000000 0.000000
3478.000000 0.000000
3479.000000 0.000000
3480.000000 0.000000
3481.000000 0.000000
3482.000000 0.000000
3483.000000 0.000000
3484.000000 0.000000
3485.000000 0.000000
3486.000000 0.000000
3487.000000 0.000000
3488.000000 0.000000
3489.000000 0.000000
3490.000000 0.000000
3491.000000 0.000000
3492.000000 0.000000
3493.000000 0.000000
3494.000000 0.000000
3495.000000 0.000000
3496.000000 0.000000
3497.000000 0.000000
3498.000000 0.000000
3499.000000 0.000000
3500.000000 0.000000
3501.000000 0.000000
3502.000000 0.000000
3503.000000 0.000000
3504.000000 0.000000
3505.000000 0.000000
3506.000000 0.000000
3507.000000 0.000000
3508.000000 0.000000
3509.000000 0.000000
3510.000000 0.000000
3511.000000 0.000000
3512.000000 0.000000
3513.000000 0.000000
3514.000000 0.000000
3515.000000 0.000000
3516.000000 0.000000
3517.000000 0.000000
3518.000000 0.000000
3519.000000 0.000000
3520.000000 0.000000
3521.000000 0.000000
3522.000000 0.000000
3523.000000 0.000000
3524.000000 0.000000
3525.000000 0.000000
3526.000000 0.000000
3527.000000 0.000000
3528.000000 0.000000
3529.000000 0.000000
3530.000000 0.000000
3531.000000 0.000000
3532.000000 0.000000
3533.000000 0.000000
3534.000000 0.000000
3535.000000 0.000000
3536.000000 0.000000
3537.000000 0.000000
3538.000000 0.000000
3539.000000 0.000000
3540.000000 0.000000
3541.000000 0.000000
3542.000000 0.000000
3543.000000 0.000000
3544.000000 0.000000
3545.000000 0.000000
3546.000000 0.000000
3547.000000 0.000000
3548.000000 0.000000
3549.000000 0.000000
3550.000000 0.000000
3551.000000 0.000000
3552.000000 0.000000
3553.000000 0.000000
3554.000000 0.000000
3555.000000 0.000000
3556.000000 0.000000
3557.000000 0.000000
3558.000000 0.000000
3559.000000 0.000000
3560.000000 0.000000
3561.000000 0.000000
3562.000000 0.000000
3563.000000 0.000000
3564.000000 0.000000
3565.000000 0.000000
3566.000000 0.000000
3567.000000 0.000000
3568.000000 0.000000
3569.000000 0.000000
3570.000000 0.000000
3571.000000 0.000000
3572.000000 0.000000
3573.000000 0.000000
3574.000000 0.000000
3575.000000 0.000000
3576.000000 0.000000
3577.000000 0.000000
3578.000000 0.000000
3579.000000 0.000000
3580.000000 0.000000
3581.000000 0.000000
3582.000000 0.000000
3583.000000 0.000000
3584.000000 0.000000
3585.000000 0.000000
3586.000000 0.000000
3587.000000 0.000000
3588.000000 0.000000
3589.000000 0.000000
3590.000000 0.000000
3591.000000 0.000000
3592.000000 0.000000
3593.000000 0.000000
3594.000000 0.000000
3595.000000 0.000000
3596.000000 0.000000
3597.000000 0.000000
3598.000000 0.000000
3599.000000 0.000000
3600.000000 0.000000
3601.000000 0.000000
3602.000000 0.000000
3603.000000 0.000000
3604.000000 0.000000
3605.000000 0.000000
3606.000000 0.000000
3607.000000 0.000000
3608.000000 0.000000
3609.000000 0.000000
3610.000000 0.000000
3611.000000 0.000000
3612.000000 0.000000
3613.000000 0.000000
3614.000000 0.000000
3615.000000 0.000000
3616.000000 0.000000
3617.000000 0.000000
3618.000000 0.000000
3619.000000 0.000000
3620.000000 0.000000
3621.000000 0.000000
3622.000000 0.000000
3623.000000 0.000000
3624.000000 0.000000
3625.000000 0.000000
3626.000000 0.000000
3627.000000 0.000000
3628.000000 0.000000
3629.000000 0.000000
3630.000000 0.000000
3631.000000 0.000000
3632.000000 0.000000
3633.000000 0.000000
3634.000000 0.000000
3635.000000 0.000000
3636.000000 0.000000
3637.000000 0.000000
3638.000000 0.000000
3639.000000 0.000000
3640.000000 0.000000
3641.000000 0.000000
3642.000000 0.000000
3643.000000 0.000000
3644.000000 0.000000
3645.000000 0.000000
3646.000000 0.000000
3647.000000 0.000000
3648.000000 0.000000
3649.000000 0.000000
3650.000000 0.000000
3651.000000 0.000000
3652.000000 0.000000
3653.000000 0.000000
3654.000000 0.000000
3655.000000 0.000000
3656.000000 0.000000
3657.000000 0.000000
3658.000000 0.000000
3659.000000 0.000000
3660.000000 0.000000
3661.000000 0.000000
3662.000000 0.000000
3663.000000 0.000000
3664.000000 0.000000
3665.000000 0.000000
3666.000000 0.000000
3667.000000 0.000000
3668.000000 0.000000
3669.000000 0.000000
3670.000000 0.000000
3671.000000 0.000000
3672.000000 0.000000
3673.000000 0.000000
3674.000000 0.000000
3675.000000 0.000000
3676.000000 0.000000
3677.000000 0.000000
3678.000000 0.000000
3679.000000 0.000000
3680.000000 0.000000
3681.000000 0.000000
3682.000000 0.000000
3683.000000 0.000000
3684.000000 0.000000
3685.000000 0.000000
3686.000000 0.000000
3687.000000 0.000000
3688.000000 0.000000
3689.000000 0.000000
3690.000000 0.000000
3691.000000 0.000000
3692.000000 0.000000
3693.000000 0.000000
3694.000000 0.000000
3695.000000 0.000000
3696.000000 0.000000
3697.000000 0.000000
3698.000000 0.000000
3699.000000 0.000000
3700.000000 0.000000
3701.000000 0.000000
3702.000000 0.000000
3703.000000 0.000000
3704.000000 0.000000
3705.000000 0.000000
3706.000000 0.000000
3707.000000 0.000000
3708.000000 0.000000
3709.000000 0.000000
3710.000000 0.000000
3711.000000 0.000000
3712.000000 0.000000
3713.000000 0.000000
3714.000000 0.000000
3715.000000 0.000000
3716.000000 0.000000
3717.000000 0.000000
3718.000000 0.000000
3719.000000 0.000000
3720.000000 0.000000
3721.000000 0.000000
3722.000000 0.000000
3723.000000 0.000000
3724.000000 0.000000
3725.000000 0.000000
3726.000000 0.000000
3727.000000 0.000000
3728.000000 0.000000
3729.000000 0.000000
3730.000000 0.000000
3731.000000 0.000000
3732.000000 0.000000
3733.000000 0.000000
3734.000000 0.000000
3735.000000 0.000000
3736.000000 0.000000
3737.000000 0.000000
3738.000000 0.000000
3739.000000 0.000000
3740.000000 0.000000
3741.000000 0.000000
3742.000000 0.000000
3743.000000 0.000000
3744.000000 0.000000
3745.000000 0.000000
3746.000000 0.000000
3747.000000 0.000000
3748.000000 0.000000
3749.000000 0.000000
3750.000000 0.000000
3751.000000 0.000000
3752.000000 0.000000
3753.000000 0.000000
3754.000000 0.000000
3755.000000 0.000000
3756.000000 0.000000
3757.000000 0.000000
3758.000000 0.000000
3759.000000 0.000000
3760.000000 0.000000
3761.000000 0.000000
3762.000000 0.000000
3763.000000 0.000000
3764.000000 0.000000
3765.000000 0.000000
3766.000000 0.000000
3767.000000 0.000000
3768.000000 0.000000
3769.000000 0.000000
3770.000000 0.000000
3771.000000 0.000000
3772.000000 0.000000
3773.000000 0.000000
3774.000000 0.000000
3775.000000 0.000000
3776.000000 0.000000
3777.000000 0.000000
3778.000000 0.000000
3779.000000 0.000000
3780.000000 0.000000
3781.000000 0.000000
3782.000000 0.000000
3783.000000 0.000000
3784.000000 0.000000
3785.000000 0.000000
3786.000000 0.000000
3787.000000 0.000000
3788.000000 0.000000
3789.000000 0.000000
3790.000000 0.000000
3791.000000 0.000000
3792.000000 0.000000
3793.000000 0.000000
3794.000000 0.000000
3795.000000 0.000000
3796.000000 0.000000
3797.000000 0.000000
3798.000000 0.000000
3799.000000 0.000000
3800.000000 0.000000
3801.000000 0.000000
3802.000000 0.000000
3803.000000 0.000000
3804.000000 0.000000
3805.000000 0.000000
3806.000000 0.000000
3807.000000 0.000000
3808.000000 0.000000
3809.000000 0.000000
3810.000000 0.000000
3811.000000 0.000000
3812.000000 0.000000
3813.000000 0.000000
3814.000000 0.000000
3815.000000 0.000000
3816.000000 0.000000
3817.000000 0.000000
3818.000000 0.000000
3819.000000 0.000000
3820.000000 0.000000
3821.000000 0.000000
3822.000000 0.000000
3823.000000 0.000000
3824.000000 0.000000
3825.000000 0.000000
3826.000000 0.000000
3827.000000 0.000000
3828.000000 0.000000
3829.000000 0.000000
3830.000000 0.000000
3831.000000 0.000000
3832.000000 0.000000
3833.000000 0.000000
3834.000000 0.000000
3835.000000 0.000000
3836.000000 0.000000
3837.000000 0.000000
3838.000000 0.000000
3839.000000 0.000000
3840.000000 0.000000
3841.000000 0.000000
3842.000000 0.000000
3843.000000 0.000000
3844.000000 0.000000
3845.000000 0.000000
3846.000000 0.000000
3847.000000 0.000000
3848.000000 0.000000
3849.000000 0.000000
3850.000000 0.000000
3851.000000 0.000000
3852.000000 0.000000
3853.000000 0.000000
3854.000000 0.000000
3855.000000 0.000000
3856.000000 0.000000
3857.000000 0.000000
3858.000000 0.000000
3859.000000 0.000000
3860.000000 0.000000
3861.000000 0.000000
3862.000000 0.000000
3863.000000 0.000000
3864.000000 0.000000
3865.000000 0.000000
3866.000000 0.000000
3867.000000 0.000000
3868.000000 0.000000
3869.000000 0.000000
3870.000000 0.000000
3871.000000 0.000000
3872.000000 0.000000
3873.000000 0.000000
3874.000000 0.000000
3875.000000 0.000000
3876.000000 0.000000
3877.000000 0.000000
3878.000000 0.000000
3879.000000 0.000000
3880.000000 0.000000
3881.000000 0.000000
3882.000000 0.000000
3883.000000 0.000000
3884.000000 0.000000
3885.000000 0.000000
3886.000000 0.000000
3887.000000 0.000000
3888.000000 0.000000
3889.000000 0.000000
3890.000000 0.000000
3891.000000 0.000000
3892.000000 0.000000
3893.000000 0.000000
3894.000000 0.000000
3895.000000 0.000000
3896.000000 0.000000
3897.000000 0.000000
3898.000000 0.000000
3899.000000 0.000000
3900.000000 0.000000
3901.000000 0.000000
3902.000000 0.000000
3903.000000 0.000000
3904.000000 0.000000
3905.000000 0.000000
3906.000000 0.000000
3907.000000 0.000000
3908.000000 0.000000
3909.000000 0.000000
3910.000000 0.000000
3911.000000 0.000000
3912.000000 0.000000
3913.000000 0.000000
3914.000000 0.000000
3915.000000 0.000000
3916.000000 0.000000
3917.000000 0.000000
3918.000000 0.000000
3919.000000 0.000000
3920.000000 0.000000
3921.000000 0.000000
3922.000000 0.000000
3923.000000 0.000000
3924.000000 0.000000
3925.000000 0.000000
3926.000000 0.000000
3927.000000 0.000000
3928.000000 0.000000
3929.000000 0.000000
3930.000000 0.000000
3931.000000 0.000000
3932.000000 0.000000
3933.000000 0.000000
3934.000000 0.000000
3935.000000 0.000000
3936.000000 0.000000
3937.000000 0.000000
3938.000000 0.000000
3939.000000 0.000000
3940.000000 0.000000
3941.000000 0.000000
3942.000000 0.000000
3943.000000 0.000000
3944.000000 0.000000
3945.000000 0.000000
3946.000000 0.000000
3947.000000 0.000000
3948.000000 0.000000
3949.000000 0.000000
3950.000000 0.000000
3951.000000 0.000000
3952.000000 0.000000
3953.000000 0.000000
3954.000000 0.000000
3955.000000 0.000000
3956.000000 0.000000
3957.000000 0.000000
3958.000000 0.000000
3959.000000 0.000000
3960.000000 0.000000
3961.000000 0.000000
3962.000000 0.000000
3963.000000 0.000000
3964.000000 0.000000
3965.000000 0.000000
3966.000000 0.000000
3967.000000 0.000000
3968.000000 0.000000
3969.000000 0.000000
3970.000000 0.000000
3971.000000 0.000000
3972.000000 0.000000
3973.000000 0.000000
3974.000000 0.000000
3975.000000 0.000000
3976.000000 0.000000
3977.000000 0.000000
3978.000000 0.000000
3979.000000 0.000000
3980.000000 0.000000
3981.000000 0.000000
3982.000000 0.000000
3983.000000 0.000000
3984.000000 0.000000
3985.000000 0.000000
3986.000000 0.000000
3987.000000 0.000000
3988.000000 0.000000
3989.000000 0.000000
3990.000000 0.000000
3991.000000 0.000000
3992.000000 0.000000
3993.000000 0.000000
3994.000000 0.000000
3995.000000 0.000000
3996.000000 0.000000
3997.000000 0.000000
3998.000000 0.000000
3999.000000 0.000000
4000.000000 0.000000
