n lam mean variance std
4000 0.720000 2000.500000 105733.186276 325.166398
bin_midpoint probability
1.000000 0.000000
2.000000 0.000000
3.000000 0.000000
4.000000 0.000000
5.000000 0.000000
6.000000 0.000000
7.000000 0.000000
8.000000 0.000000
9.000000 0.000000
10.000000 0.000000
11.000000 0.000000
12.000000 0.000000
13.000000 0.000000
14.000000 0.000000
15.000000 0.000000
16.000000 0.000000
17.000000 0.000000
18.000000 0.000000
19.000000 0.000000
20.000000 0.000000
21.000000 0.000000
22.000000 0.000000
23.000000 0.000000
24.000000 0.000000
25.000000 0.000000
26.000000 0.000000
27.000000 0.000000
28.000000 0.000000
29.000000 0.000000
30.000000 0.000000
31.000000 0.000000
32.000000 0.000000
33.000000 0.000000
34.000000 0.000000
35.000000 0.000000
36.000000 0.000000
37.000000 0.000000
38.000000 0.000000
39.000000 0.000000
40.000000 0.000000
41.000000 0.000000
42.000000 0.000000
43.000000 0.000000
44.000000 0.000000
45.000000 0.000000
46.000000 0.000000
47.000000 0.000000
48.000000 0.000000
49.000000 0.000000
50.000000 0.000000
51.000000 0.000000
52.000000 0.000000
53.000000 0.000000
54.000000 0.000000
55.000000 0.000000
56.000000 0.000000
57.000000 0.000000
58.000000 0.000000
59.000000 0.000000
60.000000 0.000000
61.000000 0.000000
62.000000 0.000000
63.000000 0.000000
64.000000 0.000000
65.000000 0.000000
66.000000 0.000000
67.000000 0.000000
68.000000 0.000000
69.000000 0.000000
70.000000 0.000000
71.000000 0.000000
72.000000 0.000000
73.000000 0.000000
74.000000 0.000000
75.000000 0.000000
76.000000 0.000000
77.000000 0.000000
78.000000 0.000000
79.000000 0.000000
80.000000 0.000000
81.000000 0.000000
82.000000 0.000000
83.000000 0.000000
84.000000 0.000000
85.000000 0.000000
86.000000 0.000000
87.000000 0.000000
88.000000 0.000000
89.000000 0.000000
90.000000 0.000000
91.000000 0.000000
92.000000 0.000000
93.000000 0.000000
94.000000 0.000000
95.000000 0.000000
96.000000 0.000000
97.000000 0.000000
98.000000 0.000000
99.000000 0.000000
100.000000 0.000000
101.000000 0.000000
102.000000 0.000000
103.000000 0.000000
104.000000 0.000000
105.000000 0.000000
106.000000 0.000000
107.000000 0.000000
108.000000 0.000000
109.000000 0.000000
110.000000 0.000000
111.000000 0.000000
112.000000 0.000000
113.000000 0.000000
114.000000 0.000000
115.000000 0.000000
116.000000 0.000000
117.000000 0.000000
118.000000 0.000000
119.000000 0.000000
120.000000 0.000000
121.000000 0.000000
122.000000 0.000000
123.000000 0.000000
124.000000 0.000000
125.000000 0.000000
126.000000 0.000000
127.000000 0.000000
128.000000 0.000000
129.000000 0.000000
130.000000 0.000000
131.000000 0.000000
132.000000 0.000000
133.000000 0.000000
134.000000 0.000000
135.000000 0.000000
136.000000 0.000000
137.000000 0.000000
138.000000 0.000000
139.000000 0.000000
140.000000 0.000000
141.000000 0.000000
142.000000 0.000000
143.000000 0.000000
144.000000 0.000000
145.000000 0.000000
146.000000 0.000000
147.000000 0.000000
148.000000 0.000000
149.000000 0.000000
150.000000 0.000000
151.000000 0.000000
152.000000 0.000000
153.000000 0.000000
154.000000 0.000000
155.000000 0.000000
156.000000 0.000000
157.000000 0.000000
158.000000 0.000000
159.000000 0.000000
160.000000 0.000000
161.000000 0.000000
162.000000 0.000000
163.000000 0.000000
164.000000 0.000000
165.000000 0.000000
166.000000 0.000000
167.000000 0.000000
168.000000 0.000000
169.000000 0.000000
170.000000 0.000000
171.000000 0.000000
172.000000 0.000000
173.000000 0.000000
174.000000 0.000000
175.000000 0.000000
176.000000 0.000000
177.000000 0.000000
178.000000 0.000000
179.000000 0.000000
180.000000 0.000000
181.000000 0.000000
182.000000 0.000000
183.000000 0.000000
184.000000 0.000000
185.000000 0.000000
186.000000 0.000000
187.000000 0.000000
188.000000 0.000000
189.000000 0.000000
190.000000 0.000000
191.000000 0.000000
192.000000 0.000000
193.000000 0.000000
194.000000 0.000000
195.000000 0.000000
196.000000 0.000000
197.000000 0.000000
198.000000 0.000000
199.000000 0.000000
200.000000 0.000000
201.000000 0.000000
202.000000 0.000000
203.000000 0.000000
204.000000 0.000000
205.000000 0.000000
206.000000 0.000000
207.000000 0.000000
208.000000 0.000000
209.000000 0.000000
210.000000 0.000000
211.000000 0.000000
212.000000 0.000000
213.000000 0.000000
214.000000 0.000000
215.000000 0.000000
216.000000 0.000000
217.000000 0.000000
218.000000 0.000000
219.000000 0.000000
220.000000 0.000000
221.000000 0.000000
222.000000 0.000000
223.000000 0.000000
224.000000 0.000000
225.000000 0.000000
226.000000 0.000000
227.000000 0.000000
228.000000 0.000000
229.000000 0.000000
230.000000 0.000000
231.000000 0.000000
232.000000 0.000000
233.000000 0.000000
234.000000 0.000000
235.000000 0.000000
236.000000 0.000000
237.000000 0.000000
238.000000 0.000000
239.000000 0.000000
240.000000 0.000000
241.000000 0.000000
242.000000 0.000000
243.000000 0.000000
244.000000 0.000000
245.000000 0.000000
246.000000 0.000000
247.000000 0.000000
248.000000 0.000000
249.000000 0.000000
250.000000 0.000000
251.000000 0.000000
252.000000 0.000000
253.000000 0.000000
254.000000 0.000000
255.000000 0.000000
256.000000 0.000000
257.000000 0.000000
258.000000 0.000000
259.000000 0.000000
260.000000 0.000000
261.000000 0.000000
262.000000 0.000000
263.000000 0.000000
264.000000 0.000000
265.000000 0.000000
266.000000 0.000000
267.000000 0.000000
268.000000 0.000000
269.000000 0.000000
270.000000 0.000000
271.000000 0.000000
272.000000 0.000000
273.000000 0.000000
274.000000 0.000000
275.000000 0.000000
276.000000 0.000000
277.000000 0.000000
278.000000 0.000000
279.000000 0.000000
280.000000 0.000000
281.000000 0.000000
282.000000 0.000000
283.000000 0.000000
284.000000 0.000000
285.000000 0.000000
286.000000 0.000000
287.000000 0.000000
288.000000 0.000000
289.000000 0.000000
290.000000 0.000000
291.000000 0.000000
292.000000 0.000000
293.000000 0.000000
294.000000 0.000000
295.000000 0.000000
296.000000 0.000000
297.000000 0.000000
298.000000 0.000000
299.000000 0.000000
300.000000 0.000000
301.000000 0.000000
302.000000 0.000000
303.000000 0.000000
304.000000 0.000000
305.000000 0.000000
306.000000 0.000000
307.000000 0.000000
308.000000 0.000000
309.000000 0.000000
310.000000 0.000000
311.000000 0.000000
312.000000 0.000000
313.000000 0.000000
314.000000 0.000000
315.000000 0.000000
316.000000 0.000000
317.000000 0.000000
318.000000 0.000000
319.000000 0.000000
320.000000 0.000000
321.000000 0.000000
322.000000 0.000000
323.000000 0.000000
324.000000 0.000000
325.000000 0.000000
326.000000 0.000000
327.000000 0.000000
328.000000 0.000000
329.000000 0.000000
330.000000 0.000000
331.000000 0.000000
332.000000 0.000000
333.000000 0.000000
334.000000 0.000000
335.000000 0.000000
336.000000 0.000000
337.000000 0.000000
338.000000 0.000000
339.000000 0.000000
340.000000 0.000000
341.000000 0.000000
342.000000 0.000000
343.000000 0.000000
344.000000 0.000000
345.000000 0.000000
346.000000 0.000000
347.000000 0.000000
348.000000 0.000000
349.000000 0.000000
350.000000 0.000000
351.000000 0.000000
352.000000 0.000000
353.000000 0.000000
354.000000 0.000000
355.000000 0.000000
356.000000 0.000000
357.000000 0.000000
358.000000 0.000000
359.000000 0.000000
360.000000 0.000000
361.000000 0.000000
362.000000 0.000000
363.000000 0.000000
364.000000 0.000000
365.000000 0.000000
366.000000 0.000000
367.000000 0.000000
368.000000 0.000000
369.000000 0.000000
370.000000 0.000000
371.000000 0.000000
372.000000 0.000000
373.000000 0.000000
374.000000 0.000000
375.000000 0.000000
376.000000 0.000000
377.000000 0.000000
378.000000 0.000000
379.000000 0.000000
380.000000 0.000000
381.000000 0.000000
382.000000 0.000000
383.000000 0.000000
384.000000 0.000000
385.000000 0.000000
386.000000 0.000000
387.000000 0.000000
388.000000 0.000000
389.000000 0.000000
390.000000 0.000000
391.000000 0.000000
392.000000 0.000000
393.000000 0.000000
394.000000 0.000000
395.000000 0.000000
396.000000 0.000000
397.000000 0.000000
398.000000 0.000000
399.000000 0.000000
400.000000 0.000000
401.000000 0.000000
402.000000 0.000000
403.000000 0.000000
404.000000 0.000000
405.000000 0.000000
406.000000 0.000000
407.000000 0.000000
408.000000 0.000000
409.000000 0.000000
410.000000 0.000000
411.000000 0.000000
412.000000 0.000000
413.000000 0.000000
414.000000 0.000000
415.000000 0.000000
416.000000 0.000000
417.000000 0.000000
418.000000 0.000000
419.000000 0.000000
420.000000 0.000000
421.000000 0.000000
422.000000 0.000000
423.000000 0.000000
424.000000 0.000000
425.000000 0.000000
426.000000 0.000000
427.000000 0.000000
428.000000 0.000000
429.000000 0.000000
430.000000 0.000000
431.000000 0.000000
432.000000 0.000000
433.000000 0.000000
434.000000 0.000000
435.000000 0.000000
436.000000 0.000000
437.000000 0.000000
438.000000 0.000000
439.000000 0.000000
440.000000 0.000000
441.000000 0.000000
442.000000 0.000000
443.000000 0.000000
444.000000 0.000000
445.000000 0.000000
446.000000 0.000000
447.000000 0.000000
448.000000 0.000000
449.000000 0.000000
450.000000 0.000000
451.000000 0.000000
452.000000 0.000000
453.000000 0.000000
454.000000 0.000000
455.000000 0.000000
456.000000 0.000000
457.000000 0.000000
458.000000 0.000000
459.000000 0.000000
460.000000 0.000000
461.000000 0.000000
462.000000 0.000000
463.000000 0.000000
464.000000 0.000000
465.000000 0.000000
466.000000 0.000000
467.000000 0.000000
468.000000 0.000000
469.000000 0.000000
470.000000 0.000000
471.000000 0.000000
472.000000 0.000000
473.000000 0.000000
474.000000 0.000000
475.000000 0.000000
476.000000 0.000000
477.000000 0.000000
478.000000 0.000000
479.000000 0.000000
480.000000 0.000000
481.000000 0.000000
482.000000 0.000000
483.000000 0.000000
484.000000 0.000000
485.000000 0.000000
486.000000 0.000000
487.000000 0.000000
488.000000 0.000000
489.000000 0.000000
490.000000 0.000000
491.000000 0.000000
492.000000 0.000000
493.000000 0.000000
494.000000 0.000000
495.000000 0.000000
496.000000 0.000000
497.000000 0.000000
498.000000 0.000000
499.000000 0.000000
500.000000 0.000000
501.000000 0.000000
502.000000 0.000000
503.000000 0.000000
504.000000 0.000000
505.000000 0.000000
506.000000 0.000000
507.000000 0.000000
508.000000 0.000000
509.000000 0.000000
510.000000 0.000000
511.000000 0.000000
512.000000 0.000000
513.000000 0.000000
514.000000 0.000000
515.000000 0.000000
516.000000 0.000000
517.000000 0.000000
518.000000 0.000000
519.000000 0.000000
520.000000 0.000000
521.000000 0.000000
522.000000 0.000000
523.000000 0.000000
524.000000 0.000000
525.000000 0.000000
526.000000 0.000000
527.000000 0.000000
528.000000 0.000000
529.000000 0.000000
530.000000 0.000000
531.000000 0.000000
532.000000 0.000000
533.000000 0.000000
534.000000 0.000000
535.000000 0.000000
536.000000 0.000000
537.000000 0.000000
538.000000 0.000000
539.000000 0.000000
540.000000 0.000000
541.000000 0.000000
542.000000 0.000000
543.000000 0.000000
544.000000 0.000000
545.000000 0.000000
546.000000 0.000000
547.000000 0.000000
548.000000 0.000000
549.000000 0.000000
550.000000 0.000000
551.000000 0.000000
552.000000 0.000000
553.000000 0.000000
554.000000 0.000000
555.000000 0.000000
556.000000 0.000000
557.000000 0.000000
558.000000 0.000000
559.000000 0.000000
560.000000 0.000000
561.000000 0.000000
562.000000 0.000000
563.000000 0.000000
564.000000 0.000000
565.000000 0.000000
566.000000 0.000000
567.000000 0.000000
568.000000 0.000000
569.000000 0.000000
570.000000 0.000000
571.000000 0.000000
572.000000 0.000000
573.000000 0.000000
574.000000 0.000000
575.000000 0.000000
576.000000 0.000000
577.000000 0.000000
578.000000 0.000000
579.000000 0.000000
580.000000 0.000000
581.000000 0.000000
582.000000 0.000000
583.000000 0.000000
584.000000 0.000000
585.000000 0.000000
586.000000 0.000000
587.000000 0.000000
588.000000 0.000000
589.000000 0.000000
590.000000 0.000000
591.000000 0.000000
592.000000 0.000000
593.000000 0.000000
594.000000 0.000000
595.000000 0.000000
596.000000 0.000000
597.000000 0.000000
598.000000 0.000000
599.000000 0.000000
600.000000 0.000000
601.000000 0.000000
602.000000 0.000000
603.000000 0.000000
604.000000 0.000000
605.000000 0.000000
606.000000 0.000000
607.000000 0.000000
608.000000 0.000000
609.000000 0.000000
610.000000 0.000000
611.000000 0.000000
612.000000 0.000000
613.000000 0.000000
614.000000 0.000000
615.000000 0.000000
616.000000 0.000000
617.000000 0.000000
618.000000 0.000000
619.000000 0.000000
620.000000 0.000000
621.000000 0.000000
622.000000 0.000000
623.000000 0.000000
624.000000 0.000000
625.000000 0.000000
626.000000 0.000000
627.000000 0.000000
628.000000 0.000000
629.000000 0.000000
630.000000 0.000000
631.000000 0.000000
632.000000 0.000000
633.000000 0.000000
634.000000 0.000000
635.000000 0.000000
636.000000 0.000000
637.000000 0.000000
638.000000 0.000000
639.000000 0.000000
640.000000 0.000000
641.000000 0.000000
642.000000 0.000000
643.000000 0.000000
644.000000 0.000000
645.000000 0.000000
646.000000 0.000000
647.000000 0.000000
648.000000 0.000000
649.000000 0.000000
650.000000 0.000000
651.000000 0.000000
652.000000 0.000000
653.000000 0.000000
654.000000 0.000000
655.000000 0.000000
656.000000 0.000000
657.000000 0.000000
658.000000 0.000000
659.000000 0.000000
660.000000 0.000000
661.000000 0.000000
662.000000 0.000000
663.000000 0.000000
664.000000 0.000000
665.000000 0.000000
666.000000 0.000000
667.000000 0.000000
668.000000 0.000000
669.000000 0.000000
670.000000 0.000000
671.000000 0.000000
672.000000 0.000000
673.000000 0.000000
674.000000 0.000000
675.000000 0.000000
676.000000 0.000000
677.000000 0.000000
678.000000 0.000000
679.000000 0.000000
680.000000 0.000000
681.000000 0.000000
682.000000 0.000000
683.000000 0.000000
684.000000 0.000000
685.000000 0.000000
686.000000 0.000000
687.000000 0.000000
688.000000 0.000000
689.000000 0.000000
690.000000 0.000000
691.000000 0.000000
692.000000 0.000000
693.000000 0.000000
694.000000 0.000000
695.000000 0.000000
696.000000 0.000000
697.000000 0.000000
698.000000 0.000000
699.000000 0.000000
700.000000 0.000000
701.000000 0.000000
702.000000 0.000000
703.000000 0.000000
704.000000 0.000000
705.000000 0.000000
706.000000 0.000000
707.000000 0.000000
708.000000 0.000000
709.000000 0.000000
710.000000 0.000000
711.000000 0.000000
712.000000 0.000000
713.000000 0.000000
714.000000 0.000000
715.000000 0.000000
716.000000 0.000000
717.000000 0.000000
718.000000 0.000000
719.000000 0.000000
720.000000 0.000000
721.000000 0.000000
722.000000 0.000000
723.000000 0.000000
724.000000 0.000000
725.000000 0.000000
726.000000 0.000000
727.000000 0.000000
728.000000 0.000000
729.000000 0.000000
730.000000 0.000000
731.000000 0.000000
732.000000 0.000000
733.000000 0.000000
734.000000 0.000000
735.000000 0.000000
736.000000 0.000000
737.000000 0.000000
738.000000 0.000000
739.000000 0.000000
740.000000 0.000000
741.000000 0.000000
742.000000 0.000000
743.000000 0.000000
744.000000 0.000000
745.000000 0.000000
746.000000 0.000000
747.000000 0.000000
748.000000 0.000000
749.000000 0.000000
750.000000 0.000000
751.000000 0.000000
752.000000 0.000000
753.000000 0.000000
754.000000 0.000000
755.000000 0.000000
756.000000 0.000000
757.000000 0.000000
758.000000 0.000000
759.000000 0.000000
760.000000 0.000000
761.000000 0.000000
762.000000 0.000000
763.000000 0.000000
764.000000 0.000000
765.000000 0.000000
766.000000 0.000000
767.000000 0.000000
768.000000 0.000000
769.000000 0.000000
770.000000 0.000000
771.000000 0.000000
772.000000 0.000000
773.000000 0.000000
774.000000 0.000000
775.000000 0.000000
776.000000 0.000000
777.000000 0.000000
778.000000 0.000000
779.000000 0.000000
780.000000 0.000000
781.000000 0.000000
782.000000 0.000000
783.000000 0.000000
784.000000 0.000000
785.000000 0.000000
786.000000 0.000000
787.000000 0.000000
788.000000 0.000000
789.000000 0.000000
790.000000 0.000000
791.000000 0.000000
792.000000 0.000000
793.000000 0.000000
794.000000 0.000000
795.000000 0.000000
796.000000 0.000000
797.000000 0.000000
798.000000 0.000000
799.000000 0.000000
800.000000 0.000000
801.000000 0.000000
802.000000 0.000000
803.000000 0.000000
804.000000 0.000000
805.000000 0.000000
806.000000 0.000000
807.000000 0.000000
808.000000 0.000000
809.000000 0.000000
810.000000 0.000000
811.000000 0.000000
812.000000 0.000000
813.000000 0.000000
814.000000 0.000000
815.000000 0.000000
816.000000 0.000000
817.000000 0.000000
818.000000 0.000000
819.000000 0.000000
820.000000 0.000000
821.000000 0.000000
822.000000 0.000000
823.000000 0.000000
824.000000 0.000000
825.000000 0.000000
826.000000 0.000000
827.000000 0.000000
828.000000 0.000000
829.000000 0.000000
830.000000 0.000000
831.000000 0.000000
832.000000 0.000000
833.000000 0.000000
834.000000 0.000000
835.000000 0.000000
836.000000 0.000000
837.000000 0.000001
838.000000 0.000001
839.000000 0.000001
840.000000 0.000001
841.000000 0.000001
842.000000 0.000001
843.000000 0.000001
844.000000 0.000001
845.000000 0.000001
846.000000 0.000001
847.000000 0.000001
848.000000 0.000001
849.000000 0.000001
850.000000 0.000001
851.000000 0.000001
852.000000 0.000001
853.000000 0.000001
854.000000 0.000001
855.000000 0.000001
856.000000 0.000001
857.000000 0.000001
858.000000 0.000001
859.000000 0.000001
860.000000 0.000001
861.000000 0.000001
862.000000 0.000001
863.000000 0.000001
864.000000 0.000001
865.000000 0.000001
866.000000 0.000001
867.000000 0.000001
868.000000 0.000001
869.000000 0.000001
870.000000 0.000001
871.000000 0.000001
872.000000 0.000001
873.000000 0.000001
874.000000 0.000001
875.000000 0.000001
876.000000 0.000001
877.000000 0.000001
878.000000 0.000001
879.000000 0.000001
880.000000 0.000001
881.000000 0.000001
882.000000 0.000001
883.000000 0.000001
884.000000 0.000001
885.000000 0.000001
886.000000 0.000001
887.000000 0.000001
888.000000 0.000001
889.000000 0.000001
890.000000 0.000001
891.000000 0.000001
892.000000 0.000001
893.000000 0.000001
894.000000 0.000001
895.000000 0.000001
896.000000 0.000001
897.000000 0.000001
898.000000 0.000001
899.000000 0.000001
900.000000 0.000001
901.000000 0.000002
902.000000 0.000002
903.000000 0.000002
904.000000 0.000002
905.000000 0.000002
906.000000 0.000002
907.000000 0.000002
908.000000 0.000002
909.000000 0.000002
910.000000 0.000002
911.000000 0.000002
912.000000 0.000002
913.000000 0.000002
914.000000 0.000002
915.000000 0.000002
916.000000 0.000002
917.000000 0.000002
918.000000 0.000002
919.000000 0.000002
920.000000 0.000002
921.000000 0.000002
922.000000 0.000002
923.000000 0.000002
924.000000 0.000002
925.000000 0.000002
926.000000 0.000002
927.000000 0.000002
928.000000 0.000002
929.000000 0.000002
930.000000 0.000002
931.000000 0.000002
932.000000 0.000002
933.000000 0.000002
934.000000 0.000003
935.000000 0.000003
936.000000 0.000003
937.000000 0.000003
938.000000 0.000003
939.000000 0.000003
940.000000 0.000003
941.000000 0.000003
942.000000 0.000003
943.000000 0.000003
944.000000 0.000003
945.000000 0.000003
946.000000 0.000003
947.000000 0.000003
948.000000 0.000003
949.000000 0.000003
950.000000 0.000003
951.000000 0.000003
952.000000 0.000003
953.000000 0.000003
954.000000 0.000003
955.000000 0.000003
956.000000 0.000003
957.000000 0.000004
958.000000 0.000004
959.000000 0.000004
960.000000 0.000004
961.000000 0.000004
962.000000 0.000004
963.000000 0.000004
964.000000 0.000004
965.000000 0.000004
966.000000 0.000004
967.000000 0.000004
968.000000 0.000004
969.000000 0.000004
970.000000 0.000004
971.000000 0.000004
972.000000 0.000004
973.000000 0.000004
974.000000 0.000004
975.000000 0.000005
976.000000 0.000005
977.000000 0.000005
978.000000 0.000005
979.000000 0.000005
980.000000 0.000005
981.000000 0.000005
982.000000 0.000005
983.000000 0.000005
984.000000 0.000005
985.000000 0.000005
986.000000 0.000005
987.000000 0.000005
988.000000 0.000005
989.000000 0.000005
990.000000 0.000006
991.000000 0.000006
992.000000 0.000006
993.000000 0.000006
994.000000 0.000006
995.000000 0.000006
996.000000 0.000006
997.000000 0.000006
998.000000 0.000006
999.000000 0.000006
1000.000000 0.000006
1001.000000 0.000006
1002.000000 0.000006
1003.000000 0.000007
1004.000000 0.000007
1005.000000 0.000007
1006.000000 0.000007
1007.000000 0.000007
1008.000000 0.000007
1009.000000 0.000007
1010.000000 0.000007
1011.000000 0.000007
1012.000000 0.000007
1013.000000 0.000007
1014.000000 0.000008
1015.000000 0.000008
1016.000000 0.000008
1017.000000 0.000008
1018.000000 0.000008
1019.000000 0.000008
1020.000000 0.000008
1021.000000 0.000008
1022.000000 0.000008
1023.000000 0.000009
1024.000000 0.000009
1025.000000 0.000009
1026.000000 0.000009
1027.000000 0.000009
1028.000000 0.000009
1029.000000 0.000009
1030.000000 0.000009
1031.000000 0.000009
1032.000000 0.000010
1033.000000 0.000010
1034.000000 0.000010
1035.000000 0.000010
1036.000000 0.000010
1037.000000 0.000010
1038.000000 0.000010
1039.000000 0.000010
1040.000000 0.000010
1041.000000 0.000011
1042.000000 0.000011
1043.000000 0.000011
1044.000000 0.000011
1045.000000 0.000011
1046.000000 0.000011
1047.000000 0.000011
1048.000000 0.000012
1049.000000 0.000012
1050.000000 0.000012
1051.000000 0.000012
1052.000000 0.000012
1053.000000 0.000012
1054.000000 0.000012
1055.000000 0.000013
1056.000000 0.000013
1057.000000 0.000013
1058.000000 0.000013
1059.000000 0.000013
1060.000000 0.000013
1061.000000 0.000013
1062.000000 0.000014
1063.000000 0.000014
1064.000000 0.000014
1065.000000 0.000014
1066.000000 0.000014
1067.000000 0.000014
1068.000000 0.000015
1069.000000 0.000015
1070.000000 0.000015
1071.000000 0.000015
1072.000000 0.000015
1073.000000 0.000015
1074.000000 0.000016
1075.000000 0.000016
1076.000000 0.000016
1077.000000 0.000016
1078.000000 0.000016
1079.000000 0.000017
1080.000000 0.000017
1081.000000 0.000017
1082.000000 0.000017
1083.000000 0.000017
1084.000000 0.000017
1085.000000 0.000018
1086.000000 0.000018
1087.000000 0.000018
1088.000000 0.000018
1089.000000 0.000018
1090.000000 0.000019
1091.000000 0.000019
1092.000000 0.000019
1093.000000 0.000019
1094.000000 0.000020
1095.000000 0.000020
1096.000000 0.000020
1097.000000 0.000020
1098.000000 0.000020
1099.000000 0.000021
1100.000000 0.000021
1101.000000 0.000021
1102.000000 0.000021
1103.000000 0.000022
1104.000000 0.000022
1105.000000 0.000022
1106.000000 0.000022
1107.000000 0.000022
1108.000000 0.000023
1109.000000 0.000023
1110.000000 0.000023
1111.000000 0.000023
1112.000000 0.000024
1113.000000 0.000024
1114.000000 0.000024
1115.000000 0.000024
1116.000000 0.000025
1117.000000 0.000025
1118.000000 0.000025
1119.000000 0.000025
1120.000000 0.000026
1121.000000 0.000026
1122.000000 0.000026
1123.000000 0.000027
1124.000000 0.000027
1125.000000 0.000027
1126.000000 0.000027
1127.000000 0.000028
1128.000000 0.000028
1129.000000 0.000028
1130.000000 0.000029
1131.000000 0.000029
1132.000000 0.000029
1133.000000 0.000029
1134.000000 0.000030
1135.000000 0.000030
1136.000000 0.000030
1137.000000 0.000031
1138.000000 0.000031
1139.000000 0.000031
1140.000000 0.000032
1141.000000 0.000032
1142.000000 0.000032
1143.000000 0.000033
1144.000000 0.000033
1145.000000 0.000033
1146.000000 0.000033
1147.000000 0.000034
1148.000000 0.000034
1149.000000 0.000034
1150.000000 0.000035
1151.000000 0.000035
1152.000000 0.000036
1153.000000 0.000036
1154.000000 0.000036
1155.000000 0.000037
1156.000000 0.000037
1157.000000 0.000037
1158.000000 0.000038
1159.000000 0.000038
1160.000000 0.000038
1161.000000 0.000039
1162.000000 0.000039
1163.000000 0.000039
1164.000000 0.000040
1165.000000 0.000040
1166.000000 0.000041
1167.000000 0.000041
1168.000000 0.000041
1169.000000 0.000042
1170.000000 0.000042
1171.000000 0.000043
1172.000000 0.000043
1173.000000 0.000043
1174.000000 0.000044
1175.000000 0.000044
1176.000000 0.000045
1177.000000 0.000045
1178.000000 0.000045
1179.000000 0.000046
1180.000000 0.000046
1181.000000 0.000047
1182.000000 0.000047
1183.000000 0.000048
1184.000000 0.000048
1185.000000 0.000048
1186.000000 0.000049
1187.000000 0.000049
1188.000000 0.000050
1189.000000 0.000050
1190.000000 0.000051
1191.000000 0.000051
1192.000000 0.000052
1193.000000 0.000052
1194.000000 0.000053
1195.000000 0.000053
1196.000000 0.000054
1197.000000 0.000054
1198.000000 0.000054
1199.000000 0.000055
1200.000000 0.000055
1201.000000 0.000056
1202.000000 0.000056
1203.000000 0.000057
1204.000000 0.000057
1205.000000 0.000058
1206.000000 0.000058
1207.000000 0.000059
1208.000000 0.000059
1209.000000 0.000060
1210.000000 0.000061
1211.000000 0.000061
1212.000000 0.000062
1213.000000 0.000062
1214.000000 0.000063
1215.000000 0.000063
1216.000000 0.000064
1217.000000 0.000064
1218.000000 0.000065
1219.000000 0.000065
1220.000000 0.000066
1221.000000 0.000067
1222.000000 0.000067
1223.000000 0.000068
1224.000000 0.000068
1225.000000 0.000069
1226.000000 0.000069
1227.000000 0.000070
1228.000000 0.000071
1229.000000 0.000071
1230.000000 0.000072
1231.000000 0.000072
1232.000000 0.000073
1233.000000 0.000074
1234.000000 0.000074
1235.000000 0.000075
1236.000000 0.000075
1237.000000 0.000076
1238.000000 0.000077
1239.000000 0.000077
1240.000000 0.000078
1241.000000 0.000079
1242.000000 0.000079
1243.000000 0.000080
1244.000000 0.000081
1245.000000 0.000081
1246.000000 0.000082
1247.000000 0.000082
1248.000000 0.000083
1249.000000 0.000084
1250.000000 0.000084
1251.000000 0.000085
1252.000000 0.000086
1253.000000 0.000087
1254.000000 0.000087
1255.000000 0.000088
1256.000000 0.000089
1257.000000 0.000089
1258.000000 0.000090
1259.000000 0.000091
1260.000000 0.000091
1261.000000 0.000092
1262.000000 0.000093
1263.000000 0.000094
1264.000000 0.000094
1265.000000 0.000095
1266.000000 0.000096
1267.000000 0.000097
1268.000000 0.000097
1269.000000 0.000098
1270.000000 0.000099
1271.000000 0.000100
1272.000000 0.000100
1273.000000 0.000101
1274.000000 0.000102
1275.000000 0.000103
1276.000000 0.000103
1277.000000 0.000104
1278.000000 0.000105
1279.000000 0.000106
1280.000000 0.000107
1281.000000 0.000107
1282.000000 0.000108
1283.000000 0.000109
1284.000000 0.000110
1285.000000 0.000111
1286.000000 0.000112
1287.000000 0.000112
1288.000000 0.000113
1289.000000 0.000114
1290.000000 0.000115
1291.000000 0.000116
1292.000000 0.000117
1293.000000 0.000117
1294.000000 0.000118
1295.000000 0.000119
1296.000000 0.000120
1297.000000 0.000121
1298.000000 0.000122
1299.000000 0.000123
1300.000000 0.000124
1301.000000 0.000124
1302.000000 0.000125
1303.000000 0.000126
1304.000000 0.000127
1305.000000 0.000128
1306.000000 0.000129
1307.000000 0.000130
1308.000000 0.000131
1309.000000 0.000132
1310.000000 0.000133
1311.000000 0.000134
1312.000000 0.000135
1313.000000 0.000136
1314.000000 0.000137
1315.000000 0.000138
1316.000000 0.000138
1317.000000 0.000139
1318.000000 0.000140
1319.000000 0.000141
1320.000000 0.000142
1321.000000 0.000143
1322.000000 0.000144
1323.000000 0.000145
1324.000000 0.000146
1325.000000 0.000147
1326.000000 0.000148
1327.000000 0.000149
1328.000000 0.000150
1329.000000 0.000151
1330.000000 0.000152
1331.000000 0.000154
1332.000000 0.000155
1333.000000 0.000156
1334.000000 0.000157
1335.000000 0.000158
1336.000000 0.000159
1337.000000 0.000160
1338.000000 0.000161
1339.000000 0.000162
1340.000000 0.000163
1341.000000 0.000164
1342.000000 0.000165
1343.000000 0.000166
1344.000000 0.000167
1345.000000 0.000169
1346.000000 0.000170
1347.000000 0.000171
1348.000000 0.000172
1349.000000 0.000173
1350.000000 0.000174
1351.000000 0.000175
1352.000000 0.000176
1353.000000 0.000178
1354.000000 0.000179
1355.000000 0.000180
1356.000000 0.000181
1357.000000 0.000182
1358.000000 0.000183
1359.000000 0.000185
1360.000000 0.000186
1361.000000 0.000187
1362.000000 0.000188
1363.000000 0.000189
1364.000000 0.000190
1365.000000 0.000192
1366.000000 0.000193
1367.000000 0.000194
1368.000000 0.000195
1369.000000 0.000197
1370.000000 0.000198
1371.000000 0.000199
1372.000000 0.000200
1373.000000 0.000202
1374.000000 0.000203
1375.000000 0.000204
1376.000000 0.000205
1377.000000 0.000207
1378.000000 0.000208
1379.000000 0.000209
1380.000000 0.000210
1381.000000 0.000212
1382.000000 0.000213
1383.000000 0.000214
1384.000000 0.000216
1385.000000 0.000217
1386.000000 0.000218
1387.000000 0.000219
1388.000000 0.000221
1389.000000 0.000222
1390.000000 0.000223
1391.000000 0.000225
1392.000000 0.000226
1393.000000 0.000227
1394.000000 0.000229
1395.000000 0.000230
1396.000000 0.000232
1397.000000 0.000233
1398.000000 0.000234
1399.000000 0.000236
1400.000000 0.000237
1401.000000 0.000238
1402.000000 0.000240
1403.000000 0.000241
1404.000000 0.000243
1405.000000 0.000244
1406.000000 0.000245
1407.000000 0.000247
1408.000000 0.000248
1409.000000 0.000250
1410.000000 0.000251
1411.000000 0.000253
1412.000000 0.000254
1413.000000 0.000255
1414.000000 0.000257
1415.000000 0.000258
1416.000000 0.000260
1417.000000 0.000261
1418.000000 0.000263
1419.000000 0.000264
1420.000000 0.000266
1421.000000 0.000267
1422.000000 0.000269
1423.000000 0.000270
1424.000000 0.000272
1425.000000 0.000273
1426.000000 0.000275
1427.000000 0.000276
1428.000000 0.000278
1429.000000 0.000279
1430.000000 0.000281
1431.000000 0.000282
1432.000000 0.000284
1433.000000 0.000285
1434.000000 0.000287
1435.000000 0.000288
1436.000000 0.000290
1437.000000 0.000292
1438.000000 0.000293
1439.000000 0.000295
1440.000000 0.000296
1441.000000 0.000298
1442.000000 0.000299
1443.000000 0.000301
1444.000000 0.000303
1445.000000 0.000304
1446.000000 0.000306
1447.000000 0.000307
1448.000000 0.000309
1449.000000 0.000311
1450.000000 0.000312
1451.000000 0.000314
1452.000000 0.000316
1453.000000 0.000317
1454.000000 0.000319
1455.000000 0.000320
1456.000000 0.000322
1457.000000 0.000324
1458.000000 0.000325
1459.000000 0.000327
1460.000000 0.000329
1461.000000 0.000330
1462.000000 0.000332
1463.000000 0.000334
1464.000000 0.000335
1465.000000 0.000337
1466.000000 0.000339
1467.000000 0.000341
1468.000000 0.000342
1469.000000 0.000344
1470.000000 0.000346
1471.000000 0.000347
1472.000000 0.000349
1473.000000 0.000351
1474.000000 0.000353
1475.000000 0.000354
1476.000000 0.000356
1477.000000 0.000358
1478.000000 0.000360
1479.000000 0.000361
1480.000000 0.000363
1481.000000 0.000365
1482.000000 0.000367
1483.000000 0.000368
1484.000000 0.000370
1485.000000 0.000372
1486.000000 0.000374
1487.000000 0.000376
1488.000000 0.000377
1489.000000 0.000379
1490.000000 0.000381
1491.000000 0.000383
1492.000000 0.000385
1493.000000 0.000386
1494.000000 0.000388
1495.000000 0.000390
1496.000000 0.000392
1497.000000 0.000394
1498.000000 0.000395
1499.000000 0.000397
1500.000000 0.000399
1501.000000 0.000401
1502.000000 0.000403
1503.000000 0.000405
1504.000000 0.000407
1505.000000 0.000408
1506.000000 0.000410
1507.000000 0.000412
1508.000000 0.000414
1509.000000 0.000416
1510.000000 0.000418
1511.000000 0.000420
1512.000000 0.000422
1513.000000 0.000423
1514.000000 0.000425
1515.000000 0.000427
1516.000000 0.000429
1517.000000 0.000431
1518.000000 0.000433
1519.000000 0.000435
1520.000000 0.000437
1521.000000 0.000439
1522.000000 0.000441
1523.000000 0.000443
1524.000000 0.000445
1525.000000 0.000446
1526.000000 0.000448
1527.000000 0.000450
1528.000000 0.000452
1529.000000 0.000454
1530.000000 0.000456
1531.000000 0.000458
1532.000000 0.000460
1533.000000 0.000462
1534.000000 0.000464
1535.000000 0.000466
1536.000000 0.000468
1537.000000 0.000470
1538.000000 0.000472
1539.000000 0.000474
1540.000000 0.000476
1541.000000 0.000478
1542.000000 0.000480
1543.000000 0.000482
1544.000000 0.000484
1545.000000 0.000486
1546.000000 0.000488
1547.000000 0.000490
1548.000000 0.000492
1549.000000 0.000494
1550.000000 0.000496
1551.000000 0.000498
1552.000000 0.000500
1553.000000 0.000502
1554.000000 0.000504
1555.000000 0.000506
1556.000000 0.000508
1557.000000 0.000510
1558.000000 0.000512
1559.000000 0.000514
1560.000000 0.000516
1561.000000 0.000518
1562.000000 0.000520
1563.000000 0.000522
1564.000000 0.000524
1565.000000 0.000526
1566.000000 0.000529
1567.000000 0.000531
1568.000000 0.000533
1569.000000 0.000535
1570.000000 0.000537
1571.000000 0.000539
1572.000000 0.000541
1573.000000 0.000543
1574.000000 0.000545
1575.000000 0.000547
1576.000000 0.000549
1577.000000 0.000551
1578.000000 0.000553
1579.000000 0.000556
1580.000000 0.000558
1581.000000 0.000560
1582.000000 0.000562
1583.000000 0.000564
1584.000000 0.000566
1585.000000 0.000568
1586.000000 0.000570
1587.000000 0.000572
1588.000000 0.000574
1589.000000 0.000576
1590.000000 0.000579
1591.000000 0.000581
1592.000000 0.000583
1593.000000 0.000585
1594.000000 0.000587
1595.000000 0.000589
1596.000000 0.000591
1597.000000 0.000593
1598.000000 0.000596
1599.000000 0.000598
1600.000000 0.000600
1601.000000 0.000602
1602.000000 0.000604
1603.000000 0.000606
1604.000000 0.000608
1605.000000 0.000610
1606.000000 0.000613
1607.000000 0.000615
1608.000000 0.000617
1609.000000 0.000619
1610.000000 0.000621
1611.000000 0.000623
1612.000000 0.000625
1613.000000 0.000627
1614.000000 0.000630
1615.000000 0.000632
1616.000000 0.000634
1617.000000 0.000636
1618.000000 0.000638
1619.000000 0.000640
1620.000000 0.000643
1621.000000 0.000645
1622.000000 0.000647
1623.000000 0.000649
1624.000000 0.000651
1625.000000 0.000653
1626.000000 0.000655
1627.000000 0.000658
1628.000000 0.000660
1629.000000 0.000662
1630.000000 0.000664
1631.000000 0.000666
1632.000000 0.000668
1633.000000 0.000670
1634.000000 0.000673
1635.000000 0.000675
1636.000000 0.000677
1637.000000 0.000679
1638.000000 0.000681
1639.000000 0.000683
1640.000000 0.000686
1641.000000 0.000688
1642.000000 0.000690
1643.000000 0.000692
1644.000000 0.000694
1645.000000 0.000696
1646.000000 0.000698
1647.000000 0.000701
1648.000000 0.000703
1649.000000 0.000705
1650.000000 0.000707
1651.000000 0.000709
1652.000000 0.000711
1653.000000 0.000714
1654.000000 0.000716
1655.000000 0.000718
1656.000000 0.000720
1657.000000 0.000722
1658.000000 0.000724
1659.000000 0.000726
1660.000000 0.000729
1661.000000 0.000731
1662.000000 0.000733
1663.000000 0.000735
1664.000000 0.000737
1665.000000 0.000739
1666.000000 0.000741
1667.000000 0.000744
1668.000000 0.000746
1669.000000 0.000748
1670.000000 0.000750
1671.000000 0.000752
1672.000000 0.000754
1673.000000 0.000756
1674.000000 0.000759
1675.000000 0.000761
1676.000000 0.000763
1677.000000 0.000765
1678.000000 0.000767
1679.000000 0.000769
1680.000000 0.000771
1681.000000 0.000773
1682.000000 0.000776
1683.000000 0.000778
1684.000000 0.000780
1685.000000 0.000782
1686.000000 0.000784
1687.000000 0.000786
1688.000000 0.000788
1689.000000 0.000790
1690.000000 0.000793
1691.000000 0.000795
1692.000000 0.000797
1693.000000 0.000799
1694.000000 0.000801
1695.000000 0.000803
1696.000000 0.000805
1697.000000 0.000807
1698.000000 0.000809
1699.000000 0.000811
1700.000000 0.000814
1701.000000 0.000816
1702.000000 0.000818
1703.000000 0.000820
1704.000000 0.000822
1705.000000 0.000824
1706.000000 0.000826
1707.000000 0.000828
1708.000000 0.000830
1709.000000 0.000832
1710.000000 0.000834
1711.000000 0.000836
1712.000000 0.000838
1713.000000 0.000841
1714.000000 0.000843
1715.000000 0.000845
1716.000000 0.000847
1717.000000 0.000849
1718.000000 0.000851
1719.000000 0.000853
1720.000000 0.000855
1721.000000 0.000857
1722.000000 0.000859
1723.000000 0.000861
1724.000000 0.000863
1725.000000 0.000865
1726.000000 0.000867
1727.000000 0.000869
1728.000000 0.000871
1729.000000 0.000873
1730.000000 0.000875
1731.000000 0.000877
1732.000000 0.000879
1733.000000 0.000881
1734.000000 0.000883
1735.000000 0.000885
1736.000000 0.000887
1737.000000 0.000889
1738.000000 0.000891
1739.000000 0.000893
1740.000000 0.000895
1741.000000 0.000897
1742.000000 0.000899
1743.000000 0.000901
1744.000000 0.000903
1745.000000 0.000905
1746.000000 0.000907
1747.000000 0.000909
1748.000000 0.000911
1749.000000 0.000913
1750.000000 0.000914
1751.000000 0.000916
1752.000000 0.000918
1753.000000 0.000920
1754.000000 0.000922
1755.000000 0.000924
1756.000000 0.000926
1757.000000 0.000928
1758.000000 0.000930
1759.000000 0.000932
1760.000000 0.000934
1761.000000 0.000935
1762.000000 0.000937
1763.000000 0.000939
1764.000000 0.000941
1765.000000 0.000943
1766.000000 0.000945
1767.000000 0.000947
1768.000000 0.000949
1769.000000 0.000950
1770.000000 0.000952
1771.000000 0.000954
1772.000000 0.000956
1773.000000 0.000958
1774.000000 0.000960
1775.000000 0.000961
1776.000000 0.000963
1777.000000 0.000965
1778.000000 0.000967
1779.000000 0.000969
1780.000000 0.000970
1781.000000 0.000972
1782.000000 0.000974
1783.000000 0.000976
1784.000000 0.000978
1785.000000 0.000979
1786.000000 0.000981
1787.000000 0.000983
1788.000000 0.000985
1789.000000 0.000986
1790.000000 0.000988
1791.000000 0.000990
1792.000000 0.000992
1793.000000 0.000993
1794.000000 0.000995
1795.000000 0.000997
1796.000000 0.000998
1797.000000 0.001000
1798.000000 0.001002
1799.000000 0.001003
1800.000000 0.001005
1801.000000 0.001007
1802.000000 0.001008
1803.000000 0.001010
1804.000000 0.001012
1805.000000 0.001013
1806.000000 0.001015
1807.000000 0.001017
1808.000000 0.001018
1809.000000 0.001020
1810.000000 0.001022
1811.000000 0.001023
1812.000000 0.001025
1813.000000 0.001026
1814.000000 0.001028
1815.000000 0.001030
1816.000000 0.001031
1817.000000 0.001033
1818.000000 0.001034
1819.000000 0.001036
1820.000000 0.001037
1821.000000 0.001039
1822.000000 0.001041
1823.000000 0.001042
1824.000000 0.001044
1825.000000 0.001045
1826.000000 0.001047
1827.000000 0.001048
1828.000000 0.001050
1829.000000 0.001051
1830.000000 0.001053
1831.000000 0.001054
1832.000000 0.001056
1833.000000 0.001057
1834.000000 0.001059
1835.000000 0.001060
1836.000000 0.001061
1837.000000 0.001063
1838.000000 0.001064
1839.000000 0.001066
1840.000000 0.001067
1841.000000 0.001069
1842.000000 0.001070
1843.000000 0.001071
1844.000000 0.001073
1845.000000 0.001074
1846.000000 0.001076
1847.000000 0.001077
1848.000000 0.001078
1849.000000 0.001080
1850.000000 0.001081
1851.000000 0.001082
1852.000000 0.001084
1853.000000 0.001085
1854.000000 0.001086
1855.000000 0.001088
1856.000000 0.001089
1857.000000 0.001090
1858.000000 0.001092
1859.000000 0.001093
1860.000000 0.001094
1861.000000 0.001095
1862.000000 0.001097
1863.000000 0.001098
1864.000000 0.001099
1865.000000 0.001100
1866.000000 0.001102
1867.000000 0.001103
1868.000000 0.001104
1869.000000 0.001105
1870.000000 0.001106
1871.000000 0.001108
1872.000000 0.001109
1873.000000 0.001110
1874.000000 0.001111
1875.000000 0.001112
1876.000000 0.001113
1877.000000 0.001114
1878.000000 0.001116
1879.000000 0.001117
1880.000000 0.001118
1881.000000 0.001119
1882.000000 0.001120
1883.000000 0.001121
1884.000000 0.001122
1885.000000 0.001123
1886.000000 0.001124
1887.000000 0.001125
1888.000000 0.001126
1889.000000 0.001127
1890.000000 0.001129
1891.000000 0.001130
1892.000000 0.001131
1893.000000 0.001132
1894.000000 0.001133
1895.000000 0.001134
1896.000000 0.001135
1897.000000 0.001135
1898.000000 0.001136
1899.000000 0.001137
1900.000000 0.001138
1901.000000 0.001139
1902.000000 0.001140
1903.000000 0.001141
1904.000000 0.001142
1905.000000 0.001143
1906.000000 0.001144
1907.000000 0.001145
1908.000000 0.001146
1909.000000 0.001146
1910.000000 0.001147
1911.000000 0.001148
1912.000000 0.001149
1913.000000 0.001150
1914.000000 0.001151
1915.000000 0.001151
1916.000000 0.001152
1917.000000 0.001153
1918.000000 0.001154
1919.000000 0.001155
1920.000000 0.001155
1921.000000 0.001156
1922.000000 0.001157
1923.000000 0.001158
1924.000000 0.001158
1925.000000 0.001159
1926.000000 0.001160
1927.000000 0.001160
1928.000000 0.001161
1929.000000 0.001162
1930.000000 0.001163
1931.000000 0.001163
1932.000000 0.001164
1933.000000 0.001164
1934.000000 0.001165
1935.000000 0.001166
1936.000000 0.001166
1937.000000 0.001167
1938.000000 0.001168
1939.000000 0.001168
1940.000000 0.001169
1941.000000 0.001169
1942.000000 0.001170
1943.000000 0.001170
1944.000000 0.001171
1945.000000 0.001172
1946.000000 0.001172
1947.000000 0.001173
1948.000000 0.001173
1949.000000 0.001174
1950.000000 0.001174
1951.000000 0.001175
1952.000000 0.001175
1953.000000 0.001175
1954.000000 0.001176
1955.000000 0.001176
1956.000000 0.001177
1957.000000 0.001177
1958.000000 0.001178
1959.000000 0.001178
1960.000000 0.001178
1961.000000 0.001179
1962.000000 0.001179
1963.000000 0.001180
1964.000000 0.001180
1965.000000 0.001180
1966.000000 0.001181
1967.000000 0.001181
1968.000000 0.001181
1969.000000 0.001182
1970.000000 0.001182
1971.000000 0.001182
1972.000000 0.001182
1973.000000 0.001183
1974.000000 0.001183
1975.000000 0.001183
1976.000000 0.001183
1977.000000 0.001184
1978.000000 0.001184
1979.000000 0.001184
1980.000000 0.001184
1981.000000 0.001185
1982.000000 0.001185
1983.000000 0.001185
1984.000000 0.001185
1985.000000 0.001185
1986.000000 0.001185
1987.000000 0.001185
1988.000000 0.001186
1989.000000 0.001186
1990.000000 0.001186
1991.000000 0.001186
1992.000000 0.001186
1993.000000 0.001186
1994.000000 0.001186
1995.000000 0.001186
1996.000000 0.001186
1997.000000 0.001186
1998.000000 0.001186
1999.000000 0.001186
2000.000000 0.001186
2001.000000 0.001186
2002.000000 0.001186
2003.000000 0.001186
2004.000000 0.001186
2005.000000 0.001186
2006.000000 0.001186
2007.000000 0.001186
2008.000000 0.001186
2009.000000 0.001186
2010.000000 0.001186
2011.000000 0.001186
2012.000000 0.001186
2013.000000 0.001186
2014.000000 0.001185
2015.000000 0.001185
2016.000000 0.001185
2017.000000 0.001185
2018.000000 0.001185
2019.000000 0.001185
2020.000000 0.001185
2021.000000 0.001184
2022.000000 0.001184
2023.000000 0.001184
2024.000000 0.001184
2025.000000 0.001183
2026.000000 0.001183
2027.000000 0.001183
2028.000000 0.001183
2029.000000 0.001182
2030.000000 0.001182
2031.000000 0.001182
2032.000000 0.001182
2033.000000 0.001181
2034.000000 0.001181
2035.000000 0.001181
2036.000000 0.001180
2037.000000 0.001180
2038.000000 0.001180
2039.000000 0.001179
2040.000000 0.001179
2041.000000 0.001178
2042.000000 0.001178
2043.000000 0.001178
2044.000000 0.001177
2045.000000 0.001177
2046.000000 0.001176
2047.000000 0.001176
2048.000000 0.001175
2049.000000 0.001175
2050.000000 0.001175
2051.000000 0.001174
2052.000000 0.001174
2053.000000 0.001173
2054.000000 0.001173
2055.000000 0.001172
2056.000000 0.001172
2057.000000 0.001171
2058.000000 0.001170
2059.000000 0.001170
2060.000000 0.001169
2061.000000 0.001169
2062.000000 0.001168
2063.000000 0.001168
2064.000000 0.001167
2065.000000 0.001166
2066.000000 0.001166
2067.000000 0.001165
2068.000000 0.001164
2069.000000 0.001164
2070.000000 0.001163
2071.000000 0.001163
2072.000000 0.001162
2073.000000 0.001161
2074.000000 0.001160
2075.000000 0.001160
2076.000000 0.001159
2077.000000 0.001158
2078.000000 0.001158
2079.000000 0.001157
2080.000000 0.001156
2081.000000 0.001155
2082.000000 0.001155
2083.000000 0.001154
2084.000000 0.001153
2085.000000 0.001152
2086.000000 0.001151
2087.000000 0.001151
2088.000000 0.001150
2089.000000 0.001149
2090.000000 0.001148
2091.000000 0.001147
2092.000000 0.001146
2093.000000 0.001146
2094.000000 0.001145
2095.000000 0.001144
2096.000000 0.001143
2097.000000 0.001142
2098.000000 0.001141
2099.000000 0.001140
2100.000000 0.001139
2101.000000 0.001138
2102.000000 0.001137
2103.000000 0.001136
2104.000000 0.001135
2105.000000 0.001135
2106.000000 0.001134
2107.000000 0.001133
2108.000000 0.001132
2109.000000 0.001131
2110.000000 0.001130
2111.000000 0.001129
2112.000000 0.001127
2113.000000 0.001126
2114.000000 0.001125
2115.000000 0.001124
2116.000000 0.001123
2117.000000 0.001122
2118.000000 0.001121
2119.000000 0.001120
2120.000000 0.001119
2121.000000 0.001118
2122.000000 0.001117
2123.000000 0.001116
2124.000000 0.001114
2125.000000 0.001113
2126.000000 0.001112
2127.000000 0.001111
2128.000000 0.001110
2129.000000 0.001109
2130.000000 0.001108
2131.000000 0.001106
2132.000000 0.001105
2133.000000 0.001104
2134.000000 0.001103
2135.000000 0.001102
2136.000000 0.001100
2137.000000 0.001099
2138.000000 0.001098
2139.000000 0.001097
2140.000000 0.001095
2141.000000 0.001094
2142.000000 0.001093
2143.000000 0.001092
2144.000000 0.001090
2145.000000 0.001089
2146.000000 0.001088
2147.000000 0.001086
2148.000000 0.001085
2149.000000 0.001084
2150.000000 0.001082
2151.000000 0.001081
2152.000000 0.001080
2153.000000 0.001078
2154.000000 0.001077
2155.000000 0.001076
2156.000000 0.001074
2157.000000 0.001073
2158.000000 0.001071
2159.000000 0.001070
2160.000000 0.001069
2161.000000 0.001067
2162.000000 0.001066
2163.000000 0.001064
2164.000000 0.001063
2165.000000 0.001061
2166.000000 0.001060
2167.000000 0.001059
2168.000000 0.001057
2169.000000 0.001056
2170.000000 0.001054
2171.000000 0.001053
2172.000000 0.001051
2173.000000 0.001050
2174.000000 0.001048
2175.000000 0.001047
2176.000000 0.001045
2177.000000 0.001044
2178.000000 0.001042
2179.000000 0.001041
2180.000000 0.001039
2181.000000 0.001037
2182.000000 0.001036
2183.000000 0.001034
2184.000000 0.001033
2185.000000 0.001031
2186.000000 0.001030
2187.000000 0.001028
2188.000000 0.001026
2189.000000 0.001025
2190.000000 0.001023
2191.000000 0.001022
2192.000000 0.001020
2193.000000 0.001018
2194.000000 0.001017
2195.000000 0.001015
2196.000000 0.001013
2197.000000 0.001012
2198.000000 0.001010
2199.000000 0.001008
2200.000000 0.001007
2201.000000 0.001005
2202.000000 0.001003
2203.000000 0.001002
2204.000000 0.001000
2205.000000 0.000998
2206.000000 0.000997
2207.000000 0.000995
2208.000000 0.000993
2209.000000 0.000992
2210.000000 0.000990
2211.000000 0.000988
2212.000000 0.000986
2213.000000 0.000985
2214.000000 0.000983
2215.000000 0.000981
2216.000000 0.000979
2217.000000 0.000978
2218.000000 0.000976
2219.000000 0.000974
2220.000000 0.000972
2221.000000 0.000970
2222.000000 0.000969
2223.000000 0.000967
2224.000000 0.000965
2225.000000 0.000963
2226.000000 0.000961
2227.000000 0.000960
2228.000000 0.000958
2229.000000 0.000956
2230.000000 0.000954
2231.000000 0.000952
2232.000000 0.000950
2233.000000 0.000949
2234.000000 0.000947
2235.000000 0.000945
2236.000000 0.000943
2237.000000 0.000941
2238.000000 0.000939
2239.000000 0.000937
2240.000000 0.000935
2241.000000 0.000934
2242.000000 0.000932
2243.000000 0.000930
2244.000000 0.000928
2245.000000 0.000926
2246.000000 0.000924
2247.000000 0.000922
2248.000000 0.000920
2249.000000 0.000918
2250.000000 0.000916
2251.000000 0.000914
2252.000000 0.000913
2253.000000 0.000911
2254.000000 0.000909
2255.000000 0.000907
2256.000000 0.000905
2257.000000 0.000903
2258.000000 0.000901
2259.000000 0.000899
2260.000000 0.000897
2261.000000 0.000895
2262.000000 0.000893
2263.000000 0.000891
2264.000000 0.000889
2265.000000 0.000887
2266.000000 0.000885
2267.000000 0.000883
2268.000000 0.000881
2269.000000 0.000879
2270.000000 0.000877
2271.000000 0.000875
2272.000000 0.000873
2273.000000 0.000871
2274.000000 0.000869
2275.000000 0.000867
2276.000000 0.000865
2277.000000 0.000863
2278.000000 0.000861
2279.000000 0.000859
2280.000000 0.000857
2281.000000 0.000855
2282.000000 0.000853
2283.000000 0.000851
2284.000000 0.000849
2285.000000 0.000847
2286.000000 0.000845
2287.000000 0.000843
2288.000000 0.000841
2289.000000 0.000838
2290.000000 0.000836
2291.000000 0.000834
2292.000000 0.000832
2293.000000 0.000830
2294.000000 0.000828
2295.000000 0.000826
2296.000000 0.000824
2297.000000 0.000822
2298.000000 0.000820
2299.000000 0.000818
2300.000000 0.000816
2301.000000 0.000814
2302.000000 0.000811
2303.000000 0.000809
2304.000000 0.000807
2305.000000 0.000805
2306.000000 0.000803
2307.000000 0.000801
2308.000000 0.000799
2309.000000 0.000797
2310.000000 0.000795
2311.000000 0.000793
2312.000000 0.000790
2313.000000 0.000788
2314.000000 0.000786
2315.000000 0.000784
2316.000000 0.000782
2317.000000 0.000780
2318.000000 0.000778
2319.000000 0.000776
2320.000000 0.000773
2321.000000 0.000771
2322.000000 0.000769
2323.000000 0.000767
2324.000000 0.000765
2325.000000 0.000763
2326.000000 0.000761
2327.000000 0.000759
2328.000000 0.000756
2329.000000 0.000754
2330.000000 0.000752
2331.000000 0.000750
2332.000000 0.000748
2333.000000 0.000746
2334.000000 0.000744
2335.000000 0.000741
2336.000000 0.000739
2337.000000 0.000737
2338.000000 0.000735
2339.000000 0.000733
2340.000000 0.000731
2341.000000 0.000729
2342.000000 0.000726
2343.000000 0.000724
2344.000000 0.000722
2345.000000 0.000720
2346.000000 0.000718
2347.000000 0.000716
2348.000000 0.000714
2349.000000 0.000711
2350.000000 0.000709
2351.000000 0.000707
2352.000000 0.000705
2353.000000 0.000703
2354.000000 0.000701
2355.000000 0.000698
2356.000000 0.000696
2357.000000 0.000694
2358.000000 0.000692
2359.000000 0.000690
2360.000000 0.000688
2361.000000 0.000686
2362.000000 0.000683
2363.000000 0.000681
2364.000000 0.000679
2365.000000 0.000677
2366.000000 0.000675
2367.000000 0.000673
2368.000000 0.000670
2369.000000 0.000668
2370.000000 0.000666
2371.000000 0.000664
2372.000000 0.000662
2373.000000 0.000660
2374.000000 0.000658
2375.000000 0.000655
2376.000000 0.000653
2377.000000 0.000651
2378.000000 0.000649
2379.000000 0.000647
2380.000000 0.000645
2381.000000 0.000643
2382.000000 0.000640
2383.000000 0.000638
2384.000000 0.000636
2385.000000 0.000634
2386.000000 0.000632
2387.000000 0.000630
2388.000000 0.000627
2389.000000 0.000625
2390.000000 0.000623
2391.000000 0.000621
2392.000000 0.000619
2393.000000 0.000617
2394.000000 0.000615
2395.000000 0.000613
2396.000000 0.000610
2397.000000 0.000608
2398.000000 0.000606
2399.000000 0.000604
2400.000000 0.000602
2401.000000 0.000600
2402.000000 0.000598
2403.000000 0.000596
2404.000000 0.000593
2405.000000 0.000591
2406.000000 0.000589
2407.000000 0.000587
2408.000000 0.000585
2409.000000 0.000583
2410.000000 0.000581
2411.000000 0.000579
2412.000000 0.000576
2413.000000 0.000574
2414.000000 0.000572
2415.000000 0.000570
2416.000000 0.000568
2417.000000 0.000566
2418.000000 0.000564
2419.000000 0.000562
2420.000000 0.000560
2421.000000 0.000558
2422.000000 0.000556
2423.000000 0.000553
2424.000000 0.000551
2425.000000 0.000549
2426.000000 0.000547
2427.000000 0.000545
2428.000000 0.000543
2429.000000 0.000541
2430.000000 0.000539
2431.000000 0.000537
2432.000000 0.000535
2433.000000 0.000533
2434.000000 0.000531
2435.000000 0.000529
2436.000000 0.000526
2437.000000 0.000524
2438.000000 0.000522
2439.000000 0.000520
2440.000000 0.000518
2441.000000 0.000516
2442.000000 0.000514
2443.000000 0.000512
2444.000000 0.000510
2445.000000 0.000508
2446.000000 0.000506
2447.000000 0.000504
2448.000000 0.000502
2449.000000 0.000500
2450.000000 0.000498
2451.000000 0.000496
2452.000000 0.000494
2453.000000 0.000492
2454.000000 0.000490
2455.000000 0.000488
2456.000000 0.000486
2457.000000 0.000484
2458.000000 0.000482
2459.000000 0.000480
2460.000000 0.000478
2461.000000 0.000476
2462.000000 0.000474
2463.000000 0.000472
2464.000000 0.000470
2465.000000 0.000468
2466.000000 0.000466
2467.000000 0.000464
2468.000000 0.000462
2469.000000 0.000460
2470.000000 0.000458
2471.000000 0.000456
2472.000000 0.000454
2473.000000 0.000452
2474.000000 0.000450
2475.000000 0.000448
2476.000000 0.000446
2477.000000 0.000445
2478.000000 0.000443
2479.000000 0.000441
2480.000000 0.000439
2481.000000 0.000437
2482.000000 0.000435
2483.000000 0.000433
2484.000000 0.000431
2485.000000 0.000429
2486.000000 0.000427
2487.000000 0.000425
2488.000000 0.000423
2489.000000 0.000422
2490.000000 0.000420
2491.000000 0.000418
2492.000000 0.000416
2493.000000 0.000414
2494.000000 0.000412
2495.000000 0.000410
2496.000000 0.000408
2497.000000 0.000407
2498.000000 0.000405
2499.000000 0.000403
2500.000000 0.000401
2501.000000 0.000399
2502.000000 0.000397
2503.000000 0.000395
2504.000000 0.000394
2505.000000 0.000392
2506.000000 0.000390
2507.000000 0.000388
2508.000000 0.000386
2509.000000 0.000385
2510.000000 0.000383
2511.000000 0.000381
2512.000000 0.000379
2513.000000 0.000377
2514.000000 0.000376
2515.000000 0.000374
2516.000000 0.000372
2517.000000 0.000370
2518.000000 0.000368
2519.000000 0.000367
2520.000000 0.000365
2521.000000 0.000363
2522.000000 0.000361
2523.000000 0.000360
2524.000000 0.000358
2525.000000 0.000356
2526.000000 0.000354
2527.000000 0.000353
2528.000000 0.000351
2529.000000 0.000349
2530.000000 0.000347
2531.000000 0.000346
2532.000000 0.000344
2533.000000 0.000342
2534.000000 0.000341
2535.000000 0.000339
2536.000000 0.000337
2537.000000 0.000335
2538.000000 0.000334
2539.000000 0.000332
2540.000000 0.000330
2541.000000 0.000329
2542.000000 0.000327
2543.000000 0.000325
2544.000000 0.000324
2545.000000 0.000322
2546.000000 0.000320
2547.000000 0.000319
2548.000000 0.000317
2549.000000 0.000316
2550.000000 0.000314
2551.000000 0.000312
2552.000000 0.000311
2553.000000 0.000309
2554.000000 0.000307
2555.000000 0.000306
2556.000000 0.000304
2557.000000 0.000303
2558.000000 0.000301
2559.000000 0.000299
2560.000000 0.000298
2561.000000 0.000296
2562.000000 0.000295
2563.000000 0.000293
2564.000000 0.000292
2565.000000 0.000290
2566.000000 0.000288
2567.000000 0.000287
2568.000000 0.000285
2569.000000 0.000284
2570.000000 0.000282
2571.000000 0.000281
2572.000000 0.000279
2573.000000 0.000278
2574.000000 0.000276
2575.000000 0.000275
2576.000000 0.000273
2577.000000 0.000272
2578.000000 0.000270
2579.000000 0.000269
2580.000000 0.000267
2581.000000 0.000266
2582.000000 0.000264
2583.000000 0.000263
2584.000000 0.000261
2585.000000 0.000260
2586.000000 0.000258
2587.000000 0.000257
2588.000000 0.000255
2589.000000 0.000254
2590.000000 0.000253
2591.000000 0.000251
2592.000000 0.000250
2593.000000 0.000248
2594.000000 0.000247
2595.000000 0.000245
2596.000000 0.000244
2597.000000 0.000243
2598.000000 0.000241
2599.000000 0.000240
2600.000000 0.000238
2601.000000 0.000237
2602.000000 0.000236
2603.000000 0.000234
2604.000000 0.000233
2605.000000 0.000232
2606.000000 0.000230
2607.000000 0.000229
2608.000000 0.000227
2609.000000 0.000226
2610.000000 0.000225
2611.000000 0.000223
2612.000000 0.000222
2613.000000 0.000221
2614.000000 0.000219
2615.000000 0.000218
2616.000000 0.000217
2617.000000 0.000216
2618.000000 0.000214
2619.000000 0.000213
2620.000000 0.000212
2621.000000 0.000210
2622.000000 0.000209
2623.000000 0.000208
2624.000000 0.000207
2625.000000 0.000205
2626.000000 0.000204
2627.000000 0.000203
2628.000000 0.000202
2629.000000 0.000200
2630.000000 0.000199
2631.000000 0.000198
2632.000000 0.000197
2633.000000 0.000195
2634.000000 0.000194
2635.000000 0.000193
2636.000000 0.000192
2637.000000 0.000190
2638.000000 0.000189
2639.000000 0.000188
2640.000000 0.000187
2641.000000 0.000186
2642.000000 0.000185
2643.000000 0.000183
2644.000000 0.000182
2645.000000 0.000181
2646.000000 0.000180
2647.000000 0.000179
2648.000000 0.000178
2649.000000 0.000176
2650.000000 0.000175
2651.000000 0.000174
2652.000000 0.000173
2653.000000 0.000172
2654.000000 0.000171
2655.000000 0.000170
2656.000000 0.000169
2657.000000 0.000167
2658.000000 0.000166
2659.000000 0.000165
2660.000000 0.000164
2661.000000 0.000163
2662.000000 0.000162
2663.000000 0.000161
2664.000000 0.000160
2665.000000 0.000159
2666.000000 0.000158
2667.000000 0.000157
2668.000000 0.000156
2669.000000 0.000155
2670.000000 0.000154
2671.000000 0.000152
2672.000000 0.000151
2673.000000 0.000150
2674.000000 0.000149
2675.000000 0.000148
2676.000000 0.000147
2677.000000 0.000146
2678.000000 0.000145
2679.000000 0.000144
2680.000000 0.000143
2681.000000 0.000142
2682.000000 0.000141
2683.000000 0.000140
2684.000000 0.000139
2685.000000 0.000138
2686.000000 0.000138
2687.000000 0.000137
2688.000000 0.000136
2689.000000 0.000135
2690.000000 0.000134
2691.000000 0.000133
2692.000000 0.000132
2693.000000 0.000131
2694.000000 0.000130
2695.000000 0.000129
2696.000000 0.000128
2697.000000 0.000127
2698.000000 0.000126
2699.000000 0.000125
2700.000000 0.000124
2701.000000 0.000124
2702.000000 0.000123
2703.000000 0.000122
2704.000000 0.000121
2705.000000 0.000120
2706.000000 0.000119
2707.000000 0.000118
2708.000000 0.000117
2709.000000 0.000117
2710.000000 0.000116
2711.000000 0.000115
2712.000000 0.000114
2713.000000 0.000113
2714.000000 0.000112
2715.000000 0.000112
2716.000000 0.000111
2717.000000 0.000110
2718.000000 0.000109
2719.000000 0.000108
2720.000000 0.000107
2721.000000 0.000107
2722.000000 0.000106
2723.000000 0.000105
2724.000000 0.000104
2725.000000 0.000103
2726.000000 0.000103
2727.000000 0.000102
2728.000000 0.000101
2729.000000 0.000100
2730.000000 0.000100
2731.000000 0.000099
2732.000000 0.000098
2733.000000 0.000097
2734.000000 0.000097
2735.000000 0.000096
2736.000000 0.000095
2737.000000 0.000094
2738.000000 0.000094
2739.000000 0.000093
2740.000000 0.000092
2741.000000 0.000091
2742.000000 0.000091
2743.000000 0.000090
2744.000000 0.000089
2745.000000 0.000089
2746.000000 0.000088
2747.000000 0.000087
2748.000000 0.000087
2749.000000 0.000086
2750.000000 0.000085
2751.000000 0.000084
2752.000000 0.000084
2753.000000 0.000083
2754.000000 0.000082
2755.000000 0.000082
2756.000000 0.000081
2757.000000 0.000081
2758.000000 0.000080
2759.000000 0.000079
2760.000000 0.000079
2761.000000 0.000078
2762.000000 0.000077
2763.000000 0.000077
2764.000000 0.000076
2765.000000 0.000075
2766.000000 0.000075
2767.000000 0.000074
2768.000000 0.000074
2769.000000 0.000073
2770.000000 0.000072
2771.000000 0.000072
2772.000000 0.000071
2773.000000 0.000071
2774.000000 0.000070
2775.000000 0.000069
2776.000000 0.000069
2777.000000 0.000068
2778.000000 0.000068
2779.000000 0.000067
2780.000000 0.000067
2781.000000 0.000066
2782.000000 0.000065
2783.000000 0.000065
2784.000000 0.000064
2785.000000 0.000064
2786.000000 0.000063
2787.000000 0.000063
2788.000000 0.000062
2789.000000 0.000062
2790.000000 0.000061
2791.000000 0.000061
2792.000000 0.000060
2793.000000 0.000059
2794.000000 0.000059
2795.000000 0.000058
2796.000000 0.000058
2797.000000 0.000057
2798.000000 0.000057
2799.000000 0.000056
2800.000000 0.000056
2801.000000 0.000055
2802.000000 0.000055
2803.000000 0.000054
2804.000000 0.000054
2805.000000 0.000054
2806.000000 0.000053
2807.000000 0.000053
2808.000000 0.000052
2809.000000 0.000052
2810.000000 0.000051
2811.000000 0.000051
2812.000000 0.000050
2813.000000 0.000050
2814.000000 0.000049
2815.000000 0.000049
2816.000000 0.000048
2817.000000 0.000048
2818.000000 0.000048
2819.000000 0.000047
2820.000000 0.000047
2821.000000 0.000046
2822.000000 0.000046
2823.000000 0.000045
2824.000000 0.000045
2825.000000 0.000045
2826.000000 0.000044
2827.000000 0.000044
2828.000000 0.000043
2829.000000 0.000043
2830.000000 0.000043
2831.000000 0.000042
2832.000000 0.000042
2833.000000 0.000041
2834.000000 0.000041
2835.000000 0.000041
2836.000000 0.000040
2837.000000 0.000040
2838.000000 0.000039
2839.000000 0.000039
2840.000000 0.000039
2841.000000 0.000038
2842.000000 0.000038
2843.000000 0.000038
2844.000000 0.000037
2845.000000 0.000037
2846.000000 0.000037
2847.000000 0.000036
2848.000000 0.000036
2849.000000 0.000036
2850.000000 0.000035
2851.000000 0.000035
2852.000000 0.000034
2853.000000 0.000034
2854.000000 0.000034
2855.000000 0.000033
2856.000000 0.000033
2857.000000 0.000033
2858.000000 0.000033
2859.000000 0.000032
2860.000000 0.000032
2861.000000 0.000032
2862.000000 0.000031
2863.000000 0.000031
2864.000000 0.000031
2865.000000 0.000030
2866.000000 0.000030
2867.000000 0.000030
2868.000000 0.000029
2869.000000 0.000029
2870.000000 0.000029
2871.000000 0.000029
2872.000000 0.000028
2873.000000 0.000028
2874.000000 0.000028
2875.000000 0.000027
2876.000000 0.000027
2877.000000 0.000027
2878.000000 0.000027
2879.000000 0.000026
2880.000000 0.000026
2881.000000 0.000026
2882.000000 0.000025
2883.000000 0.000025
2884.000000 0.000025
2885.000000 0.000025
2886.000000 0.000024
2887.000000 0.000024
2888.000000 0.000024
2889.000000 0.000024
2890.000000 0.000023
2891.000000 0.000023
2892.000000 0.000023
2893.000000 0.000023
2894.000000 0.000022
2895.000000 0.000022
2896.000000 0.000022
2897.000000 0.000022
2898.000000 0.000022
2899.000000 0.000021
2900.000000 0.000021
2901.000000 0.000021
2902.000000 0.000021
2903.000000 0.000020
2904.000000 0.000020
2905.000000 0.000020
2906.000000 0.000020
2907.000000 0.000020
2908.000000 0.000019
2909.000000 0.000019
2910.000000 0.000019
2911.000000 0.000019
2912.000000 0.000018
2913.000000 0.000018
2914.000000 0.000018
2915.000000 0.000018
2916.000000 0.000018
2917.000000 0.000017
2918.000000 0.000017
2919.000000 0.000017
2920.000000 0.000017
2921.000000 0.000017
2922.000000 0.000017
2923.000000 0.000016
2924.000000 0.000016
2925.000000 0.000016
2926.000000 0.000016
2927.000000 0.000016
2928.000000 0.000015
2929.000000 0.000015
2930.000000 0.000015
2931.000000 0.000015
2932.000000 0.000015
2933.000000 0.000015
2934.000000 0.000014
2935.000000 0.000014
2936.000000 0.000014
2937.000000 0.000014
2938.000000 0.000014
2939.000000 0.000014
2940.000000 0.000013
2941.000000 0.000013
2942.000000 0.000013
2943.000000 0.000013
2944.000000 0.000013
2945.000000 0.000013
2946.000000 0.000013
2947.000000 0.000012
2948.000000 0.000012
2949.000000 0.000012
2950.000000 0.000012
2951.000000 0.000012
2952.000000 0.000012
2953.000000 0.000012
2954.000000 0.000011
2955.000000 0.000011
2956.000000 0.000011
2957.000000 0.000011
2958.000000 0.000011
2959.000000 0.000011
2960.000000 0.000011
2961.000000 0.000010
2962.000000 0.000010
2963.000000 0.000010
2964.000000 0.000010
2965.000000 0.000010
2966.000000 0.000010
2967.000000 0.000010
2968.000000 0.000010
2969.000000 0.000010
2970.000000 0.000009
2971.000000 0.000009
2972.000000 0.000009
2973.000000 0.000009
2974.000000 0.000009
2975.000000 0.000009
2976.000000 0.000009
2977.000000 0.000009
2978.000000 0.000009
2979.000000 0.000008
2980.000000 0.000008
2981.000000 0.000008
2982.000000 0.000008
2983.000000 0.000008
2984.000000 0.000008
2985.000000 0.000008
2986.000000 0.000008
2987.000000 0.000008
2988.000000 0.000007
2989.000000 0.000007
2990.000000 0.000007
2991.000000 0.000007
2992.000000 0.000007
2993.000000 0.000007
2994.000000 0.000007
2995.000000 0.000007
2996.000000 0.000007
2997.000000 0.000007
2998.000000 0.000007
2999.000000 0.000006
3000.000000 0.000006
3001.000000 0.000006
3002.000000 0.000006
3003.000000 0.000006
3004.000000 0.000006
3005.000000 0.000006
3006.000000 0.000006
3007.000000 0.000006
3008.000000 0.000006
3009.000000 0.000006
3010.000000 0.000006
3011.000000 0.000006
3012.000000 0.000005
3013.000000 0.000005
3014.000000 0.000005
3015.000000 0.000005
3016.000000 0.000005
3017.000000 0.000005
3018.000000 0.000005
3019.000000 0.000005
3020.000000 0.000005
3021.000000 0.000005
3022.000000 0.000005
3023.000000 0.000005
3024.000000 0.000005
3025.000000 0.000005
3026.000000 0.000005
3027.000000 0.000004
3028.000000 0.000004
3029.000000 0.000004
3030.000000 0.000004
3031.000000 0.000004
3032.000000 0.000004
3033.000000 0.000004
3034.000000 0.000004
3035.000000 0.000004
3036.000000 0.000004
3037.000000 0.000004
3038.000000 0.000004
3039.000000 0.000004
3040.000000 0.000004
3041.000000 0.000004
3042.000000 0.000004
3043.000000 0.000004
3044.000000 0.000004
3045.000000 0.000003
3046.000000 0.000003
3047.000000 0.000003
3048.000000 0.000003
3049.000000 0.000003
3050.000000 0.000003
3051.000000 0.000003
3052.000000 0.000003
3053.000000 0.000003
3054.000000 0.000003
3055.000000 0.000003
3056.000000 0.000003
3057.000000 0.000003
3058.000000 0.000003
3059.000000 0.000003
3060.000000 0.000003
3061.000000 0.000003
3062.000000 0.000003
3063.000000 0.000003
3064.000000 0.000003
3065.000000 0.000003
3066.000000 0.000003
3067.000000 0.000003
3068.000000 0.000002
3069.000000 0.000002
3070.000000 0.000002
3071.000000 0.000002
3072.000000 0.000002
3073.000000 0.000002
3074.000000 0.000002
3075.000000 0.000002
3076.000000 0.000002
3077.000000 0.000002
3078.000000 0.000002
3079.000000 0.000002
3080.000000 0.000002
3081.000000 0.000002
3082.000000 0.000002
3083.000000 0.000002
3084.000000 0.000002
3085.000000 0.000002
3086.000000 0.000002
3087.000000 0.000002
3088.000000 0.000002
3089.000000 0.000002
3090.000000 0.000002
3091.000000 0.000002
3092.000000 0.000002
3093.000000 0.000002
3094.000000 0.000002
3095.000000 0.000002
3096.000000 0.000002
3097.000000 0.000002
3098.000000 0.000002
3099.000000 0.000002
3100.000000 0.000002
3101.000000 0.000001
3102.000000 0.000001
3103.000000 0.000001
3104.000000 0.000001
3105.000000 0.000001
3106.000000 0.000001
3107.000000 0.000001
3108.000000 0.000001
3109.000000 0.000001
3110.000000 0.000001
3111.000000 0.000001
3112.000000 0.000001
3113.000000 0.000001
3114.000000 0.000001
3115.000000 0.000001
3116.000000 0.000001
3117.000000 0.000001
3118.000000 0.000001
3119.000000 0.000001
3120.000000 0.000001
3121.000000 0.000001
3122.000000 0.000001
3123.000000 0.000001
3124.000000 0.000001
3125.000000 0.000001
3126.000000 0.000001
3127.000000 0.000001
3128.000000 0.000001
3129.000000 0.000001
3130.000000 0.000001
3131.000000 0.000001
3132.000000 0.000001
3133.000000 0.000001
3134.000000 0.000001
3135.000000 0.000001
3136.000000 0.000001
3137.000000 0.000001
3138.000000 0.000001
3139.000000 0.000001
3140.000000 0.000001
3141.000000 0.000001
3142.000000 0.000001
3143.000000 0.000001
3144.000000 0.000001
3145.000000 0.000001
3146.000000 0.000001
3147.000000 0.000001
3148.000000 0.000001
3149.000000 0.000001
3150.000000 0.000001
3151.000000 0.000001
3152.000000 0.000001
3153.000000 0.000001
3154.000000 0.000001
3155.000000 0.000001
3156.000000 0.000001
3157.000000 0.000001
3158.000000 0.000001
3159.000000 0.000001
3160.000000 0.000001
3161.000000 0.000001
3162.000000 0.000001
3163.000000 0.000001
3164.000000 0.000001
3165.000000 0.000000
3166.000000 0.000000
3167.000000 0.000000
3168.000000 0.000000
3169.000000 0.000000
3170.000000 0.000000
3171.000000 0.000000
3172.000000 0.000000
3173.000000 0.000000
3174.000000 0.000000
3175.000000 0.000000
3176.000000 0.000000
3177.000000 0.000000
3178.000000 0.000000
3179.000000 0.000000
3180.000000 0.000000
3181.000000 0.000000
3182.000000 0.000000
3183.000000 0.000000
3184.000000 0.000000
3185.000000 0.000000
3186.000000 0.000000
3187.000000 0.000000
3188.000000 0.000000
3189.000000 0.000000
3190.000000 0.000000
3191.000000 0.000000
3192.000000 0.000000
3193.000000 0.000000
3194.000000 0.000000
3195.000000 0.000000
3196.000000 0.000000
3197.000000 0.000000
3198.000000 0.000000
3199.000000 0.000000
3200.000000 0.000000
3201.000000 0.000000
3202.000000 0.000000
3203.000000 0.000000
3204.000000 0.000000
3205.000000 0.000000
3206.000000 0.000000
3207.000000 0.000000
3208.000000 0.000000
3209.000000 0.000000
3210.000000 0.000000
3211.000000 0.000000
3212.000000 0.000000
3213.000000 0.000000
3214.000000 0.000000
3215.000000 0.000000
3216.000000 0.000000
3217.000000 0.000000
3218.000000 0.000000
3219.000000 0.000000
3220.000000 0.000000
3221.000000 0.000000
3222.000000 0.000000
3223.000000 0.000000
3224.000000 0.000000
3225.000000 0.000000
3226.000000 0.000000
3227.000000 0.000000
3228.000000 0.000000
3229.000000 0.000000
3230.000000 0.000000
3231.000000 0.000000
3232.000000 0.000000
3233.000000 0.000000
3234.000000 0.000000
3235.000000 0.000000
3236.000000 0.000000
3237.000000 0.000000
3238.000000 0.000000
3239.000000 0.000000
3240.000000 0.000000
3241.000000 0.000000
3242.000000 0.000000
3243.000000 0.000000
3244.000000 0.000000
3245.000000 0.000000
3246.000000 0.000000
3247.000000 0.000000
3248.000000 0.000000
3249.000000 0.000000
3250.000000 0.000000
3251.000000 0.000000
3252.000000 0.000000
3253.000000 0.000000
3254.000000 0.000000
3255.000000 0.000000
3256.000000 0.000000
3257.000000 0.000000
3258.000000 0.000000
3259.000000 0.000000
3260.000000 0.000000
3261.000000 0.000000
3262.000000 0.000000
3263.000000 0.000000
3264.000000 0.000000
3265.000000 0.000000
3266.000000 0.000000
3267.000000 0.000000
3268.000000 0.000000
3269.000000 0.000000
3270.000000 0.000000
3271.000000 0.000000
3272.000000 0.000000
3273.000000 0.000000
3274.000000 0.000000
3275.000000 0.000000
3276.000000 0.000000
3277.000000 0.000000
3278.000000 0.000000
3279.000000 0.000000
3280.000000 0.000000
3281.000000 0.000000
3282.000000 0.000000
3283.000000 0.000000
3284.000000 0.000000
3285.000000 0.000000
3286.000000 0.000000
3287.000000 0.000000
3288.000000 0.000000
3289.000000 0.000000
3290.000000 0.000000
3291.000000 0.000000
3292.000000 0.000000
3293.000000 0.000000
3294.000000 0.000000
3295.000000 0.000000
3296.000000 0.000000
3297.000000 0.000000
3298.000000 0.000000
3299.000000 0.000000
3300.000000 0.000000
3301.000000 0.000000
3302.000000 0.000000
3303.000000 0.000000
3304.000000 0.000000
3305.000000 0.000000
3306.000000 0.000000
3307.000000 0.000000
3308.000000 0.000000
3309.000000 0.000000
3310.000000 0.000000
3311.000000 0.000000
3312.000000 0.000000
3313.000000 0.000000
3314.000000 0.000000
3315.000000 0.000000
3316.000000 0.000000
3317.000000 0.000000
3318.000000 0.000000
3319.000000 0.000000
3320.000000 0.000000
3321.000000 0.000000
3322.000000 0.000000
3323.000000 0.000000
3324.000000 0.000000
3325.000000 0.000000
3326.000000 0.000000
3327.000000 0.000000
3328.000000 0.000000
3329.000000 0.000000
3330.000000 0.000000
3331.000000 0.000000
3332.000000 0.000000
3333.000000 0.000000
3334.000000 0.000000
3335.000000 0.000000
3336.000000 0.000000
3337.000000 0.000000
3338.000000 0.000000
3339.000000 0.000000
3340.000000 0.000000
3341.000000 0.000000
3342.000000 0.000000
3343.000000 0.000000
3344.000000 0.000000
3345.000000 0.000000
3346.000000 0.000000
3347.000000 0.000000
3348.000000 0.000000
3349.000000 0.000000
3350.000000 0.000000
3351.000000 0.000000
3352.000000 0.000000
3353.000000 0.000000
3354.000000 0.000000
3355.000000 0.000000
3356.000000 0.000000
3357.000000 0.000000
3358.000000 0.000000
3359.000000 0.000000
3360.000000 0.000000
3361.000000 0.000000
3362.000000 0.000000
3363.000000 0.000000
3364.000000 0.000000
3365.000000 0.000000
3366.000000 0.000000
3367.000000 0.000000
3368.000000 0.000000
3369.000000 0.000000
3370.000000 0.000000
3371.000000 0.000000
3372.000000 0.000000
3373.000000 0.000000
3374.000000 0.000000
3375.000000 0.000000
3376.000000 0.000000
3377.000000 0.000000
3378.000000 0.000000
3379.000000 0.000000
3380.000000 0.000000
3381.000000 0.000000
3382.000000 0.000000
3383.000000 0.000000
3384.000000 0.000000
3385.000000 0.000000
3386.000000 0.000000
3387.000000 0.000000
3388.000000 0.000000
3389.000000 0.000000
3390.000000 0.000000
3391.000000 0.000000
3392.000000 0.000000
3393.000000 0.000000
3394.000000 0.000000
3395.000000 0.000000
3396.000000 0.000000
3397.000000 0.000000
3398.000000 0.000000
3399.000000 0.000000
3400.000000 0.000000
3401.000000 0.000000
3402.000000 0.000000
3403.000000 0.000000
3404.000000 0.000000
3405.000000 0.000000
3406.000000 0.000000
3407.000000 0.000000
3408.000000 0.000000
3409.000000 0.000000
3410.000000 0.000000
3411.000000 0.000000
3412.000000 0.000000
3413.000000 0.000000
3414.000000 0.000000
3415.000000 0.000000
3416.000000 0.000000
3417.000000 0.000000
3418.000000 0.000000
3419.000000 0.000000
3420.000000 0.000000
3421.000000 0.000000
3422.000000 0.000000
3423.000000 0.000000
3424.000000 0.000000
3425.000000 0.000000
3426.000000 0.000000
3427.000000 0.000000
3428.000000 0.000000
3429.000000 0.000000
3430.000000 0.000000
3431.000000 0.000000
3432.000000 0.000000
3433.000000 0.000000
3434.000000 0.000000
3435.000000 0.000000
3436.000000 0.000000
3437.000000 0.000000
3438.000000 0.000000
3439.000000 0.000000
3440.000000 0.000000
3441.000000 0.000000
3442.000000 0.000000
3443.000000 0.000000
3444.000000 0.000000
3445.000000 0.000000
3446.000000 0.000000
3447.000000 0.000000
3448.000000 0.000000
3449.000000 0.000000
3450.000000 0.000000
3451.000000 0.000000
3452.000000 0.000000
3453.000000 0.000000
3454.000000 0.000000
3455.000000 0.000000
3456.000000 0.000000
3457.000000 0.000000
3458.000000 0.000000
3459.000000 0.000000
3460.000000 0.000000
3461.000000 0.000000
3462.000000 0.000000
3463.000000 0.000000
3464.000000 0.000000
3465.000000 0.000000
3466.000000 0.000000
3467.000000 0.000000
3468.000000 0.000000
3469.000000 0.000000
3470.000000 0.000000
3471.000000 0.000000
3472.000000 0.000000
3473.000000 0.000000
3474.000000 0.000000
3475.000000 0.000000
3476.000000 0.000000
3477.000000 0.000000
3478.000000 0.000000
3479.000000 0.000000
3480.000000 0.000000
3481.000000 0.000000
3482.000000 0.000000
3483.000000 0.000000
3484.000000 0.000000
3485.000000 0.000000
3486.000000 0.000000
3487.000000 0.000000
3488.000000 0.000000
3489.000000 0.000000
3490.000000 0.000000
3491.000000 0.000000
3492.000000 0.000000
3493.000000 0.000000
3494.000000 0.000000
3495.000000 0.000000
3496.000000 0.000000
3497.000000 0.000000
3498.000000 0.000000
3499.000000 0.000000
3500.000000 0.000000
3501.000000 0.000000
3502.000000 0.000000
3503.000000 0.000000
3504.000000 0.000000
3505.000000 0.000000
3506.000000 0.000000
3507.000000 0.000000
3508.000000 0.000000
3509.000000 0.000000
3510.000000 0.000000
3511.000000 0.000000
3512.000000 0.000000
3513.000000 0.000000
3514.000000 0.000000
3515.000000 0.000000
3516.000000 0.000000
3517.000000 0.000000
3518.000000 0.000000
3519.000000 0.000000
3520.000000 0.000000
3521.000000 0.000000
3522.000000 0.000000
3523.000000 0.000000
3524.000000 0.000000
3525.000000 0.000000
3526.000000 0.000000
3527.000000 0.000000
3528.000000 0.000000
3529.000000 0.000000
3530.000000 0.000000
3531.000000 0.000000
3532.000000 0.000000
3533.000000 0.000000
3534.000000 0.000000
3535.000000 0.000000
3536.000000 0.000000
3537.000000 0.000000
3538.000000 0.000000
3539.000000 0.000000
3540.000000 0.000000
3541.000000 0.000000
3542.000000 0.000000
3543.000000 0.000000
3544.000000 0.000000
3545.000000 0.000000
3546.000000 0.000000
3547.000000 0.000000
3548.000000 0.000000
3549.000000 0.000000
3550.000000 0.000000
3551.000000 0.000000
3552.000000 0.000000
3553.000000 0.000000
3554.000000 0.000000
3555.000000 0.000000
3556.000000 0.000000
3557.000000 0.000000
3558.000000 0.000000
3559.000000 0.000000
3560.000000 0.000000
3561.000000 0.000000
3562.000000 0.000000
3563.000000 0.000000
3564.000000 0.000000
3565.000000 0.000000
3566.000000 0.000000
3567.000000 0.000000
3568.000000 0.000000
3569.000000 0.000000
3570.000000 0.000000
3571.000000 0.000000
3572.000000 0.000000
3573.000000 0.000000
3574.000000 0.000000
3575.000000 0.000000
3576.000000 0.000000
3577.000000 0.000000
3578.000000 0.000000
3579.000000 0.000000
3580.000000 0.000000
3581.000000 0.000000
3582.000000 0.000000
3583.000000 0.000000
3584.000000 0.000000
3585.000000 0.000000
3586.000000 0.000000
3587.000000 0.000000
3588.000000 0.000000
3589.000000 0.000000
3590.000000 0.000000
3591.000000 0.000000
3592.000000 0.000000
3593.000000 0.000000
3594.000000 0.000000
3595.000000 0.000000
3596.000000 0.000000
3597.000000 0.000000
3598.000000 0.000000
3599.000000 0.000000
3600.000000 0.000000
3601.000000 0.000000
3602.000000 0.000000
3603.000000 0.000000
3604.000000 0.000000
3605.000000 0.000000
3606.000000 0.000000
3607.000000 0.000000
3608.000000 0.000000
3609.000000 0.000000
3610.000000 0.000000
3611.000000 0.000000
3612.000000 0.000000
3613.000000 0.000000
3614.000000 0.000000
3615.000000 0.000000
3616.000000 0.000000
3617.000000 0.000000
3618.000000 0.000000
3619.000000 0.000000
3620.000000 0.000000
3621.000000 0.000000
3622.000000 0.000000
3623.000000 0.000000
3624.000000 0.000000
3625.000000 0.000000
3626.000000 0.000000
3627.000000 0.000000
3628.000000 0.000000
3629.000000 0.000000
3630.000000 0.000000
3631.000000 0.000000
3632.000000 0.000000
3633.000000 0.000000
3634.000000 0.000000
3635.000000 0.000000
3636.000000 0.000000
3637.000000 0.000000
3638.000000 0.000000
3639.000000 0.000000
3640.000000 0.000000
3641.000000 0.000000
3642.000000 0.000000
3643.000000 0.000000
3644.000000 0.000000
3645.000000 0.000000
3646.000000 0.000000
3647.000000 0.000000
3648.000000 0.000000
3649.000000 0.000000
3650.000000 0.000000
3651.000000 0.000000
3652.000000 0.000000
3653.000000 0.000000
3654.000000 0.000000
3655.000000 0.000000
3656.000000 0.000000
3657.000000 0.000000
3658.000000 0.000000
3659.000000 0.000000
3660.000000 0.000000
3661.000000 0.000000
3662.000000 0.000000
3663.000000 0.000000
3664.000000 0.000000
3665.000000 0.000000
3666.000000 0.000000
3667.000000 0.000000
3668.000000 0.000000
3669.000000 0.000000
3670.000000 0.000000
3671.000000 0.000000
3672.000000 0.000000
3673.000000 0.000000
3674.000000 0.000000
3675.000000 0.000000
3676.000000 0.000000
3677.000000 0.000000
3678.000000 0.000000
3679.000000 0.000000
3680.000000 0.000000
3681.000000 0.000000
3682.000000 0.000000
3683.000000 0.000000
3684.000000 0.000000
3685.000000 0.000000
3686.000000 0.000000
3687.000000 0.000000
3688.000000 0.000000
3689.000000 0.000000
3690.000000 0.000000
3691.000000 0.000000
3692.000000 0.000000
3693.000000 0.000000
3694.000000 0.000000
3695.000000 0.000000
3696.000000 0.000000
3697.000000 0.000000
3698.000000 0.000000
3699.000000 0.000000
3700.000000 0.000000
3701.000000 0.000000
3702.000000 0.000000
3703.000000 0.000000
3704.000000 0.000000
3705.000000 0.000000
3706.000000 0.000000
3707.000000 0.000000
3708.000000 0.000000
3709.000000 0.000000
3710.000000 0.000000
3711.000000 0.000000
3712.000000 0.000000
3713.000000 0.000000
3714.000000 0.000000
3715.000000 0.000000
3716.000000 0.000000
3717.000000 0.000000
3718.000000 0.000000
3719.000000 0.000000
3720.000000 0.000000
3721.000000 0.000000
3722.000000 0.000000
3723.000000 0.000000
3724.000000 0.000000
3725.000000 0.000000
3726.000000 0.000000
3727.000000 0.000000
3728.000000 0.000000
3729.000000 0.000000
3730.000000 0.000000
3731.000000 0.000000
3732.000000 0.000000
3733.000000 0.000000
3734.000000 0.000000
3735.000000 0.000000
3736.000000 0.000000
3737.000000 0.000000
3738.000000 0.000000
3739.000000 0.000000
3740.000000 0.000000
3741.000000 0.000000
3742.000000 0.000000
3743.000000 0.000000
3744.000000 0.000000
3745.000000 0.000000
3746.000000 0.000000
3747.000000 0.000000
3748.000000 0.000000
3749.000000 0.000000
3750.000000 0.000000
3751.000000 0.000000
3752.000000 0.000000
3753.000000 0.000000
3754.000000 0.000000
3755.000000 0.000000
3756.000000 0.000000
3757.000000 0.000000
3758.000000 0.000000
3759.000000 0.000000
3760.000000 0.000000
3761.000000 0.000000
3762.000000 0.000000
3763.000000 0.000000
3764.000000 0.000000
3765.000000 0.000000
3766.000000 0.000000
3767.000000 0.000000
3768.000000 0.000000
3769.000000 0.000000
3770.000000 0.000000
3771.000000 0.000000
3772.000000 0.000000
3773.000000 0.000000
3774.000000 0.000000
3775.000000 0.000000
3776.000000 0.000000
3777.000000 0.000000
3778.000000 0.000000
3779.000000 0.000000
3780.000000 0.000000
3781.000000 0.000000
3782.000000 0.000000
3783.000000 0.000000
3784.000000 0.000000
3785.000000 0.000000
3786.000000 0.000000
3787.000000 0.000000
3788.000000 0.000000
3789.000000 0.000000
3790.000000 0.000000
3791.000000 0.000000
3792.000000 0.000000
3793.000000 0.000000
3794.000000 0.000000
3795.000000 0.000000
3796.000000 0.000000
3797.000000 0.000000
3798.000000 0.000000
3799.000000 0.000000
3800.000000 0.000000
3801.000000 0.000000
3802.000000 0.000000
3803.000000 0.000000
3804.000000 0.000000
3805.000000 0.000000
3806.000000 0.000000
3807.000000 0.000000
3808.000000 0.000000
3809.000000 0.000000
3810.000000 0.000000
3811.000000 0.000000
3812.000000 0.000000
3813.000000 0.000000
3814.000000 0.000000
3815.000000 0.000000
3816.000000 0.000000
3817.000000 0.000000
3818.000000 0.000000
3819.000000 0.000000
3820.000000 0.000000
3821.000000 0.000000
3822.000000 0.000000
3823.000000 0.000000
3824.000000 0.000000
3825.000000 0.000000
3826.000000 0.000000
3827.000000 0.000000
3828.000000 0.000000
3829.000000 0.000000
3830.000000 0.000000
3831.000000 0.000000
3832.000000 0.000000
3833.000000 0.000000
3834.000000 0.000000
3835.000000 0.000000
3836.000000 0.000000
3837.000000 0.000000
3838.000000 0.000000
3839.000000 0.000000
3840.000000 0.000000
3841.000000 0.000000
3842.000000 0.000000
3843.000000 0.000000
3844.000000 0.000000
3845.000000 0.000000
3846.000000 0.000000
3847.000000 0.000000
3848.000000 0.000000
3849.000000 0.000000
3850.000000 0.000000
3851.000000 0.000000
3852.000000 0.000000
3853.000000 0.000000
3854.000000 0.000000
3855.000000 0.000000
3856.000000 0.000000
3857.000000 0.000000
3858.000000 0.000000
3859.000000 0.000000
3860.000000 0.000000
3861.000000 0.000000
3862.000000 0.000000
3863.000000 0.000000
3864.000000 0.000000
3865.000000 0.000000
3866.000000 0.000000
3867.000000 0.000000
3868.000000 0.000000
3869.000000 0.000000
3870.000000 0.000000
3871.000000 0.000000
3872.000000 0.000000
3873.000000 0.000000
3874.000000 0.000000
3875.000000 0.000000
3876.000000 0.000000
3877.000000 0.000000
3878.000000 0.000000
3879.000000 0.000000
3880.000000 0.000000
3881.000000 0.000000
3882.000000 0.000000
3883.000000 0.000000
3884.000000 0.000000
3885.000000 0.000000
3886.000000 0.000000
3887.000000 0.000000
3888.000000 0.000000
3889.000000 0.000000
3890.000000 0.000000
3891.000000 0.000000
3892.000000 0.000000
3893.000000 0.000000
3894.000000 0.000000
3895.000000 0.000000
3896.000000 0.000000
3897.000000 0.000000
3898.000000 0.000000
3899.000000 0.000000
3900.000000 0.000000
3901.000000 0.000000
3902.000000 0.000000
3903.000000 0.000000
3904.000000 0.000000
3905.000000 0.000000
3906.000000 0.000000
3907.000000 0.000000
3908.000000 0.000000
3909.000000 0.000000
3910.000000 0.000000
3911.000000 0.000000
3912.000000 0.000000
3913.000000 0.000000
3914.000000 0.000000
3915.000000 0.000000
3916.000000 0.000000
3917.000000 0.000000
3918.000000 0.000000
3919.000000 0.000000
3920.000000 0.000000
3921.000000 0.000000
3922.000000 0.000000
3923.000000 0.000000
3924.000000 0.000000
3925.000000 0.000000
3926.000000 0.000000
3927.000000 0.000000
3928.000000 0.000000
3929.000000 0.000000
3930.000000 0.000000
3931.000000 0.000000
3932.000000 0.000000
3933.000000 0.000000
3934.000000 0.000000
3935.000000 0.000000
3936.000000 0.000000
3937.000000 0.000000
3938.000000 0.000000
3939.000000 0.000000
3940.000000 0.000000
3941.000000 0.000000
3942.000000 0.000000
3943.000000 0.000000
3944.000000 0.000000
3945.000000 0.000000
3946.000000 0.000000
3947.000000 0.000000
3948.000000 0.000000
3949.000000 0.000000
3950.000000 0.000000
3951.000000 0.000000
3952.000000 0.000000
3953.000000 0.000000
3954.000000 0.000000
3955.000000 0.000000
3956.000000 0.000000
3957.000000 0.000000
3958.000000 0.000000
3959.000000 0.000000
3960.000000 0.000000
3961.000000 0.000000
3962.000000 0.000000
3963.000000 0.000000
3964.000000 0.000000
3965.000000 0.000000
3966.000000 0.000000
3967.000000 0.000000
3968.000000 0.000000
3969.000000 0.000000
3970.000000 0.000000
3971.000000 0.000000
3972.000000 0.000000
3973.000000 0.000000
3974.000000 0.000000
3975.000000 0.000000
3976.000000 0.000000
3977.000000 0.000000
3978.000000 0.000000
3979.000000 0.000000
3980.000000 0.000000
3981.000000 0.000000
3982.000000 0.000000
3983.000000 0.000000
3984.000000 0.000000
3985.000000 0.000000
3986.000000 0.000000
3987.000000 0.000000
3988.000000 0.000000
3989.000000 0.000000
3990.000000 0.000000
3991.000000 0.000000
3992.000000 0.000000
3993.000000 0.000000
3994.000000 0.000000
3995.000000 0.000000
3996.000000 0.000000
3997.000000 0.000000
3998.000000 0.000000
3999.000000 0.000000
4000.000000 0.000000
