n lam mean variance std
4000 0.130000 2000.495093 454470.695791 674.144418
bin_midpoint probability
1.000000 0.000000
2.000000 0.000000
3.000000 0.000000
4.000000 0.000000
5.000000 0.000000
6.000000 0.000000
7.000000 0.000000
8.000000 0.000000
9.000000 0.000000
10.000000 0.000000
11.000000 0.000000
12.000000 0.000000
13.000000 0.000000
14.000000 0.000000
15.000000 0.000000
16.000000 0.000000
17.000000 0.000000
18.000000 0.000000
19.000000 0.000000
20.000000 0.000000
21.000000 0.000000
22.000000 0.000000
23.000000 0.000000
24.000000 0.000000
25.000000 0.000000
26.000000 0.000000
27.000000 0.000000
28.000000 0.000000
29.000000 0.000000
30.000000 0.000000
31.000000 0.000000
32.000000 0.000000
33.000000 0.000000
34.000000 0.000000
35.000000 0.000000
36.000000 0.000000
37.000000 0.000000
38.000000 0.000000
39.000000 0.000000
40.000000 0.000000
41.000000 0.000000
42.000000 0.000000
43.000000 0.000000
44.000000 0.000000
45.000000 0.000000
46.000000 0.000000
47.000000 0.000000
48.000000 0.000000
49.000000 0.000000
50.000000 0.000000
51.000000 0.000000
52.000000 0.000000
53.000000 0.000000
54.000000 0.000000
55.000000 0.000000
56.000000 0.000000
57.000000 0.000000
58.000000 0.000000
59.000000 0.000000
60.000000 0.000000
61.000000 0.000000
62.000000 0.000000
63.000000 0.000000
64.000000 0.000000
65.000000 0.000000
66.000000 0.000000
67.000000 0.000000
68.000000 0.000000
69.000000 0.000000
70.000000 0.000000
71.000000 0.000000
72.000000 0.000000
73.000000 0.000000
74.000000 0.000000
75.000000 0.000000
76.000000 0.000000
77.000000 0.000000
78.000000 0.000000
79.000000 0.000000
80.000000 0.000000
81.000000 0.000000
82.000000 0.000000
83.000000 0.000000
84.000000 0.000000
85.000000 0.000000
86.000000 0.000000
87.000000 0.000000
88.000000 0.000000
89.000000 0.000000
90.000000 0.000000
91.000000 0.000000
92.000000 0.000000
93.000000 0.000000
94.000000 0.000000
95.000000 0.000000
96.000000 0.000000
97.000000 0.000000
98.000000 0.000000
99.000000 0.000000
100.000000 0.000000
101.000000 0.000000
102.000000 0.000000
103.000000 0.000000
104.000000 0.000000
105.000000 0.000000
106.000000 0.000000
107.000000 0.000000
108.000000 0.000000
109.000000 0.000000
110.000000 0.000000
111.000000 0.000000
112.000000 0.000000
113.000000 0.000000
114.000000 0.000000
115.000000 0.000000
116.000000 0.000000
117.000000 0.000000
118.000000 0.000000
119.000000 0.000000
120.000000 0.000000
121.000000 0.000000
122.000000 0.000000
123.000000 0.000000
124.000000 0.000000
125.000000 0.000000
126.000000 0.000000
127.000000 0.000000
128.000000 0.000000
129.000000 0.000000
130.000000 0.000000
131.000000 0.000000
132.000000 0.000000
133.000000 0.000000
134.000000 0.000000
135.000000 0.000000
136.000000 0.000000
137.000000 0.000000
138.000000 0.000001
139.000000 0.000001
140.000000 0.000001
141.000000 0.000001
142.000000 0.000001
143.000000 0.000001
144.000000 0.000001
145.000000 0.000001
146.000000 0.000001
147.000000 0.000001
148.000000 0.000001
149.000000 0.000001
150.000000 0.000001
151.000000 0.000001
152.000000 0.000001
153.000000 0.000001
154.000000 0.000001
155.000000 0.000001
156.000000 0.000001
157.000000 0.000001
158.000000 0.000001
159.000000 0.000001
160.000000 0.000001
161.000000 0.000001
162.000000 0.000001
163.000000 0.000001
164.000000 0.000001
165.000000 0.000001
166.000000 0.000001
167.000000 0.000001
168.000000 0.000001
169.000000 0.000001
170.000000 0.000001
171.000000 0.000001
172.000000 0.000001
173.000000 0.000001
174.000000 0.000001
175.000000 0.000001
176.000000 0.000001
177.000000 0.000001
178.000000 0.000002
179.000000 0.000002
180.000000 0.000002
181.000000 0.000002
182.000000 0.000002
183.000000 0.000002
184.000000 0.000002
185.000000 0.000002
186.000000 0.000002
187.000000 0.000002
188.000000 0.000002
189.000000 0.000002
190.000000 0.000002
191.000000 0.000002
192.000000 0.000002
193.000000 0.000002
194.000000 0.000002
195.000000 0.000002
196.000000 0.000002
197.000000 0.000002
198.000000 0.000002
199.000000 0.000002
200.000000 0.000002
201.000000 0.000002
202.000000 0.000003
203.000000 0.000003
204.000000 0.000003
205.000000 0.000003
206.000000 0.000003
207.000000 0.000003
208.000000 0.000003
209.000000 0.000003
210.000000 0.000003
211.000000 0.000003
212.000000 0.000003
213.000000 0.000003
214.000000 0.000003
215.000000 0.000003
216.000000 0.000003
217.000000 0.000003
218.000000 0.000003
219.000000 0.000004
220.000000 0.000004
221.000000 0.000004
222.000000 0.000004
223.000000 0.000004
224.000000 0.000004
225.000000 0.000004
226.000000 0.000004
227.000000 0.000004
228.000000 0.000004
229.000000 0.000004
230.000000 0.000004
231.000000 0.000004
232.000000 0.000004
233.000000 0.000004
234.000000 0.000005
235.000000 0.000005
236.000000 0.000005
237.000000 0.000005
238.000000 0.000005
239.000000 0.000005
240.000000 0.000005
241.000000 0.000005
242.000000 0.000005
243.000000 0.000005
244.000000 0.000005
245.000000 0.000005
246.000000 0.000006
247.000000 0.000006
248.000000 0.000006
249.000000 0.000006
250.000000 0.000006
251.000000 0.000006
252.000000 0.000006
253.000000 0.000006
254.000000 0.000006
255.000000 0.000006
256.000000 0.000007
257.000000 0.000007
258.000000 0.000007
259.000000 0.000007
260.000000 0.000007
261.000000 0.000007
262.000000 0.000007
263.000000 0.000007
264.000000 0.000007
265.000000 0.000007
266.000000 0.000007
267.000000 0.000008
268.000000 0.000008
269.000000 0.000008
270.000000 0.000008
271.000000 0.000008
272.000000 0.000008
273.000000 0.000008
274.000000 0.000008
275.000000 0.000009
276.000000 0.000009
277.000000 0.000009
278.000000 0.000009
279.000000 0.000009
280.000000 0.000009
281.000000 0.000009
282.000000 0.000009
283.000000 0.000009
284.000000 0.000010
285.000000 0.000010
286.000000 0.000010
287.000000 0.000010
288.000000 0.000010
289.000000 0.000010
290.000000 0.000010
291.000000 0.000010
292.000000 0.000011
293.000000 0.000011
294.000000 0.000011
295.000000 0.000011
296.000000 0.000011
297.000000 0.000011
298.000000 0.000011
299.000000 0.000012
300.000000 0.000012
301.000000 0.000012
302.000000 0.000012
303.000000 0.000012
304.000000 0.000012
305.000000 0.000012
306.000000 0.000013
307.000000 0.000013
308.000000 0.000013
309.000000 0.000013
310.000000 0.000013
311.000000 0.000013
312.000000 0.000013
313.000000 0.000014
314.000000 0.000014
315.000000 0.000014
316.000000 0.000014
317.000000 0.000014
318.000000 0.000014
319.000000 0.000015
320.000000 0.000015
321.000000 0.000015
322.000000 0.000015
323.000000 0.000015
324.000000 0.000015
325.000000 0.000015
326.000000 0.000016
327.000000 0.000016
328.000000 0.000016
329.000000 0.000016
330.000000 0.000016
331.000000 0.000016
332.000000 0.000017
333.000000 0.000017
334.000000 0.000017
335.000000 0.000017
336.000000 0.000017
337.000000 0.000017
338.000000 0.000018
339.000000 0.000018
340.000000 0.000018
341.000000 0.000018
342.000000 0.000018
343.000000 0.000019
344.000000 0.000019
345.000000 0.000019
346.000000 0.000019
347.000000 0.000019
348.000000 0.000019
349.000000 0.000020
350.000000 0.000020
351.000000 0.000020
352.000000 0.000020
353.000000 0.000020
354.000000 0.000021
355.000000 0.000021
356.000000 0.000021
357.000000 0.000021
358.000000 0.000021
359.000000 0.000021
360.000000 0.000022
361.000000 0.000022
362.000000 0.000022
363.000000 0.000022
364.000000 0.000022
365.000000 0.000023
366.000000 0.000023
367.000000 0.000023
368.000000 0.000023
369.000000 0.000023
370.000000 0.000024
371.000000 0.000024
372.000000 0.000024
373.000000 0.000024
374.000000 0.000024
375.000000 0.000025
376.000000 0.000025
377.000000 0.000025
378.000000 0.000025
379.000000 0.000025
380.000000 0.000026
381.000000 0.000026
382.000000 0.000026
383.000000 0.000026
384.000000 0.000026
385.000000 0.000027
386.000000 0.000027
387.000000 0.000027
388.000000 0.000027
389.000000 0.000028
390.000000 0.000028
391.000000 0.000028
392.000000 0.000028
393.000000 0.000028
394.000000 0.000029
395.000000 0.000029
396.000000 0.000029
397.000000 0.000029
398.000000 0.000030
399.000000 0.000030
400.000000 0.000030
401.000000 0.000030
402.000000 0.000030
403.000000 0.000031
404.000000 0.000031
405.000000 0.000031
406.000000 0.000031
407.000000 0.000031
408.000000 0.000032
409.000000 0.000032
410.000000 0.000032
411.000000 0.000032
412.000000 0.000033
413.000000 0.000033
414.000000 0.000033
415.000000 0.000033
416.000000 0.000034
417.000000 0.000034
418.000000 0.000034
419.000000 0.000034
420.000000 0.000034
421.000000 0.000035
422.000000 0.000035
423.000000 0.000035
424.000000 0.000035
425.000000 0.000036
426.000000 0.000036
427.000000 0.000036
428.000000 0.000036
429.000000 0.000037
430.000000 0.000037
431.000000 0.000037
432.000000 0.000037
433.000000 0.000037
434.000000 0.000038
435.000000 0.000038
436.000000 0.000038
437.000000 0.000038
438.000000 0.000039
439.000000 0.000039
440.000000 0.000039
441.000000 0.000039
442.000000 0.000040
443.000000 0.000040
444.000000 0.000040
445.000000 0.000040
446.000000 0.000041
447.000000 0.000041
448.000000 0.000041
449.000000 0.000041
450.000000 0.000042
451.000000 0.000042
452.000000 0.000042
453.000000 0.000042
454.000000 0.000043
455.000000 0.000043
456.000000 0.000043
457.000000 0.000043
458.000000 0.000044
459.000000 0.000044
460.000000 0.000044
461.000000 0.000044
462.000000 0.000045
463.000000 0.000045
464.000000 0.000045
465.000000 0.000045
466.000000 0.000046
467.000000 0.000046
468.000000 0.000046
469.000000 0.000046
470.000000 0.000047
471.000000 0.000047
472.000000 0.000047
473.000000 0.000047
474.000000 0.000048
475.000000 0.000048
476.000000 0.000048
477.000000 0.000048
478.000000 0.000049
479.000000 0.000049
480.000000 0.000049
481.000000 0.000049
482.000000 0.000050
483.000000 0.000050
484.000000 0.000050
485.000000 0.000050
486.000000 0.000051
487.000000 0.000051
488.000000 0.000051
489.000000 0.000052
490.000000 0.000052
491.000000 0.000052
492.000000 0.000052
493.000000 0.000053
494.000000 0.000053
495.000000 0.000053
496.000000 0.000053
497.000000 0.000054
498.000000 0.000054
499.000000 0.000054
500.000000 0.000054
501.000000 0.000055
502.000000 0.000055
503.000000 0.000055
504.000000 0.000055
505.000000 0.000056
506.000000 0.000056
507.000000 0.000056
508.000000 0.000056
509.000000 0.000057
510.000000 0.000057
511.000000 0.000057
512.000000 0.000058
513.000000 0.000058
514.000000 0.000058
515.000000 0.000058
516.000000 0.000059
517.000000 0.000059
518.000000 0.000059
519.000000 0.000059
520.000000 0.000060
521.000000 0.000060
522.000000 0.000060
523.000000 0.000061
524.000000 0.000061
525.000000 0.000061
526.000000 0.000061
527.000000 0.000062
528.000000 0.000062
529.000000 0.000062
530.000000 0.000063
531.000000 0.000063
532.000000 0.000063
533.000000 0.000063
534.000000 0.000064
535.000000 0.000064
536.000000 0.000064
537.000000 0.000064
538.000000 0.000065
539.000000 0.000065
540.000000 0.000065
541.000000 0.000066
542.000000 0.000066
543.000000 0.000066
544.000000 0.000066
545.000000 0.000067
546.000000 0.000067
547.000000 0.000067
548.000000 0.000068
549.000000 0.000068
550.000000 0.000068
551.000000 0.000068
552.000000 0.000069
553.000000 0.000069
554.000000 0.000069
555.000000 0.000070
556.000000 0.000070
557.000000 0.000070
558.000000 0.000070
559.000000 0.000071
560.000000 0.000071
561.000000 0.000071
562.000000 0.000071
563.000000 0.000072
564.000000 0.000072
565.000000 0.000072
566.000000 0.000073
567.000000 0.000073
568.000000 0.000073
569.000000 0.000073
570.000000 0.000074
571.000000 0.000074
572.000000 0.000074
573.000000 0.000075
574.000000 0.000075
575.000000 0.000075
576.000000 0.000075
577.000000 0.000076
578.000000 0.000076
579.000000 0.000076
580.000000 0.000077
581.000000 0.000077
582.000000 0.000077
583.000000 0.000077
584.000000 0.000078
585.000000 0.000078
586.000000 0.000078
587.000000 0.000079
588.000000 0.000079
589.000000 0.000079
590.000000 0.000080
591.000000 0.000080
592.000000 0.000080
593.000000 0.000081
594.000000 0.000081
595.000000 0.000081
596.000000 0.000081
597.000000 0.000082
598.000000 0.000082
599.000000 0.000082
600.000000 0.000083
601.000000 0.000083
602.000000 0.000083
603.000000 0.000083
604.000000 0.000084
605.000000 0.000084
606.000000 0.000084
607.000000 0.000085
608.000000 0.000085
609.000000 0.000085
610.000000 0.000086
611.000000 0.000086
612.000000 0.000086
613.000000 0.000086
614.000000 0.000087
615.000000 0.000087
616.000000 0.000087
617.000000 0.000088
618.000000 0.000088
619.000000 0.000088
620.000000 0.000089
621.000000 0.000089
622.000000 0.000089
623.000000 0.000090
624.000000 0.000090
625.000000 0.000090
626.000000 0.000090
627.000000 0.000091
628.000000 0.000091
629.000000 0.000091
630.000000 0.000092
631.000000 0.000092
632.000000 0.000092
633.000000 0.000093
634.000000 0.000093
635.000000 0.000093
636.000000 0.000094
637.000000 0.000094
638.000000 0.000094
639.000000 0.000094
640.000000 0.000095
641.000000 0.000095
642.000000 0.000095
643.000000 0.000096
644.000000 0.000096
645.000000 0.000096
646.000000 0.000097
647.000000 0.000097
648.000000 0.000097
649.000000 0.000098
650.000000 0.000098
651.000000 0.000098
652.000000 0.000099
653.000000 0.000099
654.000000 0.000099
655.000000 0.000100
656.000000 0.000100
657.000000 0.000100
658.000000 0.000101
659.000000 0.000101
660.000000 0.000101
661.000000 0.000101
662.000000 0.000102
663.000000 0.000102
664.000000 0.000102
665.000000 0.000103
666.000000 0.000103
667.000000 0.000103
668.000000 0.000104
669.000000 0.000104
670.000000 0.000104
671.000000 0.000105
672.000000 0.000105
673.000000 0.000105
674.000000 0.000106
675.000000 0.000106
676.000000 0.000106
677.000000 0.000107
678.000000 0.000107
679.000000 0.000107
680.000000 0.000108
681.000000 0.000108
682.000000 0.000108
683.000000 0.000109
684.000000 0.000109
685.000000 0.000109
686.000000 0.000110
687.000000 0.000110
688.000000 0.000110
689.000000 0.000111
690.000000 0.000111
691.000000 0.000111
692.000000 0.000112
693.000000 0.000112
694.000000 0.000112
695.000000 0.000112
696.000000 0.000113
697.000000 0.000113
698.000000 0.000114
699.000000 0.000114
700.000000 0.000114
701.000000 0.000115
702.000000 0.000115
703.000000 0.000115
704.000000 0.000115
705.000000 0.000116
706.000000 0.000116
707.000000 0.000116
708.000000 0.000117
709.000000 0.000117
710.000000 0.000118
711.000000 0.000118
712.000000 0.000118
713.000000 0.000119
714.000000 0.000119
715.000000 0.000119
716.000000 0.000120
717.000000 0.000120
718.000000 0.000120
719.000000 0.000120
720.000000 0.000121
721.000000 0.000121
722.000000 0.000122
723.000000 0.000122
724.000000 0.000122
725.000000 0.000123
726.000000 0.000123
727.000000 0.000123
728.000000 0.000124
729.000000 0.000124
730.000000 0.000124
731.000000 0.000125
732.000000 0.000125
733.000000 0.000125
734.000000 0.000126
735.000000 0.000126
736.000000 0.000126
737.000000 0.000127
738.000000 0.000127
739.000000 0.000127
740.000000 0.000128
741.000000 0.000128
742.000000 0.000128
743.000000 0.000129
744.000000 0.000129
745.000000 0.000129
746.000000 0.000130
747.000000 0.000130
748.000000 0.000131
749.000000 0.000131
750.000000 0.000131
751.000000 0.000132
752.000000 0.000132
753.000000 0.000132
754.000000 0.000133
755.000000 0.000133
756.000000 0.000133
757.000000 0.000134
758.000000 0.000134
759.000000 0.000134
760.000000 0.000135
761.000000 0.000135
762.000000 0.000136
763.000000 0.000136
764.000000 0.000136
765.000000 0.000137
766.000000 0.000137
767.000000 0.000137
768.000000 0.000138
769.000000 0.000138
770.000000 0.000138
771.000000 0.000139
772.000000 0.000139
773.000000 0.000139
774.000000 0.000140
775.000000 0.000140
776.000000 0.000141
777.000000 0.000141
778.000000 0.000141
779.000000 0.000141
780.000000 0.000142
781.000000 0.000142
782.000000 0.000143
783.000000 0.000143
784.000000 0.000143
785.000000 0.000144
786.000000 0.000144
787.000000 0.000145
788.000000 0.000145
789.000000 0.000145
790.000000 0.000146
791.000000 0.000146
792.000000 0.000146
793.000000 0.000147
794.000000 0.000147
795.000000 0.000147
796.000000 0.000148
797.000000 0.000148
798.000000 0.000148
799.000000 0.000149
800.000000 0.000149
801.000000 0.000150
802.000000 0.000150
803.000000 0.000150
804.000000 0.000151
805.000000 0.000151
806.000000 0.000151
807.000000 0.000152
808.000000 0.000152
809.000000 0.000153
810.000000 0.000153
811.000000 0.000153
812.000000 0.000154
813.000000 0.000154
814.000000 0.000154
815.000000 0.000155
816.000000 0.000155
817.000000 0.000155
818.000000 0.000156
819.000000 0.000156
820.000000 0.000157
821.000000 0.000157
822.000000 0.000157
823.000000 0.000158
824.000000 0.000158
825.000000 0.000158
826.000000 0.000159
827.000000 0.000159
828.000000 0.000160
829.000000 0.000160
830.000000 0.000160
831.000000 0.000161
832.000000 0.000161
833.000000 0.000162
834.000000 0.000162
835.000000 0.000162
836.000000 0.000163
837.000000 0.000163
838.000000 0.000163
839.000000 0.000164
840.000000 0.000164
841.000000 0.000164
842.000000 0.000165
843.000000 0.000165
844.000000 0.000166
845.000000 0.000166
846.000000 0.000166
847.000000 0.000167
848.000000 0.000167
849.000000 0.000168
850.000000 0.000168
851.000000 0.000168
852.000000 0.000169
853.000000 0.000169
854.000000 0.000169
855.000000 0.000170
856.000000 0.000170
857.000000 0.000171
858.000000 0.000171
859.000000 0.000171
860.000000 0.000172
861.000000 0.000172
862.000000 0.000173
863.000000 0.000173
864.000000 0.000173
865.000000 0.000174
866.000000 0.000174
867.000000 0.000175
868.000000 0.000175
869.000000 0.000175
870.000000 0.000176
871.000000 0.000176
872.000000 0.000176
873.000000 0.000177
874.000000 0.000177
875.000000 0.000178
876.000000 0.000178
877.000000 0.000178
878.000000 0.000179
879.000000 0.000179
880.000000 0.000179
881.000000 0.000180
882.000000 0.000180
883.000000 0.000181
884.000000 0.000181
885.000000 0.000182
886.000000 0.000182
887.000000 0.000182
888.000000 0.000183
889.000000 0.000183
890.000000 0.000183
891.000000 0.000184
892.000000 0.000184
893.000000 0.000185
894.000000 0.000185
895.000000 0.000185
896.000000 0.000186
897.000000 0.000186
898.000000 0.000187
899.000000 0.000187
900.000000 0.000187
901.000000 0.000188
902.000000 0.000188
903.000000 0.000189
904.000000 0.000189
905.000000 0.000189
906.000000 0.000190
907.000000 0.000190
908.000000 0.000191
909.000000 0.000191
910.000000 0.000191
911.000000 0.000192
912.000000 0.000192
913.000000 0.000193
914.000000 0.000193
915.000000 0.000193
916.000000 0.000194
917.000000 0.000194
918.000000 0.000195
919.000000 0.000195
920.000000 0.000195
921.000000 0.000196
922.000000 0.000196
923.000000 0.000197
924.000000 0.000197
925.000000 0.000197
926.000000 0.000198
927.000000 0.000198
928.000000 0.000199
929.000000 0.000199
930.000000 0.000199
931.000000 0.000200
932.000000 0.000200
933.000000 0.000201
934.000000 0.000201
935.000000 0.000201
936.000000 0.000202
937.000000 0.000202
938.000000 0.000203
939.000000 0.000203
940.000000 0.000203
941.000000 0.000204
942.000000 0.000204
943.000000 0.000205
944.000000 0.000205
945.000000 0.000206
946.000000 0.000206
947.000000 0.000206
948.000000 0.000207
949.000000 0.000207
950.000000 0.000208
951.000000 0.000208
952.000000 0.000208
953.000000 0.000209
954.000000 0.000209
955.000000 0.000210
956.000000 0.000210
957.000000 0.000210
958.000000 0.000211
959.000000 0.000211
960.000000 0.000212
961.000000 0.000212
962.000000 0.000213
963.000000 0.000213
964.000000 0.000213
965.000000 0.000214
966.000000 0.000214
967.000000 0.000214
968.000000 0.000215
969.000000 0.000215
970.000000 0.000216
971.000000 0.000216
972.000000 0.000217
973.000000 0.000217
974.000000 0.000217
975.000000 0.000218
976.000000 0.000218
977.000000 0.000219
978.000000 0.000219
979.000000 0.000219
980.000000 0.000220
981.000000 0.000220
982.000000 0.000221
983.000000 0.000221
984.000000 0.000222
985.000000 0.000222
986.000000 0.000222
987.000000 0.000223
988.000000 0.000223
989.000000 0.000224
990.000000 0.000224
991.000000 0.000224
992.000000 0.000225
993.000000 0.000225
994.000000 0.000226
995.000000 0.000226
996.000000 0.000227
997.000000 0.000227
998.000000 0.000228
999.000000 0.000228
1000.000000 0.000228
1001.000000 0.000229
1002.000000 0.000229
1003.000000 0.000230
1004.000000 0.000230
1005.000000 0.000231
1006.000000 0.000231
1007.000000 0.000231
1008.000000 0.000232
1009.000000 0.000232
1010.000000 0.000233
1011.000000 0.000233
1012.000000 0.000233
1013.000000 0.000234
1014.000000 0.000234
1015.000000 0.000235
1016.000000 0.000235
1017.000000 0.000235
1018.000000 0.000236
1019.000000 0.000236
1020.000000 0.000237
1021.000000 0.000237
1022.000000 0.000238
1023.000000 0.000238
1024.000000 0.000239
1025.000000 0.000239
1026.000000 0.000239
1027.000000 0.000240
1028.000000 0.000240
1029.000000 0.000241
1030.000000 0.000241
1031.000000 0.000241
1032.000000 0.000242
1033.000000 0.000242
1034.000000 0.000243
1035.000000 0.000243
1036.000000 0.000244
1037.000000 0.000244
1038.000000 0.000245
1039.000000 0.000245
1040.000000 0.000245
1041.000000 0.000246
1042.000000 0.000246
1043.000000 0.000247
1044.000000 0.000247
1045.000000 0.000247
1046.000000 0.000248
1047.000000 0.000248
1048.000000 0.000249
1049.000000 0.000249
1050.000000 0.000250
1051.000000 0.000250
1052.000000 0.000251
1053.000000 0.000251
1054.000000 0.000251
1055.000000 0.000252
1056.000000 0.000252
1057.000000 0.000253
1058.000000 0.000253
1059.000000 0.000254
1060.000000 0.000254
1061.000000 0.000254
1062.000000 0.000255
1063.000000 0.000255
1064.000000 0.000256
1065.000000 0.000256
1066.000000 0.000256
1067.000000 0.000257
1068.000000 0.000257
1069.000000 0.000258
1070.000000 0.000258
1071.000000 0.000259
1072.000000 0.000259
1073.000000 0.000260
1074.000000 0.000260
1075.000000 0.000261
1076.000000 0.000261
1077.000000 0.000261
1078.000000 0.000262
1079.000000 0.000262
1080.000000 0.000263
1081.000000 0.000263
1082.000000 0.000263
1083.000000 0.000264
1084.000000 0.000264
1085.000000 0.000265
1086.000000 0.000265
1087.000000 0.000266
1088.000000 0.000266
1089.000000 0.000267
1090.000000 0.000267
1091.000000 0.000267
1092.000000 0.000268
1093.000000 0.000268
1094.000000 0.000269
1095.000000 0.000269
1096.000000 0.000270
1097.000000 0.000270
1098.000000 0.000271
1099.000000 0.000271
1100.000000 0.000271
1101.000000 0.000272
1102.000000 0.000272
1103.000000 0.000273
1104.000000 0.000273
1105.000000 0.000274
1106.000000 0.000274
1107.000000 0.000274
1108.000000 0.000275
1109.000000 0.000275
1110.000000 0.000276
1111.000000 0.000276
1112.000000 0.000277
1113.000000 0.000277
1114.000000 0.000278
1115.000000 0.000278
1116.000000 0.000278
1117.000000 0.000279
1118.000000 0.000279
1119.000000 0.000280
1120.000000 0.000280
1121.000000 0.000281
1122.000000 0.000281
1123.000000 0.000281
1124.000000 0.000282
1125.000000 0.000282
1126.000000 0.000283
1127.000000 0.000283
1128.000000 0.000284
1129.000000 0.000284
1130.000000 0.000285
1131.000000 0.000285
1132.000000 0.000285
1133.000000 0.000286
1134.000000 0.000286
1135.000000 0.000287
1136.000000 0.000287
1137.000000 0.000288
1138.000000 0.000288
1139.000000 0.000289
1140.000000 0.000289
1141.000000 0.000289
1142.000000 0.000290
1143.000000 0.000290
1144.000000 0.000291
1145.000000 0.000291
1146.000000 0.000292
1147.000000 0.000292
1148.000000 0.000293
1149.000000 0.000293
1150.000000 0.000294
1151.000000 0.000294
1152.000000 0.000294
1153.000000 0.000295
1154.000000 0.000295
1155.000000 0.000296
1156.000000 0.000296
1157.000000 0.000297
1158.000000 0.000297
1159.000000 0.000297
1160.000000 0.000298
1161.000000 0.000298
1162.000000 0.000299
1163.000000 0.000299
1164.000000 0.000300
1165.000000 0.000300
1166.000000 0.000301
1167.000000 0.000301
1168.000000 0.000301
1169.000000 0.000302
1170.000000 0.000302
1171.000000 0.000303
1172.000000 0.000303
1173.000000 0.000304
1174.000000 0.000304
1175.000000 0.000304
1176.000000 0.000305
1177.000000 0.000305
1178.000000 0.000306
1179.000000 0.000306
1180.000000 0.000307
1181.000000 0.000307
1182.000000 0.000308
1183.000000 0.000308
1184.000000 0.000308
1185.000000 0.000309
1186.000000 0.000309
1187.000000 0.000310
1188.000000 0.000310
1189.000000 0.000311
1190.000000 0.000311
1191.000000 0.000312
1192.000000 0.000312
1193.000000 0.000312
1194.000000 0.000313
1195.000000 0.000314
1196.000000 0.000314
1197.000000 0.000314
1198.000000 0.000315
1199.000000 0.000315
1200.000000 0.000316
1201.000000 0.000316
1202.000000 0.000316
1203.000000 0.000317
1204.000000 0.000318
1205.000000 0.000318
1206.000000 0.000318
1207.000000 0.000319
1208.000000 0.000319
1209.000000 0.000320
1210.000000 0.000320
1211.000000 0.000321
1212.000000 0.000321
1213.000000 0.000322
1214.000000 0.000322
1215.000000 0.000322
1216.000000 0.000323
1217.000000 0.000323
1218.000000 0.000324
1219.000000 0.000324
1220.000000 0.000325
1221.000000 0.000325
1222.000000 0.000326
1223.000000 0.000326
1224.000000 0.000326
1225.000000 0.000327
1226.000000 0.000327
1227.000000 0.000327
1228.000000 0.000328
1229.000000 0.000329
1230.000000 0.000329
1231.000000 0.000329
1232.000000 0.000330
1233.000000 0.000330
1234.000000 0.000331
1235.000000 0.000331
1236.000000 0.000332
1237.000000 0.000332
1238.000000 0.000333
1239.000000 0.000333
1240.000000 0.000333
1241.000000 0.000334
1242.000000 0.000334
1243.000000 0.000335
1244.000000 0.000335
1245.000000 0.000336
1246.000000 0.000336
1247.000000 0.000337
1248.000000 0.000337
1249.000000 0.000337
1250.000000 0.000338
1251.000000 0.000338
1252.000000 0.000339
1253.000000 0.000339
1254.000000 0.000340
1255.000000 0.000340
1256.000000 0.000341
1257.000000 0.000341
1258.000000 0.000341
1259.000000 0.000342
1260.000000 0.000342
1261.000000 0.000343
1262.000000 0.000343
1263.000000 0.000344
1264.000000 0.000344
1265.000000 0.000345
1266.000000 0.000345
1267.000000 0.000345
1268.000000 0.000346
1269.000000 0.000346
1270.000000 0.000347
1271.000000 0.000347
1272.000000 0.000348
1273.000000 0.000348
1274.000000 0.000349
1275.000000 0.000349
1276.000000 0.000350
1277.000000 0.000350
1278.000000 0.000350
1279.000000 0.000351
1280.000000 0.000351
1281.000000 0.000352
1282.000000 0.000352
1283.000000 0.000353
1284.000000 0.000353
1285.000000 0.000353
1286.000000 0.000354
1287.000000 0.000354
1288.000000 0.000355
1289.000000 0.000355
1290.000000 0.000356
1291.000000 0.000356
1292.000000 0.000356
1293.000000 0.000357
1294.000000 0.000357
1295.000000 0.000358
1296.000000 0.000358
1297.000000 0.000359
1298.000000 0.000359
1299.000000 0.000360
1300.000000 0.000360
1301.000000 0.000360
1302.000000 0.000361
1303.000000 0.000361
1304.000000 0.000362
1305.000000 0.000362
1306.000000 0.000363
1307.000000 0.000363
1308.000000 0.000364
1309.000000 0.000364
1310.000000 0.000364
1311.000000 0.000365
1312.000000 0.000365
1313.000000 0.000366
1314.000000 0.000366
1315.000000 0.000367
1316.000000 0.000367
1317.000000 0.000368
1318.000000 0.000368
1319.000000 0.000368
1320.000000 0.000369
1321.000000 0.000369
1322.000000 0.000370
1323.000000 0.000370
1324.000000 0.000371
1325.000000 0.000371
1326.000000 0.000371
1327.000000 0.000372
1328.000000 0.000372
1329.000000 0.000373
1330.000000 0.000373
1331.000000 0.000374
1332.000000 0.000374
1333.000000 0.000375
1334.000000 0.000375
1335.000000 0.000375
1336.000000 0.000376
1337.000000 0.000376
1338.000000 0.000377
1339.000000 0.000377
1340.000000 0.000377
1341.000000 0.000378
1342.000000 0.000378
1343.000000 0.000379
1344.000000 0.000379
1345.000000 0.000380
1346.000000 0.000380
1347.000000 0.000381
1348.000000 0.000381
1349.000000 0.000381
1350.000000 0.000382
1351.000000 0.000382
1352.000000 0.000383
1353.000000 0.000383
1354.000000 0.000384
1355.000000 0.000384
1356.000000 0.000385
1357.000000 0.000385
1358.000000 0.000385
1359.000000 0.000386
1360.000000 0.000386
1361.000000 0.000387
1362.000000 0.000387
1363.000000 0.000388
1364.000000 0.000388
1365.000000 0.000388
1366.000000 0.000389
1367.000000 0.000389
1368.000000 0.000390
1369.000000 0.000390
1370.000000 0.000391
1371.000000 0.000391
1372.000000 0.000391
1373.000000 0.000392
1374.000000 0.000392
1375.000000 0.000393
1376.000000 0.000393
1377.000000 0.000394
1378.000000 0.000394
1379.000000 0.000394
1380.000000 0.000395
1381.000000 0.000395
1382.000000 0.000396
1383.000000 0.000396
1384.000000 0.000396
1385.000000 0.000397
1386.000000 0.000397
1387.000000 0.000398
1388.000000 0.000398
1389.000000 0.000399
1390.000000 0.000399
1391.000000 0.000399
1392.000000 0.000400
1393.000000 0.000400
1394.000000 0.000401
1395.000000 0.000401
1396.000000 0.000402
1397.000000 0.000402
1398.000000 0.000402
1399.000000 0.000403
1400.000000 0.000403
1401.000000 0.000403
1402.000000 0.000404
1403.000000 0.000404
1404.000000 0.000405
1405.000000 0.000405
1406.000000 0.000406
1407.000000 0.000406
1408.000000 0.000407
1409.000000 0.000407
1410.000000 0.000407
1411.000000 0.000408
1412.000000 0.000408
1413.000000 0.000409
1414.000000 0.000409
1415.000000 0.000409
1416.000000 0.000410
1417.000000 0.000410
1418.000000 0.000411
1419.000000 0.000411
1420.000000 0.000412
1421.000000 0.000412
1422.000000 0.000412
1423.000000 0.000413
1424.000000 0.000413
1425.000000 0.000414
1426.000000 0.000414
1427.000000 0.000414
1428.000000 0.000415
1429.000000 0.000415
1430.000000 0.000416
1431.000000 0.000416
1432.000000 0.000417
1433.000000 0.000417
1434.000000 0.000417
1435.000000 0.000418
1436.000000 0.000418
1437.000000 0.000419
1438.000000 0.000419
1439.000000 0.000419
1440.000000 0.000420
1441.000000 0.000420
1442.000000 0.000421
1443.000000 0.000421
1444.000000 0.000421
1445.000000 0.000422
1446.000000 0.000422
1447.000000 0.000423
1448.000000 0.000423
1449.000000 0.000423
1450.000000 0.000424
1451.000000 0.000424
1452.000000 0.000424
1453.000000 0.000425
1454.000000 0.000425
1455.000000 0.000426
1456.000000 0.000426
1457.000000 0.000427
1458.000000 0.000427
1459.000000 0.000428
1460.000000 0.000428
1461.000000 0.000428
1462.000000 0.000429
1463.000000 0.000429
1464.000000 0.000429
1465.000000 0.000430
1466.000000 0.000430
1467.000000 0.000431
1468.000000 0.000431
1469.000000 0.000431
1470.000000 0.000432
1471.000000 0.000432
1472.000000 0.000433
1473.000000 0.000433
1474.000000 0.000433
1475.000000 0.000434
1476.000000 0.000434
1477.000000 0.000434
1478.000000 0.000435
1479.000000 0.000435
1480.000000 0.000436
1481.000000 0.000436
1482.000000 0.000437
1483.000000 0.000437
1484.000000 0.000437
1485.000000 0.000438
1486.000000 0.000438
1487.000000 0.000439
1488.000000 0.000439
1489.000000 0.000439
1490.000000 0.000440
1491.000000 0.000440
1492.000000 0.000440
1493.000000 0.000441
1494.000000 0.000441
1495.000000 0.000442
1496.000000 0.000442
1497.000000 0.000442
1498.000000 0.000443
1499.000000 0.000443
1500.000000 0.000443
1501.000000 0.000444
1502.000000 0.000444
1503.000000 0.000445
1504.000000 0.000445
1505.000000 0.000445
1506.000000 0.000446
1507.000000 0.000446
1508.000000 0.000447
1509.000000 0.000447
1510.000000 0.000447
1511.000000 0.000448
1512.000000 0.000448
1513.000000 0.000448
1514.000000 0.000449
1515.000000 0.000449
1516.000000 0.000450
1517.000000 0.000450
1518.000000 0.000450
1519.000000 0.000451
1520.000000 0.000451
1521.000000 0.000452
1522.000000 0.000452
1523.000000 0.000452
1524.000000 0.000453
1525.000000 0.000453
1526.000000 0.000453
1527.000000 0.000454
1528.000000 0.000454
1529.000000 0.000455
1530.000000 0.000455
1531.000000 0.000455
1532.000000 0.000456
1533.000000 0.000456
1534.000000 0.000456
1535.000000 0.000457
1536.000000 0.000457
1537.000000 0.000458
1538.000000 0.000458
1539.000000 0.000458
1540.000000 0.000459
1541.000000 0.000459
1542.000000 0.000459
1543.000000 0.000460
1544.000000 0.000460
1545.000000 0.000461
1546.000000 0.000461
1547.000000 0.000461
1548.000000 0.000462
1549.000000 0.000462
1550.000000 0.000462
1551.000000 0.000463
1552.000000 0.000463
1553.000000 0.000463
1554.000000 0.000464
1555.000000 0.000464
1556.000000 0.000464
1557.000000 0.000465
1558.000000 0.000465
1559.000000 0.000465
1560.000000 0.000466
1561.000000 0.000466
1562.000000 0.000466
1563.000000 0.000467
1564.000000 0.000467
1565.000000 0.000468
1566.000000 0.000468
1567.000000 0.000468
1568.000000 0.000469
1569.000000 0.000469
1570.000000 0.000469
1571.000000 0.000470
1572.000000 0.000470
1573.000000 0.000470
1574.000000 0.000471
1575.000000 0.000471
1576.000000 0.000471
1577.000000 0.000472
1578.000000 0.000472
1579.000000 0.000472
1580.000000 0.000473
1581.000000 0.000473
1582.000000 0.000474
1583.000000 0.000474
1584.000000 0.000474
1585.000000 0.000475
1586.000000 0.000475
1587.000000 0.000475
1588.000000 0.000476
1589.000000 0.000476
1590.000000 0.000476
1591.000000 0.000477
1592.000000 0.000477
1593.000000 0.000477
1594.000000 0.000478
1595.000000 0.000478
1596.000000 0.000478
1597.000000 0.000479
1598.000000 0.000479
1599.000000 0.000479
1600.000000 0.000479
1601.000000 0.000480
1602.000000 0.000480
1603.000000 0.000481
1604.000000 0.000481
1605.000000 0.000481
1606.000000 0.000482
1607.000000 0.000482
1608.000000 0.000482
1609.000000 0.000483
1610.000000 0.000483
1611.000000 0.000483
1612.000000 0.000483
1613.000000 0.000484
1614.000000 0.000484
1615.000000 0.000484
1616.000000 0.000485
1617.000000 0.000485
1618.000000 0.000485
1619.000000 0.000486
1620.000000 0.000486
1621.000000 0.000486
1622.000000 0.000487
1623.000000 0.000487
1624.000000 0.000487
1625.000000 0.000488
1626.000000 0.000488
1627.000000 0.000488
1628.000000 0.000489
1629.000000 0.000489
1630.000000 0.000489
1631.000000 0.000490
1632.000000 0.000490
1633.000000 0.000490
1634.000000 0.000491
1635.000000 0.000491
1636.000000 0.000491
1637.000000 0.000491
1638.000000 0.000492
1639.000000 0.000492
1640.000000 0.000492
1641.000000 0.000493
1642.000000 0.000493
1643.000000 0.000493
1644.000000 0.000494
1645.000000 0.000494
1646.000000 0.000494
1647.000000 0.000495
1648.000000 0.000495
1649.000000 0.000495
1650.000000 0.000495
1651.000000 0.000495
1652.000000 0.000496
1653.000000 0.000496
1654.000000 0.000497
1655.000000 0.000497
1656.000000 0.000497
1657.000000 0.000498
1658.000000 0.000498
1659.000000 0.000498
1660.000000 0.000498
1661.000000 0.000499
1662.000000 0.000499
1663.000000 0.000499
1664.000000 0.000499
1665.000000 0.000500
1666.000000 0.000500
1667.000000 0.000500
1668.000000 0.000501
1669.000000 0.000501
1670.000000 0.000501
1671.000000 0.000502
1672.000000 0.000502
1673.000000 0.000502
1674.000000 0.000502
1675.000000 0.000503
1676.000000 0.000503
1677.000000 0.000503
1678.000000 0.000504
1679.000000 0.000504
1680.000000 0.000504
1681.000000 0.000504
1682.000000 0.000505
1683.000000 0.000505
1684.000000 0.000505
1685.000000 0.000506
1686.000000 0.000506
1687.000000 0.000506
1688.000000 0.000506
1689.000000 0.000507
1690.000000 0.000507
1691.000000 0.000507
1692.000000 0.000507
1693.000000 0.000508
1694.000000 0.000508
1695.000000 0.000508
1696.000000 0.000509
1697.000000 0.000509
1698.000000 0.000509
1699.000000 0.000509
1700.000000 0.000510
1701.000000 0.000510
1702.000000 0.000510
1703.000000 0.000510
1704.000000 0.000511
1705.000000 0.000511
1706.000000 0.000511
1707.000000 0.000511
1708.000000 0.000512
1709.000000 0.000512
1710.000000 0.000512
1711.000000 0.000512
1712.000000 0.000513
1713.000000 0.000513
1714.000000 0.000513
1715.000000 0.000513
1716.000000 0.000514
1717.000000 0.000514
1718.000000 0.000514
1719.000000 0.000514
1720.000000 0.000515
1721.000000 0.000515
1722.000000 0.000515
1723.000000 0.000516
1724.000000 0.000516
1725.000000 0.000516
1726.000000 0.000516
1727.000000 0.000516
1728.000000 0.000517
1729.000000 0.000517
1730.000000 0.000517
1731.000000 0.000517
1732.000000 0.000518
1733.000000 0.000518
1734.000000 0.000518
1735.000000 0.000518
1736.000000 0.000519
1737.000000 0.000519
1738.000000 0.000519
1739.000000 0.000519
1740.000000 0.000520
1741.000000 0.000520
1742.000000 0.000520
1743.000000 0.000520
1744.000000 0.000521
1745.000000 0.000521
1746.000000 0.000521
1747.000000 0.000521
1748.000000 0.000521
1749.000000 0.000522
1750.000000 0.000522
1751.000000 0.000522
1752.000000 0.000522
1753.000000 0.000523
1754.000000 0.000523
1755.000000 0.000523
1756.000000 0.000523
1757.000000 0.000524
1758.000000 0.000524
1759.000000 0.000524
1760.000000 0.000524
1761.000000 0.000524
1762.000000 0.000525
1763.000000 0.000524
1764.000000 0.000525
1765.000000 0.000525
1766.000000 0.000525
1767.000000 0.000526
1768.000000 0.000526
1769.000000 0.000526
1770.000000 0.000526
1771.000000 0.000526
1772.000000 0.000527
1773.000000 0.000527
1774.000000 0.000527
1775.000000 0.000527
1776.000000 0.000527
1777.000000 0.000528
1778.000000 0.000528
1779.000000 0.000528
1780.000000 0.000528
1781.000000 0.000529
1782.000000 0.000529
1783.000000 0.000529
1784.000000 0.000529
1785.000000 0.000529
1786.000000 0.000529
1787.000000 0.000530
1788.000000 0.000530
1789.000000 0.000530
1790.000000 0.000530
1791.000000 0.000531
1792.000000 0.000531
1793.000000 0.000531
1794.000000 0.000531
1795.000000 0.000531
1796.000000 0.000531
1797.000000 0.000532
1798.000000 0.000532
1799.000000 0.000532
1800.000000 0.000532
1801.000000 0.000532
1802.000000 0.000533
1803.000000 0.000533
1804.000000 0.000533
1805.000000 0.000533
1806.000000 0.000533
1807.000000 0.000534
1808.000000 0.000534
1809.000000 0.000534
1810.000000 0.000534
1811.000000 0.000534
1812.000000 0.000534
1813.000000 0.000534
1814.000000 0.000535
1815.000000 0.000535
1816.000000 0.000535
1817.000000 0.000535
1818.000000 0.000535
1819.000000 0.000536
1820.000000 0.000536
1821.000000 0.000536
1822.000000 0.000536
1823.000000 0.000536
1824.000000 0.000536
1825.000000 0.000536
1826.000000 0.000537
1827.000000 0.000537
1828.000000 0.000537
1829.000000 0.000537
1830.000000 0.000537
1831.000000 0.000538
1832.000000 0.000538
1833.000000 0.000538
1834.000000 0.000538
1835.000000 0.000538
1836.000000 0.000538
1837.000000 0.000538
1838.000000 0.000538
1839.000000 0.000539
1840.000000 0.000539
1841.000000 0.000539
1842.000000 0.000539
1843.000000 0.000539
1844.000000 0.000539
1845.000000 0.000540
1846.000000 0.000540
1847.000000 0.000540
1848.000000 0.000540
1849.000000 0.000540
1850.000000 0.000540
1851.000000 0.000540
1852.000000 0.000541
1853.000000 0.000541
1854.000000 0.000541
1855.000000 0.000541
1856.000000 0.000541
1857.000000 0.000541
1858.000000 0.000541
1859.000000 0.000542
1860.000000 0.000542
1861.000000 0.000542
1862.000000 0.000542
1863.000000 0.000542
1864.000000 0.000542
1865.000000 0.000542
1866.000000 0.000543
1867.000000 0.000543
1868.000000 0.000543
1869.000000 0.000543
1870.000000 0.000543
1871.000000 0.000543
1872.000000 0.000543
1873.000000 0.000543
1874.000000 0.000543
1875.000000 0.000543
1876.000000 0.000544
1877.000000 0.000544
1878.000000 0.000544
1879.000000 0.000544
1880.000000 0.000544
1881.000000 0.000544
1882.000000 0.000544
1883.000000 0.000545
1884.000000 0.000545
1885.000000 0.000545
1886.000000 0.000545
1887.000000 0.000545
1888.000000 0.000545
1889.000000 0.000545
1890.000000 0.000545
1891.000000 0.000545
1892.000000 0.000545
1893.000000 0.000546
1894.000000 0.000546
1895.000000 0.000546
1896.000000 0.000546
1897.000000 0.000546
1898.000000 0.000546
1899.000000 0.000546
1900.000000 0.000546
1901.000000 0.000546
1902.000000 0.000546
1903.000000 0.000547
1904.000000 0.000547
1905.000000 0.000547
1906.000000 0.000547
1907.000000 0.000547
1908.000000 0.000547
1909.000000 0.000547
1910.000000 0.000547
1911.000000 0.000547
1912.000000 0.000547
1913.000000 0.000547
1914.000000 0.000548
1915.000000 0.000547
1916.000000 0.000548
1917.000000 0.000548
1918.000000 0.000548
1919.000000 0.000548
1920.000000 0.000548
1921.000000 0.000548
1922.000000 0.000548
1923.000000 0.000548
1924.000000 0.000548
1925.000000 0.000548
1926.000000 0.000548
1927.000000 0.000548
1928.000000 0.000548
1929.000000 0.000549
1930.000000 0.000549
1931.000000 0.000549
1932.000000 0.000549
1933.000000 0.000549
1934.000000 0.000549
1935.000000 0.000549
1936.000000 0.000549
1937.000000 0.000549
1938.000000 0.000549
1939.000000 0.000549
1940.000000 0.000549
1941.000000 0.000549
1942.000000 0.000549
1943.000000 0.000549
1944.000000 0.000550
1945.000000 0.000550
1946.000000 0.000550
1947.000000 0.000550
1948.000000 0.000550
1949.000000 0.000549
1950.000000 0.000550
1951.000000 0.000550
1952.000000 0.000550
1953.000000 0.000550
1954.000000 0.000550
1955.000000 0.000550
1956.000000 0.000550
1957.000000 0.000550
1958.000000 0.000550
1959.000000 0.000550
1960.000000 0.000550
1961.000000 0.000550
1962.000000 0.000550
1963.000000 0.000550
1964.000000 0.000550
1965.000000 0.000550
1966.000000 0.000551
1967.000000 0.000550
1968.000000 0.000551
1969.000000 0.000551
1970.000000 0.000551
1971.000000 0.000551
1972.000000 0.000551
1973.000000 0.000551
1974.000000 0.000550
1975.000000 0.000551
1976.000000 0.000551
1977.000000 0.000551
1978.000000 0.000551
1979.000000 0.000551
1980.000000 0.000551
1981.000000 0.000551
1982.000000 0.000551
1983.000000 0.000551
1984.000000 0.000551
1985.000000 0.000551
1986.000000 0.000551
1987.000000 0.000551
1988.000000 0.000551
1989.000000 0.000551
1990.000000 0.000551
1991.000000 0.000551
1992.000000 0.000551
1993.000000 0.000551
1994.000000 0.000551
1995.000000 0.000551
1996.000000 0.000551
1997.000000 0.000551
1998.000000 0.000551
1999.000000 0.000551
2000.000000 0.000551
2001.000000 0.000551
2002.000000 0.000551
2003.000000 0.000551
2004.000000 0.000551
2005.000000 0.000551
2006.000000 0.000551
2007.000000 0.000551
2008.000000 0.000551
2009.000000 0.000551
2010.000000 0.000551
2011.000000 0.000551
2012.000000 0.000551
2013.000000 0.000551
2014.000000 0.000551
2015.000000 0.000551
2016.000000 0.000551
2017.000000 0.000551
2018.000000 0.000551
2019.000000 0.000551
2020.000000 0.000551
2021.000000 0.000551
2022.000000 0.000551
2023.000000 0.000551
2024.000000 0.000551
2025.000000 0.000551
2026.000000 0.000551
2027.000000 0.000550
2028.000000 0.000551
2029.000000 0.000551
2030.000000 0.000551
2031.000000 0.000551
2032.000000 0.000550
2033.000000 0.000551
2034.000000 0.000551
2035.000000 0.000551
2036.000000 0.000550
2037.000000 0.000550
2038.000000 0.000550
2039.000000 0.000550
2040.000000 0.000550
2041.000000 0.000550
2042.000000 0.000550
2043.000000 0.000550
2044.000000 0.000550
2045.000000 0.000550
2046.000000 0.000550
2047.000000 0.000550
2048.000000 0.000550
2049.000000 0.000550
2050.000000 0.000550
2051.000000 0.000550
2052.000000 0.000550
2053.000000 0.000550
2054.000000 0.000550
2055.000000 0.000550
2056.000000 0.000550
2057.000000 0.000550
2058.000000 0.000549
2059.000000 0.000549
2060.000000 0.000549
2061.000000 0.000549
2062.000000 0.000549
2063.000000 0.000549
2064.000000 0.000549
2065.000000 0.000549
2066.000000 0.000549
2067.000000 0.000549
2068.000000 0.000549
2069.000000 0.000549
2070.000000 0.000549
2071.000000 0.000548
2072.000000 0.000549
2073.000000 0.000549
2074.000000 0.000549
2075.000000 0.000548
2076.000000 0.000548
2077.000000 0.000548
2078.000000 0.000548
2079.000000 0.000548
2080.000000 0.000548
2081.000000 0.000548
2082.000000 0.000548
2083.000000 0.000548
2084.000000 0.000548
2085.000000 0.000548
2086.000000 0.000548
2087.000000 0.000548
2088.000000 0.000547
2089.000000 0.000547
2090.000000 0.000547
2091.000000 0.000547
2092.000000 0.000547
2093.000000 0.000547
2094.000000 0.000547
2095.000000 0.000547
2096.000000 0.000547
2097.000000 0.000546
2098.000000 0.000547
2099.000000 0.000546
2100.000000 0.000546
2101.000000 0.000546
2102.000000 0.000546
2103.000000 0.000546
2104.000000 0.000546
2105.000000 0.000546
2106.000000 0.000546
2107.000000 0.000546
2108.000000 0.000546
2109.000000 0.000545
2110.000000 0.000545
2111.000000 0.000545
2112.000000 0.000545
2113.000000 0.000545
2114.000000 0.000545
2115.000000 0.000545
2116.000000 0.000545
2117.000000 0.000545
2118.000000 0.000544
2119.000000 0.000544
2120.000000 0.000544
2121.000000 0.000544
2122.000000 0.000544
2123.000000 0.000544
2124.000000 0.000544
2125.000000 0.000544
2126.000000 0.000544
2127.000000 0.000543
2128.000000 0.000543
2129.000000 0.000543
2130.000000 0.000543
2131.000000 0.000543
2132.000000 0.000543
2133.000000 0.000543
2134.000000 0.000543
2135.000000 0.000542
2136.000000 0.000542
2137.000000 0.000542
2138.000000 0.000542
2139.000000 0.000542
2140.000000 0.000542
2141.000000 0.000542
2142.000000 0.000542
2143.000000 0.000541
2144.000000 0.000541
2145.000000 0.000541
2146.000000 0.000541
2147.000000 0.000541
2148.000000 0.000541
2149.000000 0.000540
2150.000000 0.000541
2151.000000 0.000540
2152.000000 0.000540
2153.000000 0.000540
2154.000000 0.000540
2155.000000 0.000540
2156.000000 0.000540
2157.000000 0.000539
2158.000000 0.000539
2159.000000 0.000539
2160.000000 0.000539
2161.000000 0.000539
2162.000000 0.000539
2163.000000 0.000539
2164.000000 0.000538
2165.000000 0.000538
2166.000000 0.000538
2167.000000 0.000538
2168.000000 0.000538
2169.000000 0.000538
2170.000000 0.000537
2171.000000 0.000537
2172.000000 0.000537
2173.000000 0.000537
2174.000000 0.000537
2175.000000 0.000537
2176.000000 0.000537
2177.000000 0.000536
2178.000000 0.000536
2179.000000 0.000536
2180.000000 0.000536
2181.000000 0.000536
2182.000000 0.000536
2183.000000 0.000535
2184.000000 0.000535
2185.000000 0.000535
2186.000000 0.000535
2187.000000 0.000535
2188.000000 0.000534
2189.000000 0.000534
2190.000000 0.000534
2191.000000 0.000534
2192.000000 0.000534
2193.000000 0.000534
2194.000000 0.000533
2195.000000 0.000533
2196.000000 0.000533
2197.000000 0.000533
2198.000000 0.000533
2199.000000 0.000533
2200.000000 0.000532
2201.000000 0.000532
2202.000000 0.000532
2203.000000 0.000532
2204.000000 0.000532
2205.000000 0.000531
2206.000000 0.000531
2207.000000 0.000531
2208.000000 0.000531
2209.000000 0.000531
2210.000000 0.000530
2211.000000 0.000530
2212.000000 0.000530
2213.000000 0.000530
2214.000000 0.000530
2215.000000 0.000530
2216.000000 0.000529
2217.000000 0.000529
2218.000000 0.000529
2219.000000 0.000529
2220.000000 0.000529
2221.000000 0.000528
2222.000000 0.000528
2223.000000 0.000528
2224.000000 0.000528
2225.000000 0.000527
2226.000000 0.000527
2227.000000 0.000527
2228.000000 0.000527
2229.000000 0.000527
2230.000000 0.000526
2231.000000 0.000526
2232.000000 0.000526
2233.000000 0.000526
2234.000000 0.000526
2235.000000 0.000525
2236.000000 0.000525
2237.000000 0.000525
2238.000000 0.000525
2239.000000 0.000524
2240.000000 0.000524
2241.000000 0.000524
2242.000000 0.000524
2243.000000 0.000524
2244.000000 0.000523
2245.000000 0.000523
2246.000000 0.000523
2247.000000 0.000523
2248.000000 0.000523
2249.000000 0.000522
2250.000000 0.000522
2251.000000 0.000522
2252.000000 0.000522
2253.000000 0.000521
2254.000000 0.000521
2255.000000 0.000521
2256.000000 0.000521
2257.000000 0.000520
2258.000000 0.000520
2259.000000 0.000520
2260.000000 0.000520
2261.000000 0.000520
2262.000000 0.000519
2263.000000 0.000519
2264.000000 0.000519
2265.000000 0.000519
2266.000000 0.000518
2267.000000 0.000518
2268.000000 0.000518
2269.000000 0.000518
2270.000000 0.000517
2271.000000 0.000517
2272.000000 0.000517
2273.000000 0.000517
2274.000000 0.000516
2275.000000 0.000516
2276.000000 0.000516
2277.000000 0.000516
2278.000000 0.000515
2279.000000 0.000515
2280.000000 0.000515
2281.000000 0.000515
2282.000000 0.000514
2283.000000 0.000514
2284.000000 0.000514
2285.000000 0.000514
2286.000000 0.000513
2287.000000 0.000513
2288.000000 0.000513
2289.000000 0.000513
2290.000000 0.000512
2291.000000 0.000512
2292.000000 0.000512
2293.000000 0.000512
2294.000000 0.000511
2295.000000 0.000511
2296.000000 0.000511
2297.000000 0.000511
2298.000000 0.000510
2299.000000 0.000510
2300.000000 0.000510
2301.000000 0.000510
2302.000000 0.000509
2303.000000 0.000509
2304.000000 0.000509
2305.000000 0.000508
2306.000000 0.000508
2307.000000 0.000508
2308.000000 0.000508
2309.000000 0.000507
2310.000000 0.000507
2311.000000 0.000507
2312.000000 0.000507
2313.000000 0.000506
2314.000000 0.000506
2315.000000 0.000506
2316.000000 0.000505
2317.000000 0.000505
2318.000000 0.000505
2319.000000 0.000505
2320.000000 0.000504
2321.000000 0.000504
2322.000000 0.000504
2323.000000 0.000503
2324.000000 0.000503
2325.000000 0.000503
2326.000000 0.000503
2327.000000 0.000502
2328.000000 0.000502
2329.000000 0.000502
2330.000000 0.000502
2331.000000 0.000501
2332.000000 0.000501
2333.000000 0.000501
2334.000000 0.000500
2335.000000 0.000500
2336.000000 0.000500
2337.000000 0.000500
2338.000000 0.000499
2339.000000 0.000499
2340.000000 0.000499
2341.000000 0.000498
2342.000000 0.000498
2343.000000 0.000498
2344.000000 0.000497
2345.000000 0.000497
2346.000000 0.000497
2347.000000 0.000497
2348.000000 0.000496
2349.000000 0.000496
2350.000000 0.000496
2351.000000 0.000495
2352.000000 0.000495
2353.000000 0.000495
2354.000000 0.000494
2355.000000 0.000494
2356.000000 0.000494
2357.000000 0.000494
2358.000000 0.000493
2359.000000 0.000493
2360.000000 0.000493
2361.000000 0.000492
2362.000000 0.000492
2363.000000 0.000492
2364.000000 0.000491
2365.000000 0.000491
2366.000000 0.000491
2367.000000 0.000490
2368.000000 0.000490
2369.000000 0.000490
2370.000000 0.000490
2371.000000 0.000489
2372.000000 0.000489
2373.000000 0.000488
2374.000000 0.000488
2375.000000 0.000488
2376.000000 0.000488
2377.000000 0.000487
2378.000000 0.000487
2379.000000 0.000487
2380.000000 0.000486
2381.000000 0.000486
2382.000000 0.000486
2383.000000 0.000485
2384.000000 0.000485
2385.000000 0.000485
2386.000000 0.000484
2387.000000 0.000484
2388.000000 0.000484
2389.000000 0.000484
2390.000000 0.000483
2391.000000 0.000483
2392.000000 0.000483
2393.000000 0.000482
2394.000000 0.000482
2395.000000 0.000482
2396.000000 0.000481
2397.000000 0.000481
2398.000000 0.000480
2399.000000 0.000480
2400.000000 0.000480
2401.000000 0.000480
2402.000000 0.000479
2403.000000 0.000479
2404.000000 0.000479
2405.000000 0.000478
2406.000000 0.000478
2407.000000 0.000478
2408.000000 0.000477
2409.000000 0.000477
2410.000000 0.000477
2411.000000 0.000476
2412.000000 0.000476
2413.000000 0.000475
2414.000000 0.000475
2415.000000 0.000475
2416.000000 0.000474
2417.000000 0.000474
2418.000000 0.000474
2419.000000 0.000473
2420.000000 0.000473
2421.000000 0.000473
2422.000000 0.000472
2423.000000 0.000472
2424.000000 0.000472
2425.000000 0.000471
2426.000000 0.000471
2427.000000 0.000471
2428.000000 0.000471
2429.000000 0.000470
2430.000000 0.000470
2431.000000 0.000469
2432.000000 0.000469
2433.000000 0.000469
2434.000000 0.000468
2435.000000 0.000468
2436.000000 0.000468
2437.000000 0.000467
2438.000000 0.000467
2439.000000 0.000467
2440.000000 0.000466
2441.000000 0.000466
2442.000000 0.000465
2443.000000 0.000465
2444.000000 0.000465
2445.000000 0.000464
2446.000000 0.000464
2447.000000 0.000464
2448.000000 0.000463
2449.000000 0.000463
2450.000000 0.000462
2451.000000 0.000462
2452.000000 0.000462
2453.000000 0.000462
2454.000000 0.000461
2455.000000 0.000461
2456.000000 0.000460
2457.000000 0.000460
2458.000000 0.000460
2459.000000 0.000459
2460.000000 0.000459
2461.000000 0.000459
2462.000000 0.000458
2463.000000 0.000458
2464.000000 0.000458
2465.000000 0.000457
2466.000000 0.000457
2467.000000 0.000456
2468.000000 0.000456
2469.000000 0.000456
2470.000000 0.000455
2471.000000 0.000455
2472.000000 0.000454
2473.000000 0.000454
2474.000000 0.000454
2475.000000 0.000453
2476.000000 0.000453
2477.000000 0.000453
2478.000000 0.000452
2479.000000 0.000452
2480.000000 0.000452
2481.000000 0.000451
2482.000000 0.000451
2483.000000 0.000450
2484.000000 0.000450
2485.000000 0.000450
2486.000000 0.000449
2487.000000 0.000449
2488.000000 0.000449
2489.000000 0.000448
2490.000000 0.000448
2491.000000 0.000447
2492.000000 0.000447
2493.000000 0.000447
2494.000000 0.000446
2495.000000 0.000446
2496.000000 0.000445
2497.000000 0.000445
2498.000000 0.000445
2499.000000 0.000444
2500.000000 0.000444
2501.000000 0.000444
2502.000000 0.000443
2503.000000 0.000443
2504.000000 0.000442
2505.000000 0.000442
2506.000000 0.000442
2507.000000 0.000441
2508.000000 0.000441
2509.000000 0.000441
2510.000000 0.000440
2511.000000 0.000440
2512.000000 0.000439
2513.000000 0.000439
2514.000000 0.000439
2515.000000 0.000438
2516.000000 0.000438
2517.000000 0.000437
2518.000000 0.000437
2519.000000 0.000437
2520.000000 0.000436
2521.000000 0.000436
2522.000000 0.000435
2523.000000 0.000435
2524.000000 0.000435
2525.000000 0.000434
2526.000000 0.000434
2527.000000 0.000433
2528.000000 0.000433
2529.000000 0.000433
2530.000000 0.000432
2531.000000 0.000432
2532.000000 0.000431
2533.000000 0.000431
2534.000000 0.000431
2535.000000 0.000430
2536.000000 0.000430
2537.000000 0.000430
2538.000000 0.000429
2539.000000 0.000429
2540.000000 0.000428
2541.000000 0.000428
2542.000000 0.000428
2543.000000 0.000427
2544.000000 0.000427
2545.000000 0.000426
2546.000000 0.000426
2547.000000 0.000425
2548.000000 0.000425
2549.000000 0.000425
2550.000000 0.000424
2551.000000 0.000424
2552.000000 0.000423
2553.000000 0.000423
2554.000000 0.000423
2555.000000 0.000422
2556.000000 0.000422
2557.000000 0.000421
2558.000000 0.000421
2559.000000 0.000420
2560.000000 0.000420
2561.000000 0.000420
2562.000000 0.000419
2563.000000 0.000419
2564.000000 0.000419
2565.000000 0.000418
2566.000000 0.000418
2567.000000 0.000417
2568.000000 0.000417
2569.000000 0.000417
2570.000000 0.000416
2571.000000 0.000416
2572.000000 0.000415
2573.000000 0.000415
2574.000000 0.000414
2575.000000 0.000414
2576.000000 0.000414
2577.000000 0.000413
2578.000000 0.000413
2579.000000 0.000412
2580.000000 0.000412
2581.000000 0.000412
2582.000000 0.000411
2583.000000 0.000411
2584.000000 0.000410
2585.000000 0.000410
2586.000000 0.000410
2587.000000 0.000409
2588.000000 0.000409
2589.000000 0.000408
2590.000000 0.000408
2591.000000 0.000407
2592.000000 0.000407
2593.000000 0.000407
2594.000000 0.000406
2595.000000 0.000406
2596.000000 0.000405
2597.000000 0.000405
2598.000000 0.000405
2599.000000 0.000404
2600.000000 0.000404
2601.000000 0.000403
2602.000000 0.000403
2603.000000 0.000402
2604.000000 0.000402
2605.000000 0.000402
2606.000000 0.000401
2607.000000 0.000401
2608.000000 0.000400
2609.000000 0.000400
2610.000000 0.000399
2611.000000 0.000399
2612.000000 0.000399
2613.000000 0.000398
2614.000000 0.000398
2615.000000 0.000397
2616.000000 0.000397
2617.000000 0.000396
2618.000000 0.000396
2619.000000 0.000396
2620.000000 0.000395
2621.000000 0.000395
2622.000000 0.000394
2623.000000 0.000394
2624.000000 0.000394
2625.000000 0.000393
2626.000000 0.000393
2627.000000 0.000392
2628.000000 0.000392
2629.000000 0.000391
2630.000000 0.000391
2631.000000 0.000391
2632.000000 0.000390
2633.000000 0.000390
2634.000000 0.000389
2635.000000 0.000389
2636.000000 0.000388
2637.000000 0.000388
2638.000000 0.000387
2639.000000 0.000387
2640.000000 0.000387
2641.000000 0.000386
2642.000000 0.000386
2643.000000 0.000385
2644.000000 0.000385
2645.000000 0.000385
2646.000000 0.000384
2647.000000 0.000384
2648.000000 0.000383
2649.000000 0.000383
2650.000000 0.000382
2651.000000 0.000382
2652.000000 0.000382
2653.000000 0.000381
2654.000000 0.000381
2655.000000 0.000380
2656.000000 0.000380
2657.000000 0.000379
2658.000000 0.000379
2659.000000 0.000378
2660.000000 0.000378
2661.000000 0.000378
2662.000000 0.000377
2663.000000 0.000377
2664.000000 0.000376
2665.000000 0.000376
2666.000000 0.000375
2667.000000 0.000375
2668.000000 0.000375
2669.000000 0.000374
2670.000000 0.000374
2671.000000 0.000373
2672.000000 0.000373
2673.000000 0.000372
2674.000000 0.000372
2675.000000 0.000371
2676.000000 0.000371
2677.000000 0.000371
2678.000000 0.000370
2679.000000 0.000370
2680.000000 0.000369
2681.000000 0.000369
2682.000000 0.000368
2683.000000 0.000368
2684.000000 0.000367
2685.000000 0.000367
2686.000000 0.000367
2687.000000 0.000366
2688.000000 0.000366
2689.000000 0.000365
2690.000000 0.000365
2691.000000 0.000365
2692.000000 0.000364
2693.000000 0.000364
2694.000000 0.000363
2695.000000 0.000363
2696.000000 0.000362
2697.000000 0.000362
2698.000000 0.000361
2699.000000 0.000361
2700.000000 0.000360
2701.000000 0.000360
2702.000000 0.000360
2703.000000 0.000359
2704.000000 0.000359
2705.000000 0.000358
2706.000000 0.000358
2707.000000 0.000357
2708.000000 0.000357
2709.000000 0.000356
2710.000000 0.000356
2711.000000 0.000356
2712.000000 0.000355
2713.000000 0.000355
2714.000000 0.000354
2715.000000 0.000354
2716.000000 0.000353
2717.000000 0.000353
2718.000000 0.000353
2719.000000 0.000352
2720.000000 0.000352
2721.000000 0.000351
2722.000000 0.000351
2723.000000 0.000350
2724.000000 0.000350
2725.000000 0.000349
2726.000000 0.000349
2727.000000 0.000349
2728.000000 0.000348
2729.000000 0.000348
2730.000000 0.000347
2731.000000 0.000347
2732.000000 0.000346
2733.000000 0.000346
2734.000000 0.000346
2735.000000 0.000345
2736.000000 0.000345
2737.000000 0.000344
2738.000000 0.000344
2739.000000 0.000343
2740.000000 0.000343
2741.000000 0.000342
2742.000000 0.000342
2743.000000 0.000342
2744.000000 0.000341
2745.000000 0.000341
2746.000000 0.000340
2747.000000 0.000340
2748.000000 0.000339
2749.000000 0.000339
2750.000000 0.000338
2751.000000 0.000338
2752.000000 0.000338
2753.000000 0.000337
2754.000000 0.000337
2755.000000 0.000336
2756.000000 0.000336
2757.000000 0.000335
2758.000000 0.000335
2759.000000 0.000334
2760.000000 0.000334
2761.000000 0.000334
2762.000000 0.000333
2763.000000 0.000333
2764.000000 0.000332
2765.000000 0.000332
2766.000000 0.000331
2767.000000 0.000331
2768.000000 0.000330
2769.000000 0.000330
2770.000000 0.000330
2771.000000 0.000329
2772.000000 0.000329
2773.000000 0.000328
2774.000000 0.000328
2775.000000 0.000327
2776.000000 0.000327
2777.000000 0.000326
2778.000000 0.000326
2779.000000 0.000326
2780.000000 0.000325
2781.000000 0.000325
2782.000000 0.000324
2783.000000 0.000323
2784.000000 0.000323
2785.000000 0.000323
2786.000000 0.000322
2787.000000 0.000322
2788.000000 0.000321
2789.000000 0.000321
2790.000000 0.000321
2791.000000 0.000320
2792.000000 0.000320
2793.000000 0.000319
2794.000000 0.000319
2795.000000 0.000318
2796.000000 0.000318
2797.000000 0.000318
2798.000000 0.000317
2799.000000 0.000317
2800.000000 0.000316
2801.000000 0.000316
2802.000000 0.000315
2803.000000 0.000315
2804.000000 0.000314
2805.000000 0.000314
2806.000000 0.000313
2807.000000 0.000313
2808.000000 0.000312
2809.000000 0.000312
2810.000000 0.000312
2811.000000 0.000311
2812.000000 0.000311
2813.000000 0.000310
2814.000000 0.000310
2815.000000 0.000309
2816.000000 0.000309
2817.000000 0.000309
2818.000000 0.000308
2819.000000 0.000308
2820.000000 0.000307
2821.000000 0.000307
2822.000000 0.000306
2823.000000 0.000306
2824.000000 0.000305
2825.000000 0.000305
2826.000000 0.000305
2827.000000 0.000304
2828.000000 0.000304
2829.000000 0.000303
2830.000000 0.000303
2831.000000 0.000302
2832.000000 0.000302
2833.000000 0.000301
2834.000000 0.000301
2835.000000 0.000301
2836.000000 0.000300
2837.000000 0.000300
2838.000000 0.000299
2839.000000 0.000299
2840.000000 0.000298
2841.000000 0.000298
2842.000000 0.000297
2843.000000 0.000297
2844.000000 0.000297
2845.000000 0.000296
2846.000000 0.000296
2847.000000 0.000295
2848.000000 0.000295
2849.000000 0.000294
2850.000000 0.000294
2851.000000 0.000293
2852.000000 0.000293
2853.000000 0.000293
2854.000000 0.000292
2855.000000 0.000292
2856.000000 0.000291
2857.000000 0.000291
2858.000000 0.000290
2859.000000 0.000290
2860.000000 0.000289
2861.000000 0.000289
2862.000000 0.000289
2863.000000 0.000288
2864.000000 0.000288
2865.000000 0.000287
2866.000000 0.000287
2867.000000 0.000286
2868.000000 0.000286
2869.000000 0.000285
2870.000000 0.000285
2871.000000 0.000285
2872.000000 0.000284
2873.000000 0.000284
2874.000000 0.000283
2875.000000 0.000283
2876.000000 0.000282
2877.000000 0.000282
2878.000000 0.000282
2879.000000 0.000281
2880.000000 0.000281
2881.000000 0.000280
2882.000000 0.000280
2883.000000 0.000279
2884.000000 0.000279
2885.000000 0.000278
2886.000000 0.000278
2887.000000 0.000278
2888.000000 0.000277
2889.000000 0.000277
2890.000000 0.000276
2891.000000 0.000276
2892.000000 0.000275
2893.000000 0.000275
2894.000000 0.000274
2895.000000 0.000274
2896.000000 0.000274
2897.000000 0.000273
2898.000000 0.000273
2899.000000 0.000272
2900.000000 0.000272
2901.000000 0.000271
2902.000000 0.000271
2903.000000 0.000271
2904.000000 0.000270
2905.000000 0.000270
2906.000000 0.000269
2907.000000 0.000269
2908.000000 0.000268
2909.000000 0.000268
2910.000000 0.000267
2911.000000 0.000267
2912.000000 0.000267
2913.000000 0.000266
2914.000000 0.000266
2915.000000 0.000265
2916.000000 0.000265
2917.000000 0.000264
2918.000000 0.000264
2919.000000 0.000264
2920.000000 0.000263
2921.000000 0.000263
2922.000000 0.000262
2923.000000 0.000262
2924.000000 0.000261
2925.000000 0.000261
2926.000000 0.000261
2927.000000 0.000260
2928.000000 0.000260
2929.000000 0.000259
2930.000000 0.000259
2931.000000 0.000258
2932.000000 0.000258
2933.000000 0.000257
2934.000000 0.000257
2935.000000 0.000257
2936.000000 0.000256
2937.000000 0.000256
2938.000000 0.000255
2939.000000 0.000255
2940.000000 0.000254
2941.000000 0.000254
2942.000000 0.000254
2943.000000 0.000253
2944.000000 0.000253
2945.000000 0.000252
2946.000000 0.000252
2947.000000 0.000251
2948.000000 0.000251
2949.000000 0.000251
2950.000000 0.000250
2951.000000 0.000250
2952.000000 0.000249
2953.000000 0.000249
2954.000000 0.000248
2955.000000 0.000248
2956.000000 0.000247
2957.000000 0.000247
2958.000000 0.000247
2959.000000 0.000246
2960.000000 0.000246
2961.000000 0.000245
2962.000000 0.000245
2963.000000 0.000244
2964.000000 0.000244
2965.000000 0.000244
2966.000000 0.000243
2967.000000 0.000243
2968.000000 0.000242
2969.000000 0.000242
2970.000000 0.000241
2971.000000 0.000241
2972.000000 0.000241
2973.000000 0.000240
2974.000000 0.000240
2975.000000 0.000239
2976.000000 0.000239
2977.000000 0.000239
2978.000000 0.000238
2979.000000 0.000238
2980.000000 0.000237
2981.000000 0.000237
2982.000000 0.000236
2983.000000 0.000236
2984.000000 0.000236
2985.000000 0.000235
2986.000000 0.000235
2987.000000 0.000234
2988.000000 0.000234
2989.000000 0.000233
2990.000000 0.000233
2991.000000 0.000233
2992.000000 0.000232
2993.000000 0.000232
2994.000000 0.000231
2995.000000 0.000231
2996.000000 0.000230
2997.000000 0.000230
2998.000000 0.000230
2999.000000 0.000229
3000.000000 0.000229
3001.000000 0.000228
3002.000000 0.000228
3003.000000 0.000228
3004.000000 0.000227
3005.000000 0.000227
3006.000000 0.000226
3007.000000 0.000226
3008.000000 0.000225
3009.000000 0.000225
3010.000000 0.000225
3011.000000 0.000224
3012.000000 0.000224
3013.000000 0.000223
3014.000000 0.000223
3015.000000 0.000222
3016.000000 0.000222
3017.000000 0.000222
3018.000000 0.000221
3019.000000 0.000221
3020.000000 0.000220
3021.000000 0.000220
3022.000000 0.000220
3023.000000 0.000219
3024.000000 0.000219
3025.000000 0.000218
3026.000000 0.000218
3027.000000 0.000217
3028.000000 0.000217
3029.000000 0.000217
3030.000000 0.000216
3031.000000 0.000216
3032.000000 0.000215
3033.000000 0.000215
3034.000000 0.000215
3035.000000 0.000214
3036.000000 0.000214
3037.000000 0.000213
3038.000000 0.000213
3039.000000 0.000213
3040.000000 0.000212
3041.000000 0.000212
3042.000000 0.000211
3043.000000 0.000211
3044.000000 0.000210
3045.000000 0.000210
3046.000000 0.000210
3047.000000 0.000209
3048.000000 0.000209
3049.000000 0.000208
3050.000000 0.000208
3051.000000 0.000208
3052.000000 0.000207
3053.000000 0.000207
3054.000000 0.000206
3055.000000 0.000206
3056.000000 0.000206
3057.000000 0.000205
3058.000000 0.000205
3059.000000 0.000204
3060.000000 0.000204
3061.000000 0.000203
3062.000000 0.000203
3063.000000 0.000203
3064.000000 0.000202
3065.000000 0.000202
3066.000000 0.000201
3067.000000 0.000201
3068.000000 0.000201
3069.000000 0.000200
3070.000000 0.000200
3071.000000 0.000199
3072.000000 0.000199
3073.000000 0.000199
3074.000000 0.000198
3075.000000 0.000198
3076.000000 0.000197
3077.000000 0.000197
3078.000000 0.000197
3079.000000 0.000196
3080.000000 0.000196
3081.000000 0.000195
3082.000000 0.000195
3083.000000 0.000194
3084.000000 0.000194
3085.000000 0.000194
3086.000000 0.000193
3087.000000 0.000193
3088.000000 0.000193
3089.000000 0.000192
3090.000000 0.000192
3091.000000 0.000191
3092.000000 0.000191
3093.000000 0.000191
3094.000000 0.000190
3095.000000 0.000190
3096.000000 0.000189
3097.000000 0.000189
3098.000000 0.000189
3099.000000 0.000188
3100.000000 0.000188
3101.000000 0.000187
3102.000000 0.000187
3103.000000 0.000187
3104.000000 0.000186
3105.000000 0.000186
3106.000000 0.000185
3107.000000 0.000185
3108.000000 0.000185
3109.000000 0.000184
3110.000000 0.000184
3111.000000 0.000183
3112.000000 0.000183
3113.000000 0.000183
3114.000000 0.000182
3115.000000 0.000182
3116.000000 0.000181
3117.000000 0.000181
3118.000000 0.000181
3119.000000 0.000180
3120.000000 0.000180
3121.000000 0.000179
3122.000000 0.000179
3123.000000 0.000179
3124.000000 0.000178
3125.000000 0.000178
3126.000000 0.000178
3127.000000 0.000177
3128.000000 0.000177
3129.000000 0.000176
3130.000000 0.000176
3131.000000 0.000176
3132.000000 0.000175
3133.000000 0.000175
3134.000000 0.000174
3135.000000 0.000174
3136.000000 0.000174
3137.000000 0.000173
3138.000000 0.000173
3139.000000 0.000173
3140.000000 0.000172
3141.000000 0.000172
3142.000000 0.000171
3143.000000 0.000171
3144.000000 0.000171
3145.000000 0.000170
3146.000000 0.000170
3147.000000 0.000169
3148.000000 0.000169
3149.000000 0.000169
3150.000000 0.000168
3151.000000 0.000168
3152.000000 0.000168
3153.000000 0.000167
3154.000000 0.000167
3155.000000 0.000166
3156.000000 0.000166
3157.000000 0.000166
3158.000000 0.000165
3159.000000 0.000165
3160.000000 0.000165
3161.000000 0.000164
3162.000000 0.000164
3163.000000 0.000163
3164.000000 0.000163
3165.000000 0.000163
3166.000000 0.000162
3167.000000 0.000162
3168.000000 0.000161
3169.000000 0.000161
3170.000000 0.000161
3171.000000 0.000160
3172.000000 0.000160
3173.000000 0.000160
3174.000000 0.000159
3175.000000 0.000159
3176.000000 0.000158
3177.000000 0.000158
3178.000000 0.000158
3179.000000 0.000157
3180.000000 0.000157
3181.000000 0.000157
3182.000000 0.000156
3183.000000 0.000156
3184.000000 0.000156
3185.000000 0.000155
3186.000000 0.000155
3187.000000 0.000154
3188.000000 0.000154
3189.000000 0.000154
3190.000000 0.000153
3191.000000 0.000153
3192.000000 0.000153
3193.000000 0.000152
3194.000000 0.000152
3195.000000 0.000151
3196.000000 0.000151
3197.000000 0.000151
3198.000000 0.000150
3199.000000 0.000150
3200.000000 0.000150
3201.000000 0.000149
3202.000000 0.000149
3203.000000 0.000148
3204.000000 0.000148
3205.000000 0.000148
3206.000000 0.000147
3207.000000 0.000147
3208.000000 0.000147
3209.000000 0.000146
3210.000000 0.000146
3211.000000 0.000146
3212.000000 0.000145
3213.000000 0.000145
3214.000000 0.000144
3215.000000 0.000144
3216.000000 0.000144
3217.000000 0.000143
3218.000000 0.000143
3219.000000 0.000143
3220.000000 0.000142
3221.000000 0.000142
3222.000000 0.000142
3223.000000 0.000141
3224.000000 0.000141
3225.000000 0.000140
3226.000000 0.000140
3227.000000 0.000140
3228.000000 0.000139
3229.000000 0.000139
3230.000000 0.000139
3231.000000 0.000138
3232.000000 0.000138
3233.000000 0.000138
3234.000000 0.000137
3235.000000 0.000137
3236.000000 0.000137
3237.000000 0.000136
3238.000000 0.000136
3239.000000 0.000136
3240.000000 0.000135
3241.000000 0.000135
3242.000000 0.000134
3243.000000 0.000134
3244.000000 0.000134
3245.000000 0.000133
3246.000000 0.000133
3247.000000 0.000133
3248.000000 0.000132
3249.000000 0.000132
3250.000000 0.000132
3251.000000 0.000131
3252.000000 0.000131
3253.000000 0.000131
3254.000000 0.000130
3255.000000 0.000130
3256.000000 0.000130
3257.000000 0.000129
3258.000000 0.000129
3259.000000 0.000129
3260.000000 0.000128
3261.000000 0.000128
3262.000000 0.000127
3263.000000 0.000127
3264.000000 0.000127
3265.000000 0.000126
3266.000000 0.000126
3267.000000 0.000126
3268.000000 0.000125
3269.000000 0.000125
3270.000000 0.000125
3271.000000 0.000124
3272.000000 0.000124
3273.000000 0.000124
3274.000000 0.000123
3275.000000 0.000123
3276.000000 0.000123
3277.000000 0.000122
3278.000000 0.000122
3279.000000 0.000122
3280.000000 0.000121
3281.000000 0.000121
3282.000000 0.000121
3283.000000 0.000120
3284.000000 0.000120
3285.000000 0.000120
3286.000000 0.000119
3287.000000 0.000119
3288.000000 0.000119
3289.000000 0.000118
3290.000000 0.000118
3291.000000 0.000118
3292.000000 0.000117
3293.000000 0.000117
3294.000000 0.000117
3295.000000 0.000116
3296.000000 0.000116
3297.000000 0.000116
3298.000000 0.000115
3299.000000 0.000115
3300.000000 0.000114
3301.000000 0.000114
3302.000000 0.000114
3303.000000 0.000114
3304.000000 0.000113
3305.000000 0.000113
3306.000000 0.000113
3307.000000 0.000112
3308.000000 0.000112
3309.000000 0.000112
3310.000000 0.000111
3311.000000 0.000111
3312.000000 0.000111
3313.000000 0.000110
3314.000000 0.000110
3315.000000 0.000110
3316.000000 0.000109
3317.000000 0.000109
3318.000000 0.000109
3319.000000 0.000108
3320.000000 0.000108
3321.000000 0.000108
3322.000000 0.000107
3323.000000 0.000107
3324.000000 0.000107
3325.000000 0.000106
3326.000000 0.000106
3327.000000 0.000106
3328.000000 0.000105
3329.000000 0.000105
3330.000000 0.000105
3331.000000 0.000104
3332.000000 0.000104
3333.000000 0.000104
3334.000000 0.000103
3335.000000 0.000103
3336.000000 0.000103
3337.000000 0.000102
3338.000000 0.000102
3339.000000 0.000102
3340.000000 0.000101
3341.000000 0.000101
3342.000000 0.000101
3343.000000 0.000100
3344.000000 0.000100
3345.000000 0.000100
3346.000000 0.000100
3347.000000 0.000099
3348.000000 0.000099
3349.000000 0.000099
3350.000000 0.000098
3351.000000 0.000098
3352.000000 0.000098
3353.000000 0.000097
3354.000000 0.000097
3355.000000 0.000097
3356.000000 0.000096
3357.000000 0.000096
3358.000000 0.000096
3359.000000 0.000095
3360.000000 0.000095
3361.000000 0.000095
3362.000000 0.000094
3363.000000 0.000094
3364.000000 0.000094
3365.000000 0.000094
3366.000000 0.000093
3367.000000 0.000093
3368.000000 0.000093
3369.000000 0.000092
3370.000000 0.000092
3371.000000 0.000092
3372.000000 0.000091
3373.000000 0.000091
3374.000000 0.000091
3375.000000 0.000090
3376.000000 0.000090
3377.000000 0.000090
3378.000000 0.000090
3379.000000 0.000089
3380.000000 0.000089
3381.000000 0.000089
3382.000000 0.000088
3383.000000 0.000088
3384.000000 0.000088
3385.000000 0.000087
3386.000000 0.000087
3387.000000 0.000087
3388.000000 0.000086
3389.000000 0.000086
3390.000000 0.000086
3391.000000 0.000086
3392.000000 0.000085
3393.000000 0.000085
3394.000000 0.000085
3395.000000 0.000084
3396.000000 0.000084
3397.000000 0.000084
3398.000000 0.000083
3399.000000 0.000083
3400.000000 0.000083
3401.000000 0.000083
3402.000000 0.000082
3403.000000 0.000082
3404.000000 0.000082
3405.000000 0.000081
3406.000000 0.000081
3407.000000 0.000081
3408.000000 0.000080
3409.000000 0.000080
3410.000000 0.000080
3411.000000 0.000080
3412.000000 0.000079
3413.000000 0.000079
3414.000000 0.000079
3415.000000 0.000078
3416.000000 0.000078
3417.000000 0.000078
3418.000000 0.000078
3419.000000 0.000077
3420.000000 0.000077
3421.000000 0.000077
3422.000000 0.000076
3423.000000 0.000076
3424.000000 0.000076
3425.000000 0.000075
3426.000000 0.000075
3427.000000 0.000075
3428.000000 0.000075
3429.000000 0.000074
3430.000000 0.000074
3431.000000 0.000074
3432.000000 0.000073
3433.000000 0.000073
3434.000000 0.000073
3435.000000 0.000073
3436.000000 0.000072
3437.000000 0.000072
3438.000000 0.000072
3439.000000 0.000071
3440.000000 0.000071
3441.000000 0.000071
3442.000000 0.000071
3443.000000 0.000070
3444.000000 0.000070
3445.000000 0.000070
3446.000000 0.000069
3447.000000 0.000069
3448.000000 0.000069
3449.000000 0.000069
3450.000000 0.000068
3451.000000 0.000068
3452.000000 0.000068
3453.000000 0.000067
3454.000000 0.000067
3455.000000 0.000067
3456.000000 0.000067
3457.000000 0.000066
3458.000000 0.000066
3459.000000 0.000066
3460.000000 0.000066
3461.000000 0.000065
3462.000000 0.000065
3463.000000 0.000065
3464.000000 0.000064
3465.000000 0.000064
3466.000000 0.000064
3467.000000 0.000064
3468.000000 0.000063
3469.000000 0.000063
3470.000000 0.000063
3471.000000 0.000062
3472.000000 0.000062
3473.000000 0.000062
3474.000000 0.000062
3475.000000 0.000061
3476.000000 0.000061
3477.000000 0.000061
3478.000000 0.000061
3479.000000 0.000060
3480.000000 0.000060
3481.000000 0.000060
3482.000000 0.000059
3483.000000 0.000059
3484.000000 0.000059
3485.000000 0.000059
3486.000000 0.000058
3487.000000 0.000058
3488.000000 0.000058
3489.000000 0.000058
3490.000000 0.000057
3491.000000 0.000057
3492.000000 0.000057
3493.000000 0.000057
3494.000000 0.000056
3495.000000 0.000056
3496.000000 0.000056
3497.000000 0.000055
3498.000000 0.000055
3499.000000 0.000055
3500.000000 0.000055
3501.000000 0.000054
3502.000000 0.000054
3503.000000 0.000054
3504.000000 0.000054
3505.000000 0.000053
3506.000000 0.000053
3507.000000 0.000053
3508.000000 0.000053
3509.000000 0.000052
3510.000000 0.000052
3511.000000 0.000052
3512.000000 0.000052
3513.000000 0.000051
3514.000000 0.000051
3515.000000 0.000051
3516.000000 0.000050
3517.000000 0.000050
3518.000000 0.000050
3519.000000 0.000050
3520.000000 0.000049
3521.000000 0.000049
3522.000000 0.000049
3523.000000 0.000049
3524.000000 0.000048
3525.000000 0.000048
3526.000000 0.000048
3527.000000 0.000048
3528.000000 0.000047
3529.000000 0.000047
3530.000000 0.000047
3531.000000 0.000047
3532.000000 0.000046
3533.000000 0.000046
3534.000000 0.000046
3535.000000 0.000046
3536.000000 0.000045
3537.000000 0.000045
3538.000000 0.000045
3539.000000 0.000045
3540.000000 0.000044
3541.000000 0.000044
3542.000000 0.000044
3543.000000 0.000044
3544.000000 0.000043
3545.000000 0.000043
3546.000000 0.000043
3547.000000 0.000043
3548.000000 0.000042
3549.000000 0.000042
3550.000000 0.000042
3551.000000 0.000042
3552.000000 0.000041
3553.000000 0.000041
3554.000000 0.000041
3555.000000 0.000041
3556.000000 0.000040
3557.000000 0.000040
3558.000000 0.000040
3559.000000 0.000040
3560.000000 0.000039
3561.000000 0.000039
3562.000000 0.000039
3563.000000 0.000039
3564.000000 0.000038
3565.000000 0.000038
3566.000000 0.000038
3567.000000 0.000038
3568.000000 0.000038
3569.000000 0.000037
3570.000000 0.000037
3571.000000 0.000037
3572.000000 0.000037
3573.000000 0.000036
3574.000000 0.000036
3575.000000 0.000036
3576.000000 0.000036
3577.000000 0.000035
3578.000000 0.000035
3579.000000 0.000035
3580.000000 0.000035
3581.000000 0.000034
3582.000000 0.000034
3583.000000 0.000034
3584.000000 0.000034
3585.000000 0.000034
3586.000000 0.000033
3587.000000 0.000033
3588.000000 0.000033
3589.000000 0.000033
3590.000000 0.000032
3591.000000 0.000032
3592.000000 0.000032
3593.000000 0.000032
3594.000000 0.000031
3595.000000 0.000031
3596.000000 0.000031
3597.000000 0.000031
3598.000000 0.000031
3599.000000 0.000030
3600.000000 0.000030
3601.000000 0.000030
3602.000000 0.000030
3603.000000 0.000029
3604.000000 0.000029
3605.000000 0.000029
3606.000000 0.000029
3607.000000 0.000029
3608.000000 0.000028
3609.000000 0.000028
3610.000000 0.000028
3611.000000 0.000028
3612.000000 0.000028
3613.000000 0.000027
3614.000000 0.000027
3615.000000 0.000027
3616.000000 0.000027
3617.000000 0.000027
3618.000000 0.000026
3619.000000 0.000026
3620.000000 0.000026
3621.000000 0.000026
3622.000000 0.000025
3623.000000 0.000025
3624.000000 0.000025
3625.000000 0.000025
3626.000000 0.000025
3627.000000 0.000024
3628.000000 0.000024
3629.000000 0.000024
3630.000000 0.000024
3631.000000 0.000024
3632.000000 0.000023
3633.000000 0.000023
3634.000000 0.000023
3635.000000 0.000023
3636.000000 0.000023
3637.000000 0.000022
3638.000000 0.000022
3639.000000 0.000022
3640.000000 0.000022
3641.000000 0.000022
3642.000000 0.000021
3643.000000 0.000021
3644.000000 0.000021
3645.000000 0.000021
3646.000000 0.000021
3647.000000 0.000021
3648.000000 0.000020
3649.000000 0.000020
3650.000000 0.000020
3651.000000 0.000020
3652.000000 0.000020
3653.000000 0.000019
3654.000000 0.000019
3655.000000 0.000019
3656.000000 0.000019
3657.000000 0.000019
3658.000000 0.000019
3659.000000 0.000018
3660.000000 0.000018
3661.000000 0.000018
3662.000000 0.000018
3663.000000 0.000018
3664.000000 0.000017
3665.000000 0.000017
3666.000000 0.000017
3667.000000 0.000017
3668.000000 0.000017
3669.000000 0.000017
3670.000000 0.000016
3671.000000 0.000016
3672.000000 0.000016
3673.000000 0.000016
3674.000000 0.000016
3675.000000 0.000016
3676.000000 0.000015
3677.000000 0.000015
3678.000000 0.000015
3679.000000 0.000015
3680.000000 0.000015
3681.000000 0.000015
3682.000000 0.000015
3683.000000 0.000014
3684.000000 0.000014
3685.000000 0.000014
3686.000000 0.000014
3687.000000 0.000014
3688.000000 0.000014
3689.000000 0.000013
3690.000000 0.000013
3691.000000 0.000013
3692.000000 0.000013
3693.000000 0.000013
3694.000000 0.000013
3695.000000 0.000013
3696.000000 0.000012
3697.000000 0.000012
3698.000000 0.000012
3699.000000 0.000012
3700.000000 0.000012
3701.000000 0.000012
3702.000000 0.000012
3703.000000 0.000011
3704.000000 0.000011
3705.000000 0.000011
3706.000000 0.000011
3707.000000 0.000011
3708.000000 0.000011
3709.000000 0.000011
3710.000000 0.000010
3711.000000 0.000010
3712.000000 0.000010
3713.000000 0.000010
3714.000000 0.000010
3715.000000 0.000010
3716.000000 0.000010
3717.000000 0.000010
3718.000000 0.000009
3719.000000 0.000009
3720.000000 0.000009
3721.000000 0.000009
3722.000000 0.000009
3723.000000 0.000009
3724.000000 0.000009
3725.000000 0.000009
3726.000000 0.000009
3727.000000 0.000008
3728.000000 0.000008
3729.000000 0.000008
3730.000000 0.000008
3731.000000 0.000008
3732.000000 0.000008
3733.000000 0.000008
3734.000000 0.000008
3735.000000 0.000008
3736.000000 0.000007
3737.000000 0.000007
3738.000000 0.000007
3739.000000 0.000007
3740.000000 0.000007
3741.000000 0.000007
3742.000000 0.000007
3743.000000 0.000007
3744.000000 0.000007
3745.000000 0.000006
3746.000000 0.000006
3747.000000 0.000006
3748.000000 0.000006
3749.000000 0.000006
3750.000000 0.000006
3751.000000 0.000006
3752.000000 0.000006
3753.000000 0.000006
3754.000000 0.000006
3755.000000 0.000006
3756.000000 0.000005
3757.000000 0.000005
3758.000000 0.000005
3759.000000 0.000005
3760.000000 0.000005
3761.000000 0.000005
3762.000000 0.000005
3763.000000 0.000005
3764.000000 0.000005
3765.000000 0.000005
3766.000000 0.000005
3767.000000 0.000005
3768.000000 0.000005
3769.000000 0.000004
3770.000000 0.000004
3771.000000 0.000004
3772.000000 0.000004
3773.000000 0.000004
3774.000000 0.000004
3775.000000 0.000004
3776.000000 0.000004
3777.000000 0.000004
3778.000000 0.000004
3779.000000 0.000004
3780.000000 0.000004
3781.000000 0.000004
3782.000000 0.000004
3783.000000 0.000003
3784.000000 0.000003
3785.000000 0.000003
3786.000000 0.000003
3787.000000 0.000003
3788.000000 0.000003
3789.000000 0.000003
3790.000000 0.000003
3791.000000 0.000003
3792.000000 0.000003
3793.000000 0.000003
3794.000000 0.000003
3795.000000 0.000003
3796.000000 0.000003
3797.000000 0.000003
3798.000000 0.000003
3799.000000 0.000003
3800.000000 0.000002
3801.000000 0.000002
3802.000000 0.000002
3803.000000 0.000002
3804.000000 0.000002
3805.000000 0.000002
3806.000000 0.000002
3807.000000 0.000002
3808.000000 0.000002
3809.000000 0.000002
3810.000000 0.000002
3811.000000 0.000002
3812.000000 0.000002
3813.000000 0.000002
3814.000000 0.000002
3815.000000 0.000002
3816.000000 0.000002
3817.000000 0.000002
3818.000000 0.000002
3819.000000 0.000002
3820.000000 0.000002
3821.000000 0.000002
3822.000000 0.000002
3823.000000 0.000002
3824.000000 0.000001
3825.000000 0.000001
3826.000000 0.000001
3827.000000 0.000001
3828.000000 0.000001
3829.000000 0.000001
3830.000000 0.000001
3831.000000 0.000001
3832.000000 0.000001
3833.000000 0.000001
3834.000000 0.000001
3835.000000 0.000001
3836.000000 0.000001
3837.000000 0.000001
3838.000000 0.000001
3839.000000 0.000001
3840.000000 0.000001
3841.000000 0.000001
3842.000000 0.000001
3843.000000 0.000001
3844.000000 0.000001
3845.000000 0.000001
3846.000000 0.000001
3847.000000 0.000001
3848.000000 0.000001
3849.000000 0.000001
3850.000000 0.000001
3851.000000 0.000001
3852.000000 0.000001
3853.000000 0.000001
3854.000000 0.000001
3855.000000 0.000001
3856.000000 0.000001
3857.000000 0.000001
3858.000000 0.000001
3859.000000 0.000001
3860.000000 0.000001
3861.000000 0.000001
3862.000000 0.000001
3863.000000 0.000001
3864.000000 0.000000
3865.000000 0.000000
3866.000000 0.000000
3867.000000 0.000000
3868.000000 0.000000
3869.000000 0.000000
3870.000000 0.000000
3871.000000 0.000000
3872.000000 0.000000
3873.000000 0.000000
3874.000000 0.000000
3875.000000 0.000000
3876.000000 0.000000
3877.000000 0.000000
3878.000000 0.000000
3879.000000 0.000000
3880.000000 0.000000
3881.000000 0.000000
3882.000000 0.000000
3883.000000 0.000000
3884.000000 0.000000
3885.000000 0.000000
3886.000000 0.000000
3887.000000 0.000000
3888.000000 0.000000
3889.000000 0.000000
3890.000000 0.000000
3891.000000 0.000000
3892.000000 0.000000
3893.000000 0.000000
3894.000000 0.000000
3895.000000 0.000000
3896.000000 0.000000
3897.000000 0.000000
3898.000000 0.000000
3899.000000 0.000000
3900.000000 0.000000
3901.000000 0.000000
3902.000000 0.000000
3903.000000 0.000000
3904.000000 0.000000
3905.000000 0.000000
3906.000000 0.000000
3907.000000 0.000000
3908.000000 0.000000
3909.000000 0.000000
3910.000000 0.000000
3911.000000 0.000000
3912.000000 0.000000
3913.000000 0.000000
3914.000000 0.000000
3915.000000 0.000000
3916.000000 0.000000
3917.000000 0.000000
3918.000000 0.000000
3919.000000 0.000000
3920.000000 0.000000
3921.000000 0.000000
3922.000000 0.000000
3923.000000 0.000000
3924.000000 0.000000
3925.000000 0.000000
3926.000000 0.000000
3927.000000 0.000000
3928.000000 0.000000
3929.000000 0.000000
3930.000000 0.000000
3931.000000 0.000000
3932.000000 0.000000
3933.000000 0.000000
3934.000000 0.000000
3935.000000 0.000000
3936.000000 0.000000
3937.000000 0.000000
3938.000000 0.000000
3939.000000 0.000000
3940.000000 0.000000
3941.000000 0.000000
3942.000000 0.000000
3943.000000 0.000000
3944.000000 0.000000
3945.000000 0.000000
3946.000000 0.000000
3947.000000 0.000000
3948.000000 0.000000
3949.000000 0.000000
3950.000000 0.000000
3951.000000 0.000000
3952.000000 0.000000
3953.000000 0.000000
3954.000000 0.000000
3955.000000 0.000000
3956.000000 0.000000
3957.000000 0.000000
3958.000000 0.000000
3959.000000 0.000000
3960.000000 0.000000
3961.000000 0.000000
3962.000000 0.000000
3963.000000 0.000000
3964.000000 0.000000
3965.000000 0.000000
3966.000000 0.000000
3967.000000 0.000000
3968.000000 0.000000
3969.000000 0.000000
3970.000000 0.000000
3971.000000 0.000000
3972.000000 0.000000
3973.000000 0.000000
3974.000000 0.000000
3975.000000 0.000000
3976.000000 0.000000
3977.000000 0.000000
3978.000000 0.000000
3979.000000 0.000000
3980.000000 0.000000
3981.000000 0.000000
3982.000000 0.000000
3983.000000 0.000000
3984.000000 0.000000
3985.000000 0.000000
3986.000000 0.000000
3987.000000 0.000000
3988.000000 0.000000
3989.000000 0.000000
3990.000000 0.000000
3991.000000 0.000000
3992.000000 0.000000
3993.000000 0.000000
3994.000000 0.000000
3995.000000 0.000000
3996.000000 0.000000
3997.000000 0.000000
3998.000000 0.000000
3999.000000 0.000000
4000.000000 0.000000
