n lam mean variance std
4000 0.070000 2000.494645 504169.259745 710.048773
bin_midpoint probability
1.000000 0.000000
2.000000 0.000000
3.000000 0.000000
4.000000 0.000000
5.000000 0.000000
6.000000 0.000000
7.000000 0.000000
8.000000 0.000000
9.000000 0.000000
10.000000 0.000000
11.000000 0.000000
12.000000 0.000000
13.000000 0.000000
14.000000 0.000000
15.000000 0.000000
16.000000 0.000000
17.000000 0.000000
18.000000 0.000000
19.000000 0.000000
20.000000 0.000000
21.000000 0.000000
22.000000 0.000000
23.000000 0.000000
24.000000 0.000000
25.000000 0.000000
26.000000 0.000000
27.000000 0.000000
28.000000 0.000000
29.000000 0.000000
30.000000 0.000000
31.000000 0.000000
32.000000 0.000000
33.000000 0.000000
34.000000 0.000000
35.000000 0.000000
36.000000 0.000000
37.000000 0.000000
38.000000 0.000000
39.000000 0.000000
40.000000 0.000000
41.000000 0.000000
42.000000 0.000000
43.000000 0.000000
44.000000 0.000000
45.000000 0.000000
46.000000 0.000000
47.000000 0.000000
48.000000 0.000000
49.000000 0.000000
50.000000 0.000000
51.000000 0.000000
52.000000 0.000000
53.000000 0.000000
54.000000 0.000000
55.000000 0.000000
56.000000 0.000000
57.000000 0.000000
58.000000 0.000000
59.000000 0.000000
60.000000 0.000000
61.000000 0.000000
62.000000 0.000000
63.000000 0.000000
64.000000 0.000000
65.000000 0.000000
66.000000 0.000000
67.000000 0.000000
68.000000 0.000000
69.000000 0.000000
70.000000 0.000000
71.000000 0.000000
72.000000 0.000000
73.000000 0.000000
74.000000 0.000000
75.000000 0.000000
76.000000 0.000000
77.000000 0.000000
78.000000 0.000000
79.000000 0.000000
80.000000 0.000000
81.000000 0.000000
82.000000 0.000000
83.000000 0.000000
84.000000 0.000000
85.000000 0.000000
86.000000 0.000001
87.000000 0.000001
88.000000 0.000001
89.000000 0.000001
90.000000 0.000001
91.000000 0.000001
92.000000 0.000001
93.000000 0.000001
94.000000 0.000001
95.000000 0.000001
96.000000 0.000001
97.000000 0.000001
98.000000 0.000001
99.000000 0.000001
100.000000 0.000001
101.000000 0.000001
102.000000 0.000001
103.000000 0.000001
104.000000 0.000001
105.000000 0.000001
106.000000 0.000001
107.000000 0.000001
108.000000 0.000001
109.000000 0.000001
110.000000 0.000001
111.000000 0.000001
112.000000 0.000001
113.000000 0.000001
114.000000 0.000001
115.000000 0.000002
116.000000 0.000002
117.000000 0.000002
118.000000 0.000002
119.000000 0.000002
120.000000 0.000002
121.000000 0.000002
122.000000 0.000002
123.000000 0.000002
124.000000 0.000002
125.000000 0.000002
126.000000 0.000002
127.000000 0.000002
128.000000 0.000002
129.000000 0.000002
130.000000 0.000002
131.000000 0.000002
132.000000 0.000003
133.000000 0.000003
134.000000 0.000003
135.000000 0.000003
136.000000 0.000003
137.000000 0.000003
138.000000 0.000003
139.000000 0.000003
140.000000 0.000003
141.000000 0.000003
142.000000 0.000003
143.000000 0.000003
144.000000 0.000003
145.000000 0.000004
146.000000 0.000004
147.000000 0.000004
148.000000 0.000004
149.000000 0.000004
150.000000 0.000004
151.000000 0.000004
152.000000 0.000004
153.000000 0.000004
154.000000 0.000004
155.000000 0.000005
156.000000 0.000005
157.000000 0.000005
158.000000 0.000005
159.000000 0.000005
160.000000 0.000005
161.000000 0.000005
162.000000 0.000005
163.000000 0.000005
164.000000 0.000005
165.000000 0.000006
166.000000 0.000006
167.000000 0.000006
168.000000 0.000006
169.000000 0.000006
170.000000 0.000006
171.000000 0.000006
172.000000 0.000006
173.000000 0.000006
174.000000 0.000007
175.000000 0.000007
176.000000 0.000007
177.000000 0.000007
178.000000 0.000007
179.000000 0.000007
180.000000 0.000007
181.000000 0.000008
182.000000 0.000008
183.000000 0.000008
184.000000 0.000008
185.000000 0.000008
186.000000 0.000008
187.000000 0.000008
188.000000 0.000008
189.000000 0.000009
190.000000 0.000009
191.000000 0.000009
192.000000 0.000009
193.000000 0.000009
194.000000 0.000009
195.000000 0.000009
196.000000 0.000010
197.000000 0.000010
198.000000 0.000010
199.000000 0.000010
200.000000 0.000010
201.000000 0.000010
202.000000 0.000010
203.000000 0.000011
204.000000 0.000011
205.000000 0.000011
206.000000 0.000011
207.000000 0.000011
208.000000 0.000011
209.000000 0.000012
210.000000 0.000012
211.000000 0.000012
212.000000 0.000012
213.000000 0.000012
214.000000 0.000012
215.000000 0.000013
216.000000 0.000013
217.000000 0.000013
218.000000 0.000013
219.000000 0.000013
220.000000 0.000013
221.000000 0.000014
222.000000 0.000014
223.000000 0.000014
224.000000 0.000014
225.000000 0.000014
226.000000 0.000014
227.000000 0.000015
228.000000 0.000015
229.000000 0.000015
230.000000 0.000015
231.000000 0.000015
232.000000 0.000015
233.000000 0.000016
234.000000 0.000016
235.000000 0.000016
236.000000 0.000016
237.000000 0.000016
238.000000 0.000016
239.000000 0.000017
240.000000 0.000017
241.000000 0.000017
242.000000 0.000017
243.000000 0.000017
244.000000 0.000017
245.000000 0.000018
246.000000 0.000018
247.000000 0.000018
248.000000 0.000018
249.000000 0.000018
250.000000 0.000019
251.000000 0.000019
252.000000 0.000019
253.000000 0.000019
254.000000 0.000019
255.000000 0.000019
256.000000 0.000020
257.000000 0.000020
258.000000 0.000020
259.000000 0.000020
260.000000 0.000020
261.000000 0.000021
262.000000 0.000021
263.000000 0.000021
264.000000 0.000021
265.000000 0.000021
266.000000 0.000022
267.000000 0.000022
268.000000 0.000022
269.000000 0.000022
270.000000 0.000022
271.000000 0.000022
272.000000 0.000023
273.000000 0.000023
274.000000 0.000023
275.000000 0.000023
276.000000 0.000023
277.000000 0.000024
278.000000 0.000024
279.000000 0.000024
280.000000 0.000024
281.000000 0.000024
282.000000 0.000025
283.000000 0.000025
284.000000 0.000025
285.000000 0.000025
286.000000 0.000025
287.000000 0.000025
288.000000 0.000026
289.000000 0.000026
290.000000 0.000026
291.000000 0.000026
292.000000 0.000026
293.000000 0.000027
294.000000 0.000027
295.000000 0.000027
296.000000 0.000027
297.000000 0.000027
298.000000 0.000028
299.000000 0.000028
300.000000 0.000028
301.000000 0.000028
302.000000 0.000028
303.000000 0.000029
304.000000 0.000029
305.000000 0.000029
306.000000 0.000029
307.000000 0.000029
308.000000 0.000030
309.000000 0.000030
310.000000 0.000030
311.000000 0.000030
312.000000 0.000030
313.000000 0.000031
314.000000 0.000031
315.000000 0.000031
316.000000 0.000031
317.000000 0.000031
318.000000 0.000032
319.000000 0.000032
320.000000 0.000032
321.000000 0.000032
322.000000 0.000032
323.000000 0.000033
324.000000 0.000033
325.000000 0.000033
326.000000 0.000033
327.000000 0.000033
328.000000 0.000034
329.000000 0.000034
330.000000 0.000034
331.000000 0.000034
332.000000 0.000034
333.000000 0.000035
334.000000 0.000035
335.000000 0.000035
336.000000 0.000035
337.000000 0.000035
338.000000 0.000036
339.000000 0.000036
340.000000 0.000036
341.000000 0.000036
342.000000 0.000036
343.000000 0.000037
344.000000 0.000037
345.000000 0.000037
346.000000 0.000037
347.000000 0.000038
348.000000 0.000038
349.000000 0.000038
350.000000 0.000038
351.000000 0.000038
352.000000 0.000039
353.000000 0.000039
354.000000 0.000039
355.000000 0.000039
356.000000 0.000039
357.000000 0.000040
358.000000 0.000040
359.000000 0.000040
360.000000 0.000040
361.000000 0.000040
362.000000 0.000041
363.000000 0.000041
364.000000 0.000041
365.000000 0.000041
366.000000 0.000042
367.000000 0.000042
368.000000 0.000042
369.000000 0.000042
370.000000 0.000042
371.000000 0.000043
372.000000 0.000043
373.000000 0.000043
374.000000 0.000043
375.000000 0.000043
376.000000 0.000044
377.000000 0.000044
378.000000 0.000044
379.000000 0.000044
380.000000 0.000045
381.000000 0.000045
382.000000 0.000045
383.000000 0.000045
384.000000 0.000045
385.000000 0.000046
386.000000 0.000046
387.000000 0.000046
388.000000 0.000046
389.000000 0.000046
390.000000 0.000047
391.000000 0.000047
392.000000 0.000047
393.000000 0.000047
394.000000 0.000048
395.000000 0.000048
396.000000 0.000048
397.000000 0.000048
398.000000 0.000049
399.000000 0.000049
400.000000 0.000049
401.000000 0.000049
402.000000 0.000049
403.000000 0.000050
404.000000 0.000050
405.000000 0.000050
406.000000 0.000050
407.000000 0.000050
408.000000 0.000051
409.000000 0.000051
410.000000 0.000051
411.000000 0.000051
412.000000 0.000052
413.000000 0.000052
414.000000 0.000052
415.000000 0.000052
416.000000 0.000053
417.000000 0.000053
418.000000 0.000053
419.000000 0.000053
420.000000 0.000054
421.000000 0.000054
422.000000 0.000054
423.000000 0.000054
424.000000 0.000054
425.000000 0.000055
426.000000 0.000055
427.000000 0.000055
428.000000 0.000055
429.000000 0.000056
430.000000 0.000056
431.000000 0.000056
432.000000 0.000056
433.000000 0.000057
434.000000 0.000057
435.000000 0.000057
436.000000 0.000057
437.000000 0.000057
438.000000 0.000058
439.000000 0.000058
440.000000 0.000058
441.000000 0.000058
442.000000 0.000059
443.000000 0.000059
444.000000 0.000059
445.000000 0.000059
446.000000 0.000060
447.000000 0.000060
448.000000 0.000060
449.000000 0.000060
450.000000 0.000060
451.000000 0.000061
452.000000 0.000061
453.000000 0.000061
454.000000 0.000061
455.000000 0.000062
456.000000 0.000062
457.000000 0.000062
458.000000 0.000062
459.000000 0.000063
460.000000 0.000063
461.000000 0.000063
462.000000 0.000063
463.000000 0.000064
464.000000 0.000064
465.000000 0.000064
466.000000 0.000064
467.000000 0.000065
468.000000 0.000065
469.000000 0.000065
470.000000 0.000065
471.000000 0.000066
472.000000 0.000066
473.000000 0.000066
474.000000 0.000066
475.000000 0.000067
476.000000 0.000067
477.000000 0.000067
478.000000 0.000067
479.000000 0.000068
480.000000 0.000068
481.000000 0.000068
482.000000 0.000068
483.000000 0.000069
484.000000 0.000069
485.000000 0.000069
486.000000 0.000069
487.000000 0.000070
488.000000 0.000070
489.000000 0.000070
490.000000 0.000070
491.000000 0.000070
492.000000 0.000071
493.000000 0.000071
494.000000 0.000071
495.000000 0.000072
496.000000 0.000072
497.000000 0.000072
498.000000 0.000072
499.000000 0.000073
500.000000 0.000073
501.000000 0.000073
502.000000 0.000073
503.000000 0.000074
504.000000 0.000074
505.000000 0.000074
506.000000 0.000074
507.000000 0.000075
508.000000 0.000075
509.000000 0.000075
510.000000 0.000075
511.000000 0.000076
512.000000 0.000076
513.000000 0.000076
514.000000 0.000076
515.000000 0.000077
516.000000 0.000077
517.000000 0.000077
518.000000 0.000077
519.000000 0.000078
520.000000 0.000078
521.000000 0.000078
522.000000 0.000078
523.000000 0.000079
524.000000 0.000079
525.000000 0.000079
526.000000 0.000079
527.000000 0.000080
528.000000 0.000080
529.000000 0.000080
530.000000 0.000081
531.000000 0.000081
532.000000 0.000081
533.000000 0.000081
534.000000 0.000082
535.000000 0.000082
536.000000 0.000082
537.000000 0.000082
538.000000 0.000083
539.000000 0.000083
540.000000 0.000083
541.000000 0.000083
542.000000 0.000084
543.000000 0.000084
544.000000 0.000084
545.000000 0.000084
546.000000 0.000085
547.000000 0.000085
548.000000 0.000085
549.000000 0.000086
550.000000 0.000086
551.000000 0.000086
552.000000 0.000086
553.000000 0.000087
554.000000 0.000087
555.000000 0.000087
556.000000 0.000087
557.000000 0.000088
558.000000 0.000088
559.000000 0.000088
560.000000 0.000088
561.000000 0.000089
562.000000 0.000089
563.000000 0.000089
564.000000 0.000090
565.000000 0.000090
566.000000 0.000090
567.000000 0.000090
568.000000 0.000091
569.000000 0.000091
570.000000 0.000091
571.000000 0.000091
572.000000 0.000092
573.000000 0.000092
574.000000 0.000092
575.000000 0.000093
576.000000 0.000093
577.000000 0.000093
578.000000 0.000093
579.000000 0.000094
580.000000 0.000094
581.000000 0.000094
582.000000 0.000095
583.000000 0.000095
584.000000 0.000095
585.000000 0.000095
586.000000 0.000096
587.000000 0.000096
588.000000 0.000096
589.000000 0.000096
590.000000 0.000097
591.000000 0.000097
592.000000 0.000097
593.000000 0.000098
594.000000 0.000098
595.000000 0.000098
596.000000 0.000098
597.000000 0.000099
598.000000 0.000099
599.000000 0.000099
600.000000 0.000100
601.000000 0.000100
602.000000 0.000100
603.000000 0.000100
604.000000 0.000101
605.000000 0.000101
606.000000 0.000101
607.000000 0.000102
608.000000 0.000102
609.000000 0.000102
610.000000 0.000102
611.000000 0.000103
612.000000 0.000103
613.000000 0.000103
614.000000 0.000104
615.000000 0.000104
616.000000 0.000104
617.000000 0.000104
618.000000 0.000105
619.000000 0.000105
620.000000 0.000105
621.000000 0.000106
622.000000 0.000106
623.000000 0.000106
624.000000 0.000106
625.000000 0.000107
626.000000 0.000107
627.000000 0.000107
628.000000 0.000108
629.000000 0.000108
630.000000 0.000108
631.000000 0.000108
632.000000 0.000109
633.000000 0.000109
634.000000 0.000109
635.000000 0.000110
636.000000 0.000110
637.000000 0.000110
638.000000 0.000111
639.000000 0.000111
640.000000 0.000111
641.000000 0.000111
642.000000 0.000112
643.000000 0.000112
644.000000 0.000112
645.000000 0.000113
646.000000 0.000113
647.000000 0.000113
648.000000 0.000113
649.000000 0.000114
650.000000 0.000114
651.000000 0.000114
652.000000 0.000115
653.000000 0.000115
654.000000 0.000115
655.000000 0.000116
656.000000 0.000116
657.000000 0.000116
658.000000 0.000116
659.000000 0.000117
660.000000 0.000117
661.000000 0.000117
662.000000 0.000118
663.000000 0.000118
664.000000 0.000118
665.000000 0.000119
666.000000 0.000119
667.000000 0.000119
668.000000 0.000119
669.000000 0.000120
670.000000 0.000120
671.000000 0.000120
672.000000 0.000121
673.000000 0.000121
674.000000 0.000121
675.000000 0.000122
676.000000 0.000122
677.000000 0.000122
678.000000 0.000123
679.000000 0.000123
680.000000 0.000123
681.000000 0.000123
682.000000 0.000124
683.000000 0.000124
684.000000 0.000124
685.000000 0.000125
686.000000 0.000125
687.000000 0.000125
688.000000 0.000126
689.000000 0.000126
690.000000 0.000126
691.000000 0.000127
692.000000 0.000127
693.000000 0.000127
694.000000 0.000127
695.000000 0.000128
696.000000 0.000128
697.000000 0.000128
698.000000 0.000129
699.000000 0.000129
700.000000 0.000129
701.000000 0.000130
702.000000 0.000130
703.000000 0.000130
704.000000 0.000131
705.000000 0.000131
706.000000 0.000131
707.000000 0.000132
708.000000 0.000132
709.000000 0.000132
710.000000 0.000132
711.000000 0.000133
712.000000 0.000133
713.000000 0.000133
714.000000 0.000134
715.000000 0.000134
716.000000 0.000134
717.000000 0.000135
718.000000 0.000135
719.000000 0.000135
720.000000 0.000136
721.000000 0.000136
722.000000 0.000136
723.000000 0.000137
724.000000 0.000137
725.000000 0.000137
726.000000 0.000138
727.000000 0.000138
728.000000 0.000138
729.000000 0.000139
730.000000 0.000139
731.000000 0.000139
732.000000 0.000140
733.000000 0.000140
734.000000 0.000140
735.000000 0.000140
736.000000 0.000141
737.000000 0.000141
738.000000 0.000141
739.000000 0.000142
740.000000 0.000142
741.000000 0.000142
742.000000 0.000143
743.000000 0.000143
744.000000 0.000143
745.000000 0.000144
746.000000 0.000144
747.000000 0.000144
748.000000 0.000145
749.000000 0.000145
750.000000 0.000145
751.000000 0.000146
752.000000 0.000146
753.000000 0.000146
754.000000 0.000147
755.000000 0.000147
756.000000 0.000147
757.000000 0.000148
758.000000 0.000148
759.000000 0.000148
760.000000 0.000149
761.000000 0.000149
762.000000 0.000149
763.000000 0.000150
764.000000 0.000150
765.000000 0.000150
766.000000 0.000151
767.000000 0.000151
768.000000 0.000151
769.000000 0.000152
770.000000 0.000152
771.000000 0.000152
772.000000 0.000153
773.000000 0.000153
774.000000 0.000153
775.000000 0.000154
776.000000 0.000154
777.000000 0.000154
778.000000 0.000155
779.000000 0.000155
780.000000 0.000155
781.000000 0.000156
782.000000 0.000156
783.000000 0.000156
784.000000 0.000157
785.000000 0.000157
786.000000 0.000157
787.000000 0.000158
788.000000 0.000158
789.000000 0.000158
790.000000 0.000159
791.000000 0.000159
792.000000 0.000159
793.000000 0.000160
794.000000 0.000160
795.000000 0.000160
796.000000 0.000161
797.000000 0.000161
798.000000 0.000161
799.000000 0.000162
800.000000 0.000162
801.000000 0.000162
802.000000 0.000163
803.000000 0.000163
804.000000 0.000163
805.000000 0.000164
806.000000 0.000164
807.000000 0.000164
808.000000 0.000165
809.000000 0.000165
810.000000 0.000165
811.000000 0.000166
812.000000 0.000166
813.000000 0.000167
814.000000 0.000167
815.000000 0.000167
816.000000 0.000168
817.000000 0.000168
818.000000 0.000168
819.000000 0.000169
820.000000 0.000169
821.000000 0.000169
822.000000 0.000170
823.000000 0.000170
824.000000 0.000170
825.000000 0.000171
826.000000 0.000171
827.000000 0.000171
828.000000 0.000172
829.000000 0.000172
830.000000 0.000172
831.000000 0.000173
832.000000 0.000173
833.000000 0.000173
834.000000 0.000174
835.000000 0.000174
836.000000 0.000175
837.000000 0.000175
838.000000 0.000175
839.000000 0.000176
840.000000 0.000176
841.000000 0.000176
842.000000 0.000177
843.000000 0.000177
844.000000 0.000177
845.000000 0.000178
846.000000 0.000178
847.000000 0.000178
848.000000 0.000179
849.000000 0.000179
850.000000 0.000179
851.000000 0.000180
852.000000 0.000180
853.000000 0.000180
854.000000 0.000181
855.000000 0.000181
856.000000 0.000182
857.000000 0.000182
858.000000 0.000182
859.000000 0.000183
860.000000 0.000183
861.000000 0.000183
862.000000 0.000184
863.000000 0.000184
864.000000 0.000184
865.000000 0.000185
866.000000 0.000185
867.000000 0.000185
868.000000 0.000186
869.000000 0.000186
870.000000 0.000187
871.000000 0.000187
872.000000 0.000187
873.000000 0.000188
874.000000 0.000188
875.000000 0.000188
876.000000 0.000189
877.000000 0.000189
878.000000 0.000189
879.000000 0.000190
880.000000 0.000190
881.000000 0.000191
882.000000 0.000191
883.000000 0.000191
884.000000 0.000192
885.000000 0.000192
886.000000 0.000192
887.000000 0.000193
888.000000 0.000193
889.000000 0.000193
890.000000 0.000194
891.000000 0.000194
892.000000 0.000195
893.000000 0.000195
894.000000 0.000195
895.000000 0.000196
896.000000 0.000196
897.000000 0.000196
898.000000 0.000197
899.000000 0.000197
900.000000 0.000197
901.000000 0.000198
902.000000 0.000198
903.000000 0.000199
904.000000 0.000199
905.000000 0.000199
906.000000 0.000200
907.000000 0.000200
908.000000 0.000200
909.000000 0.000201
910.000000 0.000201
911.000000 0.000201
912.000000 0.000202
913.000000 0.000202
914.000000 0.000203
915.000000 0.000203
916.000000 0.000203
917.000000 0.000204
918.000000 0.000204
919.000000 0.000204
920.000000 0.000205
921.000000 0.000205
922.000000 0.000206
923.000000 0.000206
924.000000 0.000206
925.000000 0.000207
926.000000 0.000207
927.000000 0.000207
928.000000 0.000208
929.000000 0.000208
930.000000 0.000209
931.000000 0.000209
932.000000 0.000209
933.000000 0.000210
934.000000 0.000210
935.000000 0.000210
936.000000 0.000211
937.000000 0.000211
938.000000 0.000212
939.000000 0.000212
940.000000 0.000212
941.000000 0.000213
942.000000 0.000213
943.000000 0.000213
944.000000 0.000214
945.000000 0.000214
946.000000 0.000215
947.000000 0.000215
948.000000 0.000215
949.000000 0.000216
950.000000 0.000216
951.000000 0.000216
952.000000 0.000217
953.000000 0.000217
954.000000 0.000218
955.000000 0.000218
956.000000 0.000218
957.000000 0.000219
958.000000 0.000219
959.000000 0.000219
960.000000 0.000220
961.000000 0.000220
962.000000 0.000221
963.000000 0.000221
964.000000 0.000221
965.000000 0.000222
966.000000 0.000222
967.000000 0.000222
968.000000 0.000223
969.000000 0.000223
970.000000 0.000224
971.000000 0.000224
972.000000 0.000224
973.000000 0.000225
974.000000 0.000225
975.000000 0.000226
976.000000 0.000226
977.000000 0.000226
978.000000 0.000227
979.000000 0.000227
980.000000 0.000227
981.000000 0.000228
982.000000 0.000228
983.000000 0.000229
984.000000 0.000229
985.000000 0.000229
986.000000 0.000230
987.000000 0.000230
988.000000 0.000231
989.000000 0.000231
990.000000 0.000231
991.000000 0.000232
992.000000 0.000232
993.000000 0.000232
994.000000 0.000233
995.000000 0.000233
996.000000 0.000234
997.000000 0.000234
998.000000 0.000234
999.000000 0.000235
1000.000000 0.000235
1001.000000 0.000236
1002.000000 0.000236
1003.000000 0.000236
1004.000000 0.000237
1005.000000 0.000237
1006.000000 0.000237
1007.000000 0.000238
1008.000000 0.000238
1009.000000 0.000239
1010.000000 0.000239
1011.000000 0.000239
1012.000000 0.000240
1013.000000 0.000240
1014.000000 0.000241
1015.000000 0.000241
1016.000000 0.000241
1017.000000 0.000242
1018.000000 0.000242
1019.000000 0.000243
1020.000000 0.000243
1021.000000 0.000243
1022.000000 0.000244
1023.000000 0.000244
1024.000000 0.000244
1025.000000 0.000245
1026.000000 0.000245
1027.000000 0.000246
1028.000000 0.000246
1029.000000 0.000246
1030.000000 0.000247
1031.000000 0.000247
1032.000000 0.000248
1033.000000 0.000248
1034.000000 0.000248
1035.000000 0.000249
1036.000000 0.000249
1037.000000 0.000250
1038.000000 0.000250
1039.000000 0.000250
1040.000000 0.000251
1041.000000 0.000251
1042.000000 0.000252
1043.000000 0.000252
1044.000000 0.000252
1045.000000 0.000253
1046.000000 0.000253
1047.000000 0.000253
1048.000000 0.000254
1049.000000 0.000254
1050.000000 0.000255
1051.000000 0.000255
1052.000000 0.000255
1053.000000 0.000256
1054.000000 0.000256
1055.000000 0.000257
1056.000000 0.000257
1057.000000 0.000257
1058.000000 0.000258
1059.000000 0.000258
1060.000000 0.000259
1061.000000 0.000259
1062.000000 0.000259
1063.000000 0.000260
1064.000000 0.000260
1065.000000 0.000261
1066.000000 0.000261
1067.000000 0.000261
1068.000000 0.000262
1069.000000 0.000262
1070.000000 0.000263
1071.000000 0.000263
1072.000000 0.000263
1073.000000 0.000264
1074.000000 0.000264
1075.000000 0.000265
1076.000000 0.000265
1077.000000 0.000265
1078.000000 0.000266
1079.000000 0.000266
1080.000000 0.000267
1081.000000 0.000267
1082.000000 0.000267
1083.000000 0.000268
1084.000000 0.000268
1085.000000 0.000269
1086.000000 0.000269
1087.000000 0.000269
1088.000000 0.000270
1089.000000 0.000270
1090.000000 0.000271
1091.000000 0.000271
1092.000000 0.000271
1093.000000 0.000272
1094.000000 0.000272
1095.000000 0.000273
1096.000000 0.000273
1097.000000 0.000273
1098.000000 0.000274
1099.000000 0.000274
1100.000000 0.000275
1101.000000 0.000275
1102.000000 0.000275
1103.000000 0.000276
1104.000000 0.000276
1105.000000 0.000277
1106.000000 0.000277
1107.000000 0.000277
1108.000000 0.000278
1109.000000 0.000278
1110.000000 0.000279
1111.000000 0.000279
1112.000000 0.000279
1113.000000 0.000280
1114.000000 0.000280
1115.000000 0.000281
1116.000000 0.000281
1117.000000 0.000281
1118.000000 0.000282
1119.000000 0.000282
1120.000000 0.000283
1121.000000 0.000283
1122.000000 0.000283
1123.000000 0.000284
1124.000000 0.000284
1125.000000 0.000285
1126.000000 0.000285
1127.000000 0.000285
1128.000000 0.000286
1129.000000 0.000286
1130.000000 0.000287
1131.000000 0.000287
1132.000000 0.000287
1133.000000 0.000288
1134.000000 0.000288
1135.000000 0.000289
1136.000000 0.000289
1137.000000 0.000289
1138.000000 0.000290
1139.000000 0.000290
1140.000000 0.000291
1141.000000 0.000291
1142.000000 0.000291
1143.000000 0.000292
1144.000000 0.000292
1145.000000 0.000293
1146.000000 0.000293
1147.000000 0.000293
1148.000000 0.000294
1149.000000 0.000294
1150.000000 0.000295
1151.000000 0.000295
1152.000000 0.000295
1153.000000 0.000296
1154.000000 0.000296
1155.000000 0.000297
1156.000000 0.000297
1157.000000 0.000297
1158.000000 0.000298
1159.000000 0.000298
1160.000000 0.000299
1161.000000 0.000299
1162.000000 0.000299
1163.000000 0.000300
1164.000000 0.000300
1165.000000 0.000301
1166.000000 0.000301
1167.000000 0.000301
1168.000000 0.000302
1169.000000 0.000302
1170.000000 0.000303
1171.000000 0.000303
1172.000000 0.000303
1173.000000 0.000304
1174.000000 0.000304
1175.000000 0.000305
1176.000000 0.000305
1177.000000 0.000306
1178.000000 0.000306
1179.000000 0.000306
1180.000000 0.000307
1181.000000 0.000307
1182.000000 0.000308
1183.000000 0.000308
1184.000000 0.000308
1185.000000 0.000309
1186.000000 0.000309
1187.000000 0.000310
1188.000000 0.000310
1189.000000 0.000310
1190.000000 0.000311
1191.000000 0.000311
1192.000000 0.000312
1193.000000 0.000312
1194.000000 0.000312
1195.000000 0.000313
1196.000000 0.000313
1197.000000 0.000314
1198.000000 0.000314
1199.000000 0.000314
1200.000000 0.000315
1201.000000 0.000315
1202.000000 0.000316
1203.000000 0.000316
1204.000000 0.000316
1205.000000 0.000317
1206.000000 0.000317
1207.000000 0.000318
1208.000000 0.000318
1209.000000 0.000318
1210.000000 0.000319
1211.000000 0.000319
1212.000000 0.000320
1213.000000 0.000320
1214.000000 0.000320
1215.000000 0.000321
1216.000000 0.000321
1217.000000 0.000322
1218.000000 0.000322
1219.000000 0.000322
1220.000000 0.000323
1221.000000 0.000323
1222.000000 0.000324
1223.000000 0.000324
1224.000000 0.000324
1225.000000 0.000325
1226.000000 0.000325
1227.000000 0.000326
1228.000000 0.000326
1229.000000 0.000327
1230.000000 0.000327
1231.000000 0.000327
1232.000000 0.000328
1233.000000 0.000328
1234.000000 0.000329
1235.000000 0.000329
1236.000000 0.000329
1237.000000 0.000330
1238.000000 0.000330
1239.000000 0.000331
1240.000000 0.000331
1241.000000 0.000331
1242.000000 0.000332
1243.000000 0.000332
1244.000000 0.000333
1245.000000 0.000333
1246.000000 0.000333
1247.000000 0.000334
1248.000000 0.000334
1249.000000 0.000335
1250.000000 0.000335
1251.000000 0.000335
1252.000000 0.000336
1253.000000 0.000336
1254.000000 0.000337
1255.000000 0.000337
1256.000000 0.000337
1257.000000 0.000338
1258.000000 0.000338
1259.000000 0.000339
1260.000000 0.000339
1261.000000 0.000339
1262.000000 0.000340
1263.000000 0.000340
1264.000000 0.000341
1265.000000 0.000341
1266.000000 0.000341
1267.000000 0.000342
1268.000000 0.000342
1269.000000 0.000343
1270.000000 0.000343
1271.000000 0.000343
1272.000000 0.000344
1273.000000 0.000344
1274.000000 0.000345
1275.000000 0.000345
1276.000000 0.000345
1277.000000 0.000346
1278.000000 0.000346
1279.000000 0.000347
1280.000000 0.000347
1281.000000 0.000347
1282.000000 0.000348
1283.000000 0.000348
1284.000000 0.000349
1285.000000 0.000349
1286.000000 0.000349
1287.000000 0.000350
1288.000000 0.000350
1289.000000 0.000351
1290.000000 0.000351
1291.000000 0.000351
1292.000000 0.000352
1293.000000 0.000352
1294.000000 0.000353
1295.000000 0.000353
1296.000000 0.000353
1297.000000 0.000354
1298.000000 0.000354
1299.000000 0.000355
1300.000000 0.000355
1301.000000 0.000355
1302.000000 0.000356
1303.000000 0.000356
1304.000000 0.000357
1305.000000 0.000357
1306.000000 0.000357
1307.000000 0.000358
1308.000000 0.000358
1309.000000 0.000359
1310.000000 0.000359
1311.000000 0.000359
1312.000000 0.000360
1313.000000 0.000360
1314.000000 0.000361
1315.000000 0.000361
1316.000000 0.000361
1317.000000 0.000362
1318.000000 0.000362
1319.000000 0.000362
1320.000000 0.000363
1321.000000 0.000363
1322.000000 0.000364
1323.000000 0.000364
1324.000000 0.000364
1325.000000 0.000365
1326.000000 0.000365
1327.000000 0.000366
1328.000000 0.000366
1329.000000 0.000366
1330.000000 0.000367
1331.000000 0.000367
1332.000000 0.000368
1333.000000 0.000368
1334.000000 0.000368
1335.000000 0.000369
1336.000000 0.000369
1337.000000 0.000370
1338.000000 0.000370
1339.000000 0.000370
1340.000000 0.000371
1341.000000 0.000371
1342.000000 0.000372
1343.000000 0.000372
1344.000000 0.000372
1345.000000 0.000373
1346.000000 0.000373
1347.000000 0.000373
1348.000000 0.000374
1349.000000 0.000374
1350.000000 0.000375
1351.000000 0.000375
1352.000000 0.000375
1353.000000 0.000376
1354.000000 0.000376
1355.000000 0.000377
1356.000000 0.000377
1357.000000 0.000377
1358.000000 0.000378
1359.000000 0.000378
1360.000000 0.000379
1361.000000 0.000379
1362.000000 0.000379
1363.000000 0.000380
1364.000000 0.000380
1365.000000 0.000380
1366.000000 0.000381
1367.000000 0.000381
1368.000000 0.000382
1369.000000 0.000382
1370.000000 0.000382
1371.000000 0.000383
1372.000000 0.000383
1373.000000 0.000384
1374.000000 0.000384
1375.000000 0.000384
1376.000000 0.000385
1377.000000 0.000385
1378.000000 0.000385
1379.000000 0.000386
1380.000000 0.000386
1381.000000 0.000387
1382.000000 0.000387
1383.000000 0.000387
1384.000000 0.000388
1385.000000 0.000388
1386.000000 0.000389
1387.000000 0.000389
1388.000000 0.000389
1389.000000 0.000390
1390.000000 0.000390
1391.000000 0.000390
1392.000000 0.000391
1393.000000 0.000391
1394.000000 0.000392
1395.000000 0.000392
1396.000000 0.000392
1397.000000 0.000393
1398.000000 0.000393
1399.000000 0.000393
1400.000000 0.000394
1401.000000 0.000394
1402.000000 0.000395
1403.000000 0.000395
1404.000000 0.000395
1405.000000 0.000396
1406.000000 0.000396
1407.000000 0.000396
1408.000000 0.000397
1409.000000 0.000397
1410.000000 0.000398
1411.000000 0.000398
1412.000000 0.000398
1413.000000 0.000399
1414.000000 0.000399
1415.000000 0.000399
1416.000000 0.000400
1417.000000 0.000400
1418.000000 0.000401
1419.000000 0.000401
1420.000000 0.000401
1421.000000 0.000402
1422.000000 0.000402
1423.000000 0.000402
1424.000000 0.000403
1425.000000 0.000403
1426.000000 0.000404
1427.000000 0.000404
1428.000000 0.000404
1429.000000 0.000405
1430.000000 0.000405
1431.000000 0.000405
1432.000000 0.000406
1433.000000 0.000406
1434.000000 0.000407
1435.000000 0.000407
1436.000000 0.000407
1437.000000 0.000408
1438.000000 0.000408
1439.000000 0.000408
1440.000000 0.000409
1441.000000 0.000409
1442.000000 0.000409
1443.000000 0.000410
1444.000000 0.000410
1445.000000 0.000411
1446.000000 0.000411
1447.000000 0.000411
1448.000000 0.000412
1449.000000 0.000412
1450.000000 0.000412
1451.000000 0.000413
1452.000000 0.000413
1453.000000 0.000413
1454.000000 0.000414
1455.000000 0.000414
1456.000000 0.000415
1457.000000 0.000415
1458.000000 0.000415
1459.000000 0.000416
1460.000000 0.000416
1461.000000 0.000416
1462.000000 0.000417
1463.000000 0.000417
1464.000000 0.000417
1465.000000 0.000418
1466.000000 0.000418
1467.000000 0.000418
1468.000000 0.000419
1469.000000 0.000419
1470.000000 0.000420
1471.000000 0.000420
1472.000000 0.000420
1473.000000 0.000421
1474.000000 0.000421
1475.000000 0.000421
1476.000000 0.000422
1477.000000 0.000422
1478.000000 0.000422
1479.000000 0.000423
1480.000000 0.000423
1481.000000 0.000423
1482.000000 0.000424
1483.000000 0.000424
1484.000000 0.000424
1485.000000 0.000425
1486.000000 0.000425
1487.000000 0.000426
1488.000000 0.000426
1489.000000 0.000426
1490.000000 0.000427
1491.000000 0.000427
1492.000000 0.000427
1493.000000 0.000428
1494.000000 0.000428
1495.000000 0.000428
1496.000000 0.000429
1497.000000 0.000429
1498.000000 0.000429
1499.000000 0.000430
1500.000000 0.000430
1501.000000 0.000430
1502.000000 0.000431
1503.000000 0.000431
1504.000000 0.000431
1505.000000 0.000432
1506.000000 0.000432
1507.000000 0.000432
1508.000000 0.000433
1509.000000 0.000433
1510.000000 0.000433
1511.000000 0.000434
1512.000000 0.000434
1513.000000 0.000434
1514.000000 0.000435
1515.000000 0.000435
1516.000000 0.000436
1517.000000 0.000436
1518.000000 0.000436
1519.000000 0.000437
1520.000000 0.000437
1521.000000 0.000437
1522.000000 0.000438
1523.000000 0.000438
1524.000000 0.000438
1525.000000 0.000439
1526.000000 0.000439
1527.000000 0.000439
1528.000000 0.000440
1529.000000 0.000440
1530.000000 0.000440
1531.000000 0.000441
1532.000000 0.000441
1533.000000 0.000441
1534.000000 0.000442
1535.000000 0.000442
1536.000000 0.000442
1537.000000 0.000442
1538.000000 0.000443
1539.000000 0.000443
1540.000000 0.000443
1541.000000 0.000444
1542.000000 0.000444
1543.000000 0.000444
1544.000000 0.000445
1545.000000 0.000445
1546.000000 0.000445
1547.000000 0.000446
1548.000000 0.000446
1549.000000 0.000446
1550.000000 0.000447
1551.000000 0.000447
1552.000000 0.000447
1553.000000 0.000448
1554.000000 0.000448
1555.000000 0.000448
1556.000000 0.000449
1557.000000 0.000449
1558.000000 0.000449
1559.000000 0.000450
1560.000000 0.000450
1561.000000 0.000450
1562.000000 0.000451
1563.000000 0.000451
1564.000000 0.000451
1565.000000 0.000452
1566.000000 0.000452
1567.000000 0.000452
1568.000000 0.000452
1569.000000 0.000453
1570.000000 0.000453
1571.000000 0.000453
1572.000000 0.000454
1573.000000 0.000454
1574.000000 0.000454
1575.000000 0.000455
1576.000000 0.000455
1577.000000 0.000455
1578.000000 0.000456
1579.000000 0.000456
1580.000000 0.000456
1581.000000 0.000456
1582.000000 0.000457
1583.000000 0.000457
1584.000000 0.000457
1585.000000 0.000458
1586.000000 0.000458
1587.000000 0.000458
1588.000000 0.000459
1589.000000 0.000459
1590.000000 0.000459
1591.000000 0.000460
1592.000000 0.000460
1593.000000 0.000460
1594.000000 0.000460
1595.000000 0.000461
1596.000000 0.000461
1597.000000 0.000461
1598.000000 0.000462
1599.000000 0.000462
1600.000000 0.000462
1601.000000 0.000463
1602.000000 0.000463
1603.000000 0.000463
1604.000000 0.000463
1605.000000 0.000464
1606.000000 0.000464
1607.000000 0.000464
1608.000000 0.000465
1609.000000 0.000465
1610.000000 0.000465
1611.000000 0.000465
1612.000000 0.000466
1613.000000 0.000466
1614.000000 0.000466
1615.000000 0.000467
1616.000000 0.000467
1617.000000 0.000467
1618.000000 0.000467
1619.000000 0.000468
1620.000000 0.000468
1621.000000 0.000468
1622.000000 0.000469
1623.000000 0.000469
1624.000000 0.000469
1625.000000 0.000469
1626.000000 0.000470
1627.000000 0.000470
1628.000000 0.000470
1629.000000 0.000471
1630.000000 0.000471
1631.000000 0.000471
1632.000000 0.000471
1633.000000 0.000472
1634.000000 0.000472
1635.000000 0.000472
1636.000000 0.000473
1637.000000 0.000473
1638.000000 0.000473
1639.000000 0.000473
1640.000000 0.000474
1641.000000 0.000474
1642.000000 0.000474
1643.000000 0.000474
1644.000000 0.000475
1645.000000 0.000475
1646.000000 0.000475
1647.000000 0.000476
1648.000000 0.000476
1649.000000 0.000476
1650.000000 0.000476
1651.000000 0.000477
1652.000000 0.000477
1653.000000 0.000477
1654.000000 0.000477
1655.000000 0.000478
1656.000000 0.000478
1657.000000 0.000478
1658.000000 0.000478
1659.000000 0.000479
1660.000000 0.000479
1661.000000 0.000479
1662.000000 0.000480
1663.000000 0.000480
1664.000000 0.000480
1665.000000 0.000480
1666.000000 0.000481
1667.000000 0.000481
1668.000000 0.000481
1669.000000 0.000481
1670.000000 0.000482
1671.000000 0.000482
1672.000000 0.000482
1673.000000 0.000482
1674.000000 0.000483
1675.000000 0.000483
1676.000000 0.000483
1677.000000 0.000483
1678.000000 0.000484
1679.000000 0.000484
1680.000000 0.000484
1681.000000 0.000484
1682.000000 0.000485
1683.000000 0.000485
1684.000000 0.000485
1685.000000 0.000485
1686.000000 0.000486
1687.000000 0.000486
1688.000000 0.000486
1689.000000 0.000486
1690.000000 0.000487
1691.000000 0.000487
1692.000000 0.000487
1693.000000 0.000487
1694.000000 0.000488
1695.000000 0.000488
1696.000000 0.000488
1697.000000 0.000488
1698.000000 0.000489
1699.000000 0.000489
1700.000000 0.000489
1701.000000 0.000489
1702.000000 0.000489
1703.000000 0.000490
1704.000000 0.000490
1705.000000 0.000490
1706.000000 0.000490
1707.000000 0.000491
1708.000000 0.000491
1709.000000 0.000491
1710.000000 0.000491
1711.000000 0.000492
1712.000000 0.000492
1713.000000 0.000492
1714.000000 0.000492
1715.000000 0.000492
1716.000000 0.000493
1717.000000 0.000493
1718.000000 0.000493
1719.000000 0.000493
1720.000000 0.000494
1721.000000 0.000494
1722.000000 0.000494
1723.000000 0.000494
1724.000000 0.000494
1725.000000 0.000495
1726.000000 0.000495
1727.000000 0.000495
1728.000000 0.000495
1729.000000 0.000496
1730.000000 0.000496
1731.000000 0.000496
1732.000000 0.000496
1733.000000 0.000496
1734.000000 0.000497
1735.000000 0.000497
1736.000000 0.000497
1737.000000 0.000497
1738.000000 0.000497
1739.000000 0.000498
1740.000000 0.000498
1741.000000 0.000498
1742.000000 0.000498
1743.000000 0.000499
1744.000000 0.000499
1745.000000 0.000499
1746.000000 0.000499
1747.000000 0.000499
1748.000000 0.000500
1749.000000 0.000500
1750.000000 0.000500
1751.000000 0.000500
1752.000000 0.000500
1753.000000 0.000501
1754.000000 0.000501
1755.000000 0.000501
1756.000000 0.000501
1757.000000 0.000501
1758.000000 0.000502
1759.000000 0.000502
1760.000000 0.000502
1761.000000 0.000502
1762.000000 0.000502
1763.000000 0.000503
1764.000000 0.000503
1765.000000 0.000503
1766.000000 0.000503
1767.000000 0.000503
1768.000000 0.000503
1769.000000 0.000504
1770.000000 0.000504
1771.000000 0.000504
1772.000000 0.000504
1773.000000 0.000504
1774.000000 0.000505
1775.000000 0.000505
1776.000000 0.000505
1777.000000 0.000505
1778.000000 0.000505
1779.000000 0.000505
1780.000000 0.000506
1781.000000 0.000506
1782.000000 0.000506
1783.000000 0.000506
1784.000000 0.000506
1785.000000 0.000507
1786.000000 0.000507
1787.000000 0.000507
1788.000000 0.000507
1789.000000 0.000507
1790.000000 0.000507
1791.000000 0.000508
1792.000000 0.000508
1793.000000 0.000508
1794.000000 0.000508
1795.000000 0.000508
1796.000000 0.000508
1797.000000 0.000509
1798.000000 0.000509
1799.000000 0.000509
1800.000000 0.000509
1801.000000 0.000509
1802.000000 0.000509
1803.000000 0.000510
1804.000000 0.000510
1805.000000 0.000510
1806.000000 0.000510
1807.000000 0.000510
1808.000000 0.000510
1809.000000 0.000511
1810.000000 0.000511
1811.000000 0.000511
1812.000000 0.000511
1813.000000 0.000511
1814.000000 0.000511
1815.000000 0.000511
1816.000000 0.000512
1817.000000 0.000512
1818.000000 0.000512
1819.000000 0.000512
1820.000000 0.000512
1821.000000 0.000512
1822.000000 0.000513
1823.000000 0.000513
1824.000000 0.000513
1825.000000 0.000513
1826.000000 0.000513
1827.000000 0.000513
1828.000000 0.000513
1829.000000 0.000514
1830.000000 0.000514
1831.000000 0.000514
1832.000000 0.000514
1833.000000 0.000514
1834.000000 0.000514
1835.000000 0.000514
1836.000000 0.000515
1837.000000 0.000515
1838.000000 0.000515
1839.000000 0.000515
1840.000000 0.000515
1841.000000 0.000515
1842.000000 0.000515
1843.000000 0.000515
1844.000000 0.000516
1845.000000 0.000516
1846.000000 0.000516
1847.000000 0.000516
1848.000000 0.000516
1849.000000 0.000516
1850.000000 0.000516
1851.000000 0.000516
1852.000000 0.000517
1853.000000 0.000517
1854.000000 0.000517
1855.000000 0.000517
1856.000000 0.000517
1857.000000 0.000517
1858.000000 0.000517
1859.000000 0.000517
1860.000000 0.000518
1861.000000 0.000518
1862.000000 0.000518
1863.000000 0.000518
1864.000000 0.000518
1865.000000 0.000518
1866.000000 0.000518
1867.000000 0.000518
1868.000000 0.000518
1869.000000 0.000519
1870.000000 0.000519
1871.000000 0.000519
1872.000000 0.000519
1873.000000 0.000519
1874.000000 0.000519
1875.000000 0.000519
1876.000000 0.000519
1877.000000 0.000519
1878.000000 0.000520
1879.000000 0.000520
1880.000000 0.000520
1881.000000 0.000520
1882.000000 0.000520
1883.000000 0.000520
1884.000000 0.000520
1885.000000 0.000520
1886.000000 0.000520
1887.000000 0.000520
1888.000000 0.000521
1889.000000 0.000521
1890.000000 0.000521
1891.000000 0.000521
1892.000000 0.000521
1893.000000 0.000521
1894.000000 0.000521
1895.000000 0.000521
1896.000000 0.000521
1897.000000 0.000521
1898.000000 0.000521
1899.000000 0.000522
1900.000000 0.000522
1901.000000 0.000522
1902.000000 0.000522
1903.000000 0.000522
1904.000000 0.000522
1905.000000 0.000522
1906.000000 0.000522
1907.000000 0.000522
1908.000000 0.000522
1909.000000 0.000522
1910.000000 0.000522
1911.000000 0.000523
1912.000000 0.000523
1913.000000 0.000523
1914.000000 0.000523
1915.000000 0.000523
1916.000000 0.000523
1917.000000 0.000523
1918.000000 0.000523
1919.000000 0.000523
1920.000000 0.000523
1921.000000 0.000523
1922.000000 0.000523
1923.000000 0.000523
1924.000000 0.000523
1925.000000 0.000523
1926.000000 0.000524
1927.000000 0.000524
1928.000000 0.000524
1929.000000 0.000524
1930.000000 0.000524
1931.000000 0.000524
1932.000000 0.000524
1933.000000 0.000524
1934.000000 0.000524
1935.000000 0.000524
1936.000000 0.000524
1937.000000 0.000524
1938.000000 0.000524
1939.000000 0.000524
1940.000000 0.000524
1941.000000 0.000524
1942.000000 0.000524
1943.000000 0.000524
1944.000000 0.000525
1945.000000 0.000525
1946.000000 0.000525
1947.000000 0.000525
1948.000000 0.000525
1949.000000 0.000525
1950.000000 0.000525
1951.000000 0.000525
1952.000000 0.000525
1953.000000 0.000525
1954.000000 0.000525
1955.000000 0.000525
1956.000000 0.000525
1957.000000 0.000525
1958.000000 0.000525
1959.000000 0.000525
1960.000000 0.000525
1961.000000 0.000525
1962.000000 0.000525
1963.000000 0.000525
1964.000000 0.000525
1965.000000 0.000525
1966.000000 0.000525
1967.000000 0.000525
1968.000000 0.000525
1969.000000 0.000525
1970.000000 0.000526
1971.000000 0.000526
1972.000000 0.000526
1973.000000 0.000526
1974.000000 0.000526
1975.000000 0.000526
1976.000000 0.000526
1977.000000 0.000526
1978.000000 0.000526
1979.000000 0.000526
1980.000000 0.000526
1981.000000 0.000526
1982.000000 0.000526
1983.000000 0.000526
1984.000000 0.000526
1985.000000 0.000526
1986.000000 0.000526
1987.000000 0.000526
1988.000000 0.000526
1989.000000 0.000526
1990.000000 0.000526
1991.000000 0.000526
1992.000000 0.000526
1993.000000 0.000526
1994.000000 0.000526
1995.000000 0.000526
1996.000000 0.000526
1997.000000 0.000526
1998.000000 0.000526
1999.000000 0.000526
2000.000000 0.000526
2001.000000 0.000526
2002.000000 0.000526
2003.000000 0.000526
2004.000000 0.000526
2005.000000 0.000526
2006.000000 0.000526
2007.000000 0.000526
2008.000000 0.000526
2009.000000 0.000526
2010.000000 0.000526
2011.000000 0.000526
2012.000000 0.000526
2013.000000 0.000526
2014.000000 0.000526
2015.000000 0.000526
2016.000000 0.000526
2017.000000 0.000526
2018.000000 0.000526
2019.000000 0.000526
2020.000000 0.000526
2021.000000 0.000526
2022.000000 0.000526
2023.000000 0.000526
2024.000000 0.000526
2025.000000 0.000526
2026.000000 0.000526
2027.000000 0.000526
2028.000000 0.000526
2029.000000 0.000526
2030.000000 0.000526
2031.000000 0.000526
2032.000000 0.000525
2033.000000 0.000525
2034.000000 0.000525
2035.000000 0.000525
2036.000000 0.000525
2037.000000 0.000525
2038.000000 0.000525
2039.000000 0.000525
2040.000000 0.000525
2041.000000 0.000525
2042.000000 0.000525
2043.000000 0.000525
2044.000000 0.000525
2045.000000 0.000525
2046.000000 0.000525
2047.000000 0.000525
2048.000000 0.000525
2049.000000 0.000525
2050.000000 0.000525
2051.000000 0.000525
2052.000000 0.000525
2053.000000 0.000525
2054.000000 0.000525
2055.000000 0.000525
2056.000000 0.000525
2057.000000 0.000525
2058.000000 0.000524
2059.000000 0.000524
2060.000000 0.000524
2061.000000 0.000524
2062.000000 0.000524
2063.000000 0.000524
2064.000000 0.000524
2065.000000 0.000524
2066.000000 0.000524
2067.000000 0.000524
2068.000000 0.000524
2069.000000 0.000524
2070.000000 0.000524
2071.000000 0.000524
2072.000000 0.000524
2073.000000 0.000524
2074.000000 0.000524
2075.000000 0.000524
2076.000000 0.000523
2077.000000 0.000523
2078.000000 0.000523
2079.000000 0.000523
2080.000000 0.000523
2081.000000 0.000523
2082.000000 0.000523
2083.000000 0.000523
2084.000000 0.000523
2085.000000 0.000523
2086.000000 0.000523
2087.000000 0.000523
2088.000000 0.000523
2089.000000 0.000523
2090.000000 0.000523
2091.000000 0.000522
2092.000000 0.000522
2093.000000 0.000522
2094.000000 0.000522
2095.000000 0.000522
2096.000000 0.000522
2097.000000 0.000522
2098.000000 0.000522
2099.000000 0.000522
2100.000000 0.000522
2101.000000 0.000522
2102.000000 0.000522
2103.000000 0.000521
2104.000000 0.000521
2105.000000 0.000521
2106.000000 0.000521
2107.000000 0.000521
2108.000000 0.000521
2109.000000 0.000521
2110.000000 0.000521
2111.000000 0.000521
2112.000000 0.000521
2113.000000 0.000521
2114.000000 0.000520
2115.000000 0.000520
2116.000000 0.000520
2117.000000 0.000520
2118.000000 0.000520
2119.000000 0.000520
2120.000000 0.000520
2121.000000 0.000520
2122.000000 0.000520
2123.000000 0.000520
2124.000000 0.000519
2125.000000 0.000519
2126.000000 0.000519
2127.000000 0.000519
2128.000000 0.000519
2129.000000 0.000519
2130.000000 0.000519
2131.000000 0.000519
2132.000000 0.000519
2133.000000 0.000518
2134.000000 0.000518
2135.000000 0.000518
2136.000000 0.000518
2137.000000 0.000518
2138.000000 0.000518
2139.000000 0.000518
2140.000000 0.000518
2141.000000 0.000518
2142.000000 0.000517
2143.000000 0.000517
2144.000000 0.000517
2145.000000 0.000517
2146.000000 0.000517
2147.000000 0.000517
2148.000000 0.000517
2149.000000 0.000517
2150.000000 0.000516
2151.000000 0.000516
2152.000000 0.000516
2153.000000 0.000516
2154.000000 0.000516
2155.000000 0.000516
2156.000000 0.000516
2157.000000 0.000516
2158.000000 0.000515
2159.000000 0.000515
2160.000000 0.000515
2161.000000 0.000515
2162.000000 0.000515
2163.000000 0.000515
2164.000000 0.000515
2165.000000 0.000515
2166.000000 0.000514
2167.000000 0.000514
2168.000000 0.000514
2169.000000 0.000514
2170.000000 0.000514
2171.000000 0.000514
2172.000000 0.000514
2173.000000 0.000513
2174.000000 0.000513
2175.000000 0.000513
2176.000000 0.000513
2177.000000 0.000513
2178.000000 0.000513
2179.000000 0.000513
2180.000000 0.000512
2181.000000 0.000512
2182.000000 0.000512
2183.000000 0.000512
2184.000000 0.000512
2185.000000 0.000512
2186.000000 0.000511
2187.000000 0.000511
2188.000000 0.000511
2189.000000 0.000511
2190.000000 0.000511
2191.000000 0.000511
2192.000000 0.000511
2193.000000 0.000510
2194.000000 0.000510
2195.000000 0.000510
2196.000000 0.000510
2197.000000 0.000510
2198.000000 0.000510
2199.000000 0.000509
2200.000000 0.000509
2201.000000 0.000509
2202.000000 0.000509
2203.000000 0.000509
2204.000000 0.000509
2205.000000 0.000508
2206.000000 0.000508
2207.000000 0.000508
2208.000000 0.000508
2209.000000 0.000508
2210.000000 0.000508
2211.000000 0.000507
2212.000000 0.000507
2213.000000 0.000507
2214.000000 0.000507
2215.000000 0.000507
2216.000000 0.000507
2217.000000 0.000506
2218.000000 0.000506
2219.000000 0.000506
2220.000000 0.000506
2221.000000 0.000506
2222.000000 0.000505
2223.000000 0.000505
2224.000000 0.000505
2225.000000 0.000505
2226.000000 0.000505
2227.000000 0.000505
2228.000000 0.000504
2229.000000 0.000504
2230.000000 0.000504
2231.000000 0.000504
2232.000000 0.000504
2233.000000 0.000503
2234.000000 0.000503
2235.000000 0.000503
2236.000000 0.000503
2237.000000 0.000503
2238.000000 0.000503
2239.000000 0.000502
2240.000000 0.000502
2241.000000 0.000502
2242.000000 0.000502
2243.000000 0.000502
2244.000000 0.000501
2245.000000 0.000501
2246.000000 0.000501
2247.000000 0.000501
2248.000000 0.000501
2249.000000 0.000500
2250.000000 0.000500
2251.000000 0.000500
2252.000000 0.000500
2253.000000 0.000500
2254.000000 0.000499
2255.000000 0.000499
2256.000000 0.000499
2257.000000 0.000499
2258.000000 0.000499
2259.000000 0.000498
2260.000000 0.000498
2261.000000 0.000498
2262.000000 0.000498
2263.000000 0.000497
2264.000000 0.000497
2265.000000 0.000497
2266.000000 0.000497
2267.000000 0.000497
2268.000000 0.000496
2269.000000 0.000496
2270.000000 0.000496
2271.000000 0.000496
2272.000000 0.000496
2273.000000 0.000495
2274.000000 0.000495
2275.000000 0.000495
2276.000000 0.000495
2277.000000 0.000494
2278.000000 0.000494
2279.000000 0.000494
2280.000000 0.000494
2281.000000 0.000494
2282.000000 0.000493
2283.000000 0.000493
2284.000000 0.000493
2285.000000 0.000493
2286.000000 0.000492
2287.000000 0.000492
2288.000000 0.000492
2289.000000 0.000492
2290.000000 0.000492
2291.000000 0.000491
2292.000000 0.000491
2293.000000 0.000491
2294.000000 0.000491
2295.000000 0.000490
2296.000000 0.000490
2297.000000 0.000490
2298.000000 0.000490
2299.000000 0.000489
2300.000000 0.000489
2301.000000 0.000489
2302.000000 0.000489
2303.000000 0.000489
2304.000000 0.000488
2305.000000 0.000488
2306.000000 0.000488
2307.000000 0.000488
2308.000000 0.000487
2309.000000 0.000487
2310.000000 0.000487
2311.000000 0.000487
2312.000000 0.000486
2313.000000 0.000486
2314.000000 0.000486
2315.000000 0.000486
2316.000000 0.000485
2317.000000 0.000485
2318.000000 0.000485
2319.000000 0.000485
2320.000000 0.000484
2321.000000 0.000484
2322.000000 0.000484
2323.000000 0.000484
2324.000000 0.000483
2325.000000 0.000483
2326.000000 0.000483
2327.000000 0.000483
2328.000000 0.000482
2329.000000 0.000482
2330.000000 0.000482
2331.000000 0.000482
2332.000000 0.000481
2333.000000 0.000481
2334.000000 0.000481
2335.000000 0.000481
2336.000000 0.000480
2337.000000 0.000480
2338.000000 0.000480
2339.000000 0.000480
2340.000000 0.000479
2341.000000 0.000479
2342.000000 0.000479
2343.000000 0.000478
2344.000000 0.000478
2345.000000 0.000478
2346.000000 0.000478
2347.000000 0.000477
2348.000000 0.000477
2349.000000 0.000477
2350.000000 0.000477
2351.000000 0.000476
2352.000000 0.000476
2353.000000 0.000476
2354.000000 0.000476
2355.000000 0.000475
2356.000000 0.000475
2357.000000 0.000475
2358.000000 0.000474
2359.000000 0.000474
2360.000000 0.000474
2361.000000 0.000474
2362.000000 0.000473
2363.000000 0.000473
2364.000000 0.000473
2365.000000 0.000473
2366.000000 0.000472
2367.000000 0.000472
2368.000000 0.000472
2369.000000 0.000471
2370.000000 0.000471
2371.000000 0.000471
2372.000000 0.000471
2373.000000 0.000470
2374.000000 0.000470
2375.000000 0.000470
2376.000000 0.000469
2377.000000 0.000469
2378.000000 0.000469
2379.000000 0.000469
2380.000000 0.000468
2381.000000 0.000468
2382.000000 0.000468
2383.000000 0.000467
2384.000000 0.000467
2385.000000 0.000467
2386.000000 0.000467
2387.000000 0.000466
2388.000000 0.000466
2389.000000 0.000466
2390.000000 0.000465
2391.000000 0.000465
2392.000000 0.000465
2393.000000 0.000465
2394.000000 0.000464
2395.000000 0.000464
2396.000000 0.000464
2397.000000 0.000463
2398.000000 0.000463
2399.000000 0.000463
2400.000000 0.000463
2401.000000 0.000462
2402.000000 0.000462
2403.000000 0.000462
2404.000000 0.000461
2405.000000 0.000461
2406.000000 0.000461
2407.000000 0.000460
2408.000000 0.000460
2409.000000 0.000460
2410.000000 0.000460
2411.000000 0.000459
2412.000000 0.000459
2413.000000 0.000459
2414.000000 0.000458
2415.000000 0.000458
2416.000000 0.000458
2417.000000 0.000457
2418.000000 0.000457
2419.000000 0.000457
2420.000000 0.000456
2421.000000 0.000456
2422.000000 0.000456
2423.000000 0.000456
2424.000000 0.000455
2425.000000 0.000455
2426.000000 0.000455
2427.000000 0.000454
2428.000000 0.000454
2429.000000 0.000454
2430.000000 0.000453
2431.000000 0.000453
2432.000000 0.000453
2433.000000 0.000452
2434.000000 0.000452
2435.000000 0.000452
2436.000000 0.000452
2437.000000 0.000451
2438.000000 0.000451
2439.000000 0.000451
2440.000000 0.000450
2441.000000 0.000450
2442.000000 0.000450
2443.000000 0.000449
2444.000000 0.000449
2445.000000 0.000449
2446.000000 0.000448
2447.000000 0.000448
2448.000000 0.000448
2449.000000 0.000447
2450.000000 0.000447
2451.000000 0.000447
2452.000000 0.000446
2453.000000 0.000446
2454.000000 0.000446
2455.000000 0.000445
2456.000000 0.000445
2457.000000 0.000445
2458.000000 0.000444
2459.000000 0.000444
2460.000000 0.000444
2461.000000 0.000443
2462.000000 0.000443
2463.000000 0.000443
2464.000000 0.000442
2465.000000 0.000442
2466.000000 0.000442
2467.000000 0.000442
2468.000000 0.000441
2469.000000 0.000441
2470.000000 0.000441
2471.000000 0.000440
2472.000000 0.000440
2473.000000 0.000440
2474.000000 0.000439
2475.000000 0.000439
2476.000000 0.000439
2477.000000 0.000438
2478.000000 0.000438
2479.000000 0.000438
2480.000000 0.000437
2481.000000 0.000437
2482.000000 0.000437
2483.000000 0.000436
2484.000000 0.000436
2485.000000 0.000435
2486.000000 0.000435
2487.000000 0.000435
2488.000000 0.000434
2489.000000 0.000434
2490.000000 0.000434
2491.000000 0.000433
2492.000000 0.000433
2493.000000 0.000433
2494.000000 0.000432
2495.000000 0.000432
2496.000000 0.000432
2497.000000 0.000431
2498.000000 0.000431
2499.000000 0.000431
2500.000000 0.000430
2501.000000 0.000430
2502.000000 0.000430
2503.000000 0.000429
2504.000000 0.000429
2505.000000 0.000429
2506.000000 0.000428
2507.000000 0.000428
2508.000000 0.000428
2509.000000 0.000427
2510.000000 0.000427
2511.000000 0.000427
2512.000000 0.000426
2513.000000 0.000426
2514.000000 0.000426
2515.000000 0.000425
2516.000000 0.000425
2517.000000 0.000424
2518.000000 0.000424
2519.000000 0.000424
2520.000000 0.000423
2521.000000 0.000423
2522.000000 0.000423
2523.000000 0.000422
2524.000000 0.000422
2525.000000 0.000422
2526.000000 0.000421
2527.000000 0.000421
2528.000000 0.000421
2529.000000 0.000420
2530.000000 0.000420
2531.000000 0.000420
2532.000000 0.000419
2533.000000 0.000419
2534.000000 0.000418
2535.000000 0.000418
2536.000000 0.000418
2537.000000 0.000417
2538.000000 0.000417
2539.000000 0.000417
2540.000000 0.000416
2541.000000 0.000416
2542.000000 0.000416
2543.000000 0.000415
2544.000000 0.000415
2545.000000 0.000415
2546.000000 0.000414
2547.000000 0.000414
2548.000000 0.000413
2549.000000 0.000413
2550.000000 0.000413
2551.000000 0.000412
2552.000000 0.000412
2553.000000 0.000412
2554.000000 0.000411
2555.000000 0.000411
2556.000000 0.000411
2557.000000 0.000410
2558.000000 0.000410
2559.000000 0.000409
2560.000000 0.000409
2561.000000 0.000409
2562.000000 0.000408
2563.000000 0.000408
2564.000000 0.000408
2565.000000 0.000407
2566.000000 0.000407
2567.000000 0.000407
2568.000000 0.000406
2569.000000 0.000406
2570.000000 0.000405
2571.000000 0.000405
2572.000000 0.000405
2573.000000 0.000404
2574.000000 0.000404
2575.000000 0.000404
2576.000000 0.000403
2577.000000 0.000403
2578.000000 0.000402
2579.000000 0.000402
2580.000000 0.000402
2581.000000 0.000401
2582.000000 0.000401
2583.000000 0.000401
2584.000000 0.000400
2585.000000 0.000400
2586.000000 0.000399
2587.000000 0.000399
2588.000000 0.000399
2589.000000 0.000398
2590.000000 0.000398
2591.000000 0.000398
2592.000000 0.000397
2593.000000 0.000397
2594.000000 0.000396
2595.000000 0.000396
2596.000000 0.000396
2597.000000 0.000395
2598.000000 0.000395
2599.000000 0.000395
2600.000000 0.000394
2601.000000 0.000394
2602.000000 0.000393
2603.000000 0.000393
2604.000000 0.000393
2605.000000 0.000392
2606.000000 0.000392
2607.000000 0.000392
2608.000000 0.000391
2609.000000 0.000391
2610.000000 0.000390
2611.000000 0.000390
2612.000000 0.000390
2613.000000 0.000389
2614.000000 0.000389
2615.000000 0.000389
2616.000000 0.000388
2617.000000 0.000388
2618.000000 0.000387
2619.000000 0.000387
2620.000000 0.000387
2621.000000 0.000386
2622.000000 0.000386
2623.000000 0.000385
2624.000000 0.000385
2625.000000 0.000385
2626.000000 0.000384
2627.000000 0.000384
2628.000000 0.000384
2629.000000 0.000383
2630.000000 0.000383
2631.000000 0.000382
2632.000000 0.000382
2633.000000 0.000382
2634.000000 0.000381
2635.000000 0.000381
2636.000000 0.000380
2637.000000 0.000380
2638.000000 0.000380
2639.000000 0.000379
2640.000000 0.000379
2641.000000 0.000379
2642.000000 0.000378
2643.000000 0.000378
2644.000000 0.000377
2645.000000 0.000377
2646.000000 0.000377
2647.000000 0.000376
2648.000000 0.000376
2649.000000 0.000375
2650.000000 0.000375
2651.000000 0.000375
2652.000000 0.000374
2653.000000 0.000374
2654.000000 0.000373
2655.000000 0.000373
2656.000000 0.000373
2657.000000 0.000372
2658.000000 0.000372
2659.000000 0.000372
2660.000000 0.000371
2661.000000 0.000371
2662.000000 0.000370
2663.000000 0.000370
2664.000000 0.000370
2665.000000 0.000369
2666.000000 0.000369
2667.000000 0.000368
2668.000000 0.000368
2669.000000 0.000368
2670.000000 0.000367
2671.000000 0.000367
2672.000000 0.000366
2673.000000 0.000366
2674.000000 0.000366
2675.000000 0.000365
2676.000000 0.000365
2677.000000 0.000364
2678.000000 0.000364
2679.000000 0.000364
2680.000000 0.000363
2681.000000 0.000363
2682.000000 0.000362
2683.000000 0.000362
2684.000000 0.000362
2685.000000 0.000361
2686.000000 0.000361
2687.000000 0.000361
2688.000000 0.000360
2689.000000 0.000360
2690.000000 0.000359
2691.000000 0.000359
2692.000000 0.000359
2693.000000 0.000358
2694.000000 0.000358
2695.000000 0.000357
2696.000000 0.000357
2697.000000 0.000357
2698.000000 0.000356
2699.000000 0.000356
2700.000000 0.000355
2701.000000 0.000355
2702.000000 0.000355
2703.000000 0.000354
2704.000000 0.000354
2705.000000 0.000353
2706.000000 0.000353
2707.000000 0.000353
2708.000000 0.000352
2709.000000 0.000352
2710.000000 0.000351
2711.000000 0.000351
2712.000000 0.000351
2713.000000 0.000350
2714.000000 0.000350
2715.000000 0.000349
2716.000000 0.000349
2717.000000 0.000349
2718.000000 0.000348
2719.000000 0.000348
2720.000000 0.000347
2721.000000 0.000347
2722.000000 0.000347
2723.000000 0.000346
2724.000000 0.000346
2725.000000 0.000345
2726.000000 0.000345
2727.000000 0.000345
2728.000000 0.000344
2729.000000 0.000344
2730.000000 0.000343
2731.000000 0.000343
2732.000000 0.000343
2733.000000 0.000342
2734.000000 0.000342
2735.000000 0.000341
2736.000000 0.000341
2737.000000 0.000341
2738.000000 0.000340
2739.000000 0.000340
2740.000000 0.000339
2741.000000 0.000339
2742.000000 0.000339
2743.000000 0.000338
2744.000000 0.000338
2745.000000 0.000337
2746.000000 0.000337
2747.000000 0.000337
2748.000000 0.000336
2749.000000 0.000336
2750.000000 0.000335
2751.000000 0.000335
2752.000000 0.000335
2753.000000 0.000334
2754.000000 0.000334
2755.000000 0.000333
2756.000000 0.000333
2757.000000 0.000333
2758.000000 0.000332
2759.000000 0.000332
2760.000000 0.000331
2761.000000 0.000331
2762.000000 0.000331
2763.000000 0.000330
2764.000000 0.000330
2765.000000 0.000329
2766.000000 0.000329
2767.000000 0.000329
2768.000000 0.000328
2769.000000 0.000328
2770.000000 0.000327
2771.000000 0.000327
2772.000000 0.000327
2773.000000 0.000326
2774.000000 0.000326
2775.000000 0.000325
2776.000000 0.000325
2777.000000 0.000324
2778.000000 0.000324
2779.000000 0.000324
2780.000000 0.000323
2781.000000 0.000323
2782.000000 0.000322
2783.000000 0.000322
2784.000000 0.000322
2785.000000 0.000321
2786.000000 0.000321
2787.000000 0.000320
2788.000000 0.000320
2789.000000 0.000320
2790.000000 0.000319
2791.000000 0.000319
2792.000000 0.000318
2793.000000 0.000318
2794.000000 0.000318
2795.000000 0.000317
2796.000000 0.000317
2797.000000 0.000316
2798.000000 0.000316
2799.000000 0.000316
2800.000000 0.000315
2801.000000 0.000315
2802.000000 0.000314
2803.000000 0.000314
2804.000000 0.000314
2805.000000 0.000313
2806.000000 0.000313
2807.000000 0.000312
2808.000000 0.000312
2809.000000 0.000312
2810.000000 0.000311
2811.000000 0.000311
2812.000000 0.000310
2813.000000 0.000310
2814.000000 0.000310
2815.000000 0.000309
2816.000000 0.000309
2817.000000 0.000308
2818.000000 0.000308
2819.000000 0.000308
2820.000000 0.000307
2821.000000 0.000307
2822.000000 0.000306
2823.000000 0.000306
2824.000000 0.000305
2825.000000 0.000305
2826.000000 0.000305
2827.000000 0.000304
2828.000000 0.000304
2829.000000 0.000303
2830.000000 0.000303
2831.000000 0.000303
2832.000000 0.000302
2833.000000 0.000302
2834.000000 0.000301
2835.000000 0.000301
2836.000000 0.000301
2837.000000 0.000300
2838.000000 0.000300
2839.000000 0.000299
2840.000000 0.000299
2841.000000 0.000299
2842.000000 0.000298
2843.000000 0.000298
2844.000000 0.000297
2845.000000 0.000297
2846.000000 0.000297
2847.000000 0.000296
2848.000000 0.000296
2849.000000 0.000295
2850.000000 0.000295
2851.000000 0.000295
2852.000000 0.000294
2853.000000 0.000294
2854.000000 0.000293
2855.000000 0.000293
2856.000000 0.000293
2857.000000 0.000292
2858.000000 0.000292
2859.000000 0.000291
2860.000000 0.000291
2861.000000 0.000291
2862.000000 0.000290
2863.000000 0.000290
2864.000000 0.000289
2865.000000 0.000289
2866.000000 0.000289
2867.000000 0.000288
2868.000000 0.000288
2869.000000 0.000287
2870.000000 0.000287
2871.000000 0.000287
2872.000000 0.000286
2873.000000 0.000286
2874.000000 0.000285
2875.000000 0.000285
2876.000000 0.000285
2877.000000 0.000284
2878.000000 0.000284
2879.000000 0.000283
2880.000000 0.000283
2881.000000 0.000283
2882.000000 0.000282
2883.000000 0.000282
2884.000000 0.000281
2885.000000 0.000281
2886.000000 0.000281
2887.000000 0.000280
2888.000000 0.000280
2889.000000 0.000279
2890.000000 0.000279
2891.000000 0.000279
2892.000000 0.000278
2893.000000 0.000278
2894.000000 0.000277
2895.000000 0.000277
2896.000000 0.000277
2897.000000 0.000276
2898.000000 0.000276
2899.000000 0.000275
2900.000000 0.000275
2901.000000 0.000275
2902.000000 0.000274
2903.000000 0.000274
2904.000000 0.000273
2905.000000 0.000273
2906.000000 0.000273
2907.000000 0.000272
2908.000000 0.000272
2909.000000 0.000271
2910.000000 0.000271
2911.000000 0.000271
2912.000000 0.000270
2913.000000 0.000270
2914.000000 0.000269
2915.000000 0.000269
2916.000000 0.000269
2917.000000 0.000268
2918.000000 0.000268
2919.000000 0.000267
2920.000000 0.000267
2921.000000 0.000267
2922.000000 0.000266
2923.000000 0.000266
2924.000000 0.000265
2925.000000 0.000265
2926.000000 0.000265
2927.000000 0.000264
2928.000000 0.000264
2929.000000 0.000263
2930.000000 0.000263
2931.000000 0.000263
2932.000000 0.000262
2933.000000 0.000262
2934.000000 0.000261
2935.000000 0.000261
2936.000000 0.000261
2937.000000 0.000260
2938.000000 0.000260
2939.000000 0.000259
2940.000000 0.000259
2941.000000 0.000259
2942.000000 0.000258
2943.000000 0.000258
2944.000000 0.000257
2945.000000 0.000257
2946.000000 0.000257
2947.000000 0.000256
2948.000000 0.000256
2949.000000 0.000255
2950.000000 0.000255
2951.000000 0.000255
2952.000000 0.000254
2953.000000 0.000254
2954.000000 0.000253
2955.000000 0.000253
2956.000000 0.000253
2957.000000 0.000252
2958.000000 0.000252
2959.000000 0.000252
2960.000000 0.000251
2961.000000 0.000251
2962.000000 0.000250
2963.000000 0.000250
2964.000000 0.000250
2965.000000 0.000249
2966.000000 0.000249
2967.000000 0.000248
2968.000000 0.000248
2969.000000 0.000248
2970.000000 0.000247
2971.000000 0.000247
2972.000000 0.000246
2973.000000 0.000246
2974.000000 0.000246
2975.000000 0.000245
2976.000000 0.000245
2977.000000 0.000244
2978.000000 0.000244
2979.000000 0.000244
2980.000000 0.000243
2981.000000 0.000243
2982.000000 0.000243
2983.000000 0.000242
2984.000000 0.000242
2985.000000 0.000241
2986.000000 0.000241
2987.000000 0.000241
2988.000000 0.000240
2989.000000 0.000240
2990.000000 0.000239
2991.000000 0.000239
2992.000000 0.000239
2993.000000 0.000238
2994.000000 0.000238
2995.000000 0.000237
2996.000000 0.000237
2997.000000 0.000237
2998.000000 0.000236
2999.000000 0.000236
3000.000000 0.000236
3001.000000 0.000235
3002.000000 0.000235
3003.000000 0.000234
3004.000000 0.000234
3005.000000 0.000234
3006.000000 0.000233
3007.000000 0.000233
3008.000000 0.000232
3009.000000 0.000232
3010.000000 0.000232
3011.000000 0.000231
3012.000000 0.000231
3013.000000 0.000231
3014.000000 0.000230
3015.000000 0.000230
3016.000000 0.000229
3017.000000 0.000229
3018.000000 0.000229
3019.000000 0.000228
3020.000000 0.000228
3021.000000 0.000227
3022.000000 0.000227
3023.000000 0.000227
3024.000000 0.000226
3025.000000 0.000226
3026.000000 0.000226
3027.000000 0.000225
3028.000000 0.000225
3029.000000 0.000224
3030.000000 0.000224
3031.000000 0.000224
3032.000000 0.000223
3033.000000 0.000223
3034.000000 0.000222
3035.000000 0.000222
3036.000000 0.000222
3037.000000 0.000221
3038.000000 0.000221
3039.000000 0.000221
3040.000000 0.000220
3041.000000 0.000220
3042.000000 0.000219
3043.000000 0.000219
3044.000000 0.000219
3045.000000 0.000218
3046.000000 0.000218
3047.000000 0.000218
3048.000000 0.000217
3049.000000 0.000217
3050.000000 0.000216
3051.000000 0.000216
3052.000000 0.000216
3053.000000 0.000215
3054.000000 0.000215
3055.000000 0.000215
3056.000000 0.000214
3057.000000 0.000214
3058.000000 0.000213
3059.000000 0.000213
3060.000000 0.000213
3061.000000 0.000212
3062.000000 0.000212
3063.000000 0.000212
3064.000000 0.000211
3065.000000 0.000211
3066.000000 0.000210
3067.000000 0.000210
3068.000000 0.000210
3069.000000 0.000209
3070.000000 0.000209
3071.000000 0.000209
3072.000000 0.000208
3073.000000 0.000208
3074.000000 0.000207
3075.000000 0.000207
3076.000000 0.000207
3077.000000 0.000206
3078.000000 0.000206
3079.000000 0.000206
3080.000000 0.000205
3081.000000 0.000205
3082.000000 0.000204
3083.000000 0.000204
3084.000000 0.000204
3085.000000 0.000203
3086.000000 0.000203
3087.000000 0.000203
3088.000000 0.000202
3089.000000 0.000202
3090.000000 0.000201
3091.000000 0.000201
3092.000000 0.000201
3093.000000 0.000200
3094.000000 0.000200
3095.000000 0.000200
3096.000000 0.000199
3097.000000 0.000199
3098.000000 0.000199
3099.000000 0.000198
3100.000000 0.000198
3101.000000 0.000197
3102.000000 0.000197
3103.000000 0.000197
3104.000000 0.000196
3105.000000 0.000196
3106.000000 0.000196
3107.000000 0.000195
3108.000000 0.000195
3109.000000 0.000195
3110.000000 0.000194
3111.000000 0.000194
3112.000000 0.000193
3113.000000 0.000193
3114.000000 0.000193
3115.000000 0.000192
3116.000000 0.000192
3117.000000 0.000192
3118.000000 0.000191
3119.000000 0.000191
3120.000000 0.000191
3121.000000 0.000190
3122.000000 0.000190
3123.000000 0.000189
3124.000000 0.000189
3125.000000 0.000189
3126.000000 0.000188
3127.000000 0.000188
3128.000000 0.000188
3129.000000 0.000187
3130.000000 0.000187
3131.000000 0.000187
3132.000000 0.000186
3133.000000 0.000186
3134.000000 0.000185
3135.000000 0.000185
3136.000000 0.000185
3137.000000 0.000184
3138.000000 0.000184
3139.000000 0.000184
3140.000000 0.000183
3141.000000 0.000183
3142.000000 0.000183
3143.000000 0.000182
3144.000000 0.000182
3145.000000 0.000182
3146.000000 0.000181
3147.000000 0.000181
3148.000000 0.000180
3149.000000 0.000180
3150.000000 0.000180
3151.000000 0.000179
3152.000000 0.000179
3153.000000 0.000179
3154.000000 0.000178
3155.000000 0.000178
3156.000000 0.000178
3157.000000 0.000177
3158.000000 0.000177
3159.000000 0.000177
3160.000000 0.000176
3161.000000 0.000176
3162.000000 0.000176
3163.000000 0.000175
3164.000000 0.000175
3165.000000 0.000174
3166.000000 0.000174
3167.000000 0.000174
3168.000000 0.000173
3169.000000 0.000173
3170.000000 0.000173
3171.000000 0.000172
3172.000000 0.000172
3173.000000 0.000172
3174.000000 0.000171
3175.000000 0.000171
3176.000000 0.000171
3177.000000 0.000170
3178.000000 0.000170
3179.000000 0.000170
3180.000000 0.000169
3181.000000 0.000169
3182.000000 0.000169
3183.000000 0.000168
3184.000000 0.000168
3185.000000 0.000168
3186.000000 0.000167
3187.000000 0.000167
3188.000000 0.000167
3189.000000 0.000166
3190.000000 0.000166
3191.000000 0.000165
3192.000000 0.000165
3193.000000 0.000165
3194.000000 0.000164
3195.000000 0.000164
3196.000000 0.000164
3197.000000 0.000163
3198.000000 0.000163
3199.000000 0.000163
3200.000000 0.000162
3201.000000 0.000162
3202.000000 0.000162
3203.000000 0.000161
3204.000000 0.000161
3205.000000 0.000161
3206.000000 0.000160
3207.000000 0.000160
3208.000000 0.000160
3209.000000 0.000159
3210.000000 0.000159
3211.000000 0.000159
3212.000000 0.000158
3213.000000 0.000158
3214.000000 0.000158
3215.000000 0.000157
3216.000000 0.000157
3217.000000 0.000157
3218.000000 0.000156
3219.000000 0.000156
3220.000000 0.000156
3221.000000 0.000155
3222.000000 0.000155
3223.000000 0.000155
3224.000000 0.000154
3225.000000 0.000154
3226.000000 0.000154
3227.000000 0.000153
3228.000000 0.000153
3229.000000 0.000153
3230.000000 0.000152
3231.000000 0.000152
3232.000000 0.000152
3233.000000 0.000151
3234.000000 0.000151
3235.000000 0.000151
3236.000000 0.000150
3237.000000 0.000150
3238.000000 0.000150
3239.000000 0.000149
3240.000000 0.000149
3241.000000 0.000149
3242.000000 0.000148
3243.000000 0.000148
3244.000000 0.000148
3245.000000 0.000147
3246.000000 0.000147
3247.000000 0.000147
3248.000000 0.000146
3249.000000 0.000146
3250.000000 0.000146
3251.000000 0.000145
3252.000000 0.000145
3253.000000 0.000145
3254.000000 0.000144
3255.000000 0.000144
3256.000000 0.000144
3257.000000 0.000143
3258.000000 0.000143
3259.000000 0.000143
3260.000000 0.000142
3261.000000 0.000142
3262.000000 0.000142
3263.000000 0.000141
3264.000000 0.000141
3265.000000 0.000141
3266.000000 0.000140
3267.000000 0.000140
3268.000000 0.000140
3269.000000 0.000140
3270.000000 0.000139
3271.000000 0.000139
3272.000000 0.000139
3273.000000 0.000138
3274.000000 0.000138
3275.000000 0.000138
3276.000000 0.000137
3277.000000 0.000137
3278.000000 0.000137
3279.000000 0.000136
3280.000000 0.000136
3281.000000 0.000136
3282.000000 0.000135
3283.000000 0.000135
3284.000000 0.000135
3285.000000 0.000134
3286.000000 0.000134
3287.000000 0.000134
3288.000000 0.000133
3289.000000 0.000133
3290.000000 0.000133
3291.000000 0.000132
3292.000000 0.000132
3293.000000 0.000132
3294.000000 0.000132
3295.000000 0.000131
3296.000000 0.000131
3297.000000 0.000131
3298.000000 0.000130
3299.000000 0.000130
3300.000000 0.000130
3301.000000 0.000129
3302.000000 0.000129
3303.000000 0.000129
3304.000000 0.000128
3305.000000 0.000128
3306.000000 0.000128
3307.000000 0.000127
3308.000000 0.000127
3309.000000 0.000127
3310.000000 0.000127
3311.000000 0.000126
3312.000000 0.000126
3313.000000 0.000126
3314.000000 0.000125
3315.000000 0.000125
3316.000000 0.000125
3317.000000 0.000124
3318.000000 0.000124
3319.000000 0.000124
3320.000000 0.000123
3321.000000 0.000123
3322.000000 0.000123
3323.000000 0.000123
3324.000000 0.000122
3325.000000 0.000122
3326.000000 0.000122
3327.000000 0.000121
3328.000000 0.000121
3329.000000 0.000121
3330.000000 0.000120
3331.000000 0.000120
3332.000000 0.000120
3333.000000 0.000119
3334.000000 0.000119
3335.000000 0.000119
3336.000000 0.000119
3337.000000 0.000118
3338.000000 0.000118
3339.000000 0.000118
3340.000000 0.000117
3341.000000 0.000117
3342.000000 0.000117
3343.000000 0.000116
3344.000000 0.000116
3345.000000 0.000116
3346.000000 0.000116
3347.000000 0.000115
3348.000000 0.000115
3349.000000 0.000115
3350.000000 0.000114
3351.000000 0.000114
3352.000000 0.000114
3353.000000 0.000113
3354.000000 0.000113
3355.000000 0.000113
3356.000000 0.000113
3357.000000 0.000112
3358.000000 0.000112
3359.000000 0.000112
3360.000000 0.000111
3361.000000 0.000111
3362.000000 0.000111
3363.000000 0.000111
3364.000000 0.000110
3365.000000 0.000110
3366.000000 0.000110
3367.000000 0.000109
3368.000000 0.000109
3369.000000 0.000109
3370.000000 0.000108
3371.000000 0.000108
3372.000000 0.000108
3373.000000 0.000108
3374.000000 0.000107
3375.000000 0.000107
3376.000000 0.000107
3377.000000 0.000106
3378.000000 0.000106
3379.000000 0.000106
3380.000000 0.000106
3381.000000 0.000105
3382.000000 0.000105
3383.000000 0.000105
3384.000000 0.000104
3385.000000 0.000104
3386.000000 0.000104
3387.000000 0.000104
3388.000000 0.000103
3389.000000 0.000103
3390.000000 0.000103
3391.000000 0.000102
3392.000000 0.000102
3393.000000 0.000102
3394.000000 0.000102
3395.000000 0.000101
3396.000000 0.000101
3397.000000 0.000101
3398.000000 0.000100
3399.000000 0.000100
3400.000000 0.000100
3401.000000 0.000100
3402.000000 0.000099
3403.000000 0.000099
3404.000000 0.000099
3405.000000 0.000098
3406.000000 0.000098
3407.000000 0.000098
3408.000000 0.000098
3409.000000 0.000097
3410.000000 0.000097
3411.000000 0.000097
3412.000000 0.000096
3413.000000 0.000096
3414.000000 0.000096
3415.000000 0.000096
3416.000000 0.000095
3417.000000 0.000095
3418.000000 0.000095
3419.000000 0.000095
3420.000000 0.000094
3421.000000 0.000094
3422.000000 0.000094
3423.000000 0.000093
3424.000000 0.000093
3425.000000 0.000093
3426.000000 0.000093
3427.000000 0.000092
3428.000000 0.000092
3429.000000 0.000092
3430.000000 0.000091
3431.000000 0.000091
3432.000000 0.000091
3433.000000 0.000091
3434.000000 0.000090
3435.000000 0.000090
3436.000000 0.000090
3437.000000 0.000090
3438.000000 0.000089
3439.000000 0.000089
3440.000000 0.000089
3441.000000 0.000088
3442.000000 0.000088
3443.000000 0.000088
3444.000000 0.000088
3445.000000 0.000087
3446.000000 0.000087
3447.000000 0.000087
3448.000000 0.000087
3449.000000 0.000086
3450.000000 0.000086
3451.000000 0.000086
3452.000000 0.000086
3453.000000 0.000085
3454.000000 0.000085
3455.000000 0.000085
3456.000000 0.000084
3457.000000 0.000084
3458.000000 0.000084
3459.000000 0.000084
3460.000000 0.000083
3461.000000 0.000083
3462.000000 0.000083
3463.000000 0.000083
3464.000000 0.000082
3465.000000 0.000082
3466.000000 0.000082
3467.000000 0.000082
3468.000000 0.000081
3469.000000 0.000081
3470.000000 0.000081
3471.000000 0.000080
3472.000000 0.000080
3473.000000 0.000080
3474.000000 0.000080
3475.000000 0.000079
3476.000000 0.000079
3477.000000 0.000079
3478.000000 0.000079
3479.000000 0.000078
3480.000000 0.000078
3481.000000 0.000078
3482.000000 0.000078
3483.000000 0.000077
3484.000000 0.000077
3485.000000 0.000077
3486.000000 0.000077
3487.000000 0.000076
3488.000000 0.000076
3489.000000 0.000076
3490.000000 0.000076
3491.000000 0.000075
3492.000000 0.000075
3493.000000 0.000075
3494.000000 0.000075
3495.000000 0.000074
3496.000000 0.000074
3497.000000 0.000074
3498.000000 0.000074
3499.000000 0.000073
3500.000000 0.000073
3501.000000 0.000073
3502.000000 0.000073
3503.000000 0.000072
3504.000000 0.000072
3505.000000 0.000072
3506.000000 0.000072
3507.000000 0.000071
3508.000000 0.000071
3509.000000 0.000071
3510.000000 0.000070
3511.000000 0.000070
3512.000000 0.000070
3513.000000 0.000070
3514.000000 0.000070
3515.000000 0.000069
3516.000000 0.000069
3517.000000 0.000069
3518.000000 0.000069
3519.000000 0.000068
3520.000000 0.000068
3521.000000 0.000068
3522.000000 0.000068
3523.000000 0.000067
3524.000000 0.000067
3525.000000 0.000067
3526.000000 0.000067
3527.000000 0.000066
3528.000000 0.000066
3529.000000 0.000066
3530.000000 0.000066
3531.000000 0.000065
3532.000000 0.000065
3533.000000 0.000065
3534.000000 0.000065
3535.000000 0.000064
3536.000000 0.000064
3537.000000 0.000064
3538.000000 0.000064
3539.000000 0.000063
3540.000000 0.000063
3541.000000 0.000063
3542.000000 0.000063
3543.000000 0.000062
3544.000000 0.000062
3545.000000 0.000062
3546.000000 0.000062
3547.000000 0.000061
3548.000000 0.000061
3549.000000 0.000061
3550.000000 0.000061
3551.000000 0.000060
3552.000000 0.000060
3553.000000 0.000060
3554.000000 0.000060
3555.000000 0.000060
3556.000000 0.000059
3557.000000 0.000059
3558.000000 0.000059
3559.000000 0.000059
3560.000000 0.000058
3561.000000 0.000058
3562.000000 0.000058
3563.000000 0.000058
3564.000000 0.000057
3565.000000 0.000057
3566.000000 0.000057
3567.000000 0.000057
3568.000000 0.000056
3569.000000 0.000056
3570.000000 0.000056
3571.000000 0.000056
3572.000000 0.000056
3573.000000 0.000055
3574.000000 0.000055
3575.000000 0.000055
3576.000000 0.000055
3577.000000 0.000054
3578.000000 0.000054
3579.000000 0.000054
3580.000000 0.000054
3581.000000 0.000053
3582.000000 0.000053
3583.000000 0.000053
3584.000000 0.000053
3585.000000 0.000053
3586.000000 0.000052
3587.000000 0.000052
3588.000000 0.000052
3589.000000 0.000052
3590.000000 0.000051
3591.000000 0.000051
3592.000000 0.000051
3593.000000 0.000051
3594.000000 0.000051
3595.000000 0.000050
3596.000000 0.000050
3597.000000 0.000050
3598.000000 0.000050
3599.000000 0.000049
3600.000000 0.000049
3601.000000 0.000049
3602.000000 0.000049
3603.000000 0.000049
3604.000000 0.000048
3605.000000 0.000048
3606.000000 0.000048
3607.000000 0.000048
3608.000000 0.000047
3609.000000 0.000047
3610.000000 0.000047
3611.000000 0.000047
3612.000000 0.000047
3613.000000 0.000046
3614.000000 0.000046
3615.000000 0.000046
3616.000000 0.000046
3617.000000 0.000045
3618.000000 0.000045
3619.000000 0.000045
3620.000000 0.000045
3621.000000 0.000045
3622.000000 0.000044
3623.000000 0.000044
3624.000000 0.000044
3625.000000 0.000044
3626.000000 0.000043
3627.000000 0.000043
3628.000000 0.000043
3629.000000 0.000043
3630.000000 0.000043
3631.000000 0.000042
3632.000000 0.000042
3633.000000 0.000042
3634.000000 0.000042
3635.000000 0.000042
3636.000000 0.000041
3637.000000 0.000041
3638.000000 0.000041
3639.000000 0.000041
3640.000000 0.000040
3641.000000 0.000040
3642.000000 0.000040
3643.000000 0.000040
3644.000000 0.000040
3645.000000 0.000039
3646.000000 0.000039
3647.000000 0.000039
3648.000000 0.000039
3649.000000 0.000039
3650.000000 0.000038
3651.000000 0.000038
3652.000000 0.000038
3653.000000 0.000038
3654.000000 0.000037
3655.000000 0.000037
3656.000000 0.000037
3657.000000 0.000037
3658.000000 0.000037
3659.000000 0.000036
3660.000000 0.000036
3661.000000 0.000036
3662.000000 0.000036
3663.000000 0.000036
3664.000000 0.000035
3665.000000 0.000035
3666.000000 0.000035
3667.000000 0.000035
3668.000000 0.000035
3669.000000 0.000034
3670.000000 0.000034
3671.000000 0.000034
3672.000000 0.000034
3673.000000 0.000034
3674.000000 0.000033
3675.000000 0.000033
3676.000000 0.000033
3677.000000 0.000033
3678.000000 0.000033
3679.000000 0.000032
3680.000000 0.000032
3681.000000 0.000032
3682.000000 0.000032
3683.000000 0.000032
3684.000000 0.000031
3685.000000 0.000031
3686.000000 0.000031
3687.000000 0.000031
3688.000000 0.000031
3689.000000 0.000030
3690.000000 0.000030
3691.000000 0.000030
3692.000000 0.000030
3693.000000 0.000030
3694.000000 0.000029
3695.000000 0.000029
3696.000000 0.000029
3697.000000 0.000029
3698.000000 0.000029
3699.000000 0.000028
3700.000000 0.000028
3701.000000 0.000028
3702.000000 0.000028
3703.000000 0.000028
3704.000000 0.000027
3705.000000 0.000027
3706.000000 0.000027
3707.000000 0.000027
3708.000000 0.000027
3709.000000 0.000026
3710.000000 0.000026
3711.000000 0.000026
3712.000000 0.000026
3713.000000 0.000026
3714.000000 0.000025
3715.000000 0.000025
3716.000000 0.000025
3717.000000 0.000025
3718.000000 0.000025
3719.000000 0.000025
3720.000000 0.000024
3721.000000 0.000024
3722.000000 0.000024
3723.000000 0.000024
3724.000000 0.000024
3725.000000 0.000023
3726.000000 0.000023
3727.000000 0.000023
3728.000000 0.000023
3729.000000 0.000023
3730.000000 0.000022
3731.000000 0.000022
3732.000000 0.000022
3733.000000 0.000022
3734.000000 0.000022
3735.000000 0.000022
3736.000000 0.000021
3737.000000 0.000021
3738.000000 0.000021
3739.000000 0.000021
3740.000000 0.000021
3741.000000 0.000020
3742.000000 0.000020
3743.000000 0.000020
3744.000000 0.000020
3745.000000 0.000020
3746.000000 0.000019
3747.000000 0.000019
3748.000000 0.000019
3749.000000 0.000019
3750.000000 0.000019
3751.000000 0.000019
3752.000000 0.000018
3753.000000 0.000018
3754.000000 0.000018
3755.000000 0.000018
3756.000000 0.000018
3757.000000 0.000017
3758.000000 0.000017
3759.000000 0.000017
3760.000000 0.000017
3761.000000 0.000017
3762.000000 0.000017
3763.000000 0.000016
3764.000000 0.000016
3765.000000 0.000016
3766.000000 0.000016
3767.000000 0.000016
3768.000000 0.000016
3769.000000 0.000015
3770.000000 0.000015
3771.000000 0.000015
3772.000000 0.000015
3773.000000 0.000015
3774.000000 0.000015
3775.000000 0.000014
3776.000000 0.000014
3777.000000 0.000014
3778.000000 0.000014
3779.000000 0.000014
3780.000000 0.000014
3781.000000 0.000013
3782.000000 0.000013
3783.000000 0.000013
3784.000000 0.000013
3785.000000 0.000013
3786.000000 0.000013
3787.000000 0.000012
3788.000000 0.000012
3789.000000 0.000012
3790.000000 0.000012
3791.000000 0.000012
3792.000000 0.000012
3793.000000 0.000011
3794.000000 0.000011
3795.000000 0.000011
3796.000000 0.000011
3797.000000 0.000011
3798.000000 0.000011
3799.000000 0.000010
3800.000000 0.000010
3801.000000 0.000010
3802.000000 0.000010
3803.000000 0.000010
3804.000000 0.000010
3805.000000 0.000010
3806.000000 0.000009
3807.000000 0.000009
3808.000000 0.000009
3809.000000 0.000009
3810.000000 0.000009
3811.000000 0.000009
3812.000000 0.000009
3813.000000 0.000008
3814.000000 0.000008
3815.000000 0.000008
3816.000000 0.000008
3817.000000 0.000008
3818.000000 0.000008
3819.000000 0.000008
3820.000000 0.000008
3821.000000 0.000007
3822.000000 0.000007
3823.000000 0.000007
3824.000000 0.000007
3825.000000 0.000007
3826.000000 0.000007
3827.000000 0.000007
3828.000000 0.000006
3829.000000 0.000006
3830.000000 0.000006
3831.000000 0.000006
3832.000000 0.000006
3833.000000 0.000006
3834.000000 0.000006
3835.000000 0.000006
3836.000000 0.000006
3837.000000 0.000005
3838.000000 0.000005
3839.000000 0.000005
3840.000000 0.000005
3841.000000 0.000005
3842.000000 0.000005
3843.000000 0.000005
3844.000000 0.000005
3845.000000 0.000005
3846.000000 0.000005
3847.000000 0.000004
3848.000000 0.000004
3849.000000 0.000004
3850.000000 0.000004
3851.000000 0.000004
3852.000000 0.000004
3853.000000 0.000004
3854.000000 0.000004
3855.000000 0.000004
3856.000000 0.000004
3857.000000 0.000003
3858.000000 0.000003
3859.000000 0.000003
3860.000000 0.000003
3861.000000 0.000003
3862.000000 0.000003
3863.000000 0.000003
3864.000000 0.000003
3865.000000 0.000003
3866.000000 0.000003
3867.000000 0.000003
3868.000000 0.000003
3869.000000 0.000003
3870.000000 0.000002
3871.000000 0.000002
3872.000000 0.000002
3873.000000 0.000002
3874.000000 0.000002
3875.000000 0.000002
3876.000000 0.000002
3877.000000 0.000002
3878.000000 0.000002
3879.000000 0.000002
3880.000000 0.000002
3881.000000 0.000002
3882.000000 0.000002
3883.000000 0.000002
3884.000000 0.000002
3885.000000 0.000002
3886.000000 0.000002
3887.000000 0.000001
3888.000000 0.000001
3889.000000 0.000001
3890.000000 0.000001
3891.000000 0.000001
3892.000000 0.000001
3893.000000 0.000001
3894.000000 0.000001
3895.000000 0.000001
3896.000000 0.000001
3897.000000 0.000001
3898.000000 0.000001
3899.000000 0.000001
3900.000000 0.000001
3901.000000 0.000001
3902.000000 0.000001
3903.000000 0.000001
3904.000000 0.000001
3905.000000 0.000001
3906.000000 0.000001
3907.000000 0.000001
3908.000000 0.000001
3909.000000 0.000001
3910.000000 0.000001
3911.000000 0.000001
3912.000000 0.000001
3913.000000 0.000001
3914.000000 0.000001
3915.000000 0.000001
3916.000000 0.000000
3917.000000 0.000000
3918.000000 0.000000
3919.000000 0.000000
3920.000000 0.000000
3921.000000 0.000000
3922.000000 0.000000
3923.000000 0.000000
3924.000000 0.000000
3925.000000 0.000000
3926.000000 0.000000
3927.000000 0.000000
3928.000000 0.000000
3929.000000 0.000000
3930.000000 0.000000
3931.000000 0.000000
3932.000000 0.000000
3933.000000 0.000000
3934.000000 0.000000
3935.000000 0.000000
3936.000000 0.000000
3937.000000 0.000000
3938.000000 0.000000
3939.000000 0.000000
3940.000000 0.000000
3941.000000 0.000000
3942.000000 0.000000
3943.000000 0.000000
3944.000000 0.000000
3945.000000 0.000000
3946.000000 0.000000
3947.000000 0.000000
3948.000000 0.000000
3949.000000 0.000000
3950.000000 0.000000
3951.000000 0.000000
3952.000000 0.000000
3953.000000 0.000000
3954.000000 0.000000
3955.000000 0.000000
3956.000000 0.000000
3957.000000 0.000000
3958.000000 0.000000
3959.000000 0.000000
3960.000000 0.000000
3961.000000 0.000000
3962.000000 0.000000
3963.000000 0.000000
3964.000000 0.000000
3965.000000 0.000000
3966.000000 0.000000
3967.000000 0.000000
3968.000000 0.000000
3969.000000 0.000000
3970.000000 0.000000
3971.000000 0.000000
3972.000000 0.000000
3973.000000 0.000000
3974.000000 0.000000
3975.000000 0.000000
3976.000000 0.000000
3977.000000 0.000000
3978.000000 0.000000
3979.000000 0.000000
3980.000000 0.000000
3981.000000 0.000000
3982.000000 0.000000
3983.000000 0.000000
3984.000000 0.000000
3985.000000 0.000000
3986.000000 0.000000
3987.000000 0.000000
3988.000000 0.000000
3989.000000 0.000000
3990.000000 0.000000
3991.000000 0.000000
3992.000000 0.000000
3993.000000 0.000000
3994.000000 0.000000
3995.000000 0.000000
3996.000000 0.000000
3997.000000 0.000000
3998.000000 0.000000
3999.000000 0.000000
4000.000000 0.000000
