n lam mean variance std
4000 0.190000 2000.499167 407934.705816 638.697664
bin_midpoint probability
1.000000 0.000000
2.000000 0.000000
3.000000 0.000000
4.000000 0.000000
5.000000 0.000000
6.000000 0.000000
7.000000 0.000000
8.000000 0.000000
9.000000 0.000000
10.000000 0.000000
11.000000 0.000000
12.000000 0.000000
13.000000 0.000000
14.000000 0.000000
15.000000 0.000000
16.000000 0.000000
17.000000 0.000000
18.000000 0.000000
19.000000 0.000000
20.000000 0.000000
21.000000 0.000000
22.000000 0.000000
23.000000 0.000000
24.000000 0.000000
25.000000 0.000000
26.000000 0.000000
27.000000 0.000000
28.000000 0.000000
29.000000 0.000000
30.000000 0.000000
31.000000 0.000000
32.000000 0.000000
33.000000 0.000000
34.000000 0.000000
35.000000 0.000000
36.000000 0.000000
37.000000 0.000000
38.000000 0.000000
39.000000 0.000000
40.000000 0.000000
41.000000 0.000000
42.000000 0.000000
43.000000 0.000000
44.000000 0.000000
45.000000 0.000000
46.000000 0.000000
47.000000 0.000000
48.000000 0.000000
49.000000 0.000000
50.000000 0.000000
51.000000 0.000000
52.000000 0.000000
53.000000 0.000000
54.000000 0.000000
55.000000 0.000000
56.000000 0.000000
57.000000 0.000000
58.000000 0.000000
59.000000 0.000000
60.000000 0.000000
61.000000 0.000000
62.000000 0.000000
63.000000 0.000000
64.000000 0.000000
65.000000 0.000000
66.000000 0.000000
67.000000 0.000000
68.000000 0.000000
69.000000 0.000000
70.000000 0.000000
71.000000 0.000000
72.000000 0.000000
73.000000 0.000000
74.000000 0.000000
75.000000 0.000000
76.000000 0.000000
77.000000 0.000000
78.000000 0.000000
79.000000 0.000000
80.000000 0.000000
81.000000 0.000000
82.000000 0.000000
83.000000 0.000000
84.000000 0.000000
85.000000 0.000000
86.000000 0.000000
87.000000 0.000000
88.000000 0.000000
89.000000 0.000000
90.000000 0.000000
91.000000 0.000000
92.000000 0.000000
93.000000 0.000000
94.000000 0.000000
95.000000 0.000000
96.000000 0.000000
97.000000 0.000000
98.000000 0.000000
99.000000 0.000000
100.000000 0.000000
101.000000 0.000000
102.000000 0.000000
103.000000 0.000000
104.000000 0.000000
105.000000 0.000000
106.000000 0.000000
107.000000 0.000000
108.000000 0.000000
109.000000 0.000000
110.000000 0.000000
111.000000 0.000000
112.000000 0.000000
113.000000 0.000000
114.000000 0.000000
115.000000 0.000000
116.000000 0.000000
117.000000 0.000000
118.000000 0.000000
119.000000 0.000000
120.000000 0.000000
121.000000 0.000000
122.000000 0.000000
123.000000 0.000000
124.000000 0.000000
125.000000 0.000000
126.000000 0.000000
127.000000 0.000000
128.000000 0.000000
129.000000 0.000000
130.000000 0.000000
131.000000 0.000000
132.000000 0.000000
133.000000 0.000000
134.000000 0.000000
135.000000 0.000000
136.000000 0.000000
137.000000 0.000000
138.000000 0.000000
139.000000 0.000000
140.000000 0.000000
141.000000 0.000000
142.000000 0.000000
143.000000 0.000000
144.000000 0.000000
145.000000 0.000000
146.000000 0.000000
147.000000 0.000000
148.000000 0.000000
149.000000 0.000000
150.000000 0.000000
151.000000 0.000000
152.000000 0.000000
153.000000 0.000000
154.000000 0.000000
155.000000 0.000000
156.000000 0.000000
157.000000 0.000000
158.000000 0.000000
159.000000 0.000000
160.000000 0.000000
161.000000 0.000000
162.000000 0.000000
163.000000 0.000000
164.000000 0.000000
165.000000 0.000000
166.000000 0.000000
167.000000 0.000000
168.000000 0.000000
169.000000 0.000000
170.000000 0.000000
171.000000 0.000000
172.000000 0.000000
173.000000 0.000000
174.000000 0.000000
175.000000 0.000000
176.000000 0.000000
177.000000 0.000000
178.000000 0.000000
179.000000 0.000000
180.000000 0.000000
181.000000 0.000000
182.000000 0.000000
183.000000 0.000000
184.000000 0.000000
185.000000 0.000000
186.000000 0.000000
187.000000 0.000000
188.000000 0.000000
189.000000 0.000000
190.000000 0.000001
191.000000 0.000001
192.000000 0.000001
193.000000 0.000001
194.000000 0.000001
195.000000 0.000001
196.000000 0.000001
197.000000 0.000001
198.000000 0.000001
199.000000 0.000001
200.000000 0.000001
201.000000 0.000001
202.000000 0.000001
203.000000 0.000001
204.000000 0.000001
205.000000 0.000001
206.000000 0.000001
207.000000 0.000001
208.000000 0.000001
209.000000 0.000001
210.000000 0.000001
211.000000 0.000001
212.000000 0.000001
213.000000 0.000001
214.000000 0.000001
215.000000 0.000001
216.000000 0.000001
217.000000 0.000001
218.000000 0.000001
219.000000 0.000001
220.000000 0.000001
221.000000 0.000001
222.000000 0.000001
223.000000 0.000001
224.000000 0.000001
225.000000 0.000001
226.000000 0.000001
227.000000 0.000001
228.000000 0.000001
229.000000 0.000001
230.000000 0.000001
231.000000 0.000001
232.000000 0.000001
233.000000 0.000001
234.000000 0.000001
235.000000 0.000001
236.000000 0.000001
237.000000 0.000001
238.000000 0.000002
239.000000 0.000002
240.000000 0.000002
241.000000 0.000002
242.000000 0.000002
243.000000 0.000002
244.000000 0.000002
245.000000 0.000002
246.000000 0.000002
247.000000 0.000002
248.000000 0.000002
249.000000 0.000002
250.000000 0.000002
251.000000 0.000002
252.000000 0.000002
253.000000 0.000002
254.000000 0.000002
255.000000 0.000002
256.000000 0.000002
257.000000 0.000002
258.000000 0.000002
259.000000 0.000002
260.000000 0.000002
261.000000 0.000002
262.000000 0.000002
263.000000 0.000002
264.000000 0.000002
265.000000 0.000002
266.000000 0.000003
267.000000 0.000003
268.000000 0.000003
269.000000 0.000003
270.000000 0.000003
271.000000 0.000003
272.000000 0.000003
273.000000 0.000003
274.000000 0.000003
275.000000 0.000003
276.000000 0.000003
277.000000 0.000003
278.000000 0.000003
279.000000 0.000003
280.000000 0.000003
281.000000 0.000003
282.000000 0.000003
283.000000 0.000003
284.000000 0.000003
285.000000 0.000003
286.000000 0.000004
287.000000 0.000004
288.000000 0.000004
289.000000 0.000004
290.000000 0.000004
291.000000 0.000004
292.000000 0.000004
293.000000 0.000004
294.000000 0.000004
295.000000 0.000004
296.000000 0.000004
297.000000 0.000004
298.000000 0.000004
299.000000 0.000004
300.000000 0.000004
301.000000 0.000004
302.000000 0.000004
303.000000 0.000005
304.000000 0.000005
305.000000 0.000005
306.000000 0.000005
307.000000 0.000005
308.000000 0.000005
309.000000 0.000005
310.000000 0.000005
311.000000 0.000005
312.000000 0.000005
313.000000 0.000005
314.000000 0.000005
315.000000 0.000005
316.000000 0.000005
317.000000 0.000006
318.000000 0.000006
319.000000 0.000006
320.000000 0.000006
321.000000 0.000006
322.000000 0.000006
323.000000 0.000006
324.000000 0.000006
325.000000 0.000006
326.000000 0.000006
327.000000 0.000006
328.000000 0.000006
329.000000 0.000006
330.000000 0.000007
331.000000 0.000007
332.000000 0.000007
333.000000 0.000007
334.000000 0.000007
335.000000 0.000007
336.000000 0.000007
337.000000 0.000007
338.000000 0.000007
339.000000 0.000007
340.000000 0.000007
341.000000 0.000008
342.000000 0.000008
343.000000 0.000008
344.000000 0.000008
345.000000 0.000008
346.000000 0.000008
347.000000 0.000008
348.000000 0.000008
349.000000 0.000008
350.000000 0.000008
351.000000 0.000009
352.000000 0.000009
353.000000 0.000009
354.000000 0.000009
355.000000 0.000009
356.000000 0.000009
357.000000 0.000009
358.000000 0.000009
359.000000 0.000009
360.000000 0.000009
361.000000 0.000010
362.000000 0.000010
363.000000 0.000010
364.000000 0.000010
365.000000 0.000010
366.000000 0.000010
367.000000 0.000010
368.000000 0.000010
369.000000 0.000011
370.000000 0.000011
371.000000 0.000011
372.000000 0.000011
373.000000 0.000011
374.000000 0.000011
375.000000 0.000011
376.000000 0.000011
377.000000 0.000012
378.000000 0.000012
379.000000 0.000012
380.000000 0.000012
381.000000 0.000012
382.000000 0.000012
383.000000 0.000012
384.000000 0.000012
385.000000 0.000013
386.000000 0.000013
387.000000 0.000013
388.000000 0.000013
389.000000 0.000013
390.000000 0.000013
391.000000 0.000013
392.000000 0.000013
393.000000 0.000014
394.000000 0.000014
395.000000 0.000014
396.000000 0.000014
397.000000 0.000014
398.000000 0.000014
399.000000 0.000014
400.000000 0.000015
401.000000 0.000015
402.000000 0.000015
403.000000 0.000015
404.000000 0.000015
405.000000 0.000015
406.000000 0.000015
407.000000 0.000016
408.000000 0.000016
409.000000 0.000016
410.000000 0.000016
411.000000 0.000016
412.000000 0.000016
413.000000 0.000017
414.000000 0.000017
415.000000 0.000017
416.000000 0.000017
417.000000 0.000017
418.000000 0.000017
419.000000 0.000018
420.000000 0.000018
421.000000 0.000018
422.000000 0.000018
423.000000 0.000018
424.000000 0.000018
425.000000 0.000019
426.000000 0.000019
427.000000 0.000019
428.000000 0.000019
429.000000 0.000019
430.000000 0.000019
431.000000 0.000020
432.000000 0.000020
433.000000 0.000020
434.000000 0.000020
435.000000 0.000020
436.000000 0.000020
437.000000 0.000021
438.000000 0.000021
439.000000 0.000021
440.000000 0.000021
441.000000 0.000021
442.000000 0.000021
443.000000 0.000022
444.000000 0.000022
445.000000 0.000022
446.000000 0.000022
447.000000 0.000022
448.000000 0.000023
449.000000 0.000023
450.000000 0.000023
451.000000 0.000023
452.000000 0.000023
453.000000 0.000024
454.000000 0.000024
455.000000 0.000024
456.000000 0.000024
457.000000 0.000024
458.000000 0.000025
459.000000 0.000025
460.000000 0.000025
461.000000 0.000025
462.000000 0.000025
463.000000 0.000026
464.000000 0.000026
465.000000 0.000026
466.000000 0.000026
467.000000 0.000026
468.000000 0.000027
469.000000 0.000027
470.000000 0.000027
471.000000 0.000027
472.000000 0.000027
473.000000 0.000028
474.000000 0.000028
475.000000 0.000028
476.000000 0.000028
477.000000 0.000029
478.000000 0.000029
479.000000 0.000029
480.000000 0.000029
481.000000 0.000029
482.000000 0.000030
483.000000 0.000030
484.000000 0.000030
485.000000 0.000030
486.000000 0.000030
487.000000 0.000031
488.000000 0.000031
489.000000 0.000031
490.000000 0.000031
491.000000 0.000032
492.000000 0.000032
493.000000 0.000032
494.000000 0.000032
495.000000 0.000033
496.000000 0.000033
497.000000 0.000033
498.000000 0.000033
499.000000 0.000033
500.000000 0.000034
501.000000 0.000034
502.000000 0.000034
503.000000 0.000034
504.000000 0.000035
505.000000 0.000035
506.000000 0.000035
507.000000 0.000035
508.000000 0.000036
509.000000 0.000036
510.000000 0.000036
511.000000 0.000036
512.000000 0.000037
513.000000 0.000037
514.000000 0.000037
515.000000 0.000037
516.000000 0.000038
517.000000 0.000038
518.000000 0.000038
519.000000 0.000038
520.000000 0.000039
521.000000 0.000039
522.000000 0.000039
523.000000 0.000039
524.000000 0.000040
525.000000 0.000040
526.000000 0.000040
527.000000 0.000040
528.000000 0.000041
529.000000 0.000041
530.000000 0.000041
531.000000 0.000041
532.000000 0.000042
533.000000 0.000042
534.000000 0.000042
535.000000 0.000042
536.000000 0.000043
537.000000 0.000043
538.000000 0.000043
539.000000 0.000044
540.000000 0.000044
541.000000 0.000044
542.000000 0.000044
543.000000 0.000045
544.000000 0.000045
545.000000 0.000045
546.000000 0.000045
547.000000 0.000046
548.000000 0.000046
549.000000 0.000046
550.000000 0.000046
551.000000 0.000047
552.000000 0.000047
553.000000 0.000047
554.000000 0.000048
555.000000 0.000048
556.000000 0.000048
557.000000 0.000048
558.000000 0.000049
559.000000 0.000049
560.000000 0.000049
561.000000 0.000049
562.000000 0.000050
563.000000 0.000050
564.000000 0.000050
565.000000 0.000051
566.000000 0.000051
567.000000 0.000051
568.000000 0.000051
569.000000 0.000052
570.000000 0.000052
571.000000 0.000052
572.000000 0.000053
573.000000 0.000053
574.000000 0.000053
575.000000 0.000054
576.000000 0.000054
577.000000 0.000054
578.000000 0.000054
579.000000 0.000055
580.000000 0.000055
581.000000 0.000055
582.000000 0.000056
583.000000 0.000056
584.000000 0.000056
585.000000 0.000057
586.000000 0.000057
587.000000 0.000057
588.000000 0.000057
589.000000 0.000058
590.000000 0.000058
591.000000 0.000058
592.000000 0.000059
593.000000 0.000059
594.000000 0.000059
595.000000 0.000060
596.000000 0.000060
597.000000 0.000060
598.000000 0.000060
599.000000 0.000061
600.000000 0.000061
601.000000 0.000061
602.000000 0.000062
603.000000 0.000062
604.000000 0.000062
605.000000 0.000063
606.000000 0.000063
607.000000 0.000063
608.000000 0.000064
609.000000 0.000064
610.000000 0.000064
611.000000 0.000064
612.000000 0.000065
613.000000 0.000065
614.000000 0.000065
615.000000 0.000066
616.000000 0.000066
617.000000 0.000066
618.000000 0.000067
619.000000 0.000067
620.000000 0.000067
621.000000 0.000068
622.000000 0.000068
623.000000 0.000068
624.000000 0.000069
625.000000 0.000069
626.000000 0.000069
627.000000 0.000070
628.000000 0.000070
629.000000 0.000070
630.000000 0.000070
631.000000 0.000071
632.000000 0.000071
633.000000 0.000072
634.000000 0.000072
635.000000 0.000072
636.000000 0.000072
637.000000 0.000073
638.000000 0.000073
639.000000 0.000073
640.000000 0.000074
641.000000 0.000074
642.000000 0.000074
643.000000 0.000075
644.000000 0.000075
645.000000 0.000075
646.000000 0.000076
647.000000 0.000076
648.000000 0.000076
649.000000 0.000077
650.000000 0.000077
651.000000 0.000077
652.000000 0.000078
653.000000 0.000078
654.000000 0.000078
655.000000 0.000079
656.000000 0.000079
657.000000 0.000079
658.000000 0.000080
659.000000 0.000080
660.000000 0.000080
661.000000 0.000081
662.000000 0.000081
663.000000 0.000081
664.000000 0.000082
665.000000 0.000082
666.000000 0.000082
667.000000 0.000083
668.000000 0.000083
669.000000 0.000084
670.000000 0.000084
671.000000 0.000084
672.000000 0.000084
673.000000 0.000085
674.000000 0.000085
675.000000 0.000086
676.000000 0.000086
677.000000 0.000086
678.000000 0.000087
679.000000 0.000087
680.000000 0.000087
681.000000 0.000088
682.000000 0.000088
683.000000 0.000088
684.000000 0.000089
685.000000 0.000089
686.000000 0.000089
687.000000 0.000090
688.000000 0.000090
689.000000 0.000090
690.000000 0.000091
691.000000 0.000091
692.000000 0.000091
693.000000 0.000092
694.000000 0.000092
695.000000 0.000093
696.000000 0.000093
697.000000 0.000093
698.000000 0.000094
699.000000 0.000094
700.000000 0.000094
701.000000 0.000095
702.000000 0.000095
703.000000 0.000095
704.000000 0.000096
705.000000 0.000096
706.000000 0.000097
707.000000 0.000097
708.000000 0.000097
709.000000 0.000097
710.000000 0.000098
711.000000 0.000098
712.000000 0.000099
713.000000 0.000099
714.000000 0.000099
715.000000 0.000100
716.000000 0.000100
717.000000 0.000100
718.000000 0.000101
719.000000 0.000101
720.000000 0.000102
721.000000 0.000102
722.000000 0.000102
723.000000 0.000103
724.000000 0.000103
725.000000 0.000103
726.000000 0.000104
727.000000 0.000104
728.000000 0.000104
729.000000 0.000105
730.000000 0.000105
731.000000 0.000106
732.000000 0.000106
733.000000 0.000106
734.000000 0.000106
735.000000 0.000107
736.000000 0.000107
737.000000 0.000108
738.000000 0.000108
739.000000 0.000109
740.000000 0.000109
741.000000 0.000109
742.000000 0.000110
743.000000 0.000110
744.000000 0.000110
745.000000 0.000111
746.000000 0.000111
747.000000 0.000111
748.000000 0.000112
749.000000 0.000112
750.000000 0.000113
751.000000 0.000113
752.000000 0.000113
753.000000 0.000114
754.000000 0.000114
755.000000 0.000114
756.000000 0.000115
757.000000 0.000115
758.000000 0.000116
759.000000 0.000116
760.000000 0.000116
761.000000 0.000117
762.000000 0.000117
763.000000 0.000118
764.000000 0.000118
765.000000 0.000118
766.000000 0.000119
767.000000 0.000119
768.000000 0.000120
769.000000 0.000120
770.000000 0.000120
771.000000 0.000121
772.000000 0.000121
773.000000 0.000121
774.000000 0.000122
775.000000 0.000122
776.000000 0.000122
777.000000 0.000123
778.000000 0.000123
779.000000 0.000124
780.000000 0.000124
781.000000 0.000125
782.000000 0.000125
783.000000 0.000125
784.000000 0.000125
785.000000 0.000126
786.000000 0.000126
787.000000 0.000127
788.000000 0.000127
789.000000 0.000128
790.000000 0.000128
791.000000 0.000128
792.000000 0.000129
793.000000 0.000129
794.000000 0.000129
795.000000 0.000130
796.000000 0.000130
797.000000 0.000131
798.000000 0.000131
799.000000 0.000131
800.000000 0.000132
801.000000 0.000132
802.000000 0.000133
803.000000 0.000133
804.000000 0.000133
805.000000 0.000134
806.000000 0.000134
807.000000 0.000135
808.000000 0.000135
809.000000 0.000135
810.000000 0.000136
811.000000 0.000136
812.000000 0.000137
813.000000 0.000137
814.000000 0.000138
815.000000 0.000138
816.000000 0.000138
817.000000 0.000139
818.000000 0.000139
819.000000 0.000139
820.000000 0.000140
821.000000 0.000140
822.000000 0.000140
823.000000 0.000141
824.000000 0.000141
825.000000 0.000142
826.000000 0.000142
827.000000 0.000143
828.000000 0.000143
829.000000 0.000144
830.000000 0.000144
831.000000 0.000144
832.000000 0.000145
833.000000 0.000145
834.000000 0.000146
835.000000 0.000146
836.000000 0.000146
837.000000 0.000147
838.000000 0.000147
839.000000 0.000148
840.000000 0.000148
841.000000 0.000148
842.000000 0.000149
843.000000 0.000149
844.000000 0.000150
845.000000 0.000150
846.000000 0.000150
847.000000 0.000151
848.000000 0.000151
849.000000 0.000152
850.000000 0.000152
851.000000 0.000152
852.000000 0.000153
853.000000 0.000153
854.000000 0.000154
855.000000 0.000154
856.000000 0.000155
857.000000 0.000155
858.000000 0.000155
859.000000 0.000156
860.000000 0.000156
861.000000 0.000156
862.000000 0.000157
863.000000 0.000157
864.000000 0.000158
865.000000 0.000158
866.000000 0.000159
867.000000 0.000159
868.000000 0.000160
869.000000 0.000160
870.000000 0.000160
871.000000 0.000161
872.000000 0.000161
873.000000 0.000162
874.000000 0.000162
875.000000 0.000162
876.000000 0.000163
877.000000 0.000163
878.000000 0.000164
879.000000 0.000164
880.000000 0.000165
881.000000 0.000165
882.000000 0.000165
883.000000 0.000166
884.000000 0.000166
885.000000 0.000167
886.000000 0.000167
887.000000 0.000168
888.000000 0.000168
889.000000 0.000169
890.000000 0.000169
891.000000 0.000169
892.000000 0.000170
893.000000 0.000170
894.000000 0.000170
895.000000 0.000171
896.000000 0.000171
897.000000 0.000172
898.000000 0.000172
899.000000 0.000173
900.000000 0.000173
901.000000 0.000174
902.000000 0.000174
903.000000 0.000174
904.000000 0.000175
905.000000 0.000175
906.000000 0.000176
907.000000 0.000176
908.000000 0.000177
909.000000 0.000177
910.000000 0.000178
911.000000 0.000178
912.000000 0.000179
913.000000 0.000179
914.000000 0.000179
915.000000 0.000180
916.000000 0.000180
917.000000 0.000180
918.000000 0.000181
919.000000 0.000181
920.000000 0.000182
921.000000 0.000182
922.000000 0.000183
923.000000 0.000183
924.000000 0.000184
925.000000 0.000184
926.000000 0.000185
927.000000 0.000185
928.000000 0.000185
929.000000 0.000186
930.000000 0.000186
931.000000 0.000187
932.000000 0.000187
933.000000 0.000188
934.000000 0.000188
935.000000 0.000189
936.000000 0.000189
937.000000 0.000190
938.000000 0.000190
939.000000 0.000191
940.000000 0.000191
941.000000 0.000191
942.000000 0.000191
943.000000 0.000192
944.000000 0.000192
945.000000 0.000193
946.000000 0.000193
947.000000 0.000194
948.000000 0.000194
949.000000 0.000195
950.000000 0.000195
951.000000 0.000195
952.000000 0.000196
953.000000 0.000196
954.000000 0.000197
955.000000 0.000197
956.000000 0.000198
957.000000 0.000198
958.000000 0.000199
959.000000 0.000199
960.000000 0.000200
961.000000 0.000200
962.000000 0.000201
963.000000 0.000201
964.000000 0.000202
965.000000 0.000202
966.000000 0.000202
967.000000 0.000203
968.000000 0.000203
969.000000 0.000204
970.000000 0.000204
971.000000 0.000205
972.000000 0.000205
973.000000 0.000206
974.000000 0.000206
975.000000 0.000207
976.000000 0.000207
977.000000 0.000208
978.000000 0.000207
979.000000 0.000209
980.000000 0.000209
981.000000 0.000209
982.000000 0.000209
983.000000 0.000210
984.000000 0.000210
985.000000 0.000211
986.000000 0.000211
987.000000 0.000212
988.000000 0.000212
989.000000 0.000213
990.000000 0.000213
991.000000 0.000214
992.000000 0.000214
993.000000 0.000215
994.000000 0.000215
995.000000 0.000215
996.000000 0.000216
997.000000 0.000216
998.000000 0.000217
999.000000 0.000217
1000.000000 0.000218
1001.000000 0.000218
1002.000000 0.000219
1003.000000 0.000219
1004.000000 0.000220
1005.000000 0.000220
1006.000000 0.000221
1007.000000 0.000221
1008.000000 0.000222
1009.000000 0.000222
1010.000000 0.000223
1011.000000 0.000223
1012.000000 0.000223
1013.000000 0.000224
1014.000000 0.000224
1015.000000 0.000225
1016.000000 0.000225
1017.000000 0.000226
1018.000000 0.000226
1019.000000 0.000227
1020.000000 0.000227
1021.000000 0.000228
1022.000000 0.000228
1023.000000 0.000229
1024.000000 0.000229
1025.000000 0.000230
1026.000000 0.000230
1027.000000 0.000230
1028.000000 0.000231
1029.000000 0.000232
1030.000000 0.000232
1031.000000 0.000232
1032.000000 0.000233
1033.000000 0.000233
1034.000000 0.000234
1035.000000 0.000234
1036.000000 0.000235
1037.000000 0.000235
1038.000000 0.000236
1039.000000 0.000236
1040.000000 0.000237
1041.000000 0.000237
1042.000000 0.000238
1043.000000 0.000238
1044.000000 0.000239
1045.000000 0.000239
1046.000000 0.000240
1047.000000 0.000240
1048.000000 0.000241
1049.000000 0.000241
1050.000000 0.000241
1051.000000 0.000242
1052.000000 0.000242
1053.000000 0.000243
1054.000000 0.000243
1055.000000 0.000244
1056.000000 0.000244
1057.000000 0.000245
1058.000000 0.000245
1059.000000 0.000246
1060.000000 0.000246
1061.000000 0.000247
1062.000000 0.000247
1063.000000 0.000248
1064.000000 0.000248
1065.000000 0.000248
1066.000000 0.000249
1067.000000 0.000250
1068.000000 0.000250
1069.000000 0.000250
1070.000000 0.000251
1071.000000 0.000251
1072.000000 0.000252
1073.000000 0.000252
1074.000000 0.000253
1075.000000 0.000253
1076.000000 0.000254
1077.000000 0.000254
1078.000000 0.000255
1079.000000 0.000255
1080.000000 0.000256
1081.000000 0.000256
1082.000000 0.000257
1083.000000 0.000257
1084.000000 0.000258
1085.000000 0.000258
1086.000000 0.000259
1087.000000 0.000259
1088.000000 0.000260
1089.000000 0.000260
1090.000000 0.000260
1091.000000 0.000261
1092.000000 0.000261
1093.000000 0.000262
1094.000000 0.000262
1095.000000 0.000263
1096.000000 0.000263
1097.000000 0.000264
1098.000000 0.000264
1099.000000 0.000265
1100.000000 0.000265
1101.000000 0.000266
1102.000000 0.000266
1103.000000 0.000267
1104.000000 0.000267
1105.000000 0.000268
1106.000000 0.000268
1107.000000 0.000269
1108.000000 0.000269
1109.000000 0.000270
1110.000000 0.000270
1111.000000 0.000270
1112.000000 0.000271
1113.000000 0.000271
1114.000000 0.000272
1115.000000 0.000272
1116.000000 0.000273
1117.000000 0.000273
1118.000000 0.000274
1119.000000 0.000274
1120.000000 0.000275
1121.000000 0.000275
1122.000000 0.000276
1123.000000 0.000277
1124.000000 0.000277
1125.000000 0.000277
1126.000000 0.000278
1127.000000 0.000279
1128.000000 0.000279
1129.000000 0.000280
1130.000000 0.000280
1131.000000 0.000281
1132.000000 0.000281
1133.000000 0.000282
1134.000000 0.000282
1135.000000 0.000283
1136.000000 0.000283
1137.000000 0.000283
1138.000000 0.000284
1139.000000 0.000284
1140.000000 0.000285
1141.000000 0.000285
1142.000000 0.000286
1143.000000 0.000286
1144.000000 0.000287
1145.000000 0.000287
1146.000000 0.000288
1147.000000 0.000288
1148.000000 0.000289
1149.000000 0.000289
1150.000000 0.000290
1151.000000 0.000290
1152.000000 0.000291
1153.000000 0.000291
1154.000000 0.000292
1155.000000 0.000292
1156.000000 0.000293
1157.000000 0.000293
1158.000000 0.000294
1159.000000 0.000294
1160.000000 0.000295
1161.000000 0.000295
1162.000000 0.000296
1163.000000 0.000296
1164.000000 0.000297
1165.000000 0.000297
1166.000000 0.000298
1167.000000 0.000298
1168.000000 0.000298
1169.000000 0.000299
1170.000000 0.000299
1171.000000 0.000300
1172.000000 0.000300
1173.000000 0.000301
1174.000000 0.000301
1175.000000 0.000302
1176.000000 0.000302
1177.000000 0.000303
1178.000000 0.000303
1179.000000 0.000304
1180.000000 0.000304
1181.000000 0.000305
1182.000000 0.000305
1183.000000 0.000306
1184.000000 0.000306
1185.000000 0.000307
1186.000000 0.000307
1187.000000 0.000308
1188.000000 0.000309
1189.000000 0.000309
1190.000000 0.000310
1191.000000 0.000310
1192.000000 0.000311
1193.000000 0.000311
1194.000000 0.000311
1195.000000 0.000312
1196.000000 0.000313
1197.000000 0.000313
1198.000000 0.000314
1199.000000 0.000313
1200.000000 0.000315
1201.000000 0.000315
1202.000000 0.000316
1203.000000 0.000316
1204.000000 0.000316
1205.000000 0.000317
1206.000000 0.000317
1207.000000 0.000318
1208.000000 0.000318
1209.000000 0.000319
1210.000000 0.000319
1211.000000 0.000320
1212.000000 0.000320
1213.000000 0.000321
1214.000000 0.000321
1215.000000 0.000322
1216.000000 0.000322
1217.000000 0.000323
1218.000000 0.000323
1219.000000 0.000324
1220.000000 0.000324
1221.000000 0.000325
1222.000000 0.000325
1223.000000 0.000326
1224.000000 0.000326
1225.000000 0.000327
1226.000000 0.000327
1227.000000 0.000328
1228.000000 0.000328
1229.000000 0.000329
1230.000000 0.000329
1231.000000 0.000330
1232.000000 0.000330
1233.000000 0.000331
1234.000000 0.000332
1235.000000 0.000332
1236.000000 0.000332
1237.000000 0.000332
1238.000000 0.000333
1239.000000 0.000333
1240.000000 0.000334
1241.000000 0.000335
1242.000000 0.000335
1243.000000 0.000336
1244.000000 0.000336
1245.000000 0.000336
1246.000000 0.000337
1247.000000 0.000338
1248.000000 0.000338
1249.000000 0.000339
1250.000000 0.000339
1251.000000 0.000340
1252.000000 0.000340
1253.000000 0.000341
1254.000000 0.000341
1255.000000 0.000342
1256.000000 0.000342
1257.000000 0.000343
1258.000000 0.000343
1259.000000 0.000344
1260.000000 0.000344
1261.000000 0.000345
1262.000000 0.000345
1263.000000 0.000346
1264.000000 0.000346
1265.000000 0.000346
1266.000000 0.000347
1267.000000 0.000347
1268.000000 0.000348
1269.000000 0.000349
1270.000000 0.000349
1271.000000 0.000349
1272.000000 0.000351
1273.000000 0.000350
1274.000000 0.000351
1275.000000 0.000351
1276.000000 0.000352
1277.000000 0.000352
1278.000000 0.000353
1279.000000 0.000354
1280.000000 0.000354
1281.000000 0.000355
1282.000000 0.000355
1283.000000 0.000355
1284.000000 0.000356
1285.000000 0.000357
1286.000000 0.000357
1287.000000 0.000358
1288.000000 0.000358
1289.000000 0.000358
1290.000000 0.000359
1291.000000 0.000360
1292.000000 0.000360
1293.000000 0.000360
1294.000000 0.000361
1295.000000 0.000361
1296.000000 0.000362
1297.000000 0.000363
1298.000000 0.000363
1299.000000 0.000363
1300.000000 0.000364
1301.000000 0.000364
1302.000000 0.000365
1303.000000 0.000365
1304.000000 0.000366
1305.000000 0.000366
1306.000000 0.000367
1307.000000 0.000367
1308.000000 0.000368
1309.000000 0.000368
1310.000000 0.000369
1311.000000 0.000369
1312.000000 0.000370
1313.000000 0.000370
1314.000000 0.000371
1315.000000 0.000371
1316.000000 0.000372
1317.000000 0.000373
1318.000000 0.000373
1319.000000 0.000373
1320.000000 0.000373
1321.000000 0.000374
1322.000000 0.000375
1323.000000 0.000375
1324.000000 0.000375
1325.000000 0.000376
1326.000000 0.000377
1327.000000 0.000377
1328.000000 0.000378
1329.000000 0.000378
1330.000000 0.000379
1331.000000 0.000379
1332.000000 0.000380
1333.000000 0.000380
1334.000000 0.000380
1335.000000 0.000381
1336.000000 0.000382
1337.000000 0.000382
1338.000000 0.000383
1339.000000 0.000383
1340.000000 0.000383
1341.000000 0.000384
1342.000000 0.000385
1343.000000 0.000385
1344.000000 0.000386
1345.000000 0.000386
1346.000000 0.000386
1347.000000 0.000387
1348.000000 0.000387
1349.000000 0.000388
1350.000000 0.000388
1351.000000 0.000389
1352.000000 0.000389
1353.000000 0.000390
1354.000000 0.000390
1355.000000 0.000391
1356.000000 0.000391
1357.000000 0.000392
1358.000000 0.000392
1359.000000 0.000393
1360.000000 0.000393
1361.000000 0.000394
1362.000000 0.000394
1363.000000 0.000395
1364.000000 0.000395
1365.000000 0.000396
1366.000000 0.000396
1367.000000 0.000397
1368.000000 0.000397
1369.000000 0.000398
1370.000000 0.000398
1371.000000 0.000398
1372.000000 0.000399
1373.000000 0.000399
1374.000000 0.000400
1375.000000 0.000400
1376.000000 0.000401
1377.000000 0.000401
1378.000000 0.000402
1379.000000 0.000402
1380.000000 0.000403
1381.000000 0.000403
1382.000000 0.000404
1383.000000 0.000404
1384.000000 0.000405
1385.000000 0.000405
1386.000000 0.000406
1387.000000 0.000406
1388.000000 0.000407
1389.000000 0.000407
1390.000000 0.000408
1391.000000 0.000408
1392.000000 0.000408
1393.000000 0.000409
1394.000000 0.000409
1395.000000 0.000410
1396.000000 0.000410
1397.000000 0.000411
1398.000000 0.000411
1399.000000 0.000412
1400.000000 0.000412
1401.000000 0.000413
1402.000000 0.000413
1403.000000 0.000414
1404.000000 0.000414
1405.000000 0.000415
1406.000000 0.000415
1407.000000 0.000415
1408.000000 0.000416
1409.000000 0.000417
1410.000000 0.000417
1411.000000 0.000417
1412.000000 0.000418
1413.000000 0.000418
1414.000000 0.000419
1415.000000 0.000419
1416.000000 0.000420
1417.000000 0.000420
1418.000000 0.000421
1419.000000 0.000421
1420.000000 0.000421
1421.000000 0.000422
1422.000000 0.000422
1423.000000 0.000423
1424.000000 0.000424
1425.000000 0.000424
1426.000000 0.000424
1427.000000 0.000425
1428.000000 0.000425
1429.000000 0.000426
1430.000000 0.000426
1431.000000 0.000427
1432.000000 0.000427
1433.000000 0.000427
1434.000000 0.000428
1435.000000 0.000429
1436.000000 0.000429
1437.000000 0.000429
1438.000000 0.000430
1439.000000 0.000430
1440.000000 0.000431
1441.000000 0.000431
1442.000000 0.000432
1443.000000 0.000432
1444.000000 0.000433
1445.000000 0.000433
1446.000000 0.000434
1447.000000 0.000434
1448.000000 0.000435
1449.000000 0.000435
1450.000000 0.000436
1451.000000 0.000436
1452.000000 0.000436
1453.000000 0.000437
1454.000000 0.000437
1455.000000 0.000438
1456.000000 0.000438
1457.000000 0.000438
1458.000000 0.000439
1459.000000 0.000440
1460.000000 0.000440
1461.000000 0.000440
1462.000000 0.000441
1463.000000 0.000441
1464.000000 0.000441
1465.000000 0.000442
1466.000000 0.000443
1467.000000 0.000443
1468.000000 0.000443
1469.000000 0.000444
1470.000000 0.000444
1471.000000 0.000445
1472.000000 0.000445
1473.000000 0.000446
1474.000000 0.000446
1475.000000 0.000447
1476.000000 0.000447
1477.000000 0.000448
1478.000000 0.000448
1479.000000 0.000448
1480.000000 0.000449
1481.000000 0.000450
1482.000000 0.000450
1483.000000 0.000450
1484.000000 0.000451
1485.000000 0.000451
1486.000000 0.000452
1487.000000 0.000452
1488.000000 0.000453
1489.000000 0.000453
1490.000000 0.000453
1491.000000 0.000454
1492.000000 0.000454
1493.000000 0.000454
1494.000000 0.000455
1495.000000 0.000455
1496.000000 0.000456
1497.000000 0.000456
1498.000000 0.000457
1499.000000 0.000457
1500.000000 0.000458
1501.000000 0.000458
1502.000000 0.000459
1503.000000 0.000459
1504.000000 0.000459
1505.000000 0.000460
1506.000000 0.000460
1507.000000 0.000461
1508.000000 0.000461
1509.000000 0.000462
1510.000000 0.000462
1511.000000 0.000463
1512.000000 0.000463
1513.000000 0.000463
1514.000000 0.000463
1515.000000 0.000464
1516.000000 0.000465
1517.000000 0.000465
1518.000000 0.000465
1519.000000 0.000466
1520.000000 0.000466
1521.000000 0.000467
1522.000000 0.000467
1523.000000 0.000467
1524.000000 0.000468
1525.000000 0.000468
1526.000000 0.000469
1527.000000 0.000469
1528.000000 0.000469
1529.000000 0.000470
1530.000000 0.000471
1531.000000 0.000471
1532.000000 0.000471
1533.000000 0.000472
1534.000000 0.000472
1535.000000 0.000473
1536.000000 0.000473
1537.000000 0.000473
1538.000000 0.000474
1539.000000 0.000474
1540.000000 0.000475
1541.000000 0.000475
1542.000000 0.000475
1543.000000 0.000476
1544.000000 0.000476
1545.000000 0.000476
1546.000000 0.000477
1547.000000 0.000477
1548.000000 0.000478
1549.000000 0.000478
1550.000000 0.000479
1551.000000 0.000479
1552.000000 0.000480
1553.000000 0.000480
1554.000000 0.000481
1555.000000 0.000481
1556.000000 0.000481
1557.000000 0.000481
1558.000000 0.000482
1559.000000 0.000482
1560.000000 0.000483
1561.000000 0.000483
1562.000000 0.000484
1563.000000 0.000484
1564.000000 0.000484
1565.000000 0.000485
1566.000000 0.000485
1567.000000 0.000485
1568.000000 0.000486
1569.000000 0.000486
1570.000000 0.000486
1571.000000 0.000487
1572.000000 0.000487
1573.000000 0.000488
1574.000000 0.000488
1575.000000 0.000489
1576.000000 0.000489
1577.000000 0.000490
1578.000000 0.000490
1579.000000 0.000490
1580.000000 0.000491
1581.000000 0.000491
1582.000000 0.000491
1583.000000 0.000492
1584.000000 0.000492
1585.000000 0.000493
1586.000000 0.000493
1587.000000 0.000493
1588.000000 0.000494
1589.000000 0.000494
1590.000000 0.000495
1591.000000 0.000495
1592.000000 0.000495
1593.000000 0.000496
1594.000000 0.000496
1595.000000 0.000496
1596.000000 0.000497
1597.000000 0.000497
1598.000000 0.000498
1599.000000 0.000498
1600.000000 0.000498
1601.000000 0.000498
1602.000000 0.000499
1603.000000 0.000499
1604.000000 0.000500
1605.000000 0.000500
1606.000000 0.000501
1607.000000 0.000501
1608.000000 0.000501
1609.000000 0.000501
1610.000000 0.000502
1611.000000 0.000502
1612.000000 0.000503
1613.000000 0.000503
1614.000000 0.000503
1615.000000 0.000504
1616.000000 0.000504
1617.000000 0.000505
1618.000000 0.000505
1619.000000 0.000505
1620.000000 0.000506
1621.000000 0.000506
1622.000000 0.000506
1623.000000 0.000507
1624.000000 0.000507
1625.000000 0.000508
1626.000000 0.000507
1627.000000 0.000509
1628.000000 0.000508
1629.000000 0.000509
1630.000000 0.000509
1631.000000 0.000510
1632.000000 0.000510
1633.000000 0.000510
1634.000000 0.000510
1635.000000 0.000511
1636.000000 0.000511
1637.000000 0.000512
1638.000000 0.000512
1639.000000 0.000513
1640.000000 0.000513
1641.000000 0.000513
1642.000000 0.000513
1643.000000 0.000514
1644.000000 0.000514
1645.000000 0.000514
1646.000000 0.000515
1647.000000 0.000515
1648.000000 0.000515
1649.000000 0.000516
1650.000000 0.000516
1651.000000 0.000516
1652.000000 0.000517
1653.000000 0.000517
1654.000000 0.000517
1655.000000 0.000518
1656.000000 0.000518
1657.000000 0.000518
1658.000000 0.000519
1659.000000 0.000519
1660.000000 0.000520
1661.000000 0.000520
1662.000000 0.000520
1663.000000 0.000521
1664.000000 0.000521
1665.000000 0.000521
1666.000000 0.000521
1667.000000 0.000522
1668.000000 0.000522
1669.000000 0.000523
1670.000000 0.000523
1671.000000 0.000523
1672.000000 0.000523
1673.000000 0.000524
1674.000000 0.000524
1675.000000 0.000524
1676.000000 0.000525
1677.000000 0.000526
1678.000000 0.000525
1679.000000 0.000526
1680.000000 0.000526
1681.000000 0.000526
1682.000000 0.000526
1683.000000 0.000527
1684.000000 0.000527
1685.000000 0.000528
1686.000000 0.000528
1687.000000 0.000528
1688.000000 0.000529
1689.000000 0.000529
1690.000000 0.000529
1691.000000 0.000530
1692.000000 0.000530
1693.000000 0.000530
1694.000000 0.000530
1695.000000 0.000531
1696.000000 0.000531
1697.000000 0.000531
1698.000000 0.000532
1699.000000 0.000532
1700.000000 0.000532
1701.000000 0.000532
1702.000000 0.000533
1703.000000 0.000533
1704.000000 0.000533
1705.000000 0.000534
1706.000000 0.000534
1707.000000 0.000534
1708.000000 0.000535
1709.000000 0.000535
1710.000000 0.000535
1711.000000 0.000536
1712.000000 0.000536
1713.000000 0.000536
1714.000000 0.000537
1715.000000 0.000537
1716.000000 0.000537
1717.000000 0.000537
1718.000000 0.000538
1719.000000 0.000538
1720.000000 0.000538
1721.000000 0.000538
1722.000000 0.000539
1723.000000 0.000539
1724.000000 0.000539
1725.000000 0.000540
1726.000000 0.000540
1727.000000 0.000540
1728.000000 0.000540
1729.000000 0.000540
1730.000000 0.000541
1731.000000 0.000541
1732.000000 0.000541
1733.000000 0.000542
1734.000000 0.000542
1735.000000 0.000542
1736.000000 0.000543
1737.000000 0.000543
1738.000000 0.000543
1739.000000 0.000544
1740.000000 0.000543
1741.000000 0.000544
1742.000000 0.000544
1743.000000 0.000545
1744.000000 0.000545
1745.000000 0.000545
1746.000000 0.000545
1747.000000 0.000546
1748.000000 0.000546
1749.000000 0.000546
1750.000000 0.000546
1751.000000 0.000546
1752.000000 0.000547
1753.000000 0.000547
1754.000000 0.000547
1755.000000 0.000548
1756.000000 0.000548
1757.000000 0.000548
1758.000000 0.000549
1759.000000 0.000548
1760.000000 0.000549
1761.000000 0.000549
1762.000000 0.000549
1763.000000 0.000549
1764.000000 0.000550
1765.000000 0.000550
1766.000000 0.000550
1767.000000 0.000550
1768.000000 0.000551
1769.000000 0.000551
1770.000000 0.000551
1771.000000 0.000551
1772.000000 0.000552
1773.000000 0.000552
1774.000000 0.000552
1775.000000 0.000552
1776.000000 0.000552
1777.000000 0.000553
1778.000000 0.000553
1779.000000 0.000553
1780.000000 0.000554
1781.000000 0.000554
1782.000000 0.000554
1783.000000 0.000554
1784.000000 0.000554
1785.000000 0.000555
1786.000000 0.000555
1787.000000 0.000555
1788.000000 0.000555
1789.000000 0.000556
1790.000000 0.000556
1791.000000 0.000556
1792.000000 0.000556
1793.000000 0.000557
1794.000000 0.000557
1795.000000 0.000557
1796.000000 0.000557
1797.000000 0.000557
1798.000000 0.000558
1799.000000 0.000558
1800.000000 0.000558
1801.000000 0.000558
1802.000000 0.000558
1803.000000 0.000558
1804.000000 0.000559
1805.000000 0.000559
1806.000000 0.000559
1807.000000 0.000559
1808.000000 0.000560
1809.000000 0.000560
1810.000000 0.000560
1811.000000 0.000560
1812.000000 0.000561
1813.000000 0.000560
1814.000000 0.000561
1815.000000 0.000561
1816.000000 0.000561
1817.000000 0.000562
1818.000000 0.000562
1819.000000 0.000562
1820.000000 0.000562
1821.000000 0.000562
1822.000000 0.000562
1823.000000 0.000563
1824.000000 0.000563
1825.000000 0.000563
1826.000000 0.000563
1827.000000 0.000563
1828.000000 0.000563
1829.000000 0.000564
1830.000000 0.000564
1831.000000 0.000564
1832.000000 0.000564
1833.000000 0.000564
1834.000000 0.000564
1835.000000 0.000565
1836.000000 0.000565
1837.000000 0.000565
1838.000000 0.000565
1839.000000 0.000566
1840.000000 0.000566
1841.000000 0.000566
1842.000000 0.000566
1843.000000 0.000566
1844.000000 0.000566
1845.000000 0.000566
1846.000000 0.000567
1847.000000 0.000567
1848.000000 0.000567
1849.000000 0.000567
1850.000000 0.000567
1851.000000 0.000567
1852.000000 0.000567
1853.000000 0.000568
1854.000000 0.000568
1855.000000 0.000568
1856.000000 0.000568
1857.000000 0.000568
1858.000000 0.000569
1859.000000 0.000569
1860.000000 0.000569
1861.000000 0.000569
1862.000000 0.000569
1863.000000 0.000569
1864.000000 0.000569
1865.000000 0.000569
1866.000000 0.000570
1867.000000 0.000570
1868.000000 0.000570
1869.000000 0.000570
1870.000000 0.000570
1871.000000 0.000570
1872.000000 0.000570
1873.000000 0.000571
1874.000000 0.000571
1875.000000 0.000571
1876.000000 0.000571
1877.000000 0.000571
1878.000000 0.000572
1879.000000 0.000571
1880.000000 0.000572
1881.000000 0.000572
1882.000000 0.000572
1883.000000 0.000572
1884.000000 0.000572
1885.000000 0.000572
1886.000000 0.000573
1887.000000 0.000572
1888.000000 0.000573
1889.000000 0.000573
1890.000000 0.000573
1891.000000 0.000573
1892.000000 0.000573
1893.000000 0.000573
1894.000000 0.000573
1895.000000 0.000574
1896.000000 0.000573
1897.000000 0.000574
1898.000000 0.000574
1899.000000 0.000574
1900.000000 0.000574
1901.000000 0.000575
1902.000000 0.000574
1903.000000 0.000574
1904.000000 0.000574
1905.000000 0.000575
1906.000000 0.000574
1907.000000 0.000575
1908.000000 0.000575
1909.000000 0.000575
1910.000000 0.000575
1911.000000 0.000575
1912.000000 0.000575
1913.000000 0.000575
1914.000000 0.000576
1915.000000 0.000575
1916.000000 0.000576
1917.000000 0.000576
1918.000000 0.000576
1919.000000 0.000576
1920.000000 0.000576
1921.000000 0.000576
1922.000000 0.000576
1923.000000 0.000576
1924.000000 0.000577
1925.000000 0.000576
1926.000000 0.000577
1927.000000 0.000576
1928.000000 0.000577
1929.000000 0.000577
1930.000000 0.000577
1931.000000 0.000577
1932.000000 0.000577
1933.000000 0.000577
1934.000000 0.000577
1935.000000 0.000577
1936.000000 0.000577
1937.000000 0.000577
1938.000000 0.000577
1939.000000 0.000578
1940.000000 0.000577
1941.000000 0.000578
1942.000000 0.000578
1943.000000 0.000578
1944.000000 0.000578
1945.000000 0.000578
1946.000000 0.000578
1947.000000 0.000578
1948.000000 0.000578
1949.000000 0.000578
1950.000000 0.000578
1951.000000 0.000578
1952.000000 0.000578
1953.000000 0.000578
1954.000000 0.000578
1955.000000 0.000578
1956.000000 0.000578
1957.000000 0.000578
1958.000000 0.000579
1959.000000 0.000578
1960.000000 0.000579
1961.000000 0.000578
1962.000000 0.000579
1963.000000 0.000579
1964.000000 0.000579
1965.000000 0.000579
1966.000000 0.000579
1967.000000 0.000579
1968.000000 0.000579
1969.000000 0.000579
1970.000000 0.000579
1971.000000 0.000579
1972.000000 0.000579
1973.000000 0.000579
1974.000000 0.000579
1975.000000 0.000579
1976.000000 0.000579
1977.000000 0.000579
1978.000000 0.000579
1979.000000 0.000579
1980.000000 0.000579
1981.000000 0.000579
1982.000000 0.000579
1983.000000 0.000579
1984.000000 0.000579
1985.000000 0.000579
1986.000000 0.000579
1987.000000 0.000579
1988.000000 0.000579
1989.000000 0.000579
1990.000000 0.000579
1991.000000 0.000579
1992.000000 0.000580
1993.000000 0.000579
1994.000000 0.000579
1995.000000 0.000580
1996.000000 0.000580
1997.000000 0.000579
1998.000000 0.000580
1999.000000 0.000579
2000.000000 0.000579
2001.000000 0.000580
2002.000000 0.000580
2003.000000 0.000579
2004.000000 0.000580
2005.000000 0.000579
2006.000000 0.000579
2007.000000 0.000579
2008.000000 0.000579
2009.000000 0.000579
2010.000000 0.000579
2011.000000 0.000580
2012.000000 0.000579
2013.000000 0.000579
2014.000000 0.000579
2015.000000 0.000580
2016.000000 0.000579
2017.000000 0.000579
2018.000000 0.000579
2019.000000 0.000579
2020.000000 0.000579
2021.000000 0.000579
2022.000000 0.000579
2023.000000 0.000579
2024.000000 0.000579
2025.000000 0.000579
2026.000000 0.000579
2027.000000 0.000579
2028.000000 0.000579
2029.000000 0.000579
2030.000000 0.000579
2031.000000 0.000579
2032.000000 0.000579
2033.000000 0.000579
2034.000000 0.000579
2035.000000 0.000579
2036.000000 0.000579
2037.000000 0.000579
2038.000000 0.000579
2039.000000 0.000578
2040.000000 0.000579
2041.000000 0.000578
2042.000000 0.000579
2043.000000 0.000578
2044.000000 0.000579
2045.000000 0.000578
2046.000000 0.000578
2047.000000 0.000578
2048.000000 0.000578
2049.000000 0.000578
2050.000000 0.000578
2051.000000 0.000578
2052.000000 0.000578
2053.000000 0.000578
2054.000000 0.000578
2055.000000 0.000578
2056.000000 0.000577
2057.000000 0.000578
2058.000000 0.000578
2059.000000 0.000578
2060.000000 0.000577
2061.000000 0.000578
2062.000000 0.000577
2063.000000 0.000578
2064.000000 0.000577
2065.000000 0.000577
2066.000000 0.000577
2067.000000 0.000577
2068.000000 0.000577
2069.000000 0.000577
2070.000000 0.000577
2071.000000 0.000577
2072.000000 0.000577
2073.000000 0.000577
2074.000000 0.000577
2075.000000 0.000576
2076.000000 0.000577
2077.000000 0.000576
2078.000000 0.000576
2079.000000 0.000576
2080.000000 0.000576
2081.000000 0.000576
2082.000000 0.000576
2083.000000 0.000576
2084.000000 0.000576
2085.000000 0.000576
2086.000000 0.000576
2087.000000 0.000575
2088.000000 0.000575
2089.000000 0.000575
2090.000000 0.000575
2091.000000 0.000575
2092.000000 0.000575
2093.000000 0.000575
2094.000000 0.000575
2095.000000 0.000574
2096.000000 0.000575
2097.000000 0.000575
2098.000000 0.000574
2099.000000 0.000574
2100.000000 0.000574
2101.000000 0.000574
2102.000000 0.000574
2103.000000 0.000574
2104.000000 0.000574
2105.000000 0.000574
2106.000000 0.000573
2107.000000 0.000573
2108.000000 0.000573
2109.000000 0.000573
2110.000000 0.000573
2111.000000 0.000573
2112.000000 0.000573
2113.000000 0.000573
2114.000000 0.000572
2115.000000 0.000572
2116.000000 0.000572
2117.000000 0.000572
2118.000000 0.000572
2119.000000 0.000572
2120.000000 0.000572
2121.000000 0.000572
2122.000000 0.000572
2123.000000 0.000571
2124.000000 0.000571
2125.000000 0.000571
2126.000000 0.000571
2127.000000 0.000571
2128.000000 0.000571
2129.000000 0.000571
2130.000000 0.000570
2131.000000 0.000570
2132.000000 0.000570
2133.000000 0.000570
2134.000000 0.000570
2135.000000 0.000570
2136.000000 0.000570
2137.000000 0.000569
2138.000000 0.000569
2139.000000 0.000569
2140.000000 0.000569
2141.000000 0.000569
2142.000000 0.000569
2143.000000 0.000568
2144.000000 0.000569
2145.000000 0.000568
2146.000000 0.000568
2147.000000 0.000568
2148.000000 0.000568
2149.000000 0.000568
2150.000000 0.000568
2151.000000 0.000567
2152.000000 0.000567
2153.000000 0.000567
2154.000000 0.000567
2155.000000 0.000567
2156.000000 0.000566
2157.000000 0.000566
2158.000000 0.000566
2159.000000 0.000566
2160.000000 0.000566
2161.000000 0.000566
2162.000000 0.000565
2163.000000 0.000566
2164.000000 0.000565
2165.000000 0.000565
2166.000000 0.000565
2167.000000 0.000565
2168.000000 0.000564
2169.000000 0.000564
2170.000000 0.000564
2171.000000 0.000564
2172.000000 0.000564
2173.000000 0.000564
2174.000000 0.000563
2175.000000 0.000563
2176.000000 0.000563
2177.000000 0.000563
2178.000000 0.000562
2179.000000 0.000563
2180.000000 0.000562
2181.000000 0.000562
2182.000000 0.000562
2183.000000 0.000561
2184.000000 0.000561
2185.000000 0.000561
2186.000000 0.000561
2187.000000 0.000561
2188.000000 0.000561
2189.000000 0.000560
2190.000000 0.000560
2191.000000 0.000560
2192.000000 0.000560
2193.000000 0.000560
2194.000000 0.000560
2195.000000 0.000559
2196.000000 0.000559
2197.000000 0.000559
2198.000000 0.000559
2199.000000 0.000558
2200.000000 0.000558
2201.000000 0.000558
2202.000000 0.000558
2203.000000 0.000557
2204.000000 0.000558
2205.000000 0.000557
2206.000000 0.000557
2207.000000 0.000557
2208.000000 0.000556
2209.000000 0.000556
2210.000000 0.000556
2211.000000 0.000556
2212.000000 0.000556
2213.000000 0.000555
2214.000000 0.000555
2215.000000 0.000555
2216.000000 0.000555
2217.000000 0.000555
2218.000000 0.000554
2219.000000 0.000554
2220.000000 0.000554
2221.000000 0.000553
2222.000000 0.000553
2223.000000 0.000553
2224.000000 0.000553
2225.000000 0.000553
2226.000000 0.000552
2227.000000 0.000552
2228.000000 0.000552
2229.000000 0.000552
2230.000000 0.000551
2231.000000 0.000551
2232.000000 0.000551
2233.000000 0.000551
2234.000000 0.000550
2235.000000 0.000550
2236.000000 0.000550
2237.000000 0.000550
2238.000000 0.000550
2239.000000 0.000549
2240.000000 0.000549
2241.000000 0.000549
2242.000000 0.000549
2243.000000 0.000548
2244.000000 0.000548
2245.000000 0.000548
2246.000000 0.000547
2247.000000 0.000547
2248.000000 0.000547
2249.000000 0.000547
2250.000000 0.000547
2251.000000 0.000546
2252.000000 0.000546
2253.000000 0.000546
2254.000000 0.000546
2255.000000 0.000545
2256.000000 0.000545
2257.000000 0.000544
2258.000000 0.000545
2259.000000 0.000544
2260.000000 0.000544
2261.000000 0.000544
2262.000000 0.000543
2263.000000 0.000543
2264.000000 0.000543
2265.000000 0.000542
2266.000000 0.000542
2267.000000 0.000542
2268.000000 0.000542
2269.000000 0.000542
2270.000000 0.000541
2271.000000 0.000541
2272.000000 0.000541
2273.000000 0.000541
2274.000000 0.000540
2275.000000 0.000540
2276.000000 0.000539
2277.000000 0.000539
2278.000000 0.000539
2279.000000 0.000539
2280.000000 0.000538
2281.000000 0.000538
2282.000000 0.000538
2283.000000 0.000538
2284.000000 0.000537
2285.000000 0.000537
2286.000000 0.000537
2287.000000 0.000537
2288.000000 0.000536
2289.000000 0.000536
2290.000000 0.000536
2291.000000 0.000535
2292.000000 0.000535
2293.000000 0.000535
2294.000000 0.000534
2295.000000 0.000534
2296.000000 0.000534
2297.000000 0.000533
2298.000000 0.000533
2299.000000 0.000533
2300.000000 0.000533
2301.000000 0.000532
2302.000000 0.000532
2303.000000 0.000532
2304.000000 0.000532
2305.000000 0.000531
2306.000000 0.000531
2307.000000 0.000530
2308.000000 0.000530
2309.000000 0.000530
2310.000000 0.000529
2311.000000 0.000529
2312.000000 0.000529
2313.000000 0.000529
2314.000000 0.000528
2315.000000 0.000528
2316.000000 0.000528
2317.000000 0.000527
2318.000000 0.000527
2319.000000 0.000527
2320.000000 0.000527
2321.000000 0.000526
2322.000000 0.000526
2323.000000 0.000526
2324.000000 0.000525
2325.000000 0.000525
2326.000000 0.000524
2327.000000 0.000524
2328.000000 0.000524
2329.000000 0.000523
2330.000000 0.000523
2331.000000 0.000523
2332.000000 0.000522
2333.000000 0.000522
2334.000000 0.000522
2335.000000 0.000521
2336.000000 0.000521
2337.000000 0.000521
2338.000000 0.000520
2339.000000 0.000521
2340.000000 0.000520
2341.000000 0.000520
2342.000000 0.000519
2343.000000 0.000519
2344.000000 0.000518
2345.000000 0.000518
2346.000000 0.000518
2347.000000 0.000518
2348.000000 0.000517
2349.000000 0.000517
2350.000000 0.000517
2351.000000 0.000516
2352.000000 0.000516
2353.000000 0.000516
2354.000000 0.000515
2355.000000 0.000515
2356.000000 0.000515
2357.000000 0.000514
2358.000000 0.000514
2359.000000 0.000513
2360.000000 0.000513
2361.000000 0.000513
2362.000000 0.000513
2363.000000 0.000512
2364.000000 0.000512
2365.000000 0.000511
2366.000000 0.000511
2367.000000 0.000510
2368.000000 0.000511
2369.000000 0.000510
2370.000000 0.000510
2371.000000 0.000509
2372.000000 0.000509
2373.000000 0.000508
2374.000000 0.000508
2375.000000 0.000507
2376.000000 0.000508
2377.000000 0.000507
2378.000000 0.000507
2379.000000 0.000506
2380.000000 0.000506
2381.000000 0.000506
2382.000000 0.000505
2383.000000 0.000505
2384.000000 0.000505
2385.000000 0.000505
2386.000000 0.000503
2387.000000 0.000504
2388.000000 0.000503
2389.000000 0.000503
2390.000000 0.000502
2391.000000 0.000502
2392.000000 0.000502
2393.000000 0.000502
2394.000000 0.000500
2395.000000 0.000501
2396.000000 0.000500
2397.000000 0.000500
2398.000000 0.000499
2399.000000 0.000499
2400.000000 0.000498
2401.000000 0.000498
2402.000000 0.000498
2403.000000 0.000497
2404.000000 0.000498
2405.000000 0.000496
2406.000000 0.000497
2407.000000 0.000496
2408.000000 0.000496
2409.000000 0.000495
2410.000000 0.000495
2411.000000 0.000494
2412.000000 0.000494
2413.000000 0.000493
2414.000000 0.000493
2415.000000 0.000493
2416.000000 0.000492
2417.000000 0.000492
2418.000000 0.000492
2419.000000 0.000491
2420.000000 0.000491
2421.000000 0.000491
2422.000000 0.000490
2423.000000 0.000490
2424.000000 0.000489
2425.000000 0.000489
2426.000000 0.000489
2427.000000 0.000488
2428.000000 0.000488
2429.000000 0.000488
2430.000000 0.000487
2431.000000 0.000487
2432.000000 0.000486
2433.000000 0.000486
2434.000000 0.000486
2435.000000 0.000485
2436.000000 0.000484
2437.000000 0.000485
2438.000000 0.000483
2439.000000 0.000484
2440.000000 0.000483
2441.000000 0.000483
2442.000000 0.000483
2443.000000 0.000482
2444.000000 0.000481
2445.000000 0.000481
2446.000000 0.000481
2447.000000 0.000480
2448.000000 0.000480
2449.000000 0.000480
2450.000000 0.000479
2451.000000 0.000478
2452.000000 0.000478
2453.000000 0.000478
2454.000000 0.000477
2455.000000 0.000477
2456.000000 0.000476
2457.000000 0.000476
2458.000000 0.000476
2459.000000 0.000476
2460.000000 0.000475
2461.000000 0.000475
2462.000000 0.000474
2463.000000 0.000474
2464.000000 0.000473
2465.000000 0.000473
2466.000000 0.000472
2467.000000 0.000472
2468.000000 0.000472
2469.000000 0.000471
2470.000000 0.000471
2471.000000 0.000471
2472.000000 0.000470
2473.000000 0.000469
2474.000000 0.000469
2475.000000 0.000469
2476.000000 0.000468
2477.000000 0.000468
2478.000000 0.000468
2479.000000 0.000467
2480.000000 0.000467
2481.000000 0.000466
2482.000000 0.000466
2483.000000 0.000465
2484.000000 0.000465
2485.000000 0.000464
2486.000000 0.000464
2487.000000 0.000464
2488.000000 0.000463
2489.000000 0.000463
2490.000000 0.000463
2491.000000 0.000462
2492.000000 0.000461
2493.000000 0.000461
2494.000000 0.000460
2495.000000 0.000460
2496.000000 0.000460
2497.000000 0.000460
2498.000000 0.000459
2499.000000 0.000459
2500.000000 0.000457
2501.000000 0.000458
2502.000000 0.000457
2503.000000 0.000457
2504.000000 0.000456
2505.000000 0.000456
2506.000000 0.000455
2507.000000 0.000455
2508.000000 0.000454
2509.000000 0.000454
2510.000000 0.000454
2511.000000 0.000453
2512.000000 0.000453
2513.000000 0.000452
2514.000000 0.000452
2515.000000 0.000452
2516.000000 0.000451
2517.000000 0.000450
2518.000000 0.000451
2519.000000 0.000449
2520.000000 0.000449
2521.000000 0.000449
2522.000000 0.000449
2523.000000 0.000448
2524.000000 0.000448
2525.000000 0.000447
2526.000000 0.000447
2527.000000 0.000446
2528.000000 0.000446
2529.000000 0.000446
2530.000000 0.000445
2531.000000 0.000444
2532.000000 0.000444
2533.000000 0.000443
2534.000000 0.000443
2535.000000 0.000443
2536.000000 0.000442
2537.000000 0.000442
2538.000000 0.000441
2539.000000 0.000441
2540.000000 0.000441
2541.000000 0.000440
2542.000000 0.000439
2543.000000 0.000439
2544.000000 0.000438
2545.000000 0.000438
2546.000000 0.000438
2547.000000 0.000438
2548.000000 0.000437
2549.000000 0.000436
2550.000000 0.000435
2551.000000 0.000436
2552.000000 0.000435
2553.000000 0.000435
2554.000000 0.000434
2555.000000 0.000434
2556.000000 0.000433
2557.000000 0.000432
2558.000000 0.000432
2559.000000 0.000432
2560.000000 0.000431
2561.000000 0.000431
2562.000000 0.000430
2563.000000 0.000430
2564.000000 0.000429
2565.000000 0.000429
2566.000000 0.000429
2567.000000 0.000428
2568.000000 0.000428
2569.000000 0.000427
2570.000000 0.000427
2571.000000 0.000426
2572.000000 0.000426
2573.000000 0.000425
2574.000000 0.000425
2575.000000 0.000424
2576.000000 0.000424
2577.000000 0.000423
2578.000000 0.000423
2579.000000 0.000423
2580.000000 0.000422
2581.000000 0.000421
2582.000000 0.000421
2583.000000 0.000421
2584.000000 0.000420
2585.000000 0.000420
2586.000000 0.000419
2587.000000 0.000419
2588.000000 0.000418
2589.000000 0.000418
2590.000000 0.000418
2591.000000 0.000417
2592.000000 0.000417
2593.000000 0.000416
2594.000000 0.000415
2595.000000 0.000415
2596.000000 0.000415
2597.000000 0.000414
2598.000000 0.000414
2599.000000 0.000413
2600.000000 0.000412
2601.000000 0.000412
2602.000000 0.000412
2603.000000 0.000411
2604.000000 0.000411
2605.000000 0.000411
2606.000000 0.000410
2607.000000 0.000409
2608.000000 0.000409
2609.000000 0.000409
2610.000000 0.000408
2611.000000 0.000408
2612.000000 0.000407
2613.000000 0.000406
2614.000000 0.000406
2615.000000 0.000406
2616.000000 0.000405
2617.000000 0.000405
2618.000000 0.000404
2619.000000 0.000403
2620.000000 0.000403
2621.000000 0.000403
2622.000000 0.000402
2623.000000 0.000402
2624.000000 0.000402
2625.000000 0.000401
2626.000000 0.000400
2627.000000 0.000400
2628.000000 0.000399
2629.000000 0.000399
2630.000000 0.000399
2631.000000 0.000398
2632.000000 0.000397
2633.000000 0.000397
2634.000000 0.000397
2635.000000 0.000396
2636.000000 0.000396
2637.000000 0.000395
2638.000000 0.000394
2639.000000 0.000394
2640.000000 0.000394
2641.000000 0.000393
2642.000000 0.000393
2643.000000 0.000392
2644.000000 0.000391
2645.000000 0.000391
2646.000000 0.000391
2647.000000 0.000390
2648.000000 0.000390
2649.000000 0.000389
2650.000000 0.000389
2651.000000 0.000388
2652.000000 0.000388
2653.000000 0.000387
2654.000000 0.000387
2655.000000 0.000386
2656.000000 0.000386
2657.000000 0.000385
2658.000000 0.000385
2659.000000 0.000385
2660.000000 0.000384
2661.000000 0.000384
2662.000000 0.000383
2663.000000 0.000382
2664.000000 0.000382
2665.000000 0.000382
2666.000000 0.000381
2667.000000 0.000381
2668.000000 0.000380
2669.000000 0.000379
2670.000000 0.000379
2671.000000 0.000379
2672.000000 0.000378
2673.000000 0.000378
2674.000000 0.000377
2675.000000 0.000376
2676.000000 0.000376
2677.000000 0.000376
2678.000000 0.000375
2679.000000 0.000374
2680.000000 0.000374
2681.000000 0.000374
2682.000000 0.000373
2683.000000 0.000373
2684.000000 0.000372
2685.000000 0.000372
2686.000000 0.000371
2687.000000 0.000371
2688.000000 0.000370
2689.000000 0.000370
2690.000000 0.000369
2691.000000 0.000369
2692.000000 0.000368
2693.000000 0.000368
2694.000000 0.000367
2695.000000 0.000367
2696.000000 0.000367
2697.000000 0.000366
2698.000000 0.000365
2699.000000 0.000365
2700.000000 0.000364
2701.000000 0.000364
2702.000000 0.000363
2703.000000 0.000363
2704.000000 0.000362
2705.000000 0.000362
2706.000000 0.000361
2707.000000 0.000361
2708.000000 0.000360
2709.000000 0.000360
2710.000000 0.000359
2711.000000 0.000359
2712.000000 0.000358
2713.000000 0.000358
2714.000000 0.000357
2715.000000 0.000357
2716.000000 0.000356
2717.000000 0.000356
2718.000000 0.000356
2719.000000 0.000355
2720.000000 0.000354
2721.000000 0.000354
2722.000000 0.000353
2723.000000 0.000353
2724.000000 0.000353
2725.000000 0.000352
2726.000000 0.000351
2727.000000 0.000351
2728.000000 0.000351
2729.000000 0.000350
2730.000000 0.000350
2731.000000 0.000349
2732.000000 0.000348
2733.000000 0.000348
2734.000000 0.000348
2735.000000 0.000347
2736.000000 0.000347
2737.000000 0.000346
2738.000000 0.000345
2739.000000 0.000345
2740.000000 0.000345
2741.000000 0.000344
2742.000000 0.000344
2743.000000 0.000343
2744.000000 0.000342
2745.000000 0.000342
2746.000000 0.000342
2747.000000 0.000341
2748.000000 0.000341
2749.000000 0.000340
2750.000000 0.000340
2751.000000 0.000339
2752.000000 0.000339
2753.000000 0.000338
2754.000000 0.000338
2755.000000 0.000337
2756.000000 0.000337
2757.000000 0.000336
2758.000000 0.000336
2759.000000 0.000335
2760.000000 0.000335
2761.000000 0.000334
2762.000000 0.000334
2763.000000 0.000333
2764.000000 0.000333
2765.000000 0.000332
2766.000000 0.000332
2767.000000 0.000331
2768.000000 0.000331
2769.000000 0.000330
2770.000000 0.000330
2771.000000 0.000329
2772.000000 0.000329
2773.000000 0.000328
2774.000000 0.000328
2775.000000 0.000327
2776.000000 0.000327
2777.000000 0.000326
2778.000000 0.000326
2779.000000 0.000325
2780.000000 0.000325
2781.000000 0.000324
2782.000000 0.000324
2783.000000 0.000323
2784.000000 0.000323
2785.000000 0.000322
2786.000000 0.000322
2787.000000 0.000321
2788.000000 0.000321
2789.000000 0.000320
2790.000000 0.000320
2791.000000 0.000319
2792.000000 0.000319
2793.000000 0.000318
2794.000000 0.000318
2795.000000 0.000317
2796.000000 0.000317
2797.000000 0.000316
2798.000000 0.000316
2799.000000 0.000315
2800.000000 0.000315
2801.000000 0.000314
2802.000000 0.000314
2803.000000 0.000313
2804.000000 0.000313
2805.000000 0.000312
2806.000000 0.000312
2807.000000 0.000311
2808.000000 0.000311
2809.000000 0.000311
2810.000000 0.000310
2811.000000 0.000309
2812.000000 0.000309
2813.000000 0.000308
2814.000000 0.000308
2815.000000 0.000308
2816.000000 0.000307
2817.000000 0.000306
2818.000000 0.000306
2819.000000 0.000305
2820.000000 0.000305
2821.000000 0.000305
2822.000000 0.000304
2823.000000 0.000304
2824.000000 0.000303
2825.000000 0.000303
2826.000000 0.000302
2827.000000 0.000302
2828.000000 0.000301
2829.000000 0.000300
2830.000000 0.000300
2831.000000 0.000300
2832.000000 0.000299
2833.000000 0.000299
2834.000000 0.000298
2835.000000 0.000297
2836.000000 0.000297
2837.000000 0.000296
2838.000000 0.000296
2839.000000 0.000296
2840.000000 0.000295
2841.000000 0.000295
2842.000000 0.000294
2843.000000 0.000294
2844.000000 0.000293
2845.000000 0.000293
2846.000000 0.000292
2847.000000 0.000292
2848.000000 0.000291
2849.000000 0.000291
2850.000000 0.000290
2851.000000 0.000290
2852.000000 0.000289
2853.000000 0.000289
2854.000000 0.000288
2855.000000 0.000288
2856.000000 0.000287
2857.000000 0.000287
2858.000000 0.000286
2859.000000 0.000286
2860.000000 0.000285
2861.000000 0.000285
2862.000000 0.000284
2863.000000 0.000284
2864.000000 0.000283
2865.000000 0.000283
2866.000000 0.000282
2867.000000 0.000282
2868.000000 0.000281
2869.000000 0.000281
2870.000000 0.000280
2871.000000 0.000280
2872.000000 0.000279
2873.000000 0.000279
2874.000000 0.000278
2875.000000 0.000278
2876.000000 0.000277
2877.000000 0.000277
2878.000000 0.000276
2879.000000 0.000276
2880.000000 0.000276
2881.000000 0.000275
2882.000000 0.000274
2883.000000 0.000274
2884.000000 0.000274
2885.000000 0.000273
2886.000000 0.000273
2887.000000 0.000272
2888.000000 0.000271
2889.000000 0.000271
2890.000000 0.000271
2891.000000 0.000270
2892.000000 0.000270
2893.000000 0.000269
2894.000000 0.000269
2895.000000 0.000268
2896.000000 0.000268
2897.000000 0.000267
2898.000000 0.000267
2899.000000 0.000266
2900.000000 0.000266
2901.000000 0.000265
2902.000000 0.000265
2903.000000 0.000264
2904.000000 0.000264
2905.000000 0.000264
2906.000000 0.000263
2907.000000 0.000262
2908.000000 0.000262
2909.000000 0.000261
2910.000000 0.000261
2911.000000 0.000261
2912.000000 0.000260
2913.000000 0.000259
2914.000000 0.000259
2915.000000 0.000259
2916.000000 0.000258
2917.000000 0.000258
2918.000000 0.000257
2919.000000 0.000256
2920.000000 0.000256
2921.000000 0.000256
2922.000000 0.000255
2923.000000 0.000255
2924.000000 0.000254
2925.000000 0.000254
2926.000000 0.000253
2927.000000 0.000253
2928.000000 0.000252
2929.000000 0.000252
2930.000000 0.000251
2931.000000 0.000251
2932.000000 0.000250
2933.000000 0.000250
2934.000000 0.000249
2935.000000 0.000249
2936.000000 0.000248
2937.000000 0.000248
2938.000000 0.000247
2939.000000 0.000247
2940.000000 0.000247
2941.000000 0.000246
2942.000000 0.000246
2943.000000 0.000245
2944.000000 0.000245
2945.000000 0.000244
2946.000000 0.000244
2947.000000 0.000243
2948.000000 0.000243
2949.000000 0.000242
2950.000000 0.000242
2951.000000 0.000241
2952.000000 0.000241
2953.000000 0.000240
2954.000000 0.000240
2955.000000 0.000239
2956.000000 0.000239
2957.000000 0.000238
2958.000000 0.000238
2959.000000 0.000238
2960.000000 0.000237
2961.000000 0.000237
2962.000000 0.000236
2963.000000 0.000236
2964.000000 0.000235
2965.000000 0.000235
2966.000000 0.000234
2967.000000 0.000234
2968.000000 0.000233
2969.000000 0.000233
2970.000000 0.000232
2971.000000 0.000232
2972.000000 0.000231
2973.000000 0.000231
2974.000000 0.000230
2975.000000 0.000230
2976.000000 0.000230
2977.000000 0.000229
2978.000000 0.000229
2979.000000 0.000228
2980.000000 0.000228
2981.000000 0.000227
2982.000000 0.000227
2983.000000 0.000226
2984.000000 0.000226
2985.000000 0.000225
2986.000000 0.000225
2987.000000 0.000224
2988.000000 0.000224
2989.000000 0.000224
2990.000000 0.000223
2991.000000 0.000222
2992.000000 0.000222
2993.000000 0.000222
2994.000000 0.000221
2995.000000 0.000221
2996.000000 0.000220
2997.000000 0.000220
2998.000000 0.000219
2999.000000 0.000219
3000.000000 0.000218
3001.000000 0.000218
3002.000000 0.000217
3003.000000 0.000217
3004.000000 0.000216
3005.000000 0.000216
3006.000000 0.000216
3007.000000 0.000215
3008.000000 0.000215
3009.000000 0.000214
3010.000000 0.000214
3011.000000 0.000213
3012.000000 0.000213
3013.000000 0.000212
3014.000000 0.000212
3015.000000 0.000211
3016.000000 0.000211
3017.000000 0.000211
3018.000000 0.000210
3019.000000 0.000210
3020.000000 0.000209
3021.000000 0.000209
3022.000000 0.000208
3023.000000 0.000208
3024.000000 0.000207
3025.000000 0.000207
3026.000000 0.000206
3027.000000 0.000206
3028.000000 0.000205
3029.000000 0.000205
3030.000000 0.000205
3031.000000 0.000204
3032.000000 0.000204
3033.000000 0.000203
3034.000000 0.000203
3035.000000 0.000202
3036.000000 0.000202
3037.000000 0.000201
3038.000000 0.000201
3039.000000 0.000201
3040.000000 0.000200
3041.000000 0.000200
3042.000000 0.000199
3043.000000 0.000199
3044.000000 0.000198
3045.000000 0.000198
3046.000000 0.000197
3047.000000 0.000197
3048.000000 0.000196
3049.000000 0.000196
3050.000000 0.000196
3051.000000 0.000195
3052.000000 0.000195
3053.000000 0.000194
3054.000000 0.000194
3055.000000 0.000193
3056.000000 0.000193
3057.000000 0.000193
3058.000000 0.000192
3059.000000 0.000192
3060.000000 0.000191
3061.000000 0.000191
3062.000000 0.000190
3063.000000 0.000190
3064.000000 0.000190
3065.000000 0.000189
3066.000000 0.000188
3067.000000 0.000188
3068.000000 0.000188
3069.000000 0.000187
3070.000000 0.000187
3071.000000 0.000186
3072.000000 0.000186
3073.000000 0.000185
3074.000000 0.000185
3075.000000 0.000184
3076.000000 0.000184
3077.000000 0.000184
3078.000000 0.000183
3079.000000 0.000183
3080.000000 0.000182
3081.000000 0.000182
3082.000000 0.000182
3083.000000 0.000181
3084.000000 0.000181
3085.000000 0.000180
3086.000000 0.000180
3087.000000 0.000179
3088.000000 0.000179
3089.000000 0.000179
3090.000000 0.000178
3091.000000 0.000177
3092.000000 0.000177
3093.000000 0.000177
3094.000000 0.000176
3095.000000 0.000176
3096.000000 0.000175
3097.000000 0.000175
3098.000000 0.000174
3099.000000 0.000174
3100.000000 0.000174
3101.000000 0.000173
3102.000000 0.000173
3103.000000 0.000172
3104.000000 0.000172
3105.000000 0.000172
3106.000000 0.000171
3107.000000 0.000171
3108.000000 0.000170
3109.000000 0.000170
3110.000000 0.000169
3111.000000 0.000169
3112.000000 0.000168
3113.000000 0.000168
3114.000000 0.000168
3115.000000 0.000167
3116.000000 0.000167
3117.000000 0.000166
3118.000000 0.000166
3119.000000 0.000165
3120.000000 0.000165
3121.000000 0.000165
3122.000000 0.000164
3123.000000 0.000164
3124.000000 0.000163
3125.000000 0.000163
3126.000000 0.000163
3127.000000 0.000162
3128.000000 0.000162
3129.000000 0.000161
3130.000000 0.000161
3131.000000 0.000160
3132.000000 0.000160
3133.000000 0.000160
3134.000000 0.000159
3135.000000 0.000159
3136.000000 0.000158
3137.000000 0.000158
3138.000000 0.000157
3139.000000 0.000157
3140.000000 0.000157
3141.000000 0.000156
3142.000000 0.000156
3143.000000 0.000155
3144.000000 0.000155
3145.000000 0.000155
3146.000000 0.000154
3147.000000 0.000154
3148.000000 0.000153
3149.000000 0.000153
3150.000000 0.000152
3151.000000 0.000152
3152.000000 0.000152
3153.000000 0.000151
3154.000000 0.000151
3155.000000 0.000151
3156.000000 0.000150
3157.000000 0.000150
3158.000000 0.000149
3159.000000 0.000149
3160.000000 0.000148
3161.000000 0.000148
3162.000000 0.000148
3163.000000 0.000147
3164.000000 0.000147
3165.000000 0.000146
3166.000000 0.000146
3167.000000 0.000145
3168.000000 0.000145
3169.000000 0.000145
3170.000000 0.000144
3171.000000 0.000144
3172.000000 0.000143
3173.000000 0.000143
3174.000000 0.000143
3175.000000 0.000142
3176.000000 0.000142
3177.000000 0.000141
3178.000000 0.000141
3179.000000 0.000141
3180.000000 0.000140
3181.000000 0.000140
3182.000000 0.000140
3183.000000 0.000139
3184.000000 0.000139
3185.000000 0.000138
3186.000000 0.000138
3187.000000 0.000137
3188.000000 0.000137
3189.000000 0.000137
3190.000000 0.000136
3191.000000 0.000136
3192.000000 0.000135
3193.000000 0.000135
3194.000000 0.000135
3195.000000 0.000134
3196.000000 0.000134
3197.000000 0.000133
3198.000000 0.000133
3199.000000 0.000133
3200.000000 0.000132
3201.000000 0.000132
3202.000000 0.000131
3203.000000 0.000131
3204.000000 0.000131
3205.000000 0.000130
3206.000000 0.000130
3207.000000 0.000130
3208.000000 0.000129
3209.000000 0.000129
3210.000000 0.000128
3211.000000 0.000128
3212.000000 0.000128
3213.000000 0.000127
3214.000000 0.000127
3215.000000 0.000126
3216.000000 0.000126
3217.000000 0.000126
3218.000000 0.000125
3219.000000 0.000125
3220.000000 0.000124
3221.000000 0.000124
3222.000000 0.000124
3223.000000 0.000123
3224.000000 0.000123
3225.000000 0.000122
3226.000000 0.000122
3227.000000 0.000122
3228.000000 0.000121
3229.000000 0.000121
3230.000000 0.000121
3231.000000 0.000120
3232.000000 0.000120
3233.000000 0.000119
3234.000000 0.000119
3235.000000 0.000119
3236.000000 0.000118
3237.000000 0.000118
3238.000000 0.000118
3239.000000 0.000117
3240.000000 0.000117
3241.000000 0.000116
3242.000000 0.000116
3243.000000 0.000116
3244.000000 0.000115
3245.000000 0.000115
3246.000000 0.000115
3247.000000 0.000114
3248.000000 0.000114
3249.000000 0.000113
3250.000000 0.000113
3251.000000 0.000113
3252.000000 0.000112
3253.000000 0.000112
3254.000000 0.000111
3255.000000 0.000111
3256.000000 0.000111
3257.000000 0.000110
3258.000000 0.000110
3259.000000 0.000110
3260.000000 0.000109
3261.000000 0.000109
3262.000000 0.000108
3263.000000 0.000108
3264.000000 0.000108
3265.000000 0.000107
3266.000000 0.000107
3267.000000 0.000107
3268.000000 0.000106
3269.000000 0.000106
3270.000000 0.000106
3271.000000 0.000105
3272.000000 0.000105
3273.000000 0.000104
3274.000000 0.000104
3275.000000 0.000104
3276.000000 0.000103
3277.000000 0.000103
3278.000000 0.000103
3279.000000 0.000102
3280.000000 0.000102
3281.000000 0.000101
3282.000000 0.000101
3283.000000 0.000101
3284.000000 0.000100
3285.000000 0.000100
3286.000000 0.000100
3287.000000 0.000099
3288.000000 0.000099
3289.000000 0.000099
3290.000000 0.000098
3291.000000 0.000098
3292.000000 0.000098
3293.000000 0.000097
3294.000000 0.000097
3295.000000 0.000097
3296.000000 0.000096
3297.000000 0.000096
3298.000000 0.000095
3299.000000 0.000095
3300.000000 0.000095
3301.000000 0.000094
3302.000000 0.000094
3303.000000 0.000094
3304.000000 0.000093
3305.000000 0.000093
3306.000000 0.000092
3307.000000 0.000092
3308.000000 0.000092
3309.000000 0.000091
3310.000000 0.000091
3311.000000 0.000091
3312.000000 0.000090
3313.000000 0.000090
3314.000000 0.000090
3315.000000 0.000089
3316.000000 0.000089
3317.000000 0.000089
3318.000000 0.000088
3319.000000 0.000088
3320.000000 0.000088
3321.000000 0.000087
3322.000000 0.000087
3323.000000 0.000087
3324.000000 0.000086
3325.000000 0.000086
3326.000000 0.000086
3327.000000 0.000085
3328.000000 0.000085
3329.000000 0.000084
3330.000000 0.000084
3331.000000 0.000084
3332.000000 0.000084
3333.000000 0.000083
3334.000000 0.000083
3335.000000 0.000082
3336.000000 0.000082
3337.000000 0.000082
3338.000000 0.000081
3339.000000 0.000081
3340.000000 0.000081
3341.000000 0.000080
3342.000000 0.000080
3343.000000 0.000080
3344.000000 0.000079
3345.000000 0.000079
3346.000000 0.000079
3347.000000 0.000078
3348.000000 0.000078
3349.000000 0.000078
3350.000000 0.000077
3351.000000 0.000077
3352.000000 0.000077
3353.000000 0.000076
3354.000000 0.000076
3355.000000 0.000076
3356.000000 0.000075
3357.000000 0.000075
3358.000000 0.000075
3359.000000 0.000074
3360.000000 0.000074
3361.000000 0.000074
3362.000000 0.000073
3363.000000 0.000073
3364.000000 0.000073
3365.000000 0.000072
3366.000000 0.000072
3367.000000 0.000072
3368.000000 0.000071
3369.000000 0.000071
3370.000000 0.000071
3371.000000 0.000071
3372.000000 0.000070
3373.000000 0.000070
3374.000000 0.000070
3375.000000 0.000069
3376.000000 0.000069
3377.000000 0.000069
3378.000000 0.000068
3379.000000 0.000068
3380.000000 0.000068
3381.000000 0.000067
3382.000000 0.000067
3383.000000 0.000067
3384.000000 0.000066
3385.000000 0.000066
3386.000000 0.000066
3387.000000 0.000065
3388.000000 0.000065
3389.000000 0.000065
3390.000000 0.000064
3391.000000 0.000064
3392.000000 0.000064
3393.000000 0.000063
3394.000000 0.000063
3395.000000 0.000063
3396.000000 0.000063
3397.000000 0.000062
3398.000000 0.000062
3399.000000 0.000062
3400.000000 0.000061
3401.000000 0.000061
3402.000000 0.000061
3403.000000 0.000060
3404.000000 0.000060
3405.000000 0.000060
3406.000000 0.000059
3407.000000 0.000059
3408.000000 0.000059
3409.000000 0.000059
3410.000000 0.000058
3411.000000 0.000058
3412.000000 0.000058
3413.000000 0.000057
3414.000000 0.000057
3415.000000 0.000057
3416.000000 0.000056
3417.000000 0.000056
3418.000000 0.000056
3419.000000 0.000056
3420.000000 0.000055
3421.000000 0.000055
3422.000000 0.000055
3423.000000 0.000054
3424.000000 0.000054
3425.000000 0.000054
3426.000000 0.000054
3427.000000 0.000053
3428.000000 0.000053
3429.000000 0.000053
3430.000000 0.000052
3431.000000 0.000052
3432.000000 0.000052
3433.000000 0.000052
3434.000000 0.000051
3435.000000 0.000051
3436.000000 0.000051
3437.000000 0.000050
3438.000000 0.000050
3439.000000 0.000050
3440.000000 0.000050
3441.000000 0.000049
3442.000000 0.000049
3443.000000 0.000049
3444.000000 0.000048
3445.000000 0.000048
3446.000000 0.000048
3447.000000 0.000048
3448.000000 0.000047
3449.000000 0.000047
3450.000000 0.000047
3451.000000 0.000046
3452.000000 0.000046
3453.000000 0.000046
3454.000000 0.000046
3455.000000 0.000045
3456.000000 0.000045
3457.000000 0.000045
3458.000000 0.000045
3459.000000 0.000044
3460.000000 0.000044
3461.000000 0.000044
3462.000000 0.000043
3463.000000 0.000043
3464.000000 0.000043
3465.000000 0.000043
3466.000000 0.000042
3467.000000 0.000042
3468.000000 0.000042
3469.000000 0.000042
3470.000000 0.000041
3471.000000 0.000041
3472.000000 0.000041
3473.000000 0.000041
3474.000000 0.000040
3475.000000 0.000040
3476.000000 0.000040
3477.000000 0.000040
3478.000000 0.000039
3479.000000 0.000039
3480.000000 0.000039
3481.000000 0.000039
3482.000000 0.000038
3483.000000 0.000038
3484.000000 0.000038
3485.000000 0.000038
3486.000000 0.000037
3487.000000 0.000037
3488.000000 0.000037
3489.000000 0.000037
3490.000000 0.000036
3491.000000 0.000036
3492.000000 0.000036
3493.000000 0.000036
3494.000000 0.000035
3495.000000 0.000035
3496.000000 0.000035
3497.000000 0.000035
3498.000000 0.000034
3499.000000 0.000034
3500.000000 0.000034
3501.000000 0.000034
3502.000000 0.000033
3503.000000 0.000033
3504.000000 0.000033
3505.000000 0.000033
3506.000000 0.000033
3507.000000 0.000032
3508.000000 0.000032
3509.000000 0.000032
3510.000000 0.000032
3511.000000 0.000031
3512.000000 0.000031
3513.000000 0.000031
3514.000000 0.000031
3515.000000 0.000030
3516.000000 0.000030
3517.000000 0.000030
3518.000000 0.000030
3519.000000 0.000030
3520.000000 0.000029
3521.000000 0.000029
3522.000000 0.000029
3523.000000 0.000029
3524.000000 0.000028
3525.000000 0.000028
3526.000000 0.000028
3527.000000 0.000028
3528.000000 0.000028
3529.000000 0.000027
3530.000000 0.000027
3531.000000 0.000027
3532.000000 0.000027
3533.000000 0.000027
3534.000000 0.000026
3535.000000 0.000026
3536.000000 0.000026
3537.000000 0.000026
3538.000000 0.000026
3539.000000 0.000025
3540.000000 0.000025
3541.000000 0.000025
3542.000000 0.000025
3543.000000 0.000025
3544.000000 0.000024
3545.000000 0.000024
3546.000000 0.000024
3547.000000 0.000024
3548.000000 0.000024
3549.000000 0.000023
3550.000000 0.000023
3551.000000 0.000023
3552.000000 0.000023
3553.000000 0.000023
3554.000000 0.000022
3555.000000 0.000022
3556.000000 0.000022
3557.000000 0.000022
3558.000000 0.000022
3559.000000 0.000022
3560.000000 0.000021
3561.000000 0.000021
3562.000000 0.000021
3563.000000 0.000021
3564.000000 0.000021
3565.000000 0.000020
3566.000000 0.000020
3567.000000 0.000020
3568.000000 0.000020
3569.000000 0.000020
3570.000000 0.000020
3571.000000 0.000019
3572.000000 0.000019
3573.000000 0.000019
3574.000000 0.000019
3575.000000 0.000019
3576.000000 0.000019
3577.000000 0.000018
3578.000000 0.000018
3579.000000 0.000018
3580.000000 0.000018
3581.000000 0.000018
3582.000000 0.000018
3583.000000 0.000017
3584.000000 0.000017
3585.000000 0.000017
3586.000000 0.000017
3587.000000 0.000017
3588.000000 0.000017
3589.000000 0.000016
3590.000000 0.000016
3591.000000 0.000016
3592.000000 0.000016
3593.000000 0.000016
3594.000000 0.000016
3595.000000 0.000015
3596.000000 0.000015
3597.000000 0.000015
3598.000000 0.000015
3599.000000 0.000015
3600.000000 0.000015
3601.000000 0.000015
3602.000000 0.000014
3603.000000 0.000014
3604.000000 0.000014
3605.000000 0.000014
3606.000000 0.000014
3607.000000 0.000014
3608.000000 0.000014
3609.000000 0.000013
3610.000000 0.000013
3611.000000 0.000013
3612.000000 0.000013
3613.000000 0.000013
3614.000000 0.000013
3615.000000 0.000013
3616.000000 0.000013
3617.000000 0.000012
3618.000000 0.000012
3619.000000 0.000012
3620.000000 0.000012
3621.000000 0.000012
3622.000000 0.000012
3623.000000 0.000012
3624.000000 0.000011
3625.000000 0.000011
3626.000000 0.000011
3627.000000 0.000011
3628.000000 0.000011
3629.000000 0.000011
3630.000000 0.000011
3631.000000 0.000011
3632.000000 0.000011
3633.000000 0.000010
3634.000000 0.000010
3635.000000 0.000010
3636.000000 0.000010
3637.000000 0.000010
3638.000000 0.000010
3639.000000 0.000010
3640.000000 0.000010
3641.000000 0.000010
3642.000000 0.000009
3643.000000 0.000009
3644.000000 0.000009
3645.000000 0.000009
3646.000000 0.000009
3647.000000 0.000009
3648.000000 0.000009
3649.000000 0.000009
3650.000000 0.000009
3651.000000 0.000008
3652.000000 0.000008
3653.000000 0.000008
3654.000000 0.000008
3655.000000 0.000008
3656.000000 0.000008
3657.000000 0.000008
3658.000000 0.000008
3659.000000 0.000008
3660.000000 0.000008
3661.000000 0.000007
3662.000000 0.000007
3663.000000 0.000007
3664.000000 0.000007
3665.000000 0.000007
3666.000000 0.000007
3667.000000 0.000007
3668.000000 0.000007
3669.000000 0.000007
3670.000000 0.000007
3671.000000 0.000007
3672.000000 0.000006
3673.000000 0.000006
3674.000000 0.000006
3675.000000 0.000006
3676.000000 0.000006
3677.000000 0.000006
3678.000000 0.000006
3679.000000 0.000006
3680.000000 0.000006
3681.000000 0.000006
3682.000000 0.000006
3683.000000 0.000006
3684.000000 0.000006
3685.000000 0.000005
3686.000000 0.000005
3687.000000 0.000005
3688.000000 0.000005
3689.000000 0.000005
3690.000000 0.000005
3691.000000 0.000005
3692.000000 0.000005
3693.000000 0.000005
3694.000000 0.000005
3695.000000 0.000005
3696.000000 0.000005
3697.000000 0.000005
3698.000000 0.000005
3699.000000 0.000004
3700.000000 0.000004
3701.000000 0.000004
3702.000000 0.000004
3703.000000 0.000004
3704.000000 0.000004
3705.000000 0.000004
3706.000000 0.000004
3707.000000 0.000004
3708.000000 0.000004
3709.000000 0.000004
3710.000000 0.000004
3711.000000 0.000004
3712.000000 0.000004
3713.000000 0.000004
3714.000000 0.000004
3715.000000 0.000004
3716.000000 0.000003
3717.000000 0.000003
3718.000000 0.000003
3719.000000 0.000003
3720.000000 0.000003
3721.000000 0.000003
3722.000000 0.000003
3723.000000 0.000003
3724.000000 0.000003
3725.000000 0.000003
3726.000000 0.000003
3727.000000 0.000003
3728.000000 0.000003
3729.000000 0.000003
3730.000000 0.000003
3731.000000 0.000003
3732.000000 0.000003
3733.000000 0.000003
3734.000000 0.000003
3735.000000 0.000003
3736.000000 0.000002
3737.000000 0.000002
3738.000000 0.000002
3739.000000 0.000002
3740.000000 0.000002
3741.000000 0.000002
3742.000000 0.000002
3743.000000 0.000002
3744.000000 0.000002
3745.000000 0.000002
3746.000000 0.000002
3747.000000 0.000002
3748.000000 0.000002
3749.000000 0.000002
3750.000000 0.000002
3751.000000 0.000002
3752.000000 0.000002
3753.000000 0.000002
3754.000000 0.000002
3755.000000 0.000002
3756.000000 0.000002
3757.000000 0.000002
3758.000000 0.000002
3759.000000 0.000002
3760.000000 0.000002
3761.000000 0.000002
3762.000000 0.000002
3763.000000 0.000002
3764.000000 0.000001
3765.000000 0.000001
3766.000000 0.000001
3767.000000 0.000001
3768.000000 0.000001
3769.000000 0.000001
3770.000000 0.000001
3771.000000 0.000001
3772.000000 0.000001
3773.000000 0.000001
3774.000000 0.000001
3775.000000 0.000001
3776.000000 0.000001
3777.000000 0.000001
3778.000000 0.000001
3779.000000 0.000001
3780.000000 0.000001
3781.000000 0.000001
3782.000000 0.000001
3783.000000 0.000001
3784.000000 0.000001
3785.000000 0.000001
3786.000000 0.000001
3787.000000 0.000001
3788.000000 0.000001
3789.000000 0.000001
3790.000000 0.000001
3791.000000 0.000001
3792.000000 0.000001
3793.000000 0.000001
3794.000000 0.000001
3795.000000 0.000001
3796.000000 0.000001
3797.000000 0.000001
3798.000000 0.000001
3799.000000 0.000001
3800.000000 0.000001
3801.000000 0.000001
3802.000000 0.000001
3803.000000 0.000001
3804.000000 0.000001
3805.000000 0.000001
3806.000000 0.000001
3807.000000 0.000001
3808.000000 0.000001
3809.000000 0.000001
3810.000000 0.000001
3811.000000 0.000001
3812.000000 0.000000
3813.000000 0.000000
3814.000000 0.000000
3815.000000 0.000000
3816.000000 0.000000
3817.000000 0.000000
3818.000000 0.000000
3819.000000 0.000000
3820.000000 0.000000
3821.000000 0.000000
3822.000000 0.000000
3823.000000 0.000000
3824.000000 0.000000
3825.000000 0.000000
3826.000000 0.000000
3827.000000 0.000000
3828.000000 0.000000
3829.000000 0.000000
3830.000000 0.000000
3831.000000 0.000000
3832.000000 0.000000
3833.000000 0.000000
3834.000000 0.000000
3835.000000 0.000000
3836.000000 0.000000
3837.000000 0.000000
3838.000000 0.000000
3839.000000 0.000000
3840.000000 0.000000
3841.000000 0.000000
3842.000000 0.000000
3843.000000 0.000000
3844.000000 0.000000
3845.000000 0.000000
3846.000000 0.000000
3847.000000 0.000000
3848.000000 0.000000
3849.000000 0.000000
3850.000000 0.000000
3851.000000 0.000000
3852.000000 0.000000
3853.000000 0.000000
3854.000000 0.000000
3855.000000 0.000000
3856.000000 0.000000
3857.000000 0.000000
3858.000000 0.000000
3859.000000 0.000000
3860.000000 0.000000
3861.000000 0.000000
3862.000000 0.000000
3863.000000 0.000000
3864.000000 0.000000
3865.000000 0.000000
3866.000000 0.000000
3867.000000 0.000000
3868.000000 0.000000
3869.000000 0.000000
3870.000000 0.000000
3871.000000 0.000000
3872.000000 0.000000
3873.000000 0.000000
3874.000000 0.000000
3875.000000 0.000000
3876.000000 0.000000
3877.000000 0.000000
3878.000000 0.000000
3879.000000 0.000000
3880.000000 0.000000
3881.000000 0.000000
3882.000000 0.000000
3883.000000 0.000000
3884.000000 0.000000
3885.000000 0.000000
3886.000000 0.000000
3887.000000 0.000000
3888.000000 0.000000
3889.000000 0.000000
3890.000000 0.000000
3891.000000 0.000000
3892.000000 0.000000
3893.000000 0.000000
3894.000000 0.000000
3895.000000 0.000000
3896.000000 0.000000
3897.000000 0.000000
3898.000000 0.000000
3899.000000 0.000000
3900.000000 0.000000
3901.000000 0.000000
3902.000000 0.000000
3903.000000 0.000000
3904.000000 0.000000
3905.000000 0.000000
3906.000000 0.000000
3907.000000 0.000000
3908.000000 0.000000
3909.000000 0.000000
3910.000000 0.000000
3911.000000 0.000000
3912.000000 0.000000
3913.000000 0.000000
3914.000000 0.000000
3915.000000 0.000000
3916.000000 0.000000
3917.000000 0.000000
3918.000000 0.000000
3919.000000 0.000000
3920.000000 0.000000
3921.000000 0.000000
3922.000000 0.000000
3923.000000 0.000000
3924.000000 0.000000
3925.000000 0.000000
3926.000000 0.000000
3927.000000 0.000000
3928.000000 0.000000
3929.000000 0.000000
3930.000000 0.000000
3931.000000 0.000000
3932.000000 0.000000
3933.000000 0.000000
3934.000000 0.000000
3935.000000 0.000000
3936.000000 0.000000
3937.000000 0.000000
3938.000000 0.000000
3939.000000 0.000000
3940.000000 0.000000
3941.000000 0.000000
3942.000000 0.000000
3943.000000 0.000000
3944.000000 0.000000
3945.000000 0.000000
3946.000000 0.000000
3947.000000 0.000000
3948.000000 0.000000
3949.000000 0.000000
3950.000000 0.000000
3951.000000 0.000000
3952.000000 0.000000
3953.000000 0.000000
3954.000000 0.000000
3955.000000 0.000000
3956.000000 0.000000
3957.000000 0.000000
3958.000000 0.000000
3959.000000 0.000000
3960.000000 0.000000
3961.000000 0.000000
3962.000000 0.000000
3963.000000 0.000000
3964.000000 0.000000
3965.000000 0.000000
3966.000000 0.000000
3967.000000 0.000000
3968.000000 0.000000
3969.000000 0.000000
3970.000000 0.000000
3971.000000 0.000000
3972.000000 0.000000
3973.000000 0.000000
3974.000000 0.000000
3975.000000 0.000000
3976.000000 0.000000
3977.000000 0.000000
3978.000000 0.000000
3979.000000 0.000000
3980.000000 0.000000
3981.000000 0.000000
3982.000000 0.000000
3983.000000 0.000000
3984.000000 0.000000
3985.000000 0.000000
3986.000000 0.000000
3987.000000 0.000000
3988.000000 0.000000
3989.000000 0.000000
3990.000000 0.000000
3991.000000 0.000000
3992.000000 0.000000
3993.000000 0.000000
3994.000000 0.000000
3995.000000 0.000000
3996.000000 0.000000
3997.000000 0.000000
3998.000000 0.000000
3999.000000 0.000000
4000.000000 0.000000
