n lam mean variance std
4000 0.330000 2000.492761 310646.011775 557.356270
bin_midpoint probability
1.000000 0.000000
2.000000 0.000000
3.000000 0.000000
4.000000 0.000000
5.000000 0.000000
6.000000 0.000000
7.000000 0.000000
8.000000 0.000000
9.000000 0.000000
10.000000 0.000000
11.000000 0.000000
12.000000 0.000000
13.000000 0.000000
14.000000 0.000000
15.000000 0.000000
16.000000 0.000000
17.000000 0.000000
18.000000 0.000000
19.000000 0.000000
20.000000 0.000000
21.000000 0.000000
22.000000 0.000000
23.000000 0.000000
24.000000 0.000000
25.000000 0.000000
26.000000 0.000000
27.000000 0.000000
28.000000 0.000000
29.000000 0.000000
30.000000 0.000000
31.000000 0.000000
32.000000 0.000000
33.000000 0.000000
34.000000 0.000000
35.000000 0.000000
36.000000 0.000000
37.000000 0.000000
38.000000 0.000000
39.000000 0.000000
40.000000 0.000000
41.000000 0.000000
42.000000 0.000000
43.000000 0.000000
44.000000 0.000000
45.000000 0.000000
46.000000 0.000000
47.000000 0.000000
48.000000 0.000000
49.000000 0.000000
50.000000 0.000000
51.000000 0.000000
52.000000 0.000000
53.000000 0.000000
54.000000 0.000000
55.000000 0.000000
56.000000 0.000000
57.000000 0.000000
58.000000 0.000000
59.000000 0.000000
60.000000 0.000000
61.000000 0.000000
62.000000 0.000000
63.000000 0.000000
64.000000 0.000000
65.000000 0.000000
66.000000 0.000000
67.000000 0.000000
68.000000 0.000000
69.000000 0.000000
70.000000 0.000000
71.000000 0.000000
72.000000 0.000000
73.000000 0.000000
74.000000 0.000000
75.000000 0.000000
76.000000 0.000000
77.000000 0.000000
78.000000 0.000000
79.000000 0.000000
80.000000 0.000000
81.000000 0.000000
82.000000 0.000000
83.000000 0.000000
84.000000 0.000000
85.000000 0.000000
86.000000 0.000000
87.000000 0.000000
88.000000 0.000000
89.000000 0.000000
90.000000 0.000000
91.000000 0.000000
92.000000 0.000000
93.000000 0.000000
94.000000 0.000000
95.000000 0.000000
96.000000 0.000000
97.000000 0.000000
98.000000 0.000000
99.000000 0.000000
100.000000 0.000000
101.000000 0.000000
102.000000 0.000000
103.000000 0.000000
104.000000 0.000000
105.000000 0.000000
106.000000 0.000000
107.000000 0.000000
108.000000 0.000000
109.000000 0.000000
110.000000 0.000000
111.000000 0.000000
112.000000 0.000000
113.000000 0.000000
114.000000 0.000000
115.000000 0.000000
116.000000 0.000000
117.000000 0.000000
118.000000 0.000000
119.000000 0.000000
120.000000 0.000000
121.000000 0.000000
122.000000 0.000000
123.000000 0.000000
124.000000 0.000000
125.000000 0.000000
126.000000 0.000000
127.000000 0.000000
128.000000 0.000000
129.000000 0.000000
130.000000 0.000000
131.000000 0.000000
132.000000 0.000000
133.000000 0.000000
134.000000 0.000000
135.000000 0.000000
136.000000 0.000000
137.000000 0.000000
138.000000 0.000000
139.000000 0.000000
140.000000 0.000000
141.000000 0.000000
142.000000 0.000000
143.000000 0.000000
144.000000 0.000000
145.000000 0.000000
146.000000 0.000000
147.000000 0.000000
148.000000 0.000000
149.000000 0.000000
150.000000 0.000000
151.000000 0.000000
152.000000 0.000000
153.000000 0.000000
154.000000 0.000000
155.000000 0.000000
156.000000 0.000000
157.000000 0.000000
158.000000 0.000000
159.000000 0.000000
160.000000 0.000000
161.000000 0.000000
162.000000 0.000000
163.000000 0.000000
164.000000 0.000000
165.000000 0.000000
166.000000 0.000000
167.000000 0.000000
168.000000 0.000000
169.000000 0.000000
170.000000 0.000000
171.000000 0.000000
172.000000 0.000000
173.000000 0.000000
174.000000 0.000000
175.000000 0.000000
176.000000 0.000000
177.000000 0.000000
178.000000 0.000000
179.000000 0.000000
180.000000 0.000000
181.000000 0.000000
182.000000 0.000000
183.000000 0.000000
184.000000 0.000000
185.000000 0.000000
186.000000 0.000000
187.000000 0.000000
188.000000 0.000000
189.000000 0.000000
190.000000 0.000000
191.000000 0.000000
192.000000 0.000000
193.000000 0.000000
194.000000 0.000000
195.000000 0.000000
196.000000 0.000000
197.000000 0.000000
198.000000 0.000000
199.000000 0.000000
200.000000 0.000000
201.000000 0.000000
202.000000 0.000000
203.000000 0.000000
204.000000 0.000000
205.000000 0.000000
206.000000 0.000000
207.000000 0.000000
208.000000 0.000000
209.000000 0.000000
210.000000 0.000000
211.000000 0.000000
212.000000 0.000000
213.000000 0.000000
214.000000 0.000000
215.000000 0.000000
216.000000 0.000000
217.000000 0.000000
218.000000 0.000000
219.000000 0.000000
220.000000 0.000000
221.000000 0.000000
222.000000 0.000000
223.000000 0.000000
224.000000 0.000000
225.000000 0.000000
226.000000 0.000000
227.000000 0.000000
228.000000 0.000000
229.000000 0.000000
230.000000 0.000000
231.000000 0.000000
232.000000 0.000000
233.000000 0.000000
234.000000 0.000000
235.000000 0.000000
236.000000 0.000000
237.000000 0.000000
238.000000 0.000000
239.000000 0.000000
240.000000 0.000000
241.000000 0.000000
242.000000 0.000000
243.000000 0.000000
244.000000 0.000000
245.000000 0.000000
246.000000 0.000000
247.000000 0.000000
248.000000 0.000000
249.000000 0.000000
250.000000 0.000000
251.000000 0.000000
252.000000 0.000000
253.000000 0.000000
254.000000 0.000000
255.000000 0.000000
256.000000 0.000000
257.000000 0.000000
258.000000 0.000000
259.000000 0.000000
260.000000 0.000000
261.000000 0.000000
262.000000 0.000000
263.000000 0.000000
264.000000 0.000000
265.000000 0.000000
266.000000 0.000000
267.000000 0.000000
268.000000 0.000000
269.000000 0.000000
270.000000 0.000000
271.000000 0.000000
272.000000 0.000000
273.000000 0.000000
274.000000 0.000000
275.000000 0.000000
276.000000 0.000000
277.000000 0.000000
278.000000 0.000000
279.000000 0.000000
280.000000 0.000000
281.000000 0.000000
282.000000 0.000000
283.000000 0.000000
284.000000 0.000000
285.000000 0.000000
286.000000 0.000000
287.000000 0.000000
288.000000 0.000000
289.000000 0.000000
290.000000 0.000000
291.000000 0.000000
292.000000 0.000000
293.000000 0.000000
294.000000 0.000000
295.000000 0.000000
296.000000 0.000000
297.000000 0.000000
298.000000 0.000000
299.000000 0.000000
300.000000 0.000000
301.000000 0.000000
302.000000 0.000000
303.000000 0.000000
304.000000 0.000000
305.000000 0.000000
306.000000 0.000000
307.000000 0.000000
308.000000 0.000000
309.000000 0.000000
310.000000 0.000000
311.000000 0.000000
312.000000 0.000000
313.000000 0.000000
314.000000 0.000000
315.000000 0.000000
316.000000 0.000000
317.000000 0.000000
318.000000 0.000000
319.000000 0.000000
320.000000 0.000000
321.000000 0.000000
322.000000 0.000000
323.000000 0.000001
324.000000 0.000001
325.000000 0.000001
326.000000 0.000001
327.000000 0.000001
328.000000 0.000001
329.000000 0.000001
330.000000 0.000001
331.000000 0.000001
332.000000 0.000001
333.000000 0.000001
334.000000 0.000001
335.000000 0.000001
336.000000 0.000001
337.000000 0.000001
338.000000 0.000001
339.000000 0.000001
340.000000 0.000001
341.000000 0.000001
342.000000 0.000001
343.000000 0.000001
344.000000 0.000001
345.000000 0.000001
346.000000 0.000001
347.000000 0.000001
348.000000 0.000001
349.000000 0.000001
350.000000 0.000001
351.000000 0.000001
352.000000 0.000001
353.000000 0.000001
354.000000 0.000001
355.000000 0.000001
356.000000 0.000001
357.000000 0.000001
358.000000 0.000001
359.000000 0.000001
360.000000 0.000001
361.000000 0.000001
362.000000 0.000001
363.000000 0.000001
364.000000 0.000001
365.000000 0.000001
366.000000 0.000001
367.000000 0.000001
368.000000 0.000001
369.000000 0.000001
370.000000 0.000001
371.000000 0.000001
372.000000 0.000001
373.000000 0.000001
374.000000 0.000001
375.000000 0.000001
376.000000 0.000001
377.000000 0.000001
378.000000 0.000001
379.000000 0.000001
380.000000 0.000001
381.000000 0.000001
382.000000 0.000002
383.000000 0.000002
384.000000 0.000002
385.000000 0.000002
386.000000 0.000002
387.000000 0.000002
388.000000 0.000002
389.000000 0.000002
390.000000 0.000002
391.000000 0.000002
392.000000 0.000002
393.000000 0.000002
394.000000 0.000002
395.000000 0.000002
396.000000 0.000002
397.000000 0.000002
398.000000 0.000002
399.000000 0.000002
400.000000 0.000002
401.000000 0.000002
402.000000 0.000002
403.000000 0.000002
404.000000 0.000002
405.000000 0.000002
406.000000 0.000002
407.000000 0.000002
408.000000 0.000002
409.000000 0.000002
410.000000 0.000002
411.000000 0.000002
412.000000 0.000002
413.000000 0.000002
414.000000 0.000002
415.000000 0.000003
416.000000 0.000003
417.000000 0.000003
418.000000 0.000003
419.000000 0.000003
420.000000 0.000003
421.000000 0.000003
422.000000 0.000003
423.000000 0.000003
424.000000 0.000003
425.000000 0.000003
426.000000 0.000003
427.000000 0.000003
428.000000 0.000003
429.000000 0.000003
430.000000 0.000003
431.000000 0.000003
432.000000 0.000003
433.000000 0.000003
434.000000 0.000003
435.000000 0.000003
436.000000 0.000003
437.000000 0.000003
438.000000 0.000003
439.000000 0.000004
440.000000 0.000004
441.000000 0.000004
442.000000 0.000004
443.000000 0.000004
444.000000 0.000004
445.000000 0.000004
446.000000 0.000004
447.000000 0.000004
448.000000 0.000004
449.000000 0.000004
450.000000 0.000004
451.000000 0.000004
452.000000 0.000004
453.000000 0.000004
454.000000 0.000004
455.000000 0.000004
456.000000 0.000004
457.000000 0.000004
458.000000 0.000004
459.000000 0.000005
460.000000 0.000005
461.000000 0.000005
462.000000 0.000005
463.000000 0.000005
464.000000 0.000005
465.000000 0.000005
466.000000 0.000005
467.000000 0.000005
468.000000 0.000005
469.000000 0.000005
470.000000 0.000005
471.000000 0.000005
472.000000 0.000005
473.000000 0.000005
474.000000 0.000005
475.000000 0.000006
476.000000 0.000006
477.000000 0.000006
478.000000 0.000006
479.000000 0.000006
480.000000 0.000006
481.000000 0.000006
482.000000 0.000006
483.000000 0.000006
484.000000 0.000006
485.000000 0.000006
486.000000 0.000006
487.000000 0.000006
488.000000 0.000006
489.000000 0.000007
490.000000 0.000007
491.000000 0.000007
492.000000 0.000007
493.000000 0.000007
494.000000 0.000007
495.000000 0.000007
496.000000 0.000007
497.000000 0.000007
498.000000 0.000007
499.000000 0.000007
500.000000 0.000007
501.000000 0.000007
502.000000 0.000008
503.000000 0.000008
504.000000 0.000008
505.000000 0.000008
506.000000 0.000008
507.000000 0.000008
508.000000 0.000008
509.000000 0.000008
510.000000 0.000008
511.000000 0.000008
512.000000 0.000008
513.000000 0.000009
514.000000 0.000009
515.000000 0.000009
516.000000 0.000009
517.000000 0.000009
518.000000 0.000009
519.000000 0.000009
520.000000 0.000009
521.000000 0.000009
522.000000 0.000009
523.000000 0.000009
524.000000 0.000010
525.000000 0.000010
526.000000 0.000010
527.000000 0.000010
528.000000 0.000010
529.000000 0.000010
530.000000 0.000010
531.000000 0.000010
532.000000 0.000010
533.000000 0.000010
534.000000 0.000011
535.000000 0.000011
536.000000 0.000011
537.000000 0.000011
538.000000 0.000011
539.000000 0.000011
540.000000 0.000011
541.000000 0.000011
542.000000 0.000011
543.000000 0.000012
544.000000 0.000012
545.000000 0.000012
546.000000 0.000012
547.000000 0.000012
548.000000 0.000012
549.000000 0.000012
550.000000 0.000012
551.000000 0.000012
552.000000 0.000013
553.000000 0.000013
554.000000 0.000013
555.000000 0.000013
556.000000 0.000013
557.000000 0.000013
558.000000 0.000013
559.000000 0.000013
560.000000 0.000014
561.000000 0.000014
562.000000 0.000014
563.000000 0.000014
564.000000 0.000014
565.000000 0.000014
566.000000 0.000014
567.000000 0.000015
568.000000 0.000015
569.000000 0.000015
570.000000 0.000015
571.000000 0.000015
572.000000 0.000015
573.000000 0.000015
574.000000 0.000015
575.000000 0.000016
576.000000 0.000016
577.000000 0.000016
578.000000 0.000016
579.000000 0.000016
580.000000 0.000016
581.000000 0.000016
582.000000 0.000017
583.000000 0.000017
584.000000 0.000017
585.000000 0.000017
586.000000 0.000017
587.000000 0.000017
588.000000 0.000017
589.000000 0.000018
590.000000 0.000018
591.000000 0.000018
592.000000 0.000018
593.000000 0.000018
594.000000 0.000018
595.000000 0.000019
596.000000 0.000019
597.000000 0.000019
598.000000 0.000019
599.000000 0.000019
600.000000 0.000019
601.000000 0.000020
602.000000 0.000020
603.000000 0.000020
604.000000 0.000020
605.000000 0.000020
606.000000 0.000020
607.000000 0.000021
608.000000 0.000021
609.000000 0.000021
610.000000 0.000021
611.000000 0.000021
612.000000 0.000021
613.000000 0.000022
614.000000 0.000022
615.000000 0.000022
616.000000 0.000022
617.000000 0.000022
618.000000 0.000022
619.000000 0.000023
620.000000 0.000023
621.000000 0.000023
622.000000 0.000023
623.000000 0.000023
624.000000 0.000024
625.000000 0.000024
626.000000 0.000024
627.000000 0.000024
628.000000 0.000024
629.000000 0.000025
630.000000 0.000025
631.000000 0.000025
632.000000 0.000025
633.000000 0.000025
634.000000 0.000025
635.000000 0.000026
636.000000 0.000026
637.000000 0.000026
638.000000 0.000026
639.000000 0.000027
640.000000 0.000027
641.000000 0.000027
642.000000 0.000027
643.000000 0.000027
644.000000 0.000028
645.000000 0.000028
646.000000 0.000028
647.000000 0.000028
648.000000 0.000028
649.000000 0.000029
650.000000 0.000029
651.000000 0.000029
652.000000 0.000029
653.000000 0.000029
654.000000 0.000030
655.000000 0.000030
656.000000 0.000030
657.000000 0.000030
658.000000 0.000031
659.000000 0.000031
660.000000 0.000031
661.000000 0.000031
662.000000 0.000031
663.000000 0.000032
664.000000 0.000032
665.000000 0.000032
666.000000 0.000032
667.000000 0.000033
668.000000 0.000033
669.000000 0.000033
670.000000 0.000033
671.000000 0.000034
672.000000 0.000034
673.000000 0.000034
674.000000 0.000034
675.000000 0.000035
676.000000 0.000035
677.000000 0.000035
678.000000 0.000035
679.000000 0.000035
680.000000 0.000036
681.000000 0.000036
682.000000 0.000036
683.000000 0.000036
684.000000 0.000037
685.000000 0.000037
686.000000 0.000037
687.000000 0.000037
688.000000 0.000038
689.000000 0.000038
690.000000 0.000038
691.000000 0.000038
692.000000 0.000039
693.000000 0.000039
694.000000 0.000039
695.000000 0.000040
696.000000 0.000040
697.000000 0.000040
698.000000 0.000040
699.000000 0.000041
700.000000 0.000041
701.000000 0.000041
702.000000 0.000041
703.000000 0.000042
704.000000 0.000042
705.000000 0.000042
706.000000 0.000043
707.000000 0.000043
708.000000 0.000043
709.000000 0.000043
710.000000 0.000044
711.000000 0.000044
712.000000 0.000044
713.000000 0.000045
714.000000 0.000045
715.000000 0.000045
716.000000 0.000045
717.000000 0.000046
718.000000 0.000046
719.000000 0.000046
720.000000 0.000047
721.000000 0.000047
722.000000 0.000047
723.000000 0.000047
724.000000 0.000048
725.000000 0.000048
726.000000 0.000048
727.000000 0.000049
728.000000 0.000049
729.000000 0.000049
730.000000 0.000049
731.000000 0.000050
732.000000 0.000050
733.000000 0.000050
734.000000 0.000051
735.000000 0.000051
736.000000 0.000051
737.000000 0.000052
738.000000 0.000052
739.000000 0.000052
740.000000 0.000053
741.000000 0.000053
742.000000 0.000053
743.000000 0.000053
744.000000 0.000054
745.000000 0.000054
746.000000 0.000054
747.000000 0.000055
748.000000 0.000055
749.000000 0.000055
750.000000 0.000056
751.000000 0.000056
752.000000 0.000056
753.000000 0.000057
754.000000 0.000057
755.000000 0.000057
756.000000 0.000058
757.000000 0.000058
758.000000 0.000058
759.000000 0.000059
760.000000 0.000059
761.000000 0.000059
762.000000 0.000060
763.000000 0.000060
764.000000 0.000061
765.000000 0.000061
766.000000 0.000061
767.000000 0.000062
768.000000 0.000062
769.000000 0.000062
770.000000 0.000063
771.000000 0.000063
772.000000 0.000063
773.000000 0.000064
774.000000 0.000064
775.000000 0.000064
776.000000 0.000065
777.000000 0.000065
778.000000 0.000065
779.000000 0.000066
780.000000 0.000066
781.000000 0.000067
782.000000 0.000067
783.000000 0.000067
784.000000 0.000068
785.000000 0.000068
786.000000 0.000068
787.000000 0.000069
788.000000 0.000069
789.000000 0.000069
790.000000 0.000070
791.000000 0.000070
792.000000 0.000071
793.000000 0.000071
794.000000 0.000071
795.000000 0.000072
796.000000 0.000072
797.000000 0.000072
798.000000 0.000073
799.000000 0.000073
800.000000 0.000074
801.000000 0.000074
802.000000 0.000074
803.000000 0.000075
804.000000 0.000075
805.000000 0.000075
806.000000 0.000076
807.000000 0.000076
808.000000 0.000077
809.000000 0.000077
810.000000 0.000077
811.000000 0.000078
812.000000 0.000078
813.000000 0.000079
814.000000 0.000079
815.000000 0.000080
816.000000 0.000080
817.000000 0.000080
818.000000 0.000081
819.000000 0.000081
820.000000 0.000082
821.000000 0.000082
822.000000 0.000082
823.000000 0.000083
824.000000 0.000083
825.000000 0.000084
826.000000 0.000084
827.000000 0.000084
828.000000 0.000085
829.000000 0.000085
830.000000 0.000086
831.000000 0.000086
832.000000 0.000086
833.000000 0.000087
834.000000 0.000087
835.000000 0.000088
836.000000 0.000088
837.000000 0.000089
838.000000 0.000089
839.000000 0.000089
840.000000 0.000090
841.000000 0.000090
842.000000 0.000091
843.000000 0.000091
844.000000 0.000092
845.000000 0.000092
846.000000 0.000092
847.000000 0.000093
848.000000 0.000093
849.000000 0.000094
850.000000 0.000094
851.000000 0.000095
852.000000 0.000095
853.000000 0.000095
854.000000 0.000096
855.000000 0.000096
856.000000 0.000097
857.000000 0.000097
858.000000 0.000098
859.000000 0.000098
860.000000 0.000099
861.000000 0.000099
862.000000 0.000100
863.000000 0.000100
864.000000 0.000100
865.000000 0.000101
866.000000 0.000101
867.000000 0.000102
868.000000 0.000102
869.000000 0.000103
870.000000 0.000103
871.000000 0.000104
872.000000 0.000104
873.000000 0.000105
874.000000 0.000105
875.000000 0.000105
876.000000 0.000106
877.000000 0.000106
878.000000 0.000107
879.000000 0.000107
880.000000 0.000108
881.000000 0.000108
882.000000 0.000109
883.000000 0.000109
884.000000 0.000110
885.000000 0.000110
886.000000 0.000111
887.000000 0.000111
888.000000 0.000112
889.000000 0.000112
890.000000 0.000113
891.000000 0.000113
892.000000 0.000114
893.000000 0.000114
894.000000 0.000114
895.000000 0.000115
896.000000 0.000115
897.000000 0.000116
898.000000 0.000116
899.000000 0.000117
900.000000 0.000117
901.000000 0.000118
902.000000 0.000118
903.000000 0.000119
904.000000 0.000119
905.000000 0.000120
906.000000 0.000120
907.000000 0.000121
908.000000 0.000121
909.000000 0.000122
910.000000 0.000122
911.000000 0.000123
912.000000 0.000123
913.000000 0.000124
914.000000 0.000124
915.000000 0.000125
916.000000 0.000125
917.000000 0.000126
918.000000 0.000126
919.000000 0.000127
920.000000 0.000127
921.000000 0.000128
922.000000 0.000128
923.000000 0.000129
924.000000 0.000130
925.000000 0.000130
926.000000 0.000130
927.000000 0.000131
928.000000 0.000132
929.000000 0.000132
930.000000 0.000133
931.000000 0.000133
932.000000 0.000134
933.000000 0.000134
934.000000 0.000135
935.000000 0.000135
936.000000 0.000136
937.000000 0.000136
938.000000 0.000137
939.000000 0.000137
940.000000 0.000138
941.000000 0.000138
942.000000 0.000139
943.000000 0.000139
944.000000 0.000140
945.000000 0.000140
946.000000 0.000141
947.000000 0.000141
948.000000 0.000142
949.000000 0.000143
950.000000 0.000143
951.000000 0.000144
952.000000 0.000144
953.000000 0.000145
954.000000 0.000145
955.000000 0.000146
956.000000 0.000146
957.000000 0.000147
958.000000 0.000147
959.000000 0.000148
960.000000 0.000148
961.000000 0.000149
962.000000 0.000149
963.000000 0.000150
964.000000 0.000151
965.000000 0.000151
966.000000 0.000152
967.000000 0.000152
968.000000 0.000153
969.000000 0.000153
970.000000 0.000154
971.000000 0.000154
972.000000 0.000155
973.000000 0.000155
974.000000 0.000156
975.000000 0.000157
976.000000 0.000157
977.000000 0.000158
978.000000 0.000158
979.000000 0.000159
980.000000 0.000159
981.000000 0.000160
982.000000 0.000161
983.000000 0.000161
984.000000 0.000162
985.000000 0.000162
986.000000 0.000163
987.000000 0.000163
988.000000 0.000164
989.000000 0.000164
990.000000 0.000165
991.000000 0.000166
992.000000 0.000166
993.000000 0.000167
994.000000 0.000167
995.000000 0.000168
996.000000 0.000168
997.000000 0.000169
998.000000 0.000170
999.000000 0.000170
1000.000000 0.000171
1001.000000 0.000171
1002.000000 0.000172
1003.000000 0.000172
1004.000000 0.000173
1005.000000 0.000174
1006.000000 0.000174
1007.000000 0.000175
1008.000000 0.000175
1009.000000 0.000176
1010.000000 0.000176
1011.000000 0.000177
1012.000000 0.000178
1013.000000 0.000178
1014.000000 0.000179
1015.000000 0.000179
1016.000000 0.000180
1017.000000 0.000181
1018.000000 0.000181
1019.000000 0.000182
1020.000000 0.000182
1021.000000 0.000183
1022.000000 0.000183
1023.000000 0.000184
1024.000000 0.000185
1025.000000 0.000185
1026.000000 0.000186
1027.000000 0.000186
1028.000000 0.000187
1029.000000 0.000188
1030.000000 0.000188
1031.000000 0.000189
1032.000000 0.000189
1033.000000 0.000190
1034.000000 0.000190
1035.000000 0.000191
1036.000000 0.000192
1037.000000 0.000192
1038.000000 0.000193
1039.000000 0.000193
1040.000000 0.000194
1041.000000 0.000195
1042.000000 0.000195
1043.000000 0.000196
1044.000000 0.000197
1045.000000 0.000197
1046.000000 0.000198
1047.000000 0.000198
1048.000000 0.000199
1049.000000 0.000200
1050.000000 0.000200
1051.000000 0.000201
1052.000000 0.000201
1053.000000 0.000202
1054.000000 0.000203
1055.000000 0.000203
1056.000000 0.000204
1057.000000 0.000204
1058.000000 0.000205
1059.000000 0.000205
1060.000000 0.000206
1061.000000 0.000207
1062.000000 0.000207
1063.000000 0.000208
1064.000000 0.000209
1065.000000 0.000209
1066.000000 0.000210
1067.000000 0.000210
1068.000000 0.000211
1069.000000 0.000212
1070.000000 0.000212
1071.000000 0.000213
1072.000000 0.000213
1073.000000 0.000214
1074.000000 0.000215
1075.000000 0.000215
1076.000000 0.000216
1077.000000 0.000217
1078.000000 0.000217
1079.000000 0.000218
1080.000000 0.000218
1081.000000 0.000219
1082.000000 0.000220
1083.000000 0.000220
1084.000000 0.000221
1085.000000 0.000222
1086.000000 0.000222
1087.000000 0.000223
1088.000000 0.000223
1089.000000 0.000224
1090.000000 0.000225
1091.000000 0.000225
1092.000000 0.000226
1093.000000 0.000227
1094.000000 0.000227
1095.000000 0.000228
1096.000000 0.000228
1097.000000 0.000229
1098.000000 0.000230
1099.000000 0.000230
1100.000000 0.000231
1101.000000 0.000232
1102.000000 0.000232
1103.000000 0.000233
1104.000000 0.000233
1105.000000 0.000234
1106.000000 0.000235
1107.000000 0.000235
1108.000000 0.000236
1109.000000 0.000237
1110.000000 0.000237
1111.000000 0.000238
1112.000000 0.000239
1113.000000 0.000239
1114.000000 0.000240
1115.000000 0.000240
1116.000000 0.000241
1117.000000 0.000242
1118.000000 0.000242
1119.000000 0.000243
1120.000000 0.000244
1121.000000 0.000244
1122.000000 0.000245
1123.000000 0.000245
1124.000000 0.000246
1125.000000 0.000247
1126.000000 0.000247
1127.000000 0.000248
1128.000000 0.000249
1129.000000 0.000249
1130.000000 0.000250
1131.000000 0.000250
1132.000000 0.000251
1133.000000 0.000252
1134.000000 0.000252
1135.000000 0.000253
1136.000000 0.000254
1137.000000 0.000254
1138.000000 0.000255
1139.000000 0.000256
1140.000000 0.000256
1141.000000 0.000257
1142.000000 0.000258
1143.000000 0.000258
1144.000000 0.000259
1145.000000 0.000260
1146.000000 0.000260
1147.000000 0.000261
1148.000000 0.000261
1149.000000 0.000262
1150.000000 0.000263
1151.000000 0.000263
1152.000000 0.000264
1153.000000 0.000265
1154.000000 0.000265
1155.000000 0.000266
1156.000000 0.000267
1157.000000 0.000267
1158.000000 0.000268
1159.000000 0.000269
1160.000000 0.000269
1161.000000 0.000270
1162.000000 0.000270
1163.000000 0.000271
1164.000000 0.000272
1165.000000 0.000272
1166.000000 0.000273
1167.000000 0.000274
1168.000000 0.000274
1169.000000 0.000275
1170.000000 0.000276
1171.000000 0.000276
1172.000000 0.000277
1173.000000 0.000278
1174.000000 0.000278
1175.000000 0.000279
1176.000000 0.000280
1177.000000 0.000280
1178.000000 0.000281
1179.000000 0.000281
1180.000000 0.000282
1181.000000 0.000283
1182.000000 0.000283
1183.000000 0.000284
1184.000000 0.000285
1185.000000 0.000285
1186.000000 0.000286
1187.000000 0.000287
1188.000000 0.000287
1189.000000 0.000288
1190.000000 0.000289
1191.000000 0.000289
1192.000000 0.000290
1193.000000 0.000291
1194.000000 0.000291
1195.000000 0.000292
1196.000000 0.000293
1197.000000 0.000293
1198.000000 0.000294
1199.000000 0.000294
1200.000000 0.000295
1201.000000 0.000296
1202.000000 0.000297
1203.000000 0.000297
1204.000000 0.000298
1205.000000 0.000298
1206.000000 0.000299
1207.000000 0.000300
1208.000000 0.000301
1209.000000 0.000301
1210.000000 0.000302
1211.000000 0.000303
1212.000000 0.000303
1213.000000 0.000304
1214.000000 0.000304
1215.000000 0.000305
1216.000000 0.000306
1217.000000 0.000307
1218.000000 0.000307
1219.000000 0.000308
1220.000000 0.000308
1221.000000 0.000309
1222.000000 0.000310
1223.000000 0.000310
1224.000000 0.000311
1225.000000 0.000312
1226.000000 0.000312
1227.000000 0.000313
1228.000000 0.000314
1229.000000 0.000314
1230.000000 0.000315
1231.000000 0.000316
1232.000000 0.000316
1233.000000 0.000317
1234.000000 0.000318
1235.000000 0.000318
1236.000000 0.000319
1237.000000 0.000320
1238.000000 0.000320
1239.000000 0.000321
1240.000000 0.000322
1241.000000 0.000322
1242.000000 0.000323
1243.000000 0.000324
1244.000000 0.000324
1245.000000 0.000325
1246.000000 0.000326
1247.000000 0.000326
1248.000000 0.000327
1249.000000 0.000328
1250.000000 0.000328
1251.000000 0.000329
1252.000000 0.000330
1253.000000 0.000330
1254.000000 0.000331
1255.000000 0.000332
1256.000000 0.000332
1257.000000 0.000333
1258.000000 0.000334
1259.000000 0.000334
1260.000000 0.000335
1261.000000 0.000336
1262.000000 0.000336
1263.000000 0.000337
1264.000000 0.000338
1265.000000 0.000338
1266.000000 0.000339
1267.000000 0.000340
1268.000000 0.000340
1269.000000 0.000341
1270.000000 0.000342
1271.000000 0.000342
1272.000000 0.000343
1273.000000 0.000343
1274.000000 0.000344
1275.000000 0.000345
1276.000000 0.000345
1277.000000 0.000346
1278.000000 0.000347
1279.000000 0.000348
1280.000000 0.000348
1281.000000 0.000349
1282.000000 0.000349
1283.000000 0.000350
1284.000000 0.000351
1285.000000 0.000352
1286.000000 0.000352
1287.000000 0.000353
1288.000000 0.000354
1289.000000 0.000354
1290.000000 0.000355
1291.000000 0.000356
1292.000000 0.000356
1293.000000 0.000357
1294.000000 0.000357
1295.000000 0.000358
1296.000000 0.000359
1297.000000 0.000360
1298.000000 0.000360
1299.000000 0.000361
1300.000000 0.000361
1301.000000 0.000362
1302.000000 0.000363
1303.000000 0.000363
1304.000000 0.000364
1305.000000 0.000365
1306.000000 0.000365
1307.000000 0.000366
1308.000000 0.000367
1309.000000 0.000367
1310.000000 0.000368
1311.000000 0.000369
1312.000000 0.000369
1313.000000 0.000370
1314.000000 0.000371
1315.000000 0.000371
1316.000000 0.000372
1317.000000 0.000373
1318.000000 0.000373
1319.000000 0.000374
1320.000000 0.000375
1321.000000 0.000375
1322.000000 0.000376
1323.000000 0.000377
1324.000000 0.000377
1325.000000 0.000378
1326.000000 0.000379
1327.000000 0.000379
1328.000000 0.000380
1329.000000 0.000381
1330.000000 0.000381
1331.000000 0.000382
1332.000000 0.000383
1333.000000 0.000383
1334.000000 0.000384
1335.000000 0.000385
1336.000000 0.000385
1337.000000 0.000386
1338.000000 0.000387
1339.000000 0.000387
1340.000000 0.000388
1341.000000 0.000389
1342.000000 0.000389
1343.000000 0.000390
1344.000000 0.000391
1345.000000 0.000391
1346.000000 0.000392
1347.000000 0.000393
1348.000000 0.000393
1349.000000 0.000394
1350.000000 0.000395
1351.000000 0.000395
1352.000000 0.000396
1353.000000 0.000397
1354.000000 0.000397
1355.000000 0.000398
1356.000000 0.000399
1357.000000 0.000399
1358.000000 0.000400
1359.000000 0.000401
1360.000000 0.000401
1361.000000 0.000402
1362.000000 0.000403
1363.000000 0.000403
1364.000000 0.000404
1365.000000 0.000405
1366.000000 0.000405
1367.000000 0.000406
1368.000000 0.000407
1369.000000 0.000407
1370.000000 0.000408
1371.000000 0.000408
1372.000000 0.000409
1373.000000 0.000410
1374.000000 0.000410
1375.000000 0.000411
1376.000000 0.000412
1377.000000 0.000412
1378.000000 0.000413
1379.000000 0.000414
1380.000000 0.000414
1381.000000 0.000415
1382.000000 0.000416
1383.000000 0.000416
1384.000000 0.000417
1385.000000 0.000418
1386.000000 0.000418
1387.000000 0.000419
1388.000000 0.000420
1389.000000 0.000420
1390.000000 0.000421
1391.000000 0.000421
1392.000000 0.000422
1393.000000 0.000423
1394.000000 0.000423
1395.000000 0.000424
1396.000000 0.000425
1397.000000 0.000425
1398.000000 0.000426
1399.000000 0.000427
1400.000000 0.000427
1401.000000 0.000428
1402.000000 0.000429
1403.000000 0.000429
1404.000000 0.000430
1405.000000 0.000431
1406.000000 0.000431
1407.000000 0.000432
1408.000000 0.000432
1409.000000 0.000433
1410.000000 0.000434
1411.000000 0.000434
1412.000000 0.000435
1413.000000 0.000436
1414.000000 0.000436
1415.000000 0.000437
1416.000000 0.000438
1417.000000 0.000438
1418.000000 0.000439
1419.000000 0.000440
1420.000000 0.000440
1421.000000 0.000441
1422.000000 0.000442
1423.000000 0.000442
1424.000000 0.000443
1425.000000 0.000443
1426.000000 0.000444
1427.000000 0.000445
1428.000000 0.000445
1429.000000 0.000446
1430.000000 0.000447
1431.000000 0.000447
1432.000000 0.000448
1433.000000 0.000449
1434.000000 0.000449
1435.000000 0.000450
1436.000000 0.000450
1437.000000 0.000451
1438.000000 0.000452
1439.000000 0.000452
1440.000000 0.000453
1441.000000 0.000454
1442.000000 0.000454
1443.000000 0.000455
1444.000000 0.000456
1445.000000 0.000456
1446.000000 0.000457
1447.000000 0.000457
1448.000000 0.000458
1449.000000 0.000459
1450.000000 0.000459
1451.000000 0.000460
1452.000000 0.000461
1453.000000 0.000461
1454.000000 0.000462
1455.000000 0.000462
1456.000000 0.000463
1457.000000 0.000464
1458.000000 0.000464
1459.000000 0.000465
1460.000000 0.000466
1461.000000 0.000466
1462.000000 0.000467
1463.000000 0.000467
1464.000000 0.000468
1465.000000 0.000469
1466.000000 0.000469
1467.000000 0.000470
1468.000000 0.000471
1469.000000 0.000471
1470.000000 0.000472
1471.000000 0.000472
1472.000000 0.000473
1473.000000 0.000474
1474.000000 0.000474
1475.000000 0.000475
1476.000000 0.000476
1477.000000 0.000476
1478.000000 0.000477
1479.000000 0.000477
1480.000000 0.000478
1481.000000 0.000479
1482.000000 0.000479
1483.000000 0.000480
1484.000000 0.000480
1485.000000 0.000481
1486.000000 0.000482
1487.000000 0.000482
1488.000000 0.000483
1489.000000 0.000484
1490.000000 0.000484
1491.000000 0.000485
1492.000000 0.000485
1493.000000 0.000486
1494.000000 0.000487
1495.000000 0.000487
1496.000000 0.000488
1497.000000 0.000488
1498.000000 0.000489
1499.000000 0.000490
1500.000000 0.000490
1501.000000 0.000491
1502.000000 0.000491
1503.000000 0.000492
1504.000000 0.000493
1505.000000 0.000493
1506.000000 0.000494
1507.000000 0.000494
1508.000000 0.000495
1509.000000 0.000496
1510.000000 0.000496
1511.000000 0.000497
1512.000000 0.000497
1513.000000 0.000498
1514.000000 0.000499
1515.000000 0.000499
1516.000000 0.000500
1517.000000 0.000500
1518.000000 0.000501
1519.000000 0.000502
1520.000000 0.000502
1521.000000 0.000503
1522.000000 0.000503
1523.000000 0.000504
1524.000000 0.000504
1525.000000 0.000505
1526.000000 0.000506
1527.000000 0.000506
1528.000000 0.000507
1529.000000 0.000507
1530.000000 0.000508
1531.000000 0.000509
1532.000000 0.000509
1533.000000 0.000510
1534.000000 0.000510
1535.000000 0.000511
1536.000000 0.000511
1537.000000 0.000512
1538.000000 0.000513
1539.000000 0.000513
1540.000000 0.000514
1541.000000 0.000514
1542.000000 0.000515
1543.000000 0.000516
1544.000000 0.000516
1545.000000 0.000517
1546.000000 0.000517
1547.000000 0.000518
1548.000000 0.000518
1549.000000 0.000519
1550.000000 0.000520
1551.000000 0.000520
1552.000000 0.000521
1553.000000 0.000521
1554.000000 0.000522
1555.000000 0.000522
1556.000000 0.000523
1557.000000 0.000524
1558.000000 0.000524
1559.000000 0.000525
1560.000000 0.000525
1561.000000 0.000526
1562.000000 0.000526
1563.000000 0.000527
1564.000000 0.000527
1565.000000 0.000528
1566.000000 0.000529
1567.000000 0.000529
1568.000000 0.000530
1569.000000 0.000530
1570.000000 0.000531
1571.000000 0.000531
1572.000000 0.000532
1573.000000 0.000532
1574.000000 0.000533
1575.000000 0.000534
1576.000000 0.000534
1577.000000 0.000535
1578.000000 0.000535
1579.000000 0.000536
1580.000000 0.000536
1581.000000 0.000537
1582.000000 0.000537
1583.000000 0.000538
1584.000000 0.000539
1585.000000 0.000539
1586.000000 0.000540
1587.000000 0.000540
1588.000000 0.000541
1589.000000 0.000541
1590.000000 0.000542
1591.000000 0.000542
1592.000000 0.000543
1593.000000 0.000543
1594.000000 0.000544
1595.000000 0.000544
1596.000000 0.000545
1597.000000 0.000545
1598.000000 0.000546
1599.000000 0.000547
1600.000000 0.000547
1601.000000 0.000548
1602.000000 0.000548
1603.000000 0.000549
1604.000000 0.000549
1605.000000 0.000550
1606.000000 0.000550
1607.000000 0.000551
1608.000000 0.000551
1609.000000 0.000552
1610.000000 0.000552
1611.000000 0.000553
1612.000000 0.000553
1613.000000 0.000554
1614.000000 0.000554
1615.000000 0.000555
1616.000000 0.000555
1617.000000 0.000556
1618.000000 0.000556
1619.000000 0.000557
1620.000000 0.000557
1621.000000 0.000558
1622.000000 0.000559
1623.000000 0.000559
1624.000000 0.000560
1625.000000 0.000560
1626.000000 0.000561
1627.000000 0.000561
1628.000000 0.000562
1629.000000 0.000562
1630.000000 0.000563
1631.000000 0.000563
1632.000000 0.000564
1633.000000 0.000564
1634.000000 0.000565
1635.000000 0.000565
1636.000000 0.000566
1637.000000 0.000566
1638.000000 0.000567
1639.000000 0.000567
1640.000000 0.000568
1641.000000 0.000568
1642.000000 0.000569
1643.000000 0.000569
1644.000000 0.000570
1645.000000 0.000570
1646.000000 0.000570
1647.000000 0.000571
1648.000000 0.000571
1649.000000 0.000572
1650.000000 0.000572
1651.000000 0.000573
1652.000000 0.000573
1653.000000 0.000574
1654.000000 0.000574
1655.000000 0.000575
1656.000000 0.000575
1657.000000 0.000576
1658.000000 0.000576
1659.000000 0.000577
1660.000000 0.000577
1661.000000 0.000578
1662.000000 0.000578
1663.000000 0.000579
1664.000000 0.000579
1665.000000 0.000580
1666.000000 0.000580
1667.000000 0.000580
1668.000000 0.000581
1669.000000 0.000581
1670.000000 0.000582
1671.000000 0.000582
1672.000000 0.000583
1673.000000 0.000583
1674.000000 0.000584
1675.000000 0.000584
1676.000000 0.000585
1677.000000 0.000585
1678.000000 0.000585
1679.000000 0.000586
1680.000000 0.000586
1681.000000 0.000587
1682.000000 0.000588
1683.000000 0.000588
1684.000000 0.000588
1685.000000 0.000589
1686.000000 0.000589
1687.000000 0.000589
1688.000000 0.000590
1689.000000 0.000590
1690.000000 0.000591
1691.000000 0.000591
1692.000000 0.000592
1693.000000 0.000592
1694.000000 0.000593
1695.000000 0.000593
1696.000000 0.000593
1697.000000 0.000594
1698.000000 0.000594
1699.000000 0.000595
1700.000000 0.000595
1701.000000 0.000596
1702.000000 0.000596
1703.000000 0.000596
1704.000000 0.000597
1705.000000 0.000597
1706.000000 0.000597
1707.000000 0.000598
1708.000000 0.000599
1709.000000 0.000599
1710.000000 0.000599
1711.000000 0.000600
1712.000000 0.000600
1713.000000 0.000601
1714.000000 0.000601
1715.000000 0.000602
1716.000000 0.000602
1717.000000 0.000602
1718.000000 0.000603
1719.000000 0.000603
1720.000000 0.000603
1721.000000 0.000604
1722.000000 0.000604
1723.000000 0.000605
1724.000000 0.000605
1725.000000 0.000605
1726.000000 0.000606
1727.000000 0.000606
1728.000000 0.000607
1729.000000 0.000607
1730.000000 0.000607
1731.000000 0.000608
1732.000000 0.000608
1733.000000 0.000609
1734.000000 0.000609
1735.000000 0.000609
1736.000000 0.000610
1737.000000 0.000610
1738.000000 0.000611
1739.000000 0.000611
1740.000000 0.000612
1741.000000 0.000612
1742.000000 0.000612
1743.000000 0.000612
1744.000000 0.000613
1745.000000 0.000613
1746.000000 0.000614
1747.000000 0.000614
1748.000000 0.000614
1749.000000 0.000615
1750.000000 0.000615
1751.000000 0.000615
1752.000000 0.000616
1753.000000 0.000616
1754.000000 0.000616
1755.000000 0.000617
1756.000000 0.000617
1757.000000 0.000618
1758.000000 0.000618
1759.000000 0.000618
1760.000000 0.000619
1761.000000 0.000619
1762.000000 0.000619
1763.000000 0.000620
1764.000000 0.000620
1765.000000 0.000621
1766.000000 0.000621
1767.000000 0.000621
1768.000000 0.000621
1769.000000 0.000622
1770.000000 0.000622
1771.000000 0.000622
1772.000000 0.000623
1773.000000 0.000623
1774.000000 0.000624
1775.000000 0.000624
1776.000000 0.000624
1777.000000 0.000624
1778.000000 0.000625
1779.000000 0.000625
1780.000000 0.000625
1781.000000 0.000626
1782.000000 0.000626
1783.000000 0.000626
1784.000000 0.000627
1785.000000 0.000627
1786.000000 0.000627
1787.000000 0.000628
1788.000000 0.000628
1789.000000 0.000628
1790.000000 0.000629
1791.000000 0.000629
1792.000000 0.000629
1793.000000 0.000630
1794.000000 0.000630
1795.000000 0.000630
1796.000000 0.000631
1797.000000 0.000631
1798.000000 0.000631
1799.000000 0.000632
1800.000000 0.000632
1801.000000 0.000632
1802.000000 0.000632
1803.000000 0.000633
1804.000000 0.000633
1805.000000 0.000633
1806.000000 0.000633
1807.000000 0.000634
1808.000000 0.000634
1809.000000 0.000634
1810.000000 0.000635
1811.000000 0.000635
1812.000000 0.000635
1813.000000 0.000635
1814.000000 0.000636
1815.000000 0.000636
1816.000000 0.000636
1817.000000 0.000637
1818.000000 0.000637
1819.000000 0.000637
1820.000000 0.000637
1821.000000 0.000638
1822.000000 0.000638
1823.000000 0.000638
1824.000000 0.000639
1825.000000 0.000639
1826.000000 0.000639
1827.000000 0.000639
1828.000000 0.000640
1829.000000 0.000640
1830.000000 0.000640
1831.000000 0.000640
1832.000000 0.000641
1833.000000 0.000641
1834.000000 0.000641
1835.000000 0.000641
1836.000000 0.000642
1837.000000 0.000642
1838.000000 0.000642
1839.000000 0.000642
1840.000000 0.000643
1841.000000 0.000643
1842.000000 0.000643
1843.000000 0.000643
1844.000000 0.000644
1845.000000 0.000644
1846.000000 0.000644
1847.000000 0.000644
1848.000000 0.000645
1849.000000 0.000645
1850.000000 0.000645
1851.000000 0.000645
1852.000000 0.000645
1853.000000 0.000646
1854.000000 0.000646
1855.000000 0.000646
1856.000000 0.000646
1857.000000 0.000647
1858.000000 0.000647
1859.000000 0.000647
1860.000000 0.000647
1861.000000 0.000647
1862.000000 0.000648
1863.000000 0.000648
1864.000000 0.000648
1865.000000 0.000649
1866.000000 0.000648
1867.000000 0.000649
1868.000000 0.000649
1869.000000 0.000649
1870.000000 0.000649
1871.000000 0.000649
1872.000000 0.000650
1873.000000 0.000650
1874.000000 0.000650
1875.000000 0.000650
1876.000000 0.000650
1877.000000 0.000651
1878.000000 0.000651
1879.000000 0.000651
1880.000000 0.000651
1881.000000 0.000652
1882.000000 0.000652
1883.000000 0.000652
1884.000000 0.000652
1885.000000 0.000652
1886.000000 0.000652
1887.000000 0.000652
1888.000000 0.000653
1889.000000 0.000653
1890.000000 0.000653
1891.000000 0.000653
1892.000000 0.000653
1893.000000 0.000654
1894.000000 0.000654
1895.000000 0.000654
1896.000000 0.000654
1897.000000 0.000654
1898.000000 0.000655
1899.000000 0.000654
1900.000000 0.000655
1901.000000 0.000655
1902.000000 0.000655
1903.000000 0.000655
1904.000000 0.000655
1905.000000 0.000655
1906.000000 0.000656
1907.000000 0.000656
1908.000000 0.000656
1909.000000 0.000656
1910.000000 0.000656
1911.000000 0.000656
1912.000000 0.000656
1913.000000 0.000656
1914.000000 0.000657
1915.000000 0.000657
1916.000000 0.000657
1917.000000 0.000657
1918.000000 0.000657
1919.000000 0.000657
1920.000000 0.000657
1921.000000 0.000658
1922.000000 0.000658
1923.000000 0.000658
1924.000000 0.000658
1925.000000 0.000658
1926.000000 0.000658
1927.000000 0.000658
1928.000000 0.000658
1929.000000 0.000658
1930.000000 0.000659
1931.000000 0.000659
1932.000000 0.000659
1933.000000 0.000659
1934.000000 0.000659
1935.000000 0.000659
1936.000000 0.000659
1937.000000 0.000659
1938.000000 0.000659
1939.000000 0.000660
1940.000000 0.000660
1941.000000 0.000660
1942.000000 0.000660
1943.000000 0.000660
1944.000000 0.000660
1945.000000 0.000660
1946.000000 0.000660
1947.000000 0.000660
1948.000000 0.000660
1949.000000 0.000660
1950.000000 0.000661
1951.000000 0.000661
1952.000000 0.000661
1953.000000 0.000661
1954.000000 0.000661
1955.000000 0.000661
1956.000000 0.000661
1957.000000 0.000661
1958.000000 0.000661
1959.000000 0.000661
1960.000000 0.000661
1961.000000 0.000661
1962.000000 0.000661
1963.000000 0.000661
1964.000000 0.000662
1965.000000 0.000662
1966.000000 0.000662
1967.000000 0.000662
1968.000000 0.000662
1969.000000 0.000662
1970.000000 0.000662
1971.000000 0.000662
1972.000000 0.000662
1973.000000 0.000662
1974.000000 0.000662
1975.000000 0.000662
1976.000000 0.000662
1977.000000 0.000662
1978.000000 0.000662
1979.000000 0.000662
1980.000000 0.000662
1981.000000 0.000662
1982.000000 0.000662
1983.000000 0.000662
1984.000000 0.000662
1985.000000 0.000662
1986.000000 0.000662
1987.000000 0.000662
1988.000000 0.000662
1989.000000 0.000663
1990.000000 0.000662
1991.000000 0.000662
1992.000000 0.000662
1993.000000 0.000662
1994.000000 0.000662
1995.000000 0.000662
1996.000000 0.000662
1997.000000 0.000663
1998.000000 0.000662
1999.000000 0.000662
2000.000000 0.000662
2001.000000 0.000662
2002.000000 0.000662
2003.000000 0.000662
2004.000000 0.000662
2005.000000 0.000663
2006.000000 0.000662
2007.000000 0.000662
2008.000000 0.000662
2009.000000 0.000662
2010.000000 0.000662
2011.000000 0.000662
2012.000000 0.000662
2013.000000 0.000663
2014.000000 0.000662
2015.000000 0.000662
2016.000000 0.000662
2017.000000 0.000662
2018.000000 0.000662
2019.000000 0.000662
2020.000000 0.000662
2021.000000 0.000662
2022.000000 0.000662
2023.000000 0.000662
2024.000000 0.000662
2025.000000 0.000662
2026.000000 0.000662
2027.000000 0.000662
2028.000000 0.000662
2029.000000 0.000662
2030.000000 0.000662
2031.000000 0.000662
2032.000000 0.000662
2033.000000 0.000662
2034.000000 0.000662
2035.000000 0.000662
2036.000000 0.000661
2037.000000 0.000661
2038.000000 0.000662
2039.000000 0.000661
2040.000000 0.000661
2041.000000 0.000661
2042.000000 0.000661
2043.000000 0.000661
2044.000000 0.000661
2045.000000 0.000661
2046.000000 0.000661
2047.000000 0.000661
2048.000000 0.000661
2049.000000 0.000661
2050.000000 0.000661
2051.000000 0.000661
2052.000000 0.000660
2053.000000 0.000660
2054.000000 0.000660
2055.000000 0.000660
2056.000000 0.000660
2057.000000 0.000660
2058.000000 0.000660
2059.000000 0.000660
2060.000000 0.000660
2061.000000 0.000660
2062.000000 0.000659
2063.000000 0.000660
2064.000000 0.000659
2065.000000 0.000659
2066.000000 0.000659
2067.000000 0.000659
2068.000000 0.000659
2069.000000 0.000659
2070.000000 0.000659
2071.000000 0.000659
2072.000000 0.000659
2073.000000 0.000658
2074.000000 0.000658
2075.000000 0.000658
2076.000000 0.000658
2077.000000 0.000658
2078.000000 0.000658
2079.000000 0.000658
2080.000000 0.000658
2081.000000 0.000657
2082.000000 0.000657
2083.000000 0.000657
2084.000000 0.000657
2085.000000 0.000657
2086.000000 0.000657
2087.000000 0.000657
2088.000000 0.000657
2089.000000 0.000656
2090.000000 0.000656
2091.000000 0.000656
2092.000000 0.000656
2093.000000 0.000656
2094.000000 0.000656
2095.000000 0.000655
2096.000000 0.000656
2097.000000 0.000655
2098.000000 0.000655
2099.000000 0.000655
2100.000000 0.000655
2101.000000 0.000655
2102.000000 0.000654
2103.000000 0.000654
2104.000000 0.000654
2105.000000 0.000654
2106.000000 0.000654
2107.000000 0.000654
2108.000000 0.000654
2109.000000 0.000653
2110.000000 0.000653
2111.000000 0.000653
2112.000000 0.000653
2113.000000 0.000653
2114.000000 0.000652
2115.000000 0.000652
2116.000000 0.000652
2117.000000 0.000652
2118.000000 0.000652
2119.000000 0.000652
2120.000000 0.000651
2121.000000 0.000651
2122.000000 0.000651
2123.000000 0.000651
2124.000000 0.000651
2125.000000 0.000650
2126.000000 0.000650
2127.000000 0.000650
2128.000000 0.000650
2129.000000 0.000650
2130.000000 0.000650
2131.000000 0.000649
2132.000000 0.000649
2133.000000 0.000649
2134.000000 0.000649
2135.000000 0.000648
2136.000000 0.000648
2137.000000 0.000648
2138.000000 0.000648
2139.000000 0.000648
2140.000000 0.000647
2141.000000 0.000647
2142.000000 0.000647
2143.000000 0.000647
2144.000000 0.000647
2145.000000 0.000646
2146.000000 0.000646
2147.000000 0.000646
2148.000000 0.000646
2149.000000 0.000645
2150.000000 0.000645
2151.000000 0.000645
2152.000000 0.000645
2153.000000 0.000644
2154.000000 0.000644
2155.000000 0.000644
2156.000000 0.000644
2157.000000 0.000644
2158.000000 0.000643
2159.000000 0.000643
2160.000000 0.000643
2161.000000 0.000643
2162.000000 0.000642
2163.000000 0.000642
2164.000000 0.000642
2165.000000 0.000642
2166.000000 0.000641
2167.000000 0.000641
2168.000000 0.000641
2169.000000 0.000641
2170.000000 0.000640
2171.000000 0.000640
2172.000000 0.000640
2173.000000 0.000640
2174.000000 0.000639
2175.000000 0.000639
2176.000000 0.000639
2177.000000 0.000639
2178.000000 0.000638
2179.000000 0.000638
2180.000000 0.000638
2181.000000 0.000637
2182.000000 0.000637
2183.000000 0.000637
2184.000000 0.000637
2185.000000 0.000636
2186.000000 0.000636
2187.000000 0.000636
2188.000000 0.000636
2189.000000 0.000635
2190.000000 0.000635
2191.000000 0.000635
2192.000000 0.000634
2193.000000 0.000634
2194.000000 0.000634
2195.000000 0.000634
2196.000000 0.000633
2197.000000 0.000633
2198.000000 0.000633
2199.000000 0.000632
2200.000000 0.000632
2201.000000 0.000632
2202.000000 0.000631
2203.000000 0.000631
2204.000000 0.000631
2205.000000 0.000631
2206.000000 0.000630
2207.000000 0.000630
2208.000000 0.000630
2209.000000 0.000629
2210.000000 0.000629
2211.000000 0.000629
2212.000000 0.000628
2213.000000 0.000628
2214.000000 0.000628
2215.000000 0.000627
2216.000000 0.000627
2217.000000 0.000627
2218.000000 0.000626
2219.000000 0.000626
2220.000000 0.000626
2221.000000 0.000625
2222.000000 0.000625
2223.000000 0.000625
2224.000000 0.000624
2225.000000 0.000624
2226.000000 0.000624
2227.000000 0.000623
2228.000000 0.000623
2229.000000 0.000623
2230.000000 0.000622
2231.000000 0.000622
2232.000000 0.000622
2233.000000 0.000621
2234.000000 0.000621
2235.000000 0.000621
2236.000000 0.000620
2237.000000 0.000620
2238.000000 0.000620
2239.000000 0.000619
2240.000000 0.000619
2241.000000 0.000619
2242.000000 0.000618
2243.000000 0.000618
2244.000000 0.000618
2245.000000 0.000617
2246.000000 0.000617
2247.000000 0.000616
2248.000000 0.000616
2249.000000 0.000616
2250.000000 0.000615
2251.000000 0.000615
2252.000000 0.000615
2253.000000 0.000614
2254.000000 0.000614
2255.000000 0.000614
2256.000000 0.000613
2257.000000 0.000613
2258.000000 0.000612
2259.000000 0.000612
2260.000000 0.000612
2261.000000 0.000611
2262.000000 0.000611
2263.000000 0.000611
2264.000000 0.000610
2265.000000 0.000610
2266.000000 0.000609
2267.000000 0.000609
2268.000000 0.000609
2269.000000 0.000608
2270.000000 0.000608
2271.000000 0.000607
2272.000000 0.000607
2273.000000 0.000607
2274.000000 0.000606
2275.000000 0.000606
2276.000000 0.000605
2277.000000 0.000605
2278.000000 0.000605
2279.000000 0.000604
2280.000000 0.000604
2281.000000 0.000603
2282.000000 0.000603
2283.000000 0.000603
2284.000000 0.000602
2285.000000 0.000602
2286.000000 0.000601
2287.000000 0.000601
2288.000000 0.000601
2289.000000 0.000600
2290.000000 0.000600
2291.000000 0.000599
2292.000000 0.000599
2293.000000 0.000599
2294.000000 0.000598
2295.000000 0.000598
2296.000000 0.000597
2297.000000 0.000597
2298.000000 0.000596
2299.000000 0.000596
2300.000000 0.000596
2301.000000 0.000595
2302.000000 0.000595
2303.000000 0.000594
2304.000000 0.000594
2305.000000 0.000593
2306.000000 0.000593
2307.000000 0.000593
2308.000000 0.000592
2309.000000 0.000592
2310.000000 0.000591
2311.000000 0.000591
2312.000000 0.000590
2313.000000 0.000590
2314.000000 0.000590
2315.000000 0.000589
2316.000000 0.000589
2317.000000 0.000588
2318.000000 0.000588
2319.000000 0.000587
2320.000000 0.000587
2321.000000 0.000586
2322.000000 0.000586
2323.000000 0.000585
2324.000000 0.000585
2325.000000 0.000585
2326.000000 0.000584
2327.000000 0.000584
2328.000000 0.000583
2329.000000 0.000583
2330.000000 0.000582
2331.000000 0.000582
2332.000000 0.000581
2333.000000 0.000581
2334.000000 0.000580
2335.000000 0.000580
2336.000000 0.000580
2337.000000 0.000579
2338.000000 0.000579
2339.000000 0.000578
2340.000000 0.000578
2341.000000 0.000577
2342.000000 0.000577
2343.000000 0.000576
2344.000000 0.000576
2345.000000 0.000575
2346.000000 0.000575
2347.000000 0.000574
2348.000000 0.000574
2349.000000 0.000573
2350.000000 0.000573
2351.000000 0.000572
2352.000000 0.000572
2353.000000 0.000571
2354.000000 0.000571
2355.000000 0.000570
2356.000000 0.000570
2357.000000 0.000569
2358.000000 0.000569
2359.000000 0.000569
2360.000000 0.000568
2361.000000 0.000568
2362.000000 0.000567
2363.000000 0.000567
2364.000000 0.000566
2365.000000 0.000566
2366.000000 0.000565
2367.000000 0.000565
2368.000000 0.000564
2369.000000 0.000564
2370.000000 0.000563
2371.000000 0.000563
2372.000000 0.000562
2373.000000 0.000562
2374.000000 0.000561
2375.000000 0.000561
2376.000000 0.000560
2377.000000 0.000560
2378.000000 0.000559
2379.000000 0.000559
2380.000000 0.000558
2381.000000 0.000557
2382.000000 0.000557
2383.000000 0.000556
2384.000000 0.000556
2385.000000 0.000555
2386.000000 0.000555
2387.000000 0.000554
2388.000000 0.000554
2389.000000 0.000553
2390.000000 0.000553
2391.000000 0.000552
2392.000000 0.000552
2393.000000 0.000551
2394.000000 0.000551
2395.000000 0.000550
2396.000000 0.000550
2397.000000 0.000549
2398.000000 0.000549
2399.000000 0.000548
2400.000000 0.000548
2401.000000 0.000547
2402.000000 0.000547
2403.000000 0.000546
2404.000000 0.000545
2405.000000 0.000545
2406.000000 0.000544
2407.000000 0.000544
2408.000000 0.000543
2409.000000 0.000543
2410.000000 0.000542
2411.000000 0.000542
2412.000000 0.000541
2413.000000 0.000541
2414.000000 0.000540
2415.000000 0.000540
2416.000000 0.000539
2417.000000 0.000538
2418.000000 0.000538
2419.000000 0.000537
2420.000000 0.000537
2421.000000 0.000536
2422.000000 0.000536
2423.000000 0.000535
2424.000000 0.000535
2425.000000 0.000534
2426.000000 0.000534
2427.000000 0.000533
2428.000000 0.000532
2429.000000 0.000532
2430.000000 0.000531
2431.000000 0.000531
2432.000000 0.000530
2433.000000 0.000530
2434.000000 0.000529
2435.000000 0.000529
2436.000000 0.000528
2437.000000 0.000527
2438.000000 0.000527
2439.000000 0.000526
2440.000000 0.000526
2441.000000 0.000525
2442.000000 0.000525
2443.000000 0.000524
2444.000000 0.000524
2445.000000 0.000523
2446.000000 0.000522
2447.000000 0.000522
2448.000000 0.000521
2449.000000 0.000521
2450.000000 0.000520
2451.000000 0.000520
2452.000000 0.000519
2453.000000 0.000518
2454.000000 0.000518
2455.000000 0.000517
2456.000000 0.000517
2457.000000 0.000516
2458.000000 0.000516
2459.000000 0.000515
2460.000000 0.000514
2461.000000 0.000514
2462.000000 0.000513
2463.000000 0.000513
2464.000000 0.000512
2465.000000 0.000511
2466.000000 0.000511
2467.000000 0.000510
2468.000000 0.000510
2469.000000 0.000509
2470.000000 0.000509
2471.000000 0.000508
2472.000000 0.000507
2473.000000 0.000507
2474.000000 0.000506
2475.000000 0.000506
2476.000000 0.000505
2477.000000 0.000504
2478.000000 0.000504
2479.000000 0.000503
2480.000000 0.000503
2481.000000 0.000502
2482.000000 0.000502
2483.000000 0.000501
2484.000000 0.000500
2485.000000 0.000500
2486.000000 0.000499
2487.000000 0.000499
2488.000000 0.000498
2489.000000 0.000497
2490.000000 0.000497
2491.000000 0.000496
2492.000000 0.000496
2493.000000 0.000495
2494.000000 0.000494
2495.000000 0.000494
2496.000000 0.000493
2497.000000 0.000493
2498.000000 0.000492
2499.000000 0.000491
2500.000000 0.000491
2501.000000 0.000490
2502.000000 0.000490
2503.000000 0.000489
2504.000000 0.000488
2505.000000 0.000488
2506.000000 0.000487
2507.000000 0.000487
2508.000000 0.000486
2509.000000 0.000485
2510.000000 0.000485
2511.000000 0.000484
2512.000000 0.000483
2513.000000 0.000483
2514.000000 0.000482
2515.000000 0.000482
2516.000000 0.000481
2517.000000 0.000480
2518.000000 0.000480
2519.000000 0.000479
2520.000000 0.000479
2521.000000 0.000478
2522.000000 0.000477
2523.000000 0.000477
2524.000000 0.000476
2525.000000 0.000476
2526.000000 0.000475
2527.000000 0.000474
2528.000000 0.000474
2529.000000 0.000473
2530.000000 0.000472
2531.000000 0.000472
2532.000000 0.000471
2533.000000 0.000471
2534.000000 0.000470
2535.000000 0.000469
2536.000000 0.000469
2537.000000 0.000468
2538.000000 0.000467
2539.000000 0.000467
2540.000000 0.000466
2541.000000 0.000466
2542.000000 0.000465
2543.000000 0.000464
2544.000000 0.000464
2545.000000 0.000463
2546.000000 0.000462
2547.000000 0.000462
2548.000000 0.000461
2549.000000 0.000461
2550.000000 0.000460
2551.000000 0.000459
2552.000000 0.000459
2553.000000 0.000458
2554.000000 0.000457
2555.000000 0.000457
2556.000000 0.000456
2557.000000 0.000456
2558.000000 0.000455
2559.000000 0.000454
2560.000000 0.000454
2561.000000 0.000453
2562.000000 0.000452
2563.000000 0.000452
2564.000000 0.000451
2565.000000 0.000450
2566.000000 0.000450
2567.000000 0.000449
2568.000000 0.000449
2569.000000 0.000448
2570.000000 0.000447
2571.000000 0.000447
2572.000000 0.000446
2573.000000 0.000445
2574.000000 0.000445
2575.000000 0.000444
2576.000000 0.000443
2577.000000 0.000443
2578.000000 0.000442
2579.000000 0.000442
2580.000000 0.000441
2581.000000 0.000440
2582.000000 0.000440
2583.000000 0.000439
2584.000000 0.000438
2585.000000 0.000438
2586.000000 0.000437
2587.000000 0.000436
2588.000000 0.000436
2589.000000 0.000435
2590.000000 0.000434
2591.000000 0.000434
2592.000000 0.000433
2593.000000 0.000433
2594.000000 0.000432
2595.000000 0.000431
2596.000000 0.000431
2597.000000 0.000430
2598.000000 0.000429
2599.000000 0.000429
2600.000000 0.000428
2601.000000 0.000427
2602.000000 0.000427
2603.000000 0.000426
2604.000000 0.000425
2605.000000 0.000425
2606.000000 0.000424
2607.000000 0.000423
2608.000000 0.000423
2609.000000 0.000422
2610.000000 0.000421
2611.000000 0.000421
2612.000000 0.000420
2613.000000 0.000420
2614.000000 0.000419
2615.000000 0.000418
2616.000000 0.000418
2617.000000 0.000417
2618.000000 0.000416
2619.000000 0.000416
2620.000000 0.000415
2621.000000 0.000414
2622.000000 0.000414
2623.000000 0.000413
2624.000000 0.000412
2625.000000 0.000412
2626.000000 0.000411
2627.000000 0.000410
2628.000000 0.000410
2629.000000 0.000409
2630.000000 0.000408
2631.000000 0.000408
2632.000000 0.000407
2633.000000 0.000406
2634.000000 0.000406
2635.000000 0.000405
2636.000000 0.000404
2637.000000 0.000404
2638.000000 0.000403
2639.000000 0.000403
2640.000000 0.000402
2641.000000 0.000401
2642.000000 0.000401
2643.000000 0.000400
2644.000000 0.000399
2645.000000 0.000399
2646.000000 0.000398
2647.000000 0.000397
2648.000000 0.000397
2649.000000 0.000396
2650.000000 0.000395
2651.000000 0.000395
2652.000000 0.000394
2653.000000 0.000393
2654.000000 0.000393
2655.000000 0.000392
2656.000000 0.000391
2657.000000 0.000391
2658.000000 0.000390
2659.000000 0.000389
2660.000000 0.000389
2661.000000 0.000388
2662.000000 0.000387
2663.000000 0.000387
2664.000000 0.000386
2665.000000 0.000385
2666.000000 0.000385
2667.000000 0.000384
2668.000000 0.000383
2669.000000 0.000383
2670.000000 0.000382
2671.000000 0.000381
2672.000000 0.000381
2673.000000 0.000380
2674.000000 0.000379
2675.000000 0.000379
2676.000000 0.000378
2677.000000 0.000377
2678.000000 0.000377
2679.000000 0.000376
2680.000000 0.000375
2681.000000 0.000375
2682.000000 0.000374
2683.000000 0.000373
2684.000000 0.000373
2685.000000 0.000372
2686.000000 0.000371
2687.000000 0.000371
2688.000000 0.000370
2689.000000 0.000369
2690.000000 0.000369
2691.000000 0.000368
2692.000000 0.000367
2693.000000 0.000367
2694.000000 0.000366
2695.000000 0.000365
2696.000000 0.000365
2697.000000 0.000364
2698.000000 0.000363
2699.000000 0.000363
2700.000000 0.000362
2701.000000 0.000361
2702.000000 0.000361
2703.000000 0.000360
2704.000000 0.000359
2705.000000 0.000359
2706.000000 0.000358
2707.000000 0.000357
2708.000000 0.000357
2709.000000 0.000356
2710.000000 0.000355
2711.000000 0.000355
2712.000000 0.000354
2713.000000 0.000353
2714.000000 0.000353
2715.000000 0.000352
2716.000000 0.000352
2717.000000 0.000351
2718.000000 0.000350
2719.000000 0.000350
2720.000000 0.000349
2721.000000 0.000348
2722.000000 0.000348
2723.000000 0.000347
2724.000000 0.000346
2725.000000 0.000346
2726.000000 0.000345
2727.000000 0.000344
2728.000000 0.000344
2729.000000 0.000343
2730.000000 0.000342
2731.000000 0.000342
2732.000000 0.000341
2733.000000 0.000340
2734.000000 0.000340
2735.000000 0.000339
2736.000000 0.000338
2737.000000 0.000338
2738.000000 0.000337
2739.000000 0.000336
2740.000000 0.000336
2741.000000 0.000335
2742.000000 0.000334
2743.000000 0.000334
2744.000000 0.000333
2745.000000 0.000332
2746.000000 0.000332
2747.000000 0.000331
2748.000000 0.000330
2749.000000 0.000330
2750.000000 0.000329
2751.000000 0.000328
2752.000000 0.000328
2753.000000 0.000327
2754.000000 0.000326
2755.000000 0.000326
2756.000000 0.000325
2757.000000 0.000324
2758.000000 0.000324
2759.000000 0.000323
2760.000000 0.000322
2761.000000 0.000322
2762.000000 0.000321
2763.000000 0.000320
2764.000000 0.000320
2765.000000 0.000319
2766.000000 0.000318
2767.000000 0.000318
2768.000000 0.000317
2769.000000 0.000316
2770.000000 0.000316
2771.000000 0.000315
2772.000000 0.000314
2773.000000 0.000314
2774.000000 0.000313
2775.000000 0.000312
2776.000000 0.000312
2777.000000 0.000311
2778.000000 0.000310
2779.000000 0.000310
2780.000000 0.000309
2781.000000 0.000308
2782.000000 0.000308
2783.000000 0.000307
2784.000000 0.000306
2785.000000 0.000306
2786.000000 0.000305
2787.000000 0.000304
2788.000000 0.000304
2789.000000 0.000303
2790.000000 0.000302
2791.000000 0.000302
2792.000000 0.000301
2793.000000 0.000300
2794.000000 0.000300
2795.000000 0.000299
2796.000000 0.000299
2797.000000 0.000298
2798.000000 0.000297
2799.000000 0.000297
2800.000000 0.000296
2801.000000 0.000295
2802.000000 0.000295
2803.000000 0.000294
2804.000000 0.000293
2805.000000 0.000293
2806.000000 0.000292
2807.000000 0.000291
2808.000000 0.000291
2809.000000 0.000290
2810.000000 0.000289
2811.000000 0.000289
2812.000000 0.000288
2813.000000 0.000287
2814.000000 0.000287
2815.000000 0.000286
2816.000000 0.000285
2817.000000 0.000285
2818.000000 0.000284
2819.000000 0.000283
2820.000000 0.000283
2821.000000 0.000282
2822.000000 0.000281
2823.000000 0.000281
2824.000000 0.000280
2825.000000 0.000280
2826.000000 0.000279
2827.000000 0.000278
2828.000000 0.000278
2829.000000 0.000277
2830.000000 0.000276
2831.000000 0.000276
2832.000000 0.000275
2833.000000 0.000274
2834.000000 0.000274
2835.000000 0.000273
2836.000000 0.000272
2837.000000 0.000272
2838.000000 0.000271
2839.000000 0.000270
2840.000000 0.000270
2841.000000 0.000269
2842.000000 0.000268
2843.000000 0.000268
2844.000000 0.000267
2845.000000 0.000267
2846.000000 0.000266
2847.000000 0.000265
2848.000000 0.000265
2849.000000 0.000264
2850.000000 0.000263
2851.000000 0.000263
2852.000000 0.000262
2853.000000 0.000261
2854.000000 0.000261
2855.000000 0.000260
2856.000000 0.000259
2857.000000 0.000259
2858.000000 0.000258
2859.000000 0.000258
2860.000000 0.000257
2861.000000 0.000256
2862.000000 0.000256
2863.000000 0.000255
2864.000000 0.000254
2865.000000 0.000254
2866.000000 0.000253
2867.000000 0.000252
2868.000000 0.000252
2869.000000 0.000251
2870.000000 0.000250
2871.000000 0.000250
2872.000000 0.000249
2873.000000 0.000249
2874.000000 0.000248
2875.000000 0.000247
2876.000000 0.000247
2877.000000 0.000246
2878.000000 0.000245
2879.000000 0.000245
2880.000000 0.000244
2881.000000 0.000243
2882.000000 0.000243
2883.000000 0.000242
2884.000000 0.000242
2885.000000 0.000241
2886.000000 0.000240
2887.000000 0.000240
2888.000000 0.000239
2889.000000 0.000238
2890.000000 0.000238
2891.000000 0.000237
2892.000000 0.000237
2893.000000 0.000236
2894.000000 0.000235
2895.000000 0.000235
2896.000000 0.000234
2897.000000 0.000233
2898.000000 0.000233
2899.000000 0.000232
2900.000000 0.000232
2901.000000 0.000231
2902.000000 0.000230
2903.000000 0.000230
2904.000000 0.000229
2905.000000 0.000228
2906.000000 0.000228
2907.000000 0.000227
2908.000000 0.000227
2909.000000 0.000226
2910.000000 0.000225
2911.000000 0.000225
2912.000000 0.000224
2913.000000 0.000223
2914.000000 0.000223
2915.000000 0.000222
2916.000000 0.000222
2917.000000 0.000221
2918.000000 0.000220
2919.000000 0.000220
2920.000000 0.000219
2921.000000 0.000218
2922.000000 0.000218
2923.000000 0.000217
2924.000000 0.000217
2925.000000 0.000216
2926.000000 0.000215
2927.000000 0.000215
2928.000000 0.000214
2929.000000 0.000214
2930.000000 0.000213
2931.000000 0.000212
2932.000000 0.000212
2933.000000 0.000211
2934.000000 0.000210
2935.000000 0.000210
2936.000000 0.000209
2937.000000 0.000209
2938.000000 0.000208
2939.000000 0.000207
2940.000000 0.000207
2941.000000 0.000206
2942.000000 0.000206
2943.000000 0.000205
2944.000000 0.000204
2945.000000 0.000204
2946.000000 0.000203
2947.000000 0.000203
2948.000000 0.000202
2949.000000 0.000201
2950.000000 0.000201
2951.000000 0.000200
2952.000000 0.000200
2953.000000 0.000199
2954.000000 0.000198
2955.000000 0.000198
2956.000000 0.000197
2957.000000 0.000197
2958.000000 0.000196
2959.000000 0.000195
2960.000000 0.000195
2961.000000 0.000194
2962.000000 0.000194
2963.000000 0.000193
2964.000000 0.000192
2965.000000 0.000192
2966.000000 0.000191
2967.000000 0.000191
2968.000000 0.000190
2969.000000 0.000189
2970.000000 0.000189
2971.000000 0.000188
2972.000000 0.000188
2973.000000 0.000187
2974.000000 0.000186
2975.000000 0.000186
2976.000000 0.000185
2977.000000 0.000185
2978.000000 0.000184
2979.000000 0.000183
2980.000000 0.000183
2981.000000 0.000182
2982.000000 0.000182
2983.000000 0.000181
2984.000000 0.000181
2985.000000 0.000180
2986.000000 0.000179
2987.000000 0.000179
2988.000000 0.000178
2989.000000 0.000178
2990.000000 0.000177
2991.000000 0.000176
2992.000000 0.000176
2993.000000 0.000175
2994.000000 0.000175
2995.000000 0.000174
2996.000000 0.000174
2997.000000 0.000173
2998.000000 0.000172
2999.000000 0.000172
3000.000000 0.000171
3001.000000 0.000171
3002.000000 0.000170
3003.000000 0.000170
3004.000000 0.000169
3005.000000 0.000168
3006.000000 0.000168
3007.000000 0.000167
3008.000000 0.000167
3009.000000 0.000166
3010.000000 0.000166
3011.000000 0.000165
3012.000000 0.000164
3013.000000 0.000164
3014.000000 0.000163
3015.000000 0.000163
3016.000000 0.000162
3017.000000 0.000162
3018.000000 0.000161
3019.000000 0.000161
3020.000000 0.000160
3021.000000 0.000159
3022.000000 0.000159
3023.000000 0.000158
3024.000000 0.000158
3025.000000 0.000157
3026.000000 0.000157
3027.000000 0.000156
3028.000000 0.000156
3029.000000 0.000155
3030.000000 0.000154
3031.000000 0.000154
3032.000000 0.000153
3033.000000 0.000153
3034.000000 0.000152
3035.000000 0.000152
3036.000000 0.000151
3037.000000 0.000151
3038.000000 0.000150
3039.000000 0.000149
3040.000000 0.000149
3041.000000 0.000148
3042.000000 0.000148
3043.000000 0.000147
3044.000000 0.000147
3045.000000 0.000146
3046.000000 0.000146
3047.000000 0.000145
3048.000000 0.000145
3049.000000 0.000144
3050.000000 0.000144
3051.000000 0.000143
3052.000000 0.000142
3053.000000 0.000142
3054.000000 0.000141
3055.000000 0.000141
3056.000000 0.000140
3057.000000 0.000140
3058.000000 0.000139
3059.000000 0.000139
3060.000000 0.000138
3061.000000 0.000138
3062.000000 0.000137
3063.000000 0.000137
3064.000000 0.000136
3065.000000 0.000136
3066.000000 0.000135
3067.000000 0.000135
3068.000000 0.000134
3069.000000 0.000134
3070.000000 0.000133
3071.000000 0.000133
3072.000000 0.000132
3073.000000 0.000131
3074.000000 0.000131
3075.000000 0.000130
3076.000000 0.000130
3077.000000 0.000129
3078.000000 0.000129
3079.000000 0.000128
3080.000000 0.000128
3081.000000 0.000127
3082.000000 0.000127
3083.000000 0.000126
3084.000000 0.000126
3085.000000 0.000125
3086.000000 0.000125
3087.000000 0.000124
3088.000000 0.000124
3089.000000 0.000123
3090.000000 0.000123
3091.000000 0.000122
3092.000000 0.000122
3093.000000 0.000121
3094.000000 0.000121
3095.000000 0.000120
3096.000000 0.000120
3097.000000 0.000119
3098.000000 0.000119
3099.000000 0.000118
3100.000000 0.000118
3101.000000 0.000117
3102.000000 0.000117
3103.000000 0.000116
3104.000000 0.000116
3105.000000 0.000115
3106.000000 0.000115
3107.000000 0.000114
3108.000000 0.000114
3109.000000 0.000114
3110.000000 0.000113
3111.000000 0.000113
3112.000000 0.000112
3113.000000 0.000112
3114.000000 0.000111
3115.000000 0.000111
3116.000000 0.000110
3117.000000 0.000110
3118.000000 0.000109
3119.000000 0.000109
3120.000000 0.000108
3121.000000 0.000108
3122.000000 0.000107
3123.000000 0.000107
3124.000000 0.000106
3125.000000 0.000106
3126.000000 0.000105
3127.000000 0.000105
3128.000000 0.000105
3129.000000 0.000104
3130.000000 0.000104
3131.000000 0.000103
3132.000000 0.000103
3133.000000 0.000102
3134.000000 0.000102
3135.000000 0.000101
3136.000000 0.000101
3137.000000 0.000100
3138.000000 0.000100
3139.000000 0.000100
3140.000000 0.000099
3141.000000 0.000099
3142.000000 0.000098
3143.000000 0.000098
3144.000000 0.000097
3145.000000 0.000097
3146.000000 0.000096
3147.000000 0.000096
3148.000000 0.000095
3149.000000 0.000095
3150.000000 0.000095
3151.000000 0.000094
3152.000000 0.000094
3153.000000 0.000093
3154.000000 0.000093
3155.000000 0.000092
3156.000000 0.000092
3157.000000 0.000092
3158.000000 0.000091
3159.000000 0.000091
3160.000000 0.000090
3161.000000 0.000090
3162.000000 0.000089
3163.000000 0.000089
3164.000000 0.000089
3165.000000 0.000088
3166.000000 0.000088
3167.000000 0.000087
3168.000000 0.000087
3169.000000 0.000086
3170.000000 0.000086
3171.000000 0.000086
3172.000000 0.000085
3173.000000 0.000085
3174.000000 0.000084
3175.000000 0.000084
3176.000000 0.000084
3177.000000 0.000083
3178.000000 0.000083
3179.000000 0.000082
3180.000000 0.000082
3181.000000 0.000081
3182.000000 0.000081
3183.000000 0.000081
3184.000000 0.000080
3185.000000 0.000080
3186.000000 0.000079
3187.000000 0.000079
3188.000000 0.000079
3189.000000 0.000078
3190.000000 0.000078
3191.000000 0.000077
3192.000000 0.000077
3193.000000 0.000077
3194.000000 0.000076
3195.000000 0.000076
3196.000000 0.000076
3197.000000 0.000075
3198.000000 0.000075
3199.000000 0.000074
3200.000000 0.000074
3201.000000 0.000074
3202.000000 0.000073
3203.000000 0.000073
3204.000000 0.000072
3205.000000 0.000072
3206.000000 0.000072
3207.000000 0.000071
3208.000000 0.000071
3209.000000 0.000071
3210.000000 0.000070
3211.000000 0.000070
3212.000000 0.000069
3213.000000 0.000069
3214.000000 0.000069
3215.000000 0.000068
3216.000000 0.000068
3217.000000 0.000068
3218.000000 0.000067
3219.000000 0.000067
3220.000000 0.000066
3221.000000 0.000066
3222.000000 0.000066
3223.000000 0.000065
3224.000000 0.000065
3225.000000 0.000065
3226.000000 0.000064
3227.000000 0.000064
3228.000000 0.000064
3229.000000 0.000063
3230.000000 0.000063
3231.000000 0.000063
3232.000000 0.000062
3233.000000 0.000062
3234.000000 0.000062
3235.000000 0.000061
3236.000000 0.000061
3237.000000 0.000060
3238.000000 0.000060
3239.000000 0.000060
3240.000000 0.000059
3241.000000 0.000059
3242.000000 0.000059
3243.000000 0.000058
3244.000000 0.000058
3245.000000 0.000058
3246.000000 0.000057
3247.000000 0.000057
3248.000000 0.000057
3249.000000 0.000056
3250.000000 0.000056
3251.000000 0.000056
3252.000000 0.000055
3253.000000 0.000055
3254.000000 0.000055
3255.000000 0.000054
3256.000000 0.000054
3257.000000 0.000054
3258.000000 0.000054
3259.000000 0.000053
3260.000000 0.000053
3261.000000 0.000053
3262.000000 0.000052
3263.000000 0.000052
3264.000000 0.000052
3265.000000 0.000051
3266.000000 0.000051
3267.000000 0.000051
3268.000000 0.000050
3269.000000 0.000050
3270.000000 0.000050
3271.000000 0.000049
3272.000000 0.000049
3273.000000 0.000049
3274.000000 0.000049
3275.000000 0.000048
3276.000000 0.000048
3277.000000 0.000048
3278.000000 0.000047
3279.000000 0.000047
3280.000000 0.000047
3281.000000 0.000047
3282.000000 0.000046
3283.000000 0.000046
3284.000000 0.000046
3285.000000 0.000045
3286.000000 0.000045
3287.000000 0.000045
3288.000000 0.000044
3289.000000 0.000044
3290.000000 0.000044
3291.000000 0.000044
3292.000000 0.000043
3293.000000 0.000043
3294.000000 0.000043
3295.000000 0.000043
3296.000000 0.000042
3297.000000 0.000042
3298.000000 0.000042
3299.000000 0.000041
3300.000000 0.000041
3301.000000 0.000041
3302.000000 0.000041
3303.000000 0.000040
3304.000000 0.000040
3305.000000 0.000040
3306.000000 0.000040
3307.000000 0.000039
3308.000000 0.000039
3309.000000 0.000039
3310.000000 0.000039
3311.000000 0.000038
3312.000000 0.000038
3313.000000 0.000038
3314.000000 0.000037
3315.000000 0.000037
3316.000000 0.000037
3317.000000 0.000037
3318.000000 0.000036
3319.000000 0.000036
3320.000000 0.000036
3321.000000 0.000036
3322.000000 0.000035
3323.000000 0.000035
3324.000000 0.000035
3325.000000 0.000035
3326.000000 0.000035
3327.000000 0.000034
3328.000000 0.000034
3329.000000 0.000034
3330.000000 0.000034
3331.000000 0.000033
3332.000000 0.000033
3333.000000 0.000033
3334.000000 0.000033
3335.000000 0.000032
3336.000000 0.000032
3337.000000 0.000032
3338.000000 0.000032
3339.000000 0.000031
3340.000000 0.000031
3341.000000 0.000031
3342.000000 0.000031
3343.000000 0.000031
3344.000000 0.000030
3345.000000 0.000030
3346.000000 0.000030
3347.000000 0.000030
3348.000000 0.000029
3349.000000 0.000029
3350.000000 0.000029
3351.000000 0.000029
3352.000000 0.000029
3353.000000 0.000028
3354.000000 0.000028
3355.000000 0.000028
3356.000000 0.000028
3357.000000 0.000028
3358.000000 0.000027
3359.000000 0.000027
3360.000000 0.000027
3361.000000 0.000027
3362.000000 0.000027
3363.000000 0.000026
3364.000000 0.000026
3365.000000 0.000026
3366.000000 0.000026
3367.000000 0.000026
3368.000000 0.000025
3369.000000 0.000025
3370.000000 0.000025
3371.000000 0.000025
3372.000000 0.000025
3373.000000 0.000024
3374.000000 0.000024
3375.000000 0.000024
3376.000000 0.000024
3377.000000 0.000024
3378.000000 0.000023
3379.000000 0.000023
3380.000000 0.000023
3381.000000 0.000023
3382.000000 0.000023
3383.000000 0.000022
3384.000000 0.000022
3385.000000 0.000022
3386.000000 0.000022
3387.000000 0.000022
3388.000000 0.000022
3389.000000 0.000021
3390.000000 0.000021
3391.000000 0.000021
3392.000000 0.000021
3393.000000 0.000021
3394.000000 0.000021
3395.000000 0.000020
3396.000000 0.000020
3397.000000 0.000020
3398.000000 0.000020
3399.000000 0.000020
3400.000000 0.000020
3401.000000 0.000019
3402.000000 0.000019
3403.000000 0.000019
3404.000000 0.000019
3405.000000 0.000019
3406.000000 0.000019
3407.000000 0.000018
3408.000000 0.000018
3409.000000 0.000018
3410.000000 0.000018
3411.000000 0.000018
3412.000000 0.000018
3413.000000 0.000018
3414.000000 0.000017
3415.000000 0.000017
3416.000000 0.000017
3417.000000 0.000017
3418.000000 0.000017
3419.000000 0.000017
3420.000000 0.000016
3421.000000 0.000016
3422.000000 0.000016
3423.000000 0.000016
3424.000000 0.000016
3425.000000 0.000016
3426.000000 0.000016
3427.000000 0.000015
3428.000000 0.000015
3429.000000 0.000015
3430.000000 0.000015
3431.000000 0.000015
3432.000000 0.000015
3433.000000 0.000015
3434.000000 0.000015
3435.000000 0.000014
3436.000000 0.000014
3437.000000 0.000014
3438.000000 0.000014
3439.000000 0.000014
3440.000000 0.000014
3441.000000 0.000014
3442.000000 0.000013
3443.000000 0.000013
3444.000000 0.000013
3445.000000 0.000013
3446.000000 0.000013
3447.000000 0.000013
3448.000000 0.000013
3449.000000 0.000013
3450.000000 0.000012
3451.000000 0.000012
3452.000000 0.000012
3453.000000 0.000012
3454.000000 0.000012
3455.000000 0.000012
3456.000000 0.000012
3457.000000 0.000012
3458.000000 0.000012
3459.000000 0.000011
3460.000000 0.000011
3461.000000 0.000011
3462.000000 0.000011
3463.000000 0.000011
3464.000000 0.000011
3465.000000 0.000011
3466.000000 0.000011
3467.000000 0.000011
3468.000000 0.000010
3469.000000 0.000010
3470.000000 0.000010
3471.000000 0.000010
3472.000000 0.000010
3473.000000 0.000010
3474.000000 0.000010
3475.000000 0.000010
3476.000000 0.000010
3477.000000 0.000010
3478.000000 0.000009
3479.000000 0.000009
3480.000000 0.000009
3481.000000 0.000009
3482.000000 0.000009
3483.000000 0.000009
3484.000000 0.000009
3485.000000 0.000009
3486.000000 0.000009
3487.000000 0.000009
3488.000000 0.000009
3489.000000 0.000008
3490.000000 0.000008
3491.000000 0.000008
3492.000000 0.000008
3493.000000 0.000008
3494.000000 0.000008
3495.000000 0.000008
3496.000000 0.000008
3497.000000 0.000008
3498.000000 0.000008
3499.000000 0.000008
3500.000000 0.000007
3501.000000 0.000007
3502.000000 0.000007
3503.000000 0.000007
3504.000000 0.000007
3505.000000 0.000007
3506.000000 0.000007
3507.000000 0.000007
3508.000000 0.000007
3509.000000 0.000007
3510.000000 0.000007
3511.000000 0.000007
3512.000000 0.000007
3513.000000 0.000006
3514.000000 0.000006
3515.000000 0.000006
3516.000000 0.000006
3517.000000 0.000006
3518.000000 0.000006
3519.000000 0.000006
3520.000000 0.000006
3521.000000 0.000006
3522.000000 0.000006
3523.000000 0.000006
3524.000000 0.000006
3525.000000 0.000006
3526.000000 0.000006
3527.000000 0.000005
3528.000000 0.000005
3529.000000 0.000005
3530.000000 0.000005
3531.000000 0.000005
3532.000000 0.000005
3533.000000 0.000005
3534.000000 0.000005
3535.000000 0.000005
3536.000000 0.000005
3537.000000 0.000005
3538.000000 0.000005
3539.000000 0.000005
3540.000000 0.000005
3541.000000 0.000005
3542.000000 0.000005
3543.000000 0.000004
3544.000000 0.000004
3545.000000 0.000004
3546.000000 0.000004
3547.000000 0.000004
3548.000000 0.000004
3549.000000 0.000004
3550.000000 0.000004
3551.000000 0.000004
3552.000000 0.000004
3553.000000 0.000004
3554.000000 0.000004
3555.000000 0.000004
3556.000000 0.000004
3557.000000 0.000004
3558.000000 0.000004
3559.000000 0.000004
3560.000000 0.000004
3561.000000 0.000004
3562.000000 0.000004
3563.000000 0.000003
3564.000000 0.000003
3565.000000 0.000003
3566.000000 0.000003
3567.000000 0.000003
3568.000000 0.000003
3569.000000 0.000003
3570.000000 0.000003
3571.000000 0.000003
3572.000000 0.000003
3573.000000 0.000003
3574.000000 0.000003
3575.000000 0.000003
3576.000000 0.000003
3577.000000 0.000003
3578.000000 0.000003
3579.000000 0.000003
3580.000000 0.000003
3581.000000 0.000003
3582.000000 0.000003
3583.000000 0.000003
3584.000000 0.000003
3585.000000 0.000003
3586.000000 0.000003
3587.000000 0.000002
3588.000000 0.000002
3589.000000 0.000002
3590.000000 0.000002
3591.000000 0.000002
3592.000000 0.000002
3593.000000 0.000002
3594.000000 0.000002
3595.000000 0.000002
3596.000000 0.000002
3597.000000 0.000002
3598.000000 0.000002
3599.000000 0.000002
3600.000000 0.000002
3601.000000 0.000002
3602.000000 0.000002
3603.000000 0.000002
3604.000000 0.000002
3605.000000 0.000002
3606.000000 0.000002
3607.000000 0.000002
3608.000000 0.000002
3609.000000 0.000002
3610.000000 0.000002
3611.000000 0.000002
3612.000000 0.000002
3613.000000 0.000002
3614.000000 0.000002
3615.000000 0.000002
3616.000000 0.000002
3617.000000 0.000002
3618.000000 0.000002
3619.000000 0.000002
3620.000000 0.000001
3621.000000 0.000001
3622.000000 0.000001
3623.000000 0.000001
3624.000000 0.000001
3625.000000 0.000001
3626.000000 0.000001
3627.000000 0.000001
3628.000000 0.000001
3629.000000 0.000001
3630.000000 0.000001
3631.000000 0.000001
3632.000000 0.000001
3633.000000 0.000001
3634.000000 0.000001
3635.000000 0.000001
3636.000000 0.000001
3637.000000 0.000001
3638.000000 0.000001
3639.000000 0.000001
3640.000000 0.000001
3641.000000 0.000001
3642.000000 0.000001
3643.000000 0.000001
3644.000000 0.000001
3645.000000 0.000001
3646.000000 0.000001
3647.000000 0.000001
3648.000000 0.000001
3649.000000 0.000001
3650.000000 0.000001
3651.000000 0.000001
3652.000000 0.000001
3653.000000 0.000001
3654.000000 0.000001
3655.000000 0.000001
3656.000000 0.000001
3657.000000 0.000001
3658.000000 0.000001
3659.000000 0.000001
3660.000000 0.000001
3661.000000 0.000001
3662.000000 0.000001
3663.000000 0.000001
3664.000000 0.000001
3665.000000 0.000001
3666.000000 0.000001
3667.000000 0.000001
3668.000000 0.000001
3669.000000 0.000001
3670.000000 0.000001
3671.000000 0.000001
3672.000000 0.000001
3673.000000 0.000001
3674.000000 0.000001
3675.000000 0.000001
3676.000000 0.000001
3677.000000 0.000001
3678.000000 0.000001
3679.000000 0.000000
3680.000000 0.000000
3681.000000 0.000000
3682.000000 0.000000
3683.000000 0.000000
3684.000000 0.000000
3685.000000 0.000000
3686.000000 0.000000
3687.000000 0.000000
3688.000000 0.000000
3689.000000 0.000000
3690.000000 0.000000
3691.000000 0.000000
3692.000000 0.000000
3693.000000 0.000000
3694.000000 0.000000
3695.000000 0.000000
3696.000000 0.000000
3697.000000 0.000000
3698.000000 0.000000
3699.000000 0.000000
3700.000000 0.000000
3701.000000 0.000000
3702.000000 0.000000
3703.000000 0.000000
3704.000000 0.000000
3705.000000 0.000000
3706.000000 0.000000
3707.000000 0.000000
3708.000000 0.000000
3709.000000 0.000000
3710.000000 0.000000
3711.000000 0.000000
3712.000000 0.000000
3713.000000 0.000000
3714.000000 0.000000
3715.000000 0.000000
3716.000000 0.000000
3717.000000 0.000000
3718.000000 0.000000
3719.000000 0.000000
3720.000000 0.000000
3721.000000 0.000000
3722.000000 0.000000
3723.000000 0.000000
3724.000000 0.000000
3725.000000 0.000000
3726.000000 0.000000
3727.000000 0.000000
3728.000000 0.000000
3729.000000 0.000000
3730.000000 0.000000
3731.000000 0.000000
3732.000000 0.000000
3733.000000 0.000000
3734.000000 0.000000
3735.000000 0.000000
3736.000000 0.000000
3737.000000 0.000000
3738.000000 0.000000
3739.000000 0.000000
3740.000000 0.000000
3741.000000 0.000000
3742.000000 0.000000
3743.000000 0.000000
3744.000000 0.000000
3745.000000 0.000000
3746.000000 0.000000
3747.000000 0.000000
3748.000000 0.000000
3749.000000 0.000000
3750.000000 0.000000
3751.000000 0.000000
3752.000000 0.000000
3753.000000 0.000000
3754.000000 0.000000
3755.000000 0.000000
3756.000000 0.000000
3757.000000 0.000000
3758.000000 0.000000
3759.000000 0.000000
3760.000000 0.000000
3761.000000 0.000000
3762.000000 0.000000
3763.000000 0.000000
3764.000000 0.000000
3765.000000 0.000000
3766.000000 0.000000
3767.000000 0.000000
3768.000000 0.000000
3769.000000 0.000000
3770.000000 0.000000
3771.000000 0.000000
3772.000000 0.000000
3773.000000 0.000000
3774.000000 0.000000
3775.000000 0.000000
3776.000000 0.000000
3777.000000 0.000000
3778.000000 0.000000
3779.000000 0.000000
3780.000000 0.000000
3781.000000 0.000000
3782.000000 0.000000
3783.000000 0.000000
3784.000000 0.000000
3785.000000 0.000000
3786.000000 0.000000
3787.000000 0.000000
3788.000000 0.000000
3789.000000 0.000000
3790.000000 0.000000
3791.000000 0.000000
3792.000000 0.000000
3793.000000 0.000000
3794.000000 0.000000
3795.000000 0.000000
3796.000000 0.000000
3797.000000 0.000000
3798.000000 0.000000
3799.000000 0.000000
3800.000000 0.000000
3801.000000 0.000000
3802.000000 0.000000
3803.000000 0.000000
3804.000000 0.000000
3805.000000 0.000000
3806.000000 0.000000
3807.000000 0.000000
3808.000000 0.000000
3809.000000 0.000000
3810.000000 0.000000
3811.000000 0.000000
3812.000000 0.000000
3813.000000 0.000000
3814.000000 0.000000
3815.000000 0.000000
3816.000000 0.000000
3817.000000 0.000000
3818.000000 0.000000
3819.000000 0.000000
3820.000000 0.000000
3821.000000 0.000000
3822.000000 0.000000
3823.000000 0.000000
3824.000000 0.000000
3825.000000 0.000000
3826.000000 0.000000
3827.000000 0.000000
3828.000000 0.000000
3829.000000 0.000000
3830.000000 0.000000
3831.000000 0.000000
3832.000000 0.000000
3833.000000 0.000000
3834.000000 0.000000
3835.000000 0.000000
3836.000000 0.000000
3837.000000 0.000000
3838.000000 0.000000
3839.000000 0.000000
3840.000000 0.000000
3841.000000 0.000000
3842.000000 0.000000
3843.000000 0.000000
3844.000000 0.000000
3845.000000 0.000000
3846.000000 0.000000
3847.000000 0.000000
3848.000000 0.000000
3849.000000 0.000000
3850.000000 0.000000
3851.000000 0.000000
3852.000000 0.000000
3853.000000 0.000000
3854.000000 0.000000
3855.000000 0.000000
3856.000000 0.000000
3857.000000 0.000000
3858.000000 0.000000
3859.000000 0.000000
3860.000000 0.000000
3861.000000 0.000000
3862.000000 0.000000
3863.000000 0.000000
3864.000000 0.000000
3865.000000 0.000000
3866.000000 0.000000
3867.000000 0.000000
3868.000000 0.000000
3869.000000 0.000000
3870.000000 0.000000
3871.000000 0.000000
3872.000000 0.000000
3873.000000 0.000000
3874.000000 0.000000
3875.000000 0.000000
3876.000000 0.000000
3877.000000 0.000000
3878.000000 0.000000
3879.000000 0.000000
3880.000000 0.000000
3881.000000 0.000000
3882.000000 0.000000
3883.000000 0.000000
3884.000000 0.000000
3885.000000 0.000000
3886.000000 0.000000
3887.000000 0.000000
3888.000000 0.000000
3889.000000 0.000000
3890.000000 0.000000
3891.000000 0.000000
3892.000000 0.000000
3893.000000 0.000000
3894.000000 0.000000
3895.000000 0.000000
3896.000000 0.000000
3897.000000 0.000000
3898.000000 0.000000
3899.000000 0.000000
3900.000000 0.000000
3901.000000 0.000000
3902.000000 0.000000
3903.000000 0.000000
3904.000000 0.000000
3905.000000 0.000000
3906.000000 0.000000
3907.000000 0.000000
3908.000000 0.000000
3909.000000 0.000000
3910.000000 0.000000
3911.000000 0.000000
3912.000000 0.000000
3913.000000 0.000000
3914.000000 0.000000
3915.000000 0.000000
3916.000000 0.000000
3917.000000 0.000000
3918.000000 0.000000
3919.000000 0.000000
3920.000000 0.000000
3921.000000 0.000000
3922.000000 0.000000
3923.000000 0.000000
3924.000000 0.000000
3925.000000 0.000000
3926.000000 0.000000
3927.000000 0.000000
3928.000000 0.000000
3929.000000 0.000000
3930.000000 0.000000
3931.000000 0.000000
3932.000000 0.000000
3933.000000 0.000000
3934.000000 0.000000
3935.000000 0.000000
3936.000000 0.000000
3937.000000 0.000000
3938.000000 0.000000
3939.000000 0.000000
3940.000000 0.000000
3941.000000 0.000000
3942.000000 0.000000
3943.000000 0.000000
3944.000000 0.000000
3945.000000 0.000000
3946.000000 0.000000
3947.000000 0.000000
3948.000000 0.000000
3949.000000 0.000000
3950.000000 0.000000
3951.000000 0.000000
3952.000000 0.000000
3953.000000 0.000000
3954.000000 0.000000
3955.000000 0.000000
3956.000000 0.000000
3957.000000 0.000000
3958.000000 0.000000
3959.000000 0.000000
3960.000000 0.000000
3961.000000 0.000000
3962.000000 0.000000
3963.000000 0.000000
3964.000000 0.000000
3965.000000 0.000000
3966.000000 0.000000
3967.000000 0.000000
3968.000000 0.000000
3969.000000 0.000000
3970.000000 0.000000
3971.000000 0.000000
3972.000000 0.000000
3973.000000 0.000000
3974.000000 0.000000
3975.000000 0.000000
3976.000000 0.000000
3977.000000 0.000000
3978.000000 0.000000
3979.000000 0.000000
3980.000000 0.000000
3981.000000 0.000000
3982.000000 0.000000
3983.000000 0.000000
3984.000000 0.000000
3985.000000 0.000000
3986.000000 0.000000
3987.000000 0.000000
3988.000000 0.000000
3989.000000 0.000000
3990.000000 0.000000
3991.000000 0.000000
3992.000000 0.000000
3993.000000 0.000000
3994.000000 0.000000
3995.000000 0.000000
3996.000000 0.000000
3997.000000 0.000000
3998.000000 0.000000
3999.000000 0.000000
4000.000000 0.000000
