n lam mean variance std
4000 0.200000 2000.500000 400473.780193 632.829977
bin_midpoint probability
1.000000 0.000000
2.000000 0.000000
3.000000 0.000000
4.000000 0.000000
5.000000 0.000000
6.000000 0.000000
7.000000 0.000000
8.000000 0.000000
9.000000 0.000000
10.000000 0.000000
11.000000 0.000000
12.000000 0.000000
13.000000 0.000000
14.000000 0.000000
15.000000 0.000000
16.000000 0.000000
17.000000 0.000000
18.000000 0.000000
19.000000 0.000000
20.000000 0.000000
21.000000 0.000000
22.000000 0.000000
23.000000 0.000000
24.000000 0.000000
25.000000 0.000000
26.000000 0.000000
27.000000 0.000000
28.000000 0.000000
29.000000 0.000000
30.000000 0.000000
31.000000 0.000000
32.000000 0.000000
33.000000 0.000000
34.000000 0.000000
35.000000 0.000000
36.000000 0.000000
37.000000 0.000000
38.000000 0.000000
39.000000 0.000000
40.000000 0.000000
41.000000 0.000000
42.000000 0.000000
43.000000 0.000000
44.000000 0.000000
45.000000 0.000000
46.000000 0.000000
47.000000 0.000000
48.000000 0.000000
49.000000 0.000000
50.000000 0.000000
51.000000 0.000000
52.000000 0.000000
53.000000 0.000000
54.000000 0.000000
55.000000 0.000000
56.000000 0.000000
57.000000 0.000000
58.000000 0.000000
59.000000 0.000000
60.000000 0.000000
61.000000 0.000000
62.000000 0.000000
63.000000 0.000000
64.000000 0.000000
65.000000 0.000000
66.000000 0.000000
67.000000 0.000000
68.000000 0.000000
69.000000 0.000000
70.000000 0.000000
71.000000 0.000000
72.000000 0.000000
73.000000 0.000000
74.000000 0.000000
75.000000 0.000000
76.000000 0.000000
77.000000 0.000000
78.000000 0.000000
79.000000 0.000000
80.000000 0.000000
81.000000 0.000000
82.000000 0.000000
83.000000 0.000000
84.000000 0.000000
85.000000 0.000000
86.000000 0.000000
87.000000 0.000000
88.000000 0.000000
89.000000 0.000000
90.000000 0.000000
91.000000 0.000000
92.000000 0.000000
93.000000 0.000000
94.000000 0.000000
95.000000 0.000000
96.000000 0.000000
97.000000 0.000000
98.000000 0.000000
99.000000 0.000000
100.000000 0.000000
101.000000 0.000000
102.000000 0.000000
103.000000 0.000000
104.000000 0.000000
105.000000 0.000000
106.000000 0.000000
107.000000 0.000000
108.000000 0.000000
109.000000 0.000000
110.000000 0.000000
111.000000 0.000000
112.000000 0.000000
113.000000 0.000000
114.000000 0.000000
115.000000 0.000000
116.000000 0.000000
117.000000 0.000000
118.000000 0.000000
119.000000 0.000000
120.000000 0.000000
121.000000 0.000000
122.000000 0.000000
123.000000 0.000000
124.000000 0.000000
125.000000 0.000000
126.000000 0.000000
127.000000 0.000000
128.000000 0.000000
129.000000 0.000000
130.000000 0.000000
131.000000 0.000000
132.000000 0.000000
133.000000 0.000000
134.000000 0.000000
135.000000 0.000000
136.000000 0.000000
137.000000 0.000000
138.000000 0.000000
139.000000 0.000000
140.000000 0.000000
141.000000 0.000000
142.000000 0.000000
143.000000 0.000000
144.000000 0.000000
145.000000 0.000000
146.000000 0.000000
147.000000 0.000000
148.000000 0.000000
149.000000 0.000000
150.000000 0.000000
151.000000 0.000000
152.000000 0.000000
153.000000 0.000000
154.000000 0.000000
155.000000 0.000000
156.000000 0.000000
157.000000 0.000000
158.000000 0.000000
159.000000 0.000000
160.000000 0.000000
161.000000 0.000000
162.000000 0.000000
163.000000 0.000000
164.000000 0.000000
165.000000 0.000000
166.000000 0.000000
167.000000 0.000000
168.000000 0.000000
169.000000 0.000000
170.000000 0.000000
171.000000 0.000000
172.000000 0.000000
173.000000 0.000000
174.000000 0.000000
175.000000 0.000000
176.000000 0.000000
177.000000 0.000000
178.000000 0.000000
179.000000 0.000000
180.000000 0.000000
181.000000 0.000000
182.000000 0.000000
183.000000 0.000000
184.000000 0.000000
185.000000 0.000000
186.000000 0.000000
187.000000 0.000000
188.000000 0.000000
189.000000 0.000000
190.000000 0.000000
191.000000 0.000000
192.000000 0.000000
193.000000 0.000000
194.000000 0.000000
195.000000 0.000000
196.000000 0.000000
197.000000 0.000000
198.000000 0.000000
199.000000 0.000001
200.000000 0.000001
201.000000 0.000001
202.000000 0.000001
203.000000 0.000001
204.000000 0.000001
205.000000 0.000001
206.000000 0.000001
207.000000 0.000001
208.000000 0.000001
209.000000 0.000001
210.000000 0.000001
211.000000 0.000001
212.000000 0.000001
213.000000 0.000001
214.000000 0.000001
215.000000 0.000001
216.000000 0.000001
217.000000 0.000001
218.000000 0.000001
219.000000 0.000001
220.000000 0.000001
221.000000 0.000001
222.000000 0.000001
223.000000 0.000001
224.000000 0.000001
225.000000 0.000001
226.000000 0.000001
227.000000 0.000001
228.000000 0.000001
229.000000 0.000001
230.000000 0.000001
231.000000 0.000001
232.000000 0.000001
233.000000 0.000001
234.000000 0.000001
235.000000 0.000001
236.000000 0.000001
237.000000 0.000001
238.000000 0.000001
239.000000 0.000001
240.000000 0.000001
241.000000 0.000001
242.000000 0.000001
243.000000 0.000001
244.000000 0.000001
245.000000 0.000001
246.000000 0.000001
247.000000 0.000001
248.000000 0.000002
249.000000 0.000002
250.000000 0.000002
251.000000 0.000002
252.000000 0.000002
253.000000 0.000002
254.000000 0.000002
255.000000 0.000002
256.000000 0.000002
257.000000 0.000002
258.000000 0.000002
259.000000 0.000002
260.000000 0.000002
261.000000 0.000002
262.000000 0.000002
263.000000 0.000002
264.000000 0.000002
265.000000 0.000002
266.000000 0.000002
267.000000 0.000002
268.000000 0.000002
269.000000 0.000002
270.000000 0.000002
271.000000 0.000002
272.000000 0.000002
273.000000 0.000002
274.000000 0.000002
275.000000 0.000002
276.000000 0.000003
277.000000 0.000003
278.000000 0.000003
279.000000 0.000003
280.000000 0.000003
281.000000 0.000003
282.000000 0.000003
283.000000 0.000003
284.000000 0.000003
285.000000 0.000003
286.000000 0.000003
287.000000 0.000003
288.000000 0.000003
289.000000 0.000003
290.000000 0.000003
291.000000 0.000003
292.000000 0.000003
293.000000 0.000003
294.000000 0.000003
295.000000 0.000003
296.000000 0.000003
297.000000 0.000004
298.000000 0.000004
299.000000 0.000004
300.000000 0.000004
301.000000 0.000004
302.000000 0.000004
303.000000 0.000004
304.000000 0.000004
305.000000 0.000004
306.000000 0.000004
307.000000 0.000004
308.000000 0.000004
309.000000 0.000004
310.000000 0.000004
311.000000 0.000004
312.000000 0.000004
313.000000 0.000004
314.000000 0.000005
315.000000 0.000005
316.000000 0.000005
317.000000 0.000005
318.000000 0.000005
319.000000 0.000005
320.000000 0.000005
321.000000 0.000005
322.000000 0.000005
323.000000 0.000005
324.000000 0.000005
325.000000 0.000005
326.000000 0.000005
327.000000 0.000005
328.000000 0.000005
329.000000 0.000006
330.000000 0.000006
331.000000 0.000006
332.000000 0.000006
333.000000 0.000006
334.000000 0.000006
335.000000 0.000006
336.000000 0.000006
337.000000 0.000006
338.000000 0.000006
339.000000 0.000006
340.000000 0.000006
341.000000 0.000007
342.000000 0.000007
343.000000 0.000007
344.000000 0.000007
345.000000 0.000007
346.000000 0.000007
347.000000 0.000007
348.000000 0.000007
349.000000 0.000007
350.000000 0.000007
351.000000 0.000007
352.000000 0.000007
353.000000 0.000008
354.000000 0.000008
355.000000 0.000008
356.000000 0.000008
357.000000 0.000008
358.000000 0.000008
359.000000 0.000008
360.000000 0.000008
361.000000 0.000008
362.000000 0.000008
363.000000 0.000009
364.000000 0.000009
365.000000 0.000009
366.000000 0.000009
367.000000 0.000009
368.000000 0.000009
369.000000 0.000009
370.000000 0.000009
371.000000 0.000009
372.000000 0.000009
373.000000 0.000010
374.000000 0.000010
375.000000 0.000010
376.000000 0.000010
377.000000 0.000010
378.000000 0.000010
379.000000 0.000010
380.000000 0.000010
381.000000 0.000010
382.000000 0.000011
383.000000 0.000011
384.000000 0.000011
385.000000 0.000011
386.000000 0.000011
387.000000 0.000011
388.000000 0.000011
389.000000 0.000011
390.000000 0.000012
391.000000 0.000012
392.000000 0.000012
393.000000 0.000012
394.000000 0.000012
395.000000 0.000012
396.000000 0.000012
397.000000 0.000012
398.000000 0.000013
399.000000 0.000013
400.000000 0.000013
401.000000 0.000013
402.000000 0.000013
403.000000 0.000013
404.000000 0.000013
405.000000 0.000014
406.000000 0.000014
407.000000 0.000014
408.000000 0.000014
409.000000 0.000014
410.000000 0.000014
411.000000 0.000014
412.000000 0.000015
413.000000 0.000015
414.000000 0.000015
415.000000 0.000015
416.000000 0.000015
417.000000 0.000015
418.000000 0.000015
419.000000 0.000016
420.000000 0.000016
421.000000 0.000016
422.000000 0.000016
423.000000 0.000016
424.000000 0.000016
425.000000 0.000016
426.000000 0.000017
427.000000 0.000017
428.000000 0.000017
429.000000 0.000017
430.000000 0.000017
431.000000 0.000017
432.000000 0.000018
433.000000 0.000018
434.000000 0.000018
435.000000 0.000018
436.000000 0.000018
437.000000 0.000018
438.000000 0.000019
439.000000 0.000019
440.000000 0.000019
441.000000 0.000019
442.000000 0.000019
443.000000 0.000019
444.000000 0.000020
445.000000 0.000020
446.000000 0.000020
447.000000 0.000020
448.000000 0.000020
449.000000 0.000020
450.000000 0.000021
451.000000 0.000021
452.000000 0.000021
453.000000 0.000021
454.000000 0.000021
455.000000 0.000022
456.000000 0.000022
457.000000 0.000022
458.000000 0.000022
459.000000 0.000022
460.000000 0.000022
461.000000 0.000023
462.000000 0.000023
463.000000 0.000023
464.000000 0.000023
465.000000 0.000023
466.000000 0.000024
467.000000 0.000024
468.000000 0.000024
469.000000 0.000024
470.000000 0.000024
471.000000 0.000025
472.000000 0.000025
473.000000 0.000025
474.000000 0.000025
475.000000 0.000025
476.000000 0.000026
477.000000 0.000026
478.000000 0.000026
479.000000 0.000026
480.000000 0.000026
481.000000 0.000027
482.000000 0.000027
483.000000 0.000027
484.000000 0.000027
485.000000 0.000027
486.000000 0.000028
487.000000 0.000028
488.000000 0.000028
489.000000 0.000028
490.000000 0.000028
491.000000 0.000029
492.000000 0.000029
493.000000 0.000029
494.000000 0.000029
495.000000 0.000030
496.000000 0.000030
497.000000 0.000030
498.000000 0.000030
499.000000 0.000030
500.000000 0.000031
501.000000 0.000031
502.000000 0.000031
503.000000 0.000031
504.000000 0.000032
505.000000 0.000032
506.000000 0.000032
507.000000 0.000032
508.000000 0.000032
509.000000 0.000033
510.000000 0.000033
511.000000 0.000033
512.000000 0.000033
513.000000 0.000034
514.000000 0.000034
515.000000 0.000034
516.000000 0.000034
517.000000 0.000035
518.000000 0.000035
519.000000 0.000035
520.000000 0.000035
521.000000 0.000036
522.000000 0.000036
523.000000 0.000036
524.000000 0.000036
525.000000 0.000037
526.000000 0.000037
527.000000 0.000037
528.000000 0.000037
529.000000 0.000038
530.000000 0.000038
531.000000 0.000038
532.000000 0.000038
533.000000 0.000039
534.000000 0.000039
535.000000 0.000039
536.000000 0.000039
537.000000 0.000040
538.000000 0.000040
539.000000 0.000040
540.000000 0.000040
541.000000 0.000041
542.000000 0.000041
543.000000 0.000041
544.000000 0.000041
545.000000 0.000042
546.000000 0.000042
547.000000 0.000042
548.000000 0.000042
549.000000 0.000043
550.000000 0.000043
551.000000 0.000043
552.000000 0.000043
553.000000 0.000044
554.000000 0.000044
555.000000 0.000044
556.000000 0.000045
557.000000 0.000045
558.000000 0.000045
559.000000 0.000045
560.000000 0.000046
561.000000 0.000046
562.000000 0.000046
563.000000 0.000046
564.000000 0.000047
565.000000 0.000047
566.000000 0.000047
567.000000 0.000048
568.000000 0.000048
569.000000 0.000048
570.000000 0.000048
571.000000 0.000049
572.000000 0.000049
573.000000 0.000049
574.000000 0.000050
575.000000 0.000050
576.000000 0.000050
577.000000 0.000050
578.000000 0.000051
579.000000 0.000051
580.000000 0.000051
581.000000 0.000052
582.000000 0.000052
583.000000 0.000052
584.000000 0.000052
585.000000 0.000053
586.000000 0.000053
587.000000 0.000053
588.000000 0.000054
589.000000 0.000054
590.000000 0.000054
591.000000 0.000054
592.000000 0.000055
593.000000 0.000055
594.000000 0.000055
595.000000 0.000056
596.000000 0.000056
597.000000 0.000056
598.000000 0.000057
599.000000 0.000057
600.000000 0.000057
601.000000 0.000057
602.000000 0.000058
603.000000 0.000058
604.000000 0.000058
605.000000 0.000059
606.000000 0.000059
607.000000 0.000059
608.000000 0.000060
609.000000 0.000060
610.000000 0.000060
611.000000 0.000061
612.000000 0.000061
613.000000 0.000061
614.000000 0.000061
615.000000 0.000062
616.000000 0.000062
617.000000 0.000062
618.000000 0.000063
619.000000 0.000063
620.000000 0.000063
621.000000 0.000064
622.000000 0.000064
623.000000 0.000064
624.000000 0.000065
625.000000 0.000065
626.000000 0.000065
627.000000 0.000066
628.000000 0.000066
629.000000 0.000066
630.000000 0.000067
631.000000 0.000067
632.000000 0.000067
633.000000 0.000068
634.000000 0.000068
635.000000 0.000068
636.000000 0.000069
637.000000 0.000069
638.000000 0.000069
639.000000 0.000069
640.000000 0.000070
641.000000 0.000070
642.000000 0.000070
643.000000 0.000071
644.000000 0.000071
645.000000 0.000071
646.000000 0.000072
647.000000 0.000072
648.000000 0.000072
649.000000 0.000073
650.000000 0.000073
651.000000 0.000073
652.000000 0.000074
653.000000 0.000074
654.000000 0.000074
655.000000 0.000075
656.000000 0.000075
657.000000 0.000075
658.000000 0.000076
659.000000 0.000076
660.000000 0.000076
661.000000 0.000077
662.000000 0.000077
663.000000 0.000078
664.000000 0.000078
665.000000 0.000078
666.000000 0.000079
667.000000 0.000079
668.000000 0.000079
669.000000 0.000080
670.000000 0.000080
671.000000 0.000080
672.000000 0.000081
673.000000 0.000081
674.000000 0.000081
675.000000 0.000082
676.000000 0.000082
677.000000 0.000082
678.000000 0.000083
679.000000 0.000083
680.000000 0.000083
681.000000 0.000084
682.000000 0.000084
683.000000 0.000084
684.000000 0.000085
685.000000 0.000085
686.000000 0.000085
687.000000 0.000086
688.000000 0.000086
689.000000 0.000087
690.000000 0.000087
691.000000 0.000087
692.000000 0.000088
693.000000 0.000088
694.000000 0.000088
695.000000 0.000089
696.000000 0.000089
697.000000 0.000089
698.000000 0.000090
699.000000 0.000090
700.000000 0.000090
701.000000 0.000091
702.000000 0.000091
703.000000 0.000092
704.000000 0.000092
705.000000 0.000092
706.000000 0.000093
707.000000 0.000093
708.000000 0.000093
709.000000 0.000094
710.000000 0.000094
711.000000 0.000094
712.000000 0.000095
713.000000 0.000095
714.000000 0.000096
715.000000 0.000096
716.000000 0.000096
717.000000 0.000097
718.000000 0.000097
719.000000 0.000097
720.000000 0.000098
721.000000 0.000098
722.000000 0.000098
723.000000 0.000099
724.000000 0.000099
725.000000 0.000100
726.000000 0.000100
727.000000 0.000100
728.000000 0.000101
729.000000 0.000101
730.000000 0.000101
731.000000 0.000102
732.000000 0.000102
733.000000 0.000103
734.000000 0.000103
735.000000 0.000103
736.000000 0.000104
737.000000 0.000104
738.000000 0.000104
739.000000 0.000105
740.000000 0.000105
741.000000 0.000106
742.000000 0.000106
743.000000 0.000106
744.000000 0.000107
745.000000 0.000107
746.000000 0.000107
747.000000 0.000108
748.000000 0.000108
749.000000 0.000109
750.000000 0.000109
751.000000 0.000109
752.000000 0.000110
753.000000 0.000110
754.000000 0.000110
755.000000 0.000111
756.000000 0.000111
757.000000 0.000112
758.000000 0.000112
759.000000 0.000112
760.000000 0.000113
761.000000 0.000113
762.000000 0.000114
763.000000 0.000114
764.000000 0.000114
765.000000 0.000115
766.000000 0.000115
767.000000 0.000115
768.000000 0.000116
769.000000 0.000116
770.000000 0.000117
771.000000 0.000117
772.000000 0.000117
773.000000 0.000118
774.000000 0.000118
775.000000 0.000119
776.000000 0.000119
777.000000 0.000119
778.000000 0.000120
779.000000 0.000120
780.000000 0.000120
781.000000 0.000121
782.000000 0.000121
783.000000 0.000122
784.000000 0.000122
785.000000 0.000122
786.000000 0.000123
787.000000 0.000123
788.000000 0.000124
789.000000 0.000124
790.000000 0.000124
791.000000 0.000125
792.000000 0.000125
793.000000 0.000126
794.000000 0.000126
795.000000 0.000126
796.000000 0.000127
797.000000 0.000127
798.000000 0.000128
799.000000 0.000128
800.000000 0.000128
801.000000 0.000129
802.000000 0.000129
803.000000 0.000130
804.000000 0.000130
805.000000 0.000130
806.000000 0.000131
807.000000 0.000131
808.000000 0.000132
809.000000 0.000132
810.000000 0.000132
811.000000 0.000133
812.000000 0.000133
813.000000 0.000134
814.000000 0.000134
815.000000 0.000134
816.000000 0.000135
817.000000 0.000135
818.000000 0.000136
819.000000 0.000136
820.000000 0.000136
821.000000 0.000137
822.000000 0.000137
823.000000 0.000138
824.000000 0.000138
825.000000 0.000139
826.000000 0.000139
827.000000 0.000139
828.000000 0.000140
829.000000 0.000140
830.000000 0.000141
831.000000 0.000141
832.000000 0.000141
833.000000 0.000142
834.000000 0.000142
835.000000 0.000143
836.000000 0.000143
837.000000 0.000143
838.000000 0.000144
839.000000 0.000144
840.000000 0.000145
841.000000 0.000145
842.000000 0.000146
843.000000 0.000146
844.000000 0.000146
845.000000 0.000147
846.000000 0.000147
847.000000 0.000148
848.000000 0.000148
849.000000 0.000148
850.000000 0.000149
851.000000 0.000149
852.000000 0.000150
853.000000 0.000150
854.000000 0.000151
855.000000 0.000151
856.000000 0.000151
857.000000 0.000152
858.000000 0.000152
859.000000 0.000153
860.000000 0.000153
861.000000 0.000154
862.000000 0.000154
863.000000 0.000154
864.000000 0.000155
865.000000 0.000155
866.000000 0.000156
867.000000 0.000156
868.000000 0.000157
869.000000 0.000157
870.000000 0.000157
871.000000 0.000158
872.000000 0.000158
873.000000 0.000159
874.000000 0.000159
875.000000 0.000159
876.000000 0.000160
877.000000 0.000160
878.000000 0.000161
879.000000 0.000161
880.000000 0.000162
881.000000 0.000162
882.000000 0.000163
883.000000 0.000163
884.000000 0.000163
885.000000 0.000164
886.000000 0.000164
887.000000 0.000165
888.000000 0.000165
889.000000 0.000166
890.000000 0.000166
891.000000 0.000166
892.000000 0.000167
893.000000 0.000167
894.000000 0.000168
895.000000 0.000168
896.000000 0.000169
897.000000 0.000169
898.000000 0.000169
899.000000 0.000170
900.000000 0.000170
901.000000 0.000171
902.000000 0.000171
903.000000 0.000172
904.000000 0.000172
905.000000 0.000173
906.000000 0.000173
907.000000 0.000173
908.000000 0.000174
909.000000 0.000174
910.000000 0.000175
911.000000 0.000175
912.000000 0.000176
913.000000 0.000176
914.000000 0.000176
915.000000 0.000177
916.000000 0.000177
917.000000 0.000178
918.000000 0.000178
919.000000 0.000179
920.000000 0.000179
921.000000 0.000180
922.000000 0.000180
923.000000 0.000180
924.000000 0.000181
925.000000 0.000181
926.000000 0.000182
927.000000 0.000182
928.000000 0.000183
929.000000 0.000183
930.000000 0.000184
931.000000 0.000184
932.000000 0.000184
933.000000 0.000185
934.000000 0.000185
935.000000 0.000186
936.000000 0.000186
937.000000 0.000187
938.000000 0.000187
939.000000 0.000188
940.000000 0.000188
941.000000 0.000189
942.000000 0.000189
943.000000 0.000189
944.000000 0.000190
945.000000 0.000190
946.000000 0.000191
947.000000 0.000191
948.000000 0.000192
949.000000 0.000192
950.000000 0.000193
951.000000 0.000193
952.000000 0.000194
953.000000 0.000194
954.000000 0.000194
955.000000 0.000195
956.000000 0.000195
957.000000 0.000196
958.000000 0.000196
959.000000 0.000197
960.000000 0.000197
961.000000 0.000198
962.000000 0.000198
963.000000 0.000199
964.000000 0.000199
965.000000 0.000199
966.000000 0.000200
967.000000 0.000200
968.000000 0.000201
969.000000 0.000201
970.000000 0.000202
971.000000 0.000202
972.000000 0.000203
973.000000 0.000203
974.000000 0.000204
975.000000 0.000204
976.000000 0.000205
977.000000 0.000205
978.000000 0.000205
979.000000 0.000206
980.000000 0.000206
981.000000 0.000207
982.000000 0.000207
983.000000 0.000208
984.000000 0.000208
985.000000 0.000209
986.000000 0.000209
987.000000 0.000210
988.000000 0.000210
989.000000 0.000211
990.000000 0.000211
991.000000 0.000211
992.000000 0.000212
993.000000 0.000212
994.000000 0.000213
995.000000 0.000213
996.000000 0.000214
997.000000 0.000214
998.000000 0.000215
999.000000 0.000215
1000.000000 0.000216
1001.000000 0.000216
1002.000000 0.000217
1003.000000 0.000217
1004.000000 0.000218
1005.000000 0.000218
1006.000000 0.000219
1007.000000 0.000219
1008.000000 0.000219
1009.000000 0.000220
1010.000000 0.000220
1011.000000 0.000221
1012.000000 0.000221
1013.000000 0.000222
1014.000000 0.000222
1015.000000 0.000223
1016.000000 0.000223
1017.000000 0.000224
1018.000000 0.000224
1019.000000 0.000225
1020.000000 0.000225
1021.000000 0.000226
1022.000000 0.000226
1023.000000 0.000227
1024.000000 0.000227
1025.000000 0.000228
1026.000000 0.000228
1027.000000 0.000228
1028.000000 0.000229
1029.000000 0.000229
1030.000000 0.000230
1031.000000 0.000230
1032.000000 0.000231
1033.000000 0.000231
1034.000000 0.000232
1035.000000 0.000232
1036.000000 0.000233
1037.000000 0.000233
1038.000000 0.000234
1039.000000 0.000234
1040.000000 0.000235
1041.000000 0.000235
1042.000000 0.000236
1043.000000 0.000236
1044.000000 0.000237
1045.000000 0.000237
1046.000000 0.000238
1047.000000 0.000238
1048.000000 0.000239
1049.000000 0.000239
1050.000000 0.000240
1051.000000 0.000240
1052.000000 0.000240
1053.000000 0.000241
1054.000000 0.000241
1055.000000 0.000242
1056.000000 0.000242
1057.000000 0.000243
1058.000000 0.000243
1059.000000 0.000244
1060.000000 0.000244
1061.000000 0.000245
1062.000000 0.000245
1063.000000 0.000246
1064.000000 0.000246
1065.000000 0.000247
1066.000000 0.000247
1067.000000 0.000248
1068.000000 0.000248
1069.000000 0.000249
1070.000000 0.000249
1071.000000 0.000250
1072.000000 0.000250
1073.000000 0.000251
1074.000000 0.000251
1075.000000 0.000252
1076.000000 0.000252
1077.000000 0.000253
1078.000000 0.000253
1079.000000 0.000254
1080.000000 0.000254
1081.000000 0.000255
1082.000000 0.000255
1083.000000 0.000256
1084.000000 0.000256
1085.000000 0.000257
1086.000000 0.000257
1087.000000 0.000258
1088.000000 0.000258
1089.000000 0.000258
1090.000000 0.000259
1091.000000 0.000259
1092.000000 0.000260
1093.000000 0.000260
1094.000000 0.000261
1095.000000 0.000261
1096.000000 0.000262
1097.000000 0.000262
1098.000000 0.000263
1099.000000 0.000263
1100.000000 0.000264
1101.000000 0.000264
1102.000000 0.000265
1103.000000 0.000265
1104.000000 0.000266
1105.000000 0.000266
1106.000000 0.000267
1107.000000 0.000267
1108.000000 0.000268
1109.000000 0.000268
1110.000000 0.000269
1111.000000 0.000269
1112.000000 0.000270
1113.000000 0.000270
1114.000000 0.000271
1115.000000 0.000271
1116.000000 0.000272
1117.000000 0.000272
1118.000000 0.000273
1119.000000 0.000273
1120.000000 0.000274
1121.000000 0.000274
1122.000000 0.000275
1123.000000 0.000275
1124.000000 0.000276
1125.000000 0.000276
1126.000000 0.000277
1127.000000 0.000277
1128.000000 0.000278
1129.000000 0.000278
1130.000000 0.000279
1131.000000 0.000279
1132.000000 0.000280
1133.000000 0.000280
1134.000000 0.000281
1135.000000 0.000281
1136.000000 0.000282
1137.000000 0.000282
1138.000000 0.000283
1139.000000 0.000283
1140.000000 0.000284
1141.000000 0.000284
1142.000000 0.000285
1143.000000 0.000285
1144.000000 0.000286
1145.000000 0.000286
1146.000000 0.000287
1147.000000 0.000287
1148.000000 0.000288
1149.000000 0.000288
1150.000000 0.000289
1151.000000 0.000289
1152.000000 0.000290
1153.000000 0.000290
1154.000000 0.000291
1155.000000 0.000291
1156.000000 0.000292
1157.000000 0.000292
1158.000000 0.000293
1159.000000 0.000293
1160.000000 0.000294
1161.000000 0.000294
1162.000000 0.000295
1163.000000 0.000295
1164.000000 0.000296
1165.000000 0.000296
1166.000000 0.000297
1167.000000 0.000297
1168.000000 0.000298
1169.000000 0.000298
1170.000000 0.000299
1171.000000 0.000299
1172.000000 0.000300
1173.000000 0.000300
1174.000000 0.000301
1175.000000 0.000301
1176.000000 0.000302
1177.000000 0.000302
1178.000000 0.000303
1179.000000 0.000303
1180.000000 0.000304
1181.000000 0.000304
1182.000000 0.000305
1183.000000 0.000305
1184.000000 0.000306
1185.000000 0.000306
1186.000000 0.000307
1187.000000 0.000307
1188.000000 0.000308
1189.000000 0.000308
1190.000000 0.000309
1191.000000 0.000309
1192.000000 0.000310
1193.000000 0.000310
1194.000000 0.000311
1195.000000 0.000311
1196.000000 0.000312
1197.000000 0.000312
1198.000000 0.000313
1199.000000 0.000313
1200.000000 0.000314
1201.000000 0.000314
1202.000000 0.000315
1203.000000 0.000315
1204.000000 0.000316
1205.000000 0.000316
1206.000000 0.000317
1207.000000 0.000317
1208.000000 0.000318
1209.000000 0.000318
1210.000000 0.000319
1211.000000 0.000319
1212.000000 0.000320
1213.000000 0.000320
1214.000000 0.000321
1215.000000 0.000321
1216.000000 0.000322
1217.000000 0.000322
1218.000000 0.000323
1219.000000 0.000323
1220.000000 0.000324
1221.000000 0.000324
1222.000000 0.000325
1223.000000 0.000325
1224.000000 0.000326
1225.000000 0.000326
1226.000000 0.000327
1227.000000 0.000327
1228.000000 0.000328
1229.000000 0.000328
1230.000000 0.000329
1231.000000 0.000330
1232.000000 0.000330
1233.000000 0.000331
1234.000000 0.000331
1235.000000 0.000332
1236.000000 0.000332
1237.000000 0.000333
1238.000000 0.000333
1239.000000 0.000334
1240.000000 0.000334
1241.000000 0.000335
1242.000000 0.000335
1243.000000 0.000336
1244.000000 0.000336
1245.000000 0.000337
1246.000000 0.000337
1247.000000 0.000338
1248.000000 0.000338
1249.000000 0.000339
1250.000000 0.000339
1251.000000 0.000340
1252.000000 0.000340
1253.000000 0.000341
1254.000000 0.000341
1255.000000 0.000342
1256.000000 0.000342
1257.000000 0.000343
1258.000000 0.000343
1259.000000 0.000344
1260.000000 0.000344
1261.000000 0.000345
1262.000000 0.000345
1263.000000 0.000346
1264.000000 0.000346
1265.000000 0.000347
1266.000000 0.000347
1267.000000 0.000348
1268.000000 0.000348
1269.000000 0.000349
1270.000000 0.000349
1271.000000 0.000350
1272.000000 0.000350
1273.000000 0.000351
1274.000000 0.000351
1275.000000 0.000352
1276.000000 0.000352
1277.000000 0.000353
1278.000000 0.000353
1279.000000 0.000354
1280.000000 0.000354
1281.000000 0.000355
1282.000000 0.000355
1283.000000 0.000356
1284.000000 0.000356
1285.000000 0.000357
1286.000000 0.000357
1287.000000 0.000358
1288.000000 0.000358
1289.000000 0.000359
1290.000000 0.000359
1291.000000 0.000360
1292.000000 0.000360
1293.000000 0.000361
1294.000000 0.000361
1295.000000 0.000362
1296.000000 0.000362
1297.000000 0.000363
1298.000000 0.000363
1299.000000 0.000364
1300.000000 0.000364
1301.000000 0.000365
1302.000000 0.000365
1303.000000 0.000366
1304.000000 0.000366
1305.000000 0.000367
1306.000000 0.000367
1307.000000 0.000368
1308.000000 0.000368
1309.000000 0.000369
1310.000000 0.000369
1311.000000 0.000370
1312.000000 0.000370
1313.000000 0.000371
1314.000000 0.000371
1315.000000 0.000372
1316.000000 0.000372
1317.000000 0.000373
1318.000000 0.000373
1319.000000 0.000374
1320.000000 0.000374
1321.000000 0.000375
1322.000000 0.000375
1323.000000 0.000376
1324.000000 0.000376
1325.000000 0.000377
1326.000000 0.000377
1327.000000 0.000378
1328.000000 0.000378
1329.000000 0.000379
1330.000000 0.000379
1331.000000 0.000380
1332.000000 0.000380
1333.000000 0.000381
1334.000000 0.000381
1335.000000 0.000382
1336.000000 0.000382
1337.000000 0.000383
1338.000000 0.000383
1339.000000 0.000384
1340.000000 0.000384
1341.000000 0.000385
1342.000000 0.000385
1343.000000 0.000386
1344.000000 0.000386
1345.000000 0.000387
1346.000000 0.000387
1347.000000 0.000388
1348.000000 0.000388
1349.000000 0.000389
1350.000000 0.000389
1351.000000 0.000390
1352.000000 0.000390
1353.000000 0.000391
1354.000000 0.000391
1355.000000 0.000392
1356.000000 0.000392
1357.000000 0.000393
1358.000000 0.000393
1359.000000 0.000394
1360.000000 0.000394
1361.000000 0.000395
1362.000000 0.000395
1363.000000 0.000396
1364.000000 0.000396
1365.000000 0.000397
1366.000000 0.000397
1367.000000 0.000398
1368.000000 0.000398
1369.000000 0.000399
1370.000000 0.000399
1371.000000 0.000400
1372.000000 0.000400
1373.000000 0.000401
1374.000000 0.000401
1375.000000 0.000401
1376.000000 0.000402
1377.000000 0.000402
1378.000000 0.000403
1379.000000 0.000403
1380.000000 0.000404
1381.000000 0.000404
1382.000000 0.000405
1383.000000 0.000405
1384.000000 0.000406
1385.000000 0.000406
1386.000000 0.000407
1387.000000 0.000407
1388.000000 0.000408
1389.000000 0.000408
1390.000000 0.000409
1391.000000 0.000409
1392.000000 0.000410
1393.000000 0.000410
1394.000000 0.000411
1395.000000 0.000411
1396.000000 0.000412
1397.000000 0.000412
1398.000000 0.000413
1399.000000 0.000413
1400.000000 0.000414
1401.000000 0.000414
1402.000000 0.000415
1403.000000 0.000415
1404.000000 0.000416
1405.000000 0.000416
1406.000000 0.000417
1407.000000 0.000417
1408.000000 0.000417
1409.000000 0.000418
1410.000000 0.000418
1411.000000 0.000419
1412.000000 0.000419
1413.000000 0.000420
1414.000000 0.000420
1415.000000 0.000421
1416.000000 0.000421
1417.000000 0.000422
1418.000000 0.000422
1419.000000 0.000423
1420.000000 0.000423
1421.000000 0.000424
1422.000000 0.000424
1423.000000 0.000425
1424.000000 0.000425
1425.000000 0.000426
1426.000000 0.000426
1427.000000 0.000427
1428.000000 0.000427
1429.000000 0.000427
1430.000000 0.000428
1431.000000 0.000428
1432.000000 0.000429
1433.000000 0.000429
1434.000000 0.000430
1435.000000 0.000430
1436.000000 0.000431
1437.000000 0.000431
1438.000000 0.000432
1439.000000 0.000432
1440.000000 0.000433
1441.000000 0.000433
1442.000000 0.000434
1443.000000 0.000434
1444.000000 0.000435
1445.000000 0.000435
1446.000000 0.000435
1447.000000 0.000436
1448.000000 0.000436
1449.000000 0.000437
1450.000000 0.000437
1451.000000 0.000438
1452.000000 0.000438
1453.000000 0.000439
1454.000000 0.000439
1455.000000 0.000440
1456.000000 0.000440
1457.000000 0.000441
1458.000000 0.000441
1459.000000 0.000441
1460.000000 0.000442
1461.000000 0.000442
1462.000000 0.000443
1463.000000 0.000443
1464.000000 0.000444
1465.000000 0.000444
1466.000000 0.000445
1467.000000 0.000445
1468.000000 0.000446
1469.000000 0.000446
1470.000000 0.000447
1471.000000 0.000447
1472.000000 0.000447
1473.000000 0.000448
1474.000000 0.000448
1475.000000 0.000449
1476.000000 0.000449
1477.000000 0.000450
1478.000000 0.000450
1479.000000 0.000451
1480.000000 0.000451
1481.000000 0.000452
1482.000000 0.000452
1483.000000 0.000452
1484.000000 0.000453
1485.000000 0.000453
1486.000000 0.000454
1487.000000 0.000454
1488.000000 0.000455
1489.000000 0.000455
1490.000000 0.000456
1491.000000 0.000456
1492.000000 0.000456
1493.000000 0.000457
1494.000000 0.000457
1495.000000 0.000458
1496.000000 0.000458
1497.000000 0.000459
1498.000000 0.000459
1499.000000 0.000460
1500.000000 0.000460
1501.000000 0.000460
1502.000000 0.000461
1503.000000 0.000461
1504.000000 0.000462
1505.000000 0.000462
1506.000000 0.000463
1507.000000 0.000463
1508.000000 0.000464
1509.000000 0.000464
1510.000000 0.000464
1511.000000 0.000465
1512.000000 0.000465
1513.000000 0.000466
1514.000000 0.000466
1515.000000 0.000467
1516.000000 0.000467
1517.000000 0.000467
1518.000000 0.000468
1519.000000 0.000468
1520.000000 0.000469
1521.000000 0.000469
1522.000000 0.000470
1523.000000 0.000470
1524.000000 0.000470
1525.000000 0.000471
1526.000000 0.000471
1527.000000 0.000472
1528.000000 0.000472
1529.000000 0.000473
1530.000000 0.000473
1531.000000 0.000473
1532.000000 0.000474
1533.000000 0.000474
1534.000000 0.000475
1535.000000 0.000475
1536.000000 0.000476
1537.000000 0.000476
1538.000000 0.000476
1539.000000 0.000477
1540.000000 0.000477
1541.000000 0.000478
1542.000000 0.000478
1543.000000 0.000479
1544.000000 0.000479
1545.000000 0.000479
1546.000000 0.000480
1547.000000 0.000480
1548.000000 0.000481
1549.000000 0.000481
1550.000000 0.000482
1551.000000 0.000482
1552.000000 0.000482
1553.000000 0.000483
1554.000000 0.000483
1555.000000 0.000484
1556.000000 0.000484
1557.000000 0.000484
1558.000000 0.000485
1559.000000 0.000485
1560.000000 0.000486
1561.000000 0.000486
1562.000000 0.000486
1563.000000 0.000487
1564.000000 0.000487
1565.000000 0.000488
1566.000000 0.000488
1567.000000 0.000488
1568.000000 0.000489
1569.000000 0.000489
1570.000000 0.000490
1571.000000 0.000490
1572.000000 0.000491
1573.000000 0.000491
1574.000000 0.000491
1575.000000 0.000492
1576.000000 0.000492
1577.000000 0.000493
1578.000000 0.000493
1579.000000 0.000493
1580.000000 0.000494
1581.000000 0.000494
1582.000000 0.000495
1583.000000 0.000495
1584.000000 0.000495
1585.000000 0.000496
1586.000000 0.000496
1587.000000 0.000496
1588.000000 0.000497
1589.000000 0.000497
1590.000000 0.000498
1591.000000 0.000498
1592.000000 0.000498
1593.000000 0.000499
1594.000000 0.000499
1595.000000 0.000500
1596.000000 0.000500
1597.000000 0.000500
1598.000000 0.000501
1599.000000 0.000501
1600.000000 0.000502
1601.000000 0.000502
1602.000000 0.000502
1603.000000 0.000503
1604.000000 0.000503
1605.000000 0.000503
1606.000000 0.000504
1607.000000 0.000504
1608.000000 0.000505
1609.000000 0.000505
1610.000000 0.000505
1611.000000 0.000506
1612.000000 0.000506
1613.000000 0.000506
1614.000000 0.000507
1615.000000 0.000507
1616.000000 0.000508
1617.000000 0.000508
1618.000000 0.000508
1619.000000 0.000509
1620.000000 0.000509
1621.000000 0.000509
1622.000000 0.000510
1623.000000 0.000510
1624.000000 0.000511
1625.000000 0.000511
1626.000000 0.000511
1627.000000 0.000512
1628.000000 0.000512
1629.000000 0.000512
1630.000000 0.000513
1631.000000 0.000513
1632.000000 0.000513
1633.000000 0.000514
1634.000000 0.000514
1635.000000 0.000515
1636.000000 0.000515
1637.000000 0.000515
1638.000000 0.000516
1639.000000 0.000516
1640.000000 0.000516
1641.000000 0.000517
1642.000000 0.000517
1643.000000 0.000517
1644.000000 0.000518
1645.000000 0.000518
1646.000000 0.000518
1647.000000 0.000519
1648.000000 0.000519
1649.000000 0.000520
1650.000000 0.000520
1651.000000 0.000520
1652.000000 0.000521
1653.000000 0.000521
1654.000000 0.000521
1655.000000 0.000522
1656.000000 0.000522
1657.000000 0.000522
1658.000000 0.000523
1659.000000 0.000523
1660.000000 0.000523
1661.000000 0.000524
1662.000000 0.000524
1663.000000 0.000524
1664.000000 0.000525
1665.000000 0.000525
1666.000000 0.000525
1667.000000 0.000526
1668.000000 0.000526
1669.000000 0.000526
1670.000000 0.000527
1671.000000 0.000527
1672.000000 0.000527
1673.000000 0.000528
1674.000000 0.000528
1675.000000 0.000528
1676.000000 0.000529
1677.000000 0.000529
1678.000000 0.000529
1679.000000 0.000530
1680.000000 0.000530
1681.000000 0.000530
1682.000000 0.000531
1683.000000 0.000531
1684.000000 0.000531
1685.000000 0.000532
1686.000000 0.000532
1687.000000 0.000532
1688.000000 0.000533
1689.000000 0.000533
1690.000000 0.000533
1691.000000 0.000533
1692.000000 0.000534
1693.000000 0.000534
1694.000000 0.000534
1695.000000 0.000535
1696.000000 0.000535
1697.000000 0.000535
1698.000000 0.000536
1699.000000 0.000536
1700.000000 0.000536
1701.000000 0.000537
1702.000000 0.000537
1703.000000 0.000537
1704.000000 0.000538
1705.000000 0.000538
1706.000000 0.000538
1707.000000 0.000538
1708.000000 0.000539
1709.000000 0.000539
1710.000000 0.000539
1711.000000 0.000540
1712.000000 0.000540
1713.000000 0.000540
1714.000000 0.000541
1715.000000 0.000541
1716.000000 0.000541
1717.000000 0.000541
1718.000000 0.000542
1719.000000 0.000542
1720.000000 0.000542
1721.000000 0.000543
1722.000000 0.000543
1723.000000 0.000543
1724.000000 0.000543
1725.000000 0.000544
1726.000000 0.000544
1727.000000 0.000544
1728.000000 0.000545
1729.000000 0.000545
1730.000000 0.000545
1731.000000 0.000545
1732.000000 0.000546
1733.000000 0.000546
1734.000000 0.000546
1735.000000 0.000547
1736.000000 0.000547
1737.000000 0.000547
1738.000000 0.000547
1739.000000 0.000548
1740.000000 0.000548
1741.000000 0.000548
1742.000000 0.000548
1743.000000 0.000549
1744.000000 0.000549
1745.000000 0.000549
1746.000000 0.000550
1747.000000 0.000550
1748.000000 0.000550
1749.000000 0.000550
1750.000000 0.000551
1751.000000 0.000551
1752.000000 0.000551
1753.000000 0.000551
1754.000000 0.000552
1755.000000 0.000552
1756.000000 0.000552
1757.000000 0.000552
1758.000000 0.000553
1759.000000 0.000553
1760.000000 0.000553
1761.000000 0.000553
1762.000000 0.000554
1763.000000 0.000554
1764.000000 0.000554
1765.000000 0.000554
1766.000000 0.000555
1767.000000 0.000555
1768.000000 0.000555
1769.000000 0.000555
1770.000000 0.000556
1771.000000 0.000556
1772.000000 0.000556
1773.000000 0.000556
1774.000000 0.000557
1775.000000 0.000557
1776.000000 0.000557
1777.000000 0.000557
1778.000000 0.000558
1779.000000 0.000558
1780.000000 0.000558
1781.000000 0.000558
1782.000000 0.000559
1783.000000 0.000559
1784.000000 0.000559
1785.000000 0.000559
1786.000000 0.000559
1787.000000 0.000560
1788.000000 0.000560
1789.000000 0.000560
1790.000000 0.000560
1791.000000 0.000561
1792.000000 0.000561
1793.000000 0.000561
1794.000000 0.000561
1795.000000 0.000561
1796.000000 0.000562
1797.000000 0.000562
1798.000000 0.000562
1799.000000 0.000562
1800.000000 0.000563
1801.000000 0.000563
1802.000000 0.000563
1803.000000 0.000563
1804.000000 0.000563
1805.000000 0.000564
1806.000000 0.000564
1807.000000 0.000564
1808.000000 0.000564
1809.000000 0.000564
1810.000000 0.000565
1811.000000 0.000565
1812.000000 0.000565
1813.000000 0.000565
1814.000000 0.000565
1815.000000 0.000566
1816.000000 0.000566
1817.000000 0.000566
1818.000000 0.000566
1819.000000 0.000566
1820.000000 0.000567
1821.000000 0.000567
1822.000000 0.000567
1823.000000 0.000567
1824.000000 0.000567
1825.000000 0.000568
1826.000000 0.000568
1827.000000 0.000568
1828.000000 0.000568
1829.000000 0.000568
1830.000000 0.000569
1831.000000 0.000569
1832.000000 0.000569
1833.000000 0.000569
1834.000000 0.000569
1835.000000 0.000569
1836.000000 0.000570
1837.000000 0.000570
1838.000000 0.000570
1839.000000 0.000570
1840.000000 0.000570
1841.000000 0.000571
1842.000000 0.000571
1843.000000 0.000571
1844.000000 0.000571
1845.000000 0.000571
1846.000000 0.000571
1847.000000 0.000572
1848.000000 0.000572
1849.000000 0.000572
1850.000000 0.000572
1851.000000 0.000572
1852.000000 0.000572
1853.000000 0.000573
1854.000000 0.000573
1855.000000 0.000573
1856.000000 0.000573
1857.000000 0.000573
1858.000000 0.000573
1859.000000 0.000573
1860.000000 0.000574
1861.000000 0.000574
1862.000000 0.000574
1863.000000 0.000574
1864.000000 0.000574
1865.000000 0.000574
1866.000000 0.000575
1867.000000 0.000575
1868.000000 0.000575
1869.000000 0.000575
1870.000000 0.000575
1871.000000 0.000575
1872.000000 0.000575
1873.000000 0.000576
1874.000000 0.000576
1875.000000 0.000576
1876.000000 0.000576
1877.000000 0.000576
1878.000000 0.000576
1879.000000 0.000576
1880.000000 0.000577
1881.000000 0.000577
1882.000000 0.000577
1883.000000 0.000577
1884.000000 0.000577
1885.000000 0.000577
1886.000000 0.000577
1887.000000 0.000577
1888.000000 0.000578
1889.000000 0.000578
1890.000000 0.000578
1891.000000 0.000578
1892.000000 0.000578
1893.000000 0.000578
1894.000000 0.000578
1895.000000 0.000578
1896.000000 0.000578
1897.000000 0.000579
1898.000000 0.000579
1899.000000 0.000579
1900.000000 0.000579
1901.000000 0.000579
1902.000000 0.000579
1903.000000 0.000579
1904.000000 0.000579
1905.000000 0.000579
1906.000000 0.000580
1907.000000 0.000580
1908.000000 0.000580
1909.000000 0.000580
1910.000000 0.000580
1911.000000 0.000580
1912.000000 0.000580
1913.000000 0.000580
1914.000000 0.000580
1915.000000 0.000580
1916.000000 0.000581
1917.000000 0.000581
1918.000000 0.000581
1919.000000 0.000581
1920.000000 0.000581
1921.000000 0.000581
1922.000000 0.000581
1923.000000 0.000581
1924.000000 0.000581
1925.000000 0.000581
1926.000000 0.000581
1927.000000 0.000582
1928.000000 0.000582
1929.000000 0.000582
1930.000000 0.000582
1931.000000 0.000582
1932.000000 0.000582
1933.000000 0.000582
1934.000000 0.000582
1935.000000 0.000582
1936.000000 0.000582
1937.000000 0.000582
1938.000000 0.000582
1939.000000 0.000582
1940.000000 0.000583
1941.000000 0.000583
1942.000000 0.000583
1943.000000 0.000583
1944.000000 0.000583
1945.000000 0.000583
1946.000000 0.000583
1947.000000 0.000583
1948.000000 0.000583
1949.000000 0.000583
1950.000000 0.000583
1951.000000 0.000583
1952.000000 0.000583
1953.000000 0.000583
1954.000000 0.000583
1955.000000 0.000583
1956.000000 0.000583
1957.000000 0.000583
1958.000000 0.000584
1959.000000 0.000584
1960.000000 0.000584
1961.000000 0.000584
1962.000000 0.000584
1963.000000 0.000584
1964.000000 0.000584
1965.000000 0.000584
1966.000000 0.000584
1967.000000 0.000584
1968.000000 0.000584
1969.000000 0.000584
1970.000000 0.000584
1971.000000 0.000584
1972.000000 0.000584
1973.000000 0.000584
1974.000000 0.000584
1975.000000 0.000584
1976.000000 0.000584
1977.000000 0.000584
1978.000000 0.000584
1979.000000 0.000584
1980.000000 0.000584
1981.000000 0.000584
1982.000000 0.000584
1983.000000 0.000584
1984.000000 0.000584
1985.000000 0.000584
1986.000000 0.000584
1987.000000 0.000584
1988.000000 0.000584
1989.000000 0.000584
1990.000000 0.000584
1991.000000 0.000584
1992.000000 0.000584
1993.000000 0.000585
1994.000000 0.000585
1995.000000 0.000585
1996.000000 0.000585
1997.000000 0.000585
1998.000000 0.000585
1999.000000 0.000585
2000.000000 0.000585
2001.000000 0.000585
2002.000000 0.000585
2003.000000 0.000585
2004.000000 0.000585
2005.000000 0.000585
2006.000000 0.000585
2007.000000 0.000585
2008.000000 0.000585
2009.000000 0.000584
2010.000000 0.000584
2011.000000 0.000584
2012.000000 0.000584
2013.000000 0.000584
2014.000000 0.000584
2015.000000 0.000584
2016.000000 0.000584
2017.000000 0.000584
2018.000000 0.000584
2019.000000 0.000584
2020.000000 0.000584
2021.000000 0.000584
2022.000000 0.000584
2023.000000 0.000584
2024.000000 0.000584
2025.000000 0.000584
2026.000000 0.000584
2027.000000 0.000584
2028.000000 0.000584
2029.000000 0.000584
2030.000000 0.000584
2031.000000 0.000584
2032.000000 0.000584
2033.000000 0.000584
2034.000000 0.000584
2035.000000 0.000584
2036.000000 0.000584
2037.000000 0.000584
2038.000000 0.000584
2039.000000 0.000584
2040.000000 0.000584
2041.000000 0.000584
2042.000000 0.000584
2043.000000 0.000584
2044.000000 0.000583
2045.000000 0.000583
2046.000000 0.000583
2047.000000 0.000583
2048.000000 0.000583
2049.000000 0.000583
2050.000000 0.000583
2051.000000 0.000583
2052.000000 0.000583
2053.000000 0.000583
2054.000000 0.000583
2055.000000 0.000583
2056.000000 0.000583
2057.000000 0.000583
2058.000000 0.000583
2059.000000 0.000583
2060.000000 0.000583
2061.000000 0.000583
2062.000000 0.000582
2063.000000 0.000582
2064.000000 0.000582
2065.000000 0.000582
2066.000000 0.000582
2067.000000 0.000582
2068.000000 0.000582
2069.000000 0.000582
2070.000000 0.000582
2071.000000 0.000582
2072.000000 0.000582
2073.000000 0.000582
2074.000000 0.000582
2075.000000 0.000581
2076.000000 0.000581
2077.000000 0.000581
2078.000000 0.000581
2079.000000 0.000581
2080.000000 0.000581
2081.000000 0.000581
2082.000000 0.000581
2083.000000 0.000581
2084.000000 0.000581
2085.000000 0.000581
2086.000000 0.000580
2087.000000 0.000580
2088.000000 0.000580
2089.000000 0.000580
2090.000000 0.000580
2091.000000 0.000580
2092.000000 0.000580
2093.000000 0.000580
2094.000000 0.000580
2095.000000 0.000580
2096.000000 0.000579
2097.000000 0.000579
2098.000000 0.000579
2099.000000 0.000579
2100.000000 0.000579
2101.000000 0.000579
2102.000000 0.000579
2103.000000 0.000579
2104.000000 0.000579
2105.000000 0.000578
2106.000000 0.000578
2107.000000 0.000578
2108.000000 0.000578
2109.000000 0.000578
2110.000000 0.000578
2111.000000 0.000578
2112.000000 0.000578
2113.000000 0.000578
2114.000000 0.000577
2115.000000 0.000577
2116.000000 0.000577
2117.000000 0.000577
2118.000000 0.000577
2119.000000 0.000577
2120.000000 0.000577
2121.000000 0.000577
2122.000000 0.000576
2123.000000 0.000576
2124.000000 0.000576
2125.000000 0.000576
2126.000000 0.000576
2127.000000 0.000576
2128.000000 0.000576
2129.000000 0.000575
2130.000000 0.000575
2131.000000 0.000575
2132.000000 0.000575
2133.000000 0.000575
2134.000000 0.000575
2135.000000 0.000575
2136.000000 0.000574
2137.000000 0.000574
2138.000000 0.000574
2139.000000 0.000574
2140.000000 0.000574
2141.000000 0.000574
2142.000000 0.000573
2143.000000 0.000573
2144.000000 0.000573
2145.000000 0.000573
2146.000000 0.000573
2147.000000 0.000573
2148.000000 0.000573
2149.000000 0.000572
2150.000000 0.000572
2151.000000 0.000572
2152.000000 0.000572
2153.000000 0.000572
2154.000000 0.000572
2155.000000 0.000571
2156.000000 0.000571
2157.000000 0.000571
2158.000000 0.000571
2159.000000 0.000571
2160.000000 0.000571
2161.000000 0.000570
2162.000000 0.000570
2163.000000 0.000570
2164.000000 0.000570
2165.000000 0.000570
2166.000000 0.000569
2167.000000 0.000569
2168.000000 0.000569
2169.000000 0.000569
2170.000000 0.000569
2171.000000 0.000569
2172.000000 0.000568
2173.000000 0.000568
2174.000000 0.000568
2175.000000 0.000568
2176.000000 0.000568
2177.000000 0.000567
2178.000000 0.000567
2179.000000 0.000567
2180.000000 0.000567
2181.000000 0.000567
2182.000000 0.000566
2183.000000 0.000566
2184.000000 0.000566
2185.000000 0.000566
2186.000000 0.000566
2187.000000 0.000565
2188.000000 0.000565
2189.000000 0.000565
2190.000000 0.000565
2191.000000 0.000565
2192.000000 0.000564
2193.000000 0.000564
2194.000000 0.000564
2195.000000 0.000564
2196.000000 0.000564
2197.000000 0.000563
2198.000000 0.000563
2199.000000 0.000563
2200.000000 0.000563
2201.000000 0.000563
2202.000000 0.000562
2203.000000 0.000562
2204.000000 0.000562
2205.000000 0.000562
2206.000000 0.000561
2207.000000 0.000561
2208.000000 0.000561
2209.000000 0.000561
2210.000000 0.000561
2211.000000 0.000560
2212.000000 0.000560
2213.000000 0.000560
2214.000000 0.000560
2215.000000 0.000559
2216.000000 0.000559
2217.000000 0.000559
2218.000000 0.000559
2219.000000 0.000559
2220.000000 0.000558
2221.000000 0.000558
2222.000000 0.000558
2223.000000 0.000558
2224.000000 0.000557
2225.000000 0.000557
2226.000000 0.000557
2227.000000 0.000557
2228.000000 0.000556
2229.000000 0.000556
2230.000000 0.000556
2231.000000 0.000556
2232.000000 0.000555
2233.000000 0.000555
2234.000000 0.000555
2235.000000 0.000555
2236.000000 0.000554
2237.000000 0.000554
2238.000000 0.000554
2239.000000 0.000554
2240.000000 0.000553
2241.000000 0.000553
2242.000000 0.000553
2243.000000 0.000553
2244.000000 0.000552
2245.000000 0.000552
2246.000000 0.000552
2247.000000 0.000552
2248.000000 0.000551
2249.000000 0.000551
2250.000000 0.000551
2251.000000 0.000551
2252.000000 0.000550
2253.000000 0.000550
2254.000000 0.000550
2255.000000 0.000550
2256.000000 0.000549
2257.000000 0.000549
2258.000000 0.000549
2259.000000 0.000548
2260.000000 0.000548
2261.000000 0.000548
2262.000000 0.000548
2263.000000 0.000547
2264.000000 0.000547
2265.000000 0.000547
2266.000000 0.000547
2267.000000 0.000546
2268.000000 0.000546
2269.000000 0.000546
2270.000000 0.000545
2271.000000 0.000545
2272.000000 0.000545
2273.000000 0.000545
2274.000000 0.000544
2275.000000 0.000544
2276.000000 0.000544
2277.000000 0.000543
2278.000000 0.000543
2279.000000 0.000543
2280.000000 0.000543
2281.000000 0.000542
2282.000000 0.000542
2283.000000 0.000542
2284.000000 0.000541
2285.000000 0.000541
2286.000000 0.000541
2287.000000 0.000541
2288.000000 0.000540
2289.000000 0.000540
2290.000000 0.000540
2291.000000 0.000539
2292.000000 0.000539
2293.000000 0.000539
2294.000000 0.000538
2295.000000 0.000538
2296.000000 0.000538
2297.000000 0.000538
2298.000000 0.000537
2299.000000 0.000537
2300.000000 0.000537
2301.000000 0.000536
2302.000000 0.000536
2303.000000 0.000536
2304.000000 0.000535
2305.000000 0.000535
2306.000000 0.000535
2307.000000 0.000534
2308.000000 0.000534
2309.000000 0.000534
2310.000000 0.000533
2311.000000 0.000533
2312.000000 0.000533
2313.000000 0.000533
2314.000000 0.000532
2315.000000 0.000532
2316.000000 0.000532
2317.000000 0.000531
2318.000000 0.000531
2319.000000 0.000531
2320.000000 0.000530
2321.000000 0.000530
2322.000000 0.000530
2323.000000 0.000529
2324.000000 0.000529
2325.000000 0.000529
2326.000000 0.000528
2327.000000 0.000528
2328.000000 0.000528
2329.000000 0.000527
2330.000000 0.000527
2331.000000 0.000527
2332.000000 0.000526
2333.000000 0.000526
2334.000000 0.000526
2335.000000 0.000525
2336.000000 0.000525
2337.000000 0.000525
2338.000000 0.000524
2339.000000 0.000524
2340.000000 0.000524
2341.000000 0.000523
2342.000000 0.000523
2343.000000 0.000523
2344.000000 0.000522
2345.000000 0.000522
2346.000000 0.000522
2347.000000 0.000521
2348.000000 0.000521
2349.000000 0.000521
2350.000000 0.000520
2351.000000 0.000520
2352.000000 0.000520
2353.000000 0.000519
2354.000000 0.000519
2355.000000 0.000518
2356.000000 0.000518
2357.000000 0.000518
2358.000000 0.000517
2359.000000 0.000517
2360.000000 0.000517
2361.000000 0.000516
2362.000000 0.000516
2363.000000 0.000516
2364.000000 0.000515
2365.000000 0.000515
2366.000000 0.000515
2367.000000 0.000514
2368.000000 0.000514
2369.000000 0.000513
2370.000000 0.000513
2371.000000 0.000513
2372.000000 0.000512
2373.000000 0.000512
2374.000000 0.000512
2375.000000 0.000511
2376.000000 0.000511
2377.000000 0.000511
2378.000000 0.000510
2379.000000 0.000510
2380.000000 0.000509
2381.000000 0.000509
2382.000000 0.000509
2383.000000 0.000508
2384.000000 0.000508
2385.000000 0.000508
2386.000000 0.000507
2387.000000 0.000507
2388.000000 0.000506
2389.000000 0.000506
2390.000000 0.000506
2391.000000 0.000505
2392.000000 0.000505
2393.000000 0.000505
2394.000000 0.000504
2395.000000 0.000504
2396.000000 0.000503
2397.000000 0.000503
2398.000000 0.000503
2399.000000 0.000502
2400.000000 0.000502
2401.000000 0.000502
2402.000000 0.000501
2403.000000 0.000501
2404.000000 0.000500
2405.000000 0.000500
2406.000000 0.000500
2407.000000 0.000499
2408.000000 0.000499
2409.000000 0.000498
2410.000000 0.000498
2411.000000 0.000498
2412.000000 0.000497
2413.000000 0.000497
2414.000000 0.000496
2415.000000 0.000496
2416.000000 0.000496
2417.000000 0.000495
2418.000000 0.000495
2419.000000 0.000495
2420.000000 0.000494
2421.000000 0.000494
2422.000000 0.000493
2423.000000 0.000493
2424.000000 0.000493
2425.000000 0.000492
2426.000000 0.000492
2427.000000 0.000491
2428.000000 0.000491
2429.000000 0.000491
2430.000000 0.000490
2431.000000 0.000490
2432.000000 0.000489
2433.000000 0.000489
2434.000000 0.000488
2435.000000 0.000488
2436.000000 0.000488
2437.000000 0.000487
2438.000000 0.000487
2439.000000 0.000486
2440.000000 0.000486
2441.000000 0.000486
2442.000000 0.000485
2443.000000 0.000485
2444.000000 0.000484
2445.000000 0.000484
2446.000000 0.000484
2447.000000 0.000483
2448.000000 0.000483
2449.000000 0.000482
2450.000000 0.000482
2451.000000 0.000482
2452.000000 0.000481
2453.000000 0.000481
2454.000000 0.000480
2455.000000 0.000480
2456.000000 0.000479
2457.000000 0.000479
2458.000000 0.000479
2459.000000 0.000478
2460.000000 0.000478
2461.000000 0.000477
2462.000000 0.000477
2463.000000 0.000476
2464.000000 0.000476
2465.000000 0.000476
2466.000000 0.000475
2467.000000 0.000475
2468.000000 0.000474
2469.000000 0.000474
2470.000000 0.000473
2471.000000 0.000473
2472.000000 0.000473
2473.000000 0.000472
2474.000000 0.000472
2475.000000 0.000471
2476.000000 0.000471
2477.000000 0.000470
2478.000000 0.000470
2479.000000 0.000470
2480.000000 0.000469
2481.000000 0.000469
2482.000000 0.000468
2483.000000 0.000468
2484.000000 0.000467
2485.000000 0.000467
2486.000000 0.000467
2487.000000 0.000466
2488.000000 0.000466
2489.000000 0.000465
2490.000000 0.000465
2491.000000 0.000464
2492.000000 0.000464
2493.000000 0.000464
2494.000000 0.000463
2495.000000 0.000463
2496.000000 0.000462
2497.000000 0.000462
2498.000000 0.000461
2499.000000 0.000461
2500.000000 0.000460
2501.000000 0.000460
2502.000000 0.000460
2503.000000 0.000459
2504.000000 0.000459
2505.000000 0.000458
2506.000000 0.000458
2507.000000 0.000457
2508.000000 0.000457
2509.000000 0.000456
2510.000000 0.000456
2511.000000 0.000456
2512.000000 0.000455
2513.000000 0.000455
2514.000000 0.000454
2515.000000 0.000454
2516.000000 0.000453
2517.000000 0.000453
2518.000000 0.000452
2519.000000 0.000452
2520.000000 0.000452
2521.000000 0.000451
2522.000000 0.000451
2523.000000 0.000450
2524.000000 0.000450
2525.000000 0.000449
2526.000000 0.000449
2527.000000 0.000448
2528.000000 0.000448
2529.000000 0.000447
2530.000000 0.000447
2531.000000 0.000447
2532.000000 0.000446
2533.000000 0.000446
2534.000000 0.000445
2535.000000 0.000445
2536.000000 0.000444
2537.000000 0.000444
2538.000000 0.000443
2539.000000 0.000443
2540.000000 0.000442
2541.000000 0.000442
2542.000000 0.000441
2543.000000 0.000441
2544.000000 0.000441
2545.000000 0.000440
2546.000000 0.000440
2547.000000 0.000439
2548.000000 0.000439
2549.000000 0.000438
2550.000000 0.000438
2551.000000 0.000437
2552.000000 0.000437
2553.000000 0.000436
2554.000000 0.000436
2555.000000 0.000435
2556.000000 0.000435
2557.000000 0.000435
2558.000000 0.000434
2559.000000 0.000434
2560.000000 0.000433
2561.000000 0.000433
2562.000000 0.000432
2563.000000 0.000432
2564.000000 0.000431
2565.000000 0.000431
2566.000000 0.000430
2567.000000 0.000430
2568.000000 0.000429
2569.000000 0.000429
2570.000000 0.000428
2571.000000 0.000428
2572.000000 0.000427
2573.000000 0.000427
2574.000000 0.000427
2575.000000 0.000426
2576.000000 0.000426
2577.000000 0.000425
2578.000000 0.000425
2579.000000 0.000424
2580.000000 0.000424
2581.000000 0.000423
2582.000000 0.000423
2583.000000 0.000422
2584.000000 0.000422
2585.000000 0.000421
2586.000000 0.000421
2587.000000 0.000420
2588.000000 0.000420
2589.000000 0.000419
2590.000000 0.000419
2591.000000 0.000418
2592.000000 0.000418
2593.000000 0.000417
2594.000000 0.000417
2595.000000 0.000417
2596.000000 0.000416
2597.000000 0.000416
2598.000000 0.000415
2599.000000 0.000415
2600.000000 0.000414
2601.000000 0.000414
2602.000000 0.000413
2603.000000 0.000413
2604.000000 0.000412
2605.000000 0.000412
2606.000000 0.000411
2607.000000 0.000411
2608.000000 0.000410
2609.000000 0.000410
2610.000000 0.000409
2611.000000 0.000409
2612.000000 0.000408
2613.000000 0.000408
2614.000000 0.000407
2615.000000 0.000407
2616.000000 0.000406
2617.000000 0.000406
2618.000000 0.000405
2619.000000 0.000405
2620.000000 0.000404
2621.000000 0.000404
2622.000000 0.000403
2623.000000 0.000403
2624.000000 0.000402
2625.000000 0.000402
2626.000000 0.000401
2627.000000 0.000401
2628.000000 0.000401
2629.000000 0.000400
2630.000000 0.000400
2631.000000 0.000399
2632.000000 0.000399
2633.000000 0.000398
2634.000000 0.000398
2635.000000 0.000397
2636.000000 0.000397
2637.000000 0.000396
2638.000000 0.000396
2639.000000 0.000395
2640.000000 0.000395
2641.000000 0.000394
2642.000000 0.000394
2643.000000 0.000393
2644.000000 0.000393
2645.000000 0.000392
2646.000000 0.000392
2647.000000 0.000391
2648.000000 0.000391
2649.000000 0.000390
2650.000000 0.000390
2651.000000 0.000389
2652.000000 0.000389
2653.000000 0.000388
2654.000000 0.000388
2655.000000 0.000387
2656.000000 0.000387
2657.000000 0.000386
2658.000000 0.000386
2659.000000 0.000385
2660.000000 0.000385
2661.000000 0.000384
2662.000000 0.000384
2663.000000 0.000383
2664.000000 0.000383
2665.000000 0.000382
2666.000000 0.000382
2667.000000 0.000381
2668.000000 0.000381
2669.000000 0.000380
2670.000000 0.000380
2671.000000 0.000379
2672.000000 0.000379
2673.000000 0.000378
2674.000000 0.000378
2675.000000 0.000377
2676.000000 0.000377
2677.000000 0.000376
2678.000000 0.000376
2679.000000 0.000375
2680.000000 0.000375
2681.000000 0.000374
2682.000000 0.000374
2683.000000 0.000373
2684.000000 0.000373
2685.000000 0.000372
2686.000000 0.000372
2687.000000 0.000371
2688.000000 0.000371
2689.000000 0.000370
2690.000000 0.000370
2691.000000 0.000369
2692.000000 0.000369
2693.000000 0.000368
2694.000000 0.000368
2695.000000 0.000367
2696.000000 0.000367
2697.000000 0.000366
2698.000000 0.000366
2699.000000 0.000365
2700.000000 0.000365
2701.000000 0.000364
2702.000000 0.000364
2703.000000 0.000363
2704.000000 0.000363
2705.000000 0.000362
2706.000000 0.000362
2707.000000 0.000361
2708.000000 0.000361
2709.000000 0.000360
2710.000000 0.000360
2711.000000 0.000359
2712.000000 0.000359
2713.000000 0.000358
2714.000000 0.000358
2715.000000 0.000357
2716.000000 0.000357
2717.000000 0.000356
2718.000000 0.000356
2719.000000 0.000355
2720.000000 0.000355
2721.000000 0.000354
2722.000000 0.000354
2723.000000 0.000353
2724.000000 0.000353
2725.000000 0.000352
2726.000000 0.000352
2727.000000 0.000351
2728.000000 0.000351
2729.000000 0.000350
2730.000000 0.000350
2731.000000 0.000349
2732.000000 0.000349
2733.000000 0.000348
2734.000000 0.000348
2735.000000 0.000347
2736.000000 0.000347
2737.000000 0.000346
2738.000000 0.000346
2739.000000 0.000345
2740.000000 0.000345
2741.000000 0.000344
2742.000000 0.000344
2743.000000 0.000343
2744.000000 0.000343
2745.000000 0.000342
2746.000000 0.000342
2747.000000 0.000341
2748.000000 0.000341
2749.000000 0.000340
2750.000000 0.000340
2751.000000 0.000339
2752.000000 0.000339
2753.000000 0.000338
2754.000000 0.000338
2755.000000 0.000337
2756.000000 0.000337
2757.000000 0.000336
2758.000000 0.000336
2759.000000 0.000335
2760.000000 0.000335
2761.000000 0.000334
2762.000000 0.000334
2763.000000 0.000333
2764.000000 0.000333
2765.000000 0.000332
2766.000000 0.000332
2767.000000 0.000331
2768.000000 0.000331
2769.000000 0.000330
2770.000000 0.000330
2771.000000 0.000329
2772.000000 0.000328
2773.000000 0.000328
2774.000000 0.000327
2775.000000 0.000327
2776.000000 0.000326
2777.000000 0.000326
2778.000000 0.000325
2779.000000 0.000325
2780.000000 0.000324
2781.000000 0.000324
2782.000000 0.000323
2783.000000 0.000323
2784.000000 0.000322
2785.000000 0.000322
2786.000000 0.000321
2787.000000 0.000321
2788.000000 0.000320
2789.000000 0.000320
2790.000000 0.000319
2791.000000 0.000319
2792.000000 0.000318
2793.000000 0.000318
2794.000000 0.000317
2795.000000 0.000317
2796.000000 0.000316
2797.000000 0.000316
2798.000000 0.000315
2799.000000 0.000315
2800.000000 0.000314
2801.000000 0.000314
2802.000000 0.000313
2803.000000 0.000313
2804.000000 0.000312
2805.000000 0.000312
2806.000000 0.000311
2807.000000 0.000311
2808.000000 0.000310
2809.000000 0.000310
2810.000000 0.000309
2811.000000 0.000309
2812.000000 0.000308
2813.000000 0.000308
2814.000000 0.000307
2815.000000 0.000307
2816.000000 0.000306
2817.000000 0.000306
2818.000000 0.000305
2819.000000 0.000305
2820.000000 0.000304
2821.000000 0.000304
2822.000000 0.000303
2823.000000 0.000303
2824.000000 0.000302
2825.000000 0.000302
2826.000000 0.000301
2827.000000 0.000301
2828.000000 0.000300
2829.000000 0.000300
2830.000000 0.000299
2831.000000 0.000299
2832.000000 0.000298
2833.000000 0.000298
2834.000000 0.000297
2835.000000 0.000297
2836.000000 0.000296
2837.000000 0.000296
2838.000000 0.000295
2839.000000 0.000295
2840.000000 0.000294
2841.000000 0.000294
2842.000000 0.000293
2843.000000 0.000293
2844.000000 0.000292
2845.000000 0.000292
2846.000000 0.000291
2847.000000 0.000291
2848.000000 0.000290
2849.000000 0.000290
2850.000000 0.000289
2851.000000 0.000289
2852.000000 0.000288
2853.000000 0.000288
2854.000000 0.000287
2855.000000 0.000287
2856.000000 0.000286
2857.000000 0.000286
2858.000000 0.000285
2859.000000 0.000285
2860.000000 0.000284
2861.000000 0.000284
2862.000000 0.000283
2863.000000 0.000283
2864.000000 0.000282
2865.000000 0.000282
2866.000000 0.000281
2867.000000 0.000281
2868.000000 0.000280
2869.000000 0.000280
2870.000000 0.000279
2871.000000 0.000279
2872.000000 0.000278
2873.000000 0.000278
2874.000000 0.000277
2875.000000 0.000277
2876.000000 0.000276
2877.000000 0.000276
2878.000000 0.000275
2879.000000 0.000275
2880.000000 0.000274
2881.000000 0.000274
2882.000000 0.000273
2883.000000 0.000273
2884.000000 0.000272
2885.000000 0.000272
2886.000000 0.000271
2887.000000 0.000271
2888.000000 0.000270
2889.000000 0.000270
2890.000000 0.000269
2891.000000 0.000269
2892.000000 0.000268
2893.000000 0.000268
2894.000000 0.000267
2895.000000 0.000267
2896.000000 0.000266
2897.000000 0.000266
2898.000000 0.000265
2899.000000 0.000265
2900.000000 0.000264
2901.000000 0.000264
2902.000000 0.000263
2903.000000 0.000263
2904.000000 0.000262
2905.000000 0.000262
2906.000000 0.000261
2907.000000 0.000261
2908.000000 0.000260
2909.000000 0.000260
2910.000000 0.000259
2911.000000 0.000259
2912.000000 0.000258
2913.000000 0.000258
2914.000000 0.000258
2915.000000 0.000257
2916.000000 0.000257
2917.000000 0.000256
2918.000000 0.000256
2919.000000 0.000255
2920.000000 0.000255
2921.000000 0.000254
2922.000000 0.000254
2923.000000 0.000253
2924.000000 0.000253
2925.000000 0.000252
2926.000000 0.000252
2927.000000 0.000251
2928.000000 0.000251
2929.000000 0.000250
2930.000000 0.000250
2931.000000 0.000249
2932.000000 0.000249
2933.000000 0.000248
2934.000000 0.000248
2935.000000 0.000247
2936.000000 0.000247
2937.000000 0.000246
2938.000000 0.000246
2939.000000 0.000245
2940.000000 0.000245
2941.000000 0.000244
2942.000000 0.000244
2943.000000 0.000243
2944.000000 0.000243
2945.000000 0.000242
2946.000000 0.000242
2947.000000 0.000241
2948.000000 0.000241
2949.000000 0.000240
2950.000000 0.000240
2951.000000 0.000240
2952.000000 0.000239
2953.000000 0.000239
2954.000000 0.000238
2955.000000 0.000238
2956.000000 0.000237
2957.000000 0.000237
2958.000000 0.000236
2959.000000 0.000236
2960.000000 0.000235
2961.000000 0.000235
2962.000000 0.000234
2963.000000 0.000234
2964.000000 0.000233
2965.000000 0.000233
2966.000000 0.000232
2967.000000 0.000232
2968.000000 0.000231
2969.000000 0.000231
2970.000000 0.000230
2971.000000 0.000230
2972.000000 0.000229
2973.000000 0.000229
2974.000000 0.000228
2975.000000 0.000228
2976.000000 0.000228
2977.000000 0.000227
2978.000000 0.000227
2979.000000 0.000226
2980.000000 0.000226
2981.000000 0.000225
2982.000000 0.000225
2983.000000 0.000224
2984.000000 0.000224
2985.000000 0.000223
2986.000000 0.000223
2987.000000 0.000222
2988.000000 0.000222
2989.000000 0.000221
2990.000000 0.000221
2991.000000 0.000220
2992.000000 0.000220
2993.000000 0.000219
2994.000000 0.000219
2995.000000 0.000219
2996.000000 0.000218
2997.000000 0.000218
2998.000000 0.000217
2999.000000 0.000217
3000.000000 0.000216
3001.000000 0.000216
3002.000000 0.000215
3003.000000 0.000215
3004.000000 0.000214
3005.000000 0.000214
3006.000000 0.000213
3007.000000 0.000213
3008.000000 0.000212
3009.000000 0.000212
3010.000000 0.000211
3011.000000 0.000211
3012.000000 0.000211
3013.000000 0.000210
3014.000000 0.000210
3015.000000 0.000209
3016.000000 0.000209
3017.000000 0.000208
3018.000000 0.000208
3019.000000 0.000207
3020.000000 0.000207
3021.000000 0.000206
3022.000000 0.000206
3023.000000 0.000205
3024.000000 0.000205
3025.000000 0.000205
3026.000000 0.000204
3027.000000 0.000204
3028.000000 0.000203
3029.000000 0.000203
3030.000000 0.000202
3031.000000 0.000202
3032.000000 0.000201
3033.000000 0.000201
3034.000000 0.000200
3035.000000 0.000200
3036.000000 0.000199
3037.000000 0.000199
3038.000000 0.000199
3039.000000 0.000198
3040.000000 0.000198
3041.000000 0.000197
3042.000000 0.000197
3043.000000 0.000196
3044.000000 0.000196
3045.000000 0.000195
3046.000000 0.000195
3047.000000 0.000194
3048.000000 0.000194
3049.000000 0.000194
3050.000000 0.000193
3051.000000 0.000193
3052.000000 0.000192
3053.000000 0.000192
3054.000000 0.000191
3055.000000 0.000191
3056.000000 0.000190
3057.000000 0.000190
3058.000000 0.000189
3059.000000 0.000189
3060.000000 0.000189
3061.000000 0.000188
3062.000000 0.000188
3063.000000 0.000187
3064.000000 0.000187
3065.000000 0.000186
3066.000000 0.000186
3067.000000 0.000185
3068.000000 0.000185
3069.000000 0.000184
3070.000000 0.000184
3071.000000 0.000184
3072.000000 0.000183
3073.000000 0.000183
3074.000000 0.000182
3075.000000 0.000182
3076.000000 0.000181
3077.000000 0.000181
3078.000000 0.000180
3079.000000 0.000180
3080.000000 0.000180
3081.000000 0.000179
3082.000000 0.000179
3083.000000 0.000178
3084.000000 0.000178
3085.000000 0.000177
3086.000000 0.000177
3087.000000 0.000176
3088.000000 0.000176
3089.000000 0.000176
3090.000000 0.000175
3091.000000 0.000175
3092.000000 0.000174
3093.000000 0.000174
3094.000000 0.000173
3095.000000 0.000173
3096.000000 0.000173
3097.000000 0.000172
3098.000000 0.000172
3099.000000 0.000171
3100.000000 0.000171
3101.000000 0.000170
3102.000000 0.000170
3103.000000 0.000169
3104.000000 0.000169
3105.000000 0.000169
3106.000000 0.000168
3107.000000 0.000168
3108.000000 0.000167
3109.000000 0.000167
3110.000000 0.000166
3111.000000 0.000166
3112.000000 0.000166
3113.000000 0.000165
3114.000000 0.000165
3115.000000 0.000164
3116.000000 0.000164
3117.000000 0.000163
3118.000000 0.000163
3119.000000 0.000163
3120.000000 0.000162
3121.000000 0.000162
3122.000000 0.000161
3123.000000 0.000161
3124.000000 0.000160
3125.000000 0.000160
3126.000000 0.000159
3127.000000 0.000159
3128.000000 0.000159
3129.000000 0.000158
3130.000000 0.000158
3131.000000 0.000157
3132.000000 0.000157
3133.000000 0.000157
3134.000000 0.000156
3135.000000 0.000156
3136.000000 0.000155
3137.000000 0.000155
3138.000000 0.000154
3139.000000 0.000154
3140.000000 0.000154
3141.000000 0.000153
3142.000000 0.000153
3143.000000 0.000152
3144.000000 0.000152
3145.000000 0.000151
3146.000000 0.000151
3147.000000 0.000151
3148.000000 0.000150
3149.000000 0.000150
3150.000000 0.000149
3151.000000 0.000149
3152.000000 0.000148
3153.000000 0.000148
3154.000000 0.000148
3155.000000 0.000147
3156.000000 0.000147
3157.000000 0.000146
3158.000000 0.000146
3159.000000 0.000146
3160.000000 0.000145
3161.000000 0.000145
3162.000000 0.000144
3163.000000 0.000144
3164.000000 0.000143
3165.000000 0.000143
3166.000000 0.000143
3167.000000 0.000142
3168.000000 0.000142
3169.000000 0.000141
3170.000000 0.000141
3171.000000 0.000141
3172.000000 0.000140
3173.000000 0.000140
3174.000000 0.000139
3175.000000 0.000139
3176.000000 0.000139
3177.000000 0.000138
3178.000000 0.000138
3179.000000 0.000137
3180.000000 0.000137
3181.000000 0.000136
3182.000000 0.000136
3183.000000 0.000136
3184.000000 0.000135
3185.000000 0.000135
3186.000000 0.000134
3187.000000 0.000134
3188.000000 0.000134
3189.000000 0.000133
3190.000000 0.000133
3191.000000 0.000132
3192.000000 0.000132
3193.000000 0.000132
3194.000000 0.000131
3195.000000 0.000131
3196.000000 0.000130
3197.000000 0.000130
3198.000000 0.000130
3199.000000 0.000129
3200.000000 0.000129
3201.000000 0.000128
3202.000000 0.000128
3203.000000 0.000128
3204.000000 0.000127
3205.000000 0.000127
3206.000000 0.000126
3207.000000 0.000126
3208.000000 0.000126
3209.000000 0.000125
3210.000000 0.000125
3211.000000 0.000124
3212.000000 0.000124
3213.000000 0.000124
3214.000000 0.000123
3215.000000 0.000123
3216.000000 0.000122
3217.000000 0.000122
3218.000000 0.000122
3219.000000 0.000121
3220.000000 0.000121
3221.000000 0.000120
3222.000000 0.000120
3223.000000 0.000120
3224.000000 0.000119
3225.000000 0.000119
3226.000000 0.000119
3227.000000 0.000118
3228.000000 0.000118
3229.000000 0.000117
3230.000000 0.000117
3231.000000 0.000117
3232.000000 0.000116
3233.000000 0.000116
3234.000000 0.000115
3235.000000 0.000115
3236.000000 0.000115
3237.000000 0.000114
3238.000000 0.000114
3239.000000 0.000114
3240.000000 0.000113
3241.000000 0.000113
3242.000000 0.000112
3243.000000 0.000112
3244.000000 0.000112
3245.000000 0.000111
3246.000000 0.000111
3247.000000 0.000110
3248.000000 0.000110
3249.000000 0.000110
3250.000000 0.000109
3251.000000 0.000109
3252.000000 0.000109
3253.000000 0.000108
3254.000000 0.000108
3255.000000 0.000107
3256.000000 0.000107
3257.000000 0.000107
3258.000000 0.000106
3259.000000 0.000106
3260.000000 0.000106
3261.000000 0.000105
3262.000000 0.000105
3263.000000 0.000104
3264.000000 0.000104
3265.000000 0.000104
3266.000000 0.000103
3267.000000 0.000103
3268.000000 0.000103
3269.000000 0.000102
3270.000000 0.000102
3271.000000 0.000101
3272.000000 0.000101
3273.000000 0.000101
3274.000000 0.000100
3275.000000 0.000100
3276.000000 0.000100
3277.000000 0.000099
3278.000000 0.000099
3279.000000 0.000098
3280.000000 0.000098
3281.000000 0.000098
3282.000000 0.000097
3283.000000 0.000097
3284.000000 0.000097
3285.000000 0.000096
3286.000000 0.000096
3287.000000 0.000096
3288.000000 0.000095
3289.000000 0.000095
3290.000000 0.000094
3291.000000 0.000094
3292.000000 0.000094
3293.000000 0.000093
3294.000000 0.000093
3295.000000 0.000093
3296.000000 0.000092
3297.000000 0.000092
3298.000000 0.000092
3299.000000 0.000091
3300.000000 0.000091
3301.000000 0.000090
3302.000000 0.000090
3303.000000 0.000090
3304.000000 0.000089
3305.000000 0.000089
3306.000000 0.000089
3307.000000 0.000088
3308.000000 0.000088
3309.000000 0.000088
3310.000000 0.000087
3311.000000 0.000087
3312.000000 0.000087
3313.000000 0.000086
3314.000000 0.000086
3315.000000 0.000085
3316.000000 0.000085
3317.000000 0.000085
3318.000000 0.000084
3319.000000 0.000084
3320.000000 0.000084
3321.000000 0.000083
3322.000000 0.000083
3323.000000 0.000083
3324.000000 0.000082
3325.000000 0.000082
3326.000000 0.000082
3327.000000 0.000081
3328.000000 0.000081
3329.000000 0.000081
3330.000000 0.000080
3331.000000 0.000080
3332.000000 0.000080
3333.000000 0.000079
3334.000000 0.000079
3335.000000 0.000079
3336.000000 0.000078
3337.000000 0.000078
3338.000000 0.000078
3339.000000 0.000077
3340.000000 0.000077
3341.000000 0.000076
3342.000000 0.000076
3343.000000 0.000076
3344.000000 0.000075
3345.000000 0.000075
3346.000000 0.000075
3347.000000 0.000074
3348.000000 0.000074
3349.000000 0.000074
3350.000000 0.000073
3351.000000 0.000073
3352.000000 0.000073
3353.000000 0.000072
3354.000000 0.000072
3355.000000 0.000072
3356.000000 0.000071
3357.000000 0.000071
3358.000000 0.000071
3359.000000 0.000070
3360.000000 0.000070
3361.000000 0.000070
3362.000000 0.000069
3363.000000 0.000069
3364.000000 0.000069
3365.000000 0.000069
3366.000000 0.000068
3367.000000 0.000068
3368.000000 0.000068
3369.000000 0.000067
3370.000000 0.000067
3371.000000 0.000067
3372.000000 0.000066
3373.000000 0.000066
3374.000000 0.000066
3375.000000 0.000065
3376.000000 0.000065
3377.000000 0.000065
3378.000000 0.000064
3379.000000 0.000064
3380.000000 0.000064
3381.000000 0.000063
3382.000000 0.000063
3383.000000 0.000063
3384.000000 0.000062
3385.000000 0.000062
3386.000000 0.000062
3387.000000 0.000061
3388.000000 0.000061
3389.000000 0.000061
3390.000000 0.000061
3391.000000 0.000060
3392.000000 0.000060
3393.000000 0.000060
3394.000000 0.000059
3395.000000 0.000059
3396.000000 0.000059
3397.000000 0.000058
3398.000000 0.000058
3399.000000 0.000058
3400.000000 0.000057
3401.000000 0.000057
3402.000000 0.000057
3403.000000 0.000057
3404.000000 0.000056
3405.000000 0.000056
3406.000000 0.000056
3407.000000 0.000055
3408.000000 0.000055
3409.000000 0.000055
3410.000000 0.000054
3411.000000 0.000054
3412.000000 0.000054
3413.000000 0.000054
3414.000000 0.000053
3415.000000 0.000053
3416.000000 0.000053
3417.000000 0.000052
3418.000000 0.000052
3419.000000 0.000052
3420.000000 0.000052
3421.000000 0.000051
3422.000000 0.000051
3423.000000 0.000051
3424.000000 0.000050
3425.000000 0.000050
3426.000000 0.000050
3427.000000 0.000050
3428.000000 0.000049
3429.000000 0.000049
3430.000000 0.000049
3431.000000 0.000048
3432.000000 0.000048
3433.000000 0.000048
3434.000000 0.000048
3435.000000 0.000047
3436.000000 0.000047
3437.000000 0.000047
3438.000000 0.000046
3439.000000 0.000046
3440.000000 0.000046
3441.000000 0.000046
3442.000000 0.000045
3443.000000 0.000045
3444.000000 0.000045
3445.000000 0.000045
3446.000000 0.000044
3447.000000 0.000044
3448.000000 0.000044
3449.000000 0.000043
3450.000000 0.000043
3451.000000 0.000043
3452.000000 0.000043
3453.000000 0.000042
3454.000000 0.000042
3455.000000 0.000042
3456.000000 0.000042
3457.000000 0.000041
3458.000000 0.000041
3459.000000 0.000041
3460.000000 0.000041
3461.000000 0.000040
3462.000000 0.000040
3463.000000 0.000040
3464.000000 0.000040
3465.000000 0.000039
3466.000000 0.000039
3467.000000 0.000039
3468.000000 0.000039
3469.000000 0.000038
3470.000000 0.000038
3471.000000 0.000038
3472.000000 0.000038
3473.000000 0.000037
3474.000000 0.000037
3475.000000 0.000037
3476.000000 0.000037
3477.000000 0.000036
3478.000000 0.000036
3479.000000 0.000036
3480.000000 0.000036
3481.000000 0.000035
3482.000000 0.000035
3483.000000 0.000035
3484.000000 0.000035
3485.000000 0.000034
3486.000000 0.000034
3487.000000 0.000034
3488.000000 0.000034
3489.000000 0.000033
3490.000000 0.000033
3491.000000 0.000033
3492.000000 0.000033
3493.000000 0.000032
3494.000000 0.000032
3495.000000 0.000032
3496.000000 0.000032
3497.000000 0.000032
3498.000000 0.000031
3499.000000 0.000031
3500.000000 0.000031
3501.000000 0.000031
3502.000000 0.000030
3503.000000 0.000030
3504.000000 0.000030
3505.000000 0.000030
3506.000000 0.000030
3507.000000 0.000029
3508.000000 0.000029
3509.000000 0.000029
3510.000000 0.000029
3511.000000 0.000028
3512.000000 0.000028
3513.000000 0.000028
3514.000000 0.000028
3515.000000 0.000028
3516.000000 0.000027
3517.000000 0.000027
3518.000000 0.000027
3519.000000 0.000027
3520.000000 0.000027
3521.000000 0.000026
3522.000000 0.000026
3523.000000 0.000026
3524.000000 0.000026
3525.000000 0.000026
3526.000000 0.000025
3527.000000 0.000025
3528.000000 0.000025
3529.000000 0.000025
3530.000000 0.000025
3531.000000 0.000024
3532.000000 0.000024
3533.000000 0.000024
3534.000000 0.000024
3535.000000 0.000024
3536.000000 0.000023
3537.000000 0.000023
3538.000000 0.000023
3539.000000 0.000023
3540.000000 0.000023
3541.000000 0.000022
3542.000000 0.000022
3543.000000 0.000022
3544.000000 0.000022
3545.000000 0.000022
3546.000000 0.000022
3547.000000 0.000021
3548.000000 0.000021
3549.000000 0.000021
3550.000000 0.000021
3551.000000 0.000021
3552.000000 0.000020
3553.000000 0.000020
3554.000000 0.000020
3555.000000 0.000020
3556.000000 0.000020
3557.000000 0.000020
3558.000000 0.000019
3559.000000 0.000019
3560.000000 0.000019
3561.000000 0.000019
3562.000000 0.000019
3563.000000 0.000019
3564.000000 0.000018
3565.000000 0.000018
3566.000000 0.000018
3567.000000 0.000018
3568.000000 0.000018
3569.000000 0.000018
3570.000000 0.000017
3571.000000 0.000017
3572.000000 0.000017
3573.000000 0.000017
3574.000000 0.000017
3575.000000 0.000017
3576.000000 0.000016
3577.000000 0.000016
3578.000000 0.000016
3579.000000 0.000016
3580.000000 0.000016
3581.000000 0.000016
3582.000000 0.000016
3583.000000 0.000015
3584.000000 0.000015
3585.000000 0.000015
3586.000000 0.000015
3587.000000 0.000015
3588.000000 0.000015
3589.000000 0.000015
3590.000000 0.000014
3591.000000 0.000014
3592.000000 0.000014
3593.000000 0.000014
3594.000000 0.000014
3595.000000 0.000014
3596.000000 0.000014
3597.000000 0.000013
3598.000000 0.000013
3599.000000 0.000013
3600.000000 0.000013
3601.000000 0.000013
3602.000000 0.000013
3603.000000 0.000013
3604.000000 0.000012
3605.000000 0.000012
3606.000000 0.000012
3607.000000 0.000012
3608.000000 0.000012
3609.000000 0.000012
3610.000000 0.000012
3611.000000 0.000012
3612.000000 0.000011
3613.000000 0.000011
3614.000000 0.000011
3615.000000 0.000011
3616.000000 0.000011
3617.000000 0.000011
3618.000000 0.000011
3619.000000 0.000011
3620.000000 0.000010
3621.000000 0.000010
3622.000000 0.000010
3623.000000 0.000010
3624.000000 0.000010
3625.000000 0.000010
3626.000000 0.000010
3627.000000 0.000010
3628.000000 0.000010
3629.000000 0.000009
3630.000000 0.000009
3631.000000 0.000009
3632.000000 0.000009
3633.000000 0.000009
3634.000000 0.000009
3635.000000 0.000009
3636.000000 0.000009
3637.000000 0.000009
3638.000000 0.000009
3639.000000 0.000008
3640.000000 0.000008
3641.000000 0.000008
3642.000000 0.000008
3643.000000 0.000008
3644.000000 0.000008
3645.000000 0.000008
3646.000000 0.000008
3647.000000 0.000008
3648.000000 0.000008
3649.000000 0.000007
3650.000000 0.000007
3651.000000 0.000007
3652.000000 0.000007
3653.000000 0.000007
3654.000000 0.000007
3655.000000 0.000007
3656.000000 0.000007
3657.000000 0.000007
3658.000000 0.000007
3659.000000 0.000007
3660.000000 0.000007
3661.000000 0.000006
3662.000000 0.000006
3663.000000 0.000006
3664.000000 0.000006
3665.000000 0.000006
3666.000000 0.000006
3667.000000 0.000006
3668.000000 0.000006
3669.000000 0.000006
3670.000000 0.000006
3671.000000 0.000006
3672.000000 0.000006
3673.000000 0.000005
3674.000000 0.000005
3675.000000 0.000005
3676.000000 0.000005
3677.000000 0.000005
3678.000000 0.000005
3679.000000 0.000005
3680.000000 0.000005
3681.000000 0.000005
3682.000000 0.000005
3683.000000 0.000005
3684.000000 0.000005
3685.000000 0.000005
3686.000000 0.000005
3687.000000 0.000005
3688.000000 0.000004
3689.000000 0.000004
3690.000000 0.000004
3691.000000 0.000004
3692.000000 0.000004
3693.000000 0.000004
3694.000000 0.000004
3695.000000 0.000004
3696.000000 0.000004
3697.000000 0.000004
3698.000000 0.000004
3699.000000 0.000004
3700.000000 0.000004
3701.000000 0.000004
3702.000000 0.000004
3703.000000 0.000004
3704.000000 0.000004
3705.000000 0.000003
3706.000000 0.000003
3707.000000 0.000003
3708.000000 0.000003
3709.000000 0.000003
3710.000000 0.000003
3711.000000 0.000003
3712.000000 0.000003
3713.000000 0.000003
3714.000000 0.000003
3715.000000 0.000003
3716.000000 0.000003
3717.000000 0.000003
3718.000000 0.000003
3719.000000 0.000003
3720.000000 0.000003
3721.000000 0.000003
3722.000000 0.000003
3723.000000 0.000003
3724.000000 0.000003
3725.000000 0.000003
3726.000000 0.000002
3727.000000 0.000002
3728.000000 0.000002
3729.000000 0.000002
3730.000000 0.000002
3731.000000 0.000002
3732.000000 0.000002
3733.000000 0.000002
3734.000000 0.000002
3735.000000 0.000002
3736.000000 0.000002
3737.000000 0.000002
3738.000000 0.000002
3739.000000 0.000002
3740.000000 0.000002
3741.000000 0.000002
3742.000000 0.000002
3743.000000 0.000002
3744.000000 0.000002
3745.000000 0.000002
3746.000000 0.000002
3747.000000 0.000002
3748.000000 0.000002
3749.000000 0.000002
3750.000000 0.000002
3751.000000 0.000002
3752.000000 0.000002
3753.000000 0.000002
3754.000000 0.000001
3755.000000 0.000001
3756.000000 0.000001
3757.000000 0.000001
3758.000000 0.000001
3759.000000 0.000001
3760.000000 0.000001
3761.000000 0.000001
3762.000000 0.000001
3763.000000 0.000001
3764.000000 0.000001
3765.000000 0.000001
3766.000000 0.000001
3767.000000 0.000001
3768.000000 0.000001
3769.000000 0.000001
3770.000000 0.000001
3771.000000 0.000001
3772.000000 0.000001
3773.000000 0.000001
3774.000000 0.000001
3775.000000 0.000001
3776.000000 0.000001
3777.000000 0.000001
3778.000000 0.000001
3779.000000 0.000001
3780.000000 0.000001
3781.000000 0.000001
3782.000000 0.000001
3783.000000 0.000001
3784.000000 0.000001
3785.000000 0.000001
3786.000000 0.000001
3787.000000 0.000001
3788.000000 0.000001
3789.000000 0.000001
3790.000000 0.000001
3791.000000 0.000001
3792.000000 0.000001
3793.000000 0.000001
3794.000000 0.000001
3795.000000 0.000001
3796.000000 0.000001
3797.000000 0.000001
3798.000000 0.000001
3799.000000 0.000001
3800.000000 0.000001
3801.000000 0.000001
3802.000000 0.000001
3803.000000 0.000000
3804.000000 0.000000
3805.000000 0.000000
3806.000000 0.000000
3807.000000 0.000000
3808.000000 0.000000
3809.000000 0.000000
3810.000000 0.000000
3811.000000 0.000000
3812.000000 0.000000
3813.000000 0.000000
3814.000000 0.000000
3815.000000 0.000000
3816.000000 0.000000
3817.000000 0.000000
3818.000000 0.000000
3819.000000 0.000000
3820.000000 0.000000
3821.000000 0.000000
3822.000000 0.000000
3823.000000 0.000000
3824.000000 0.000000
3825.000000 0.000000
3826.000000 0.000000
3827.000000 0.000000
3828.000000 0.000000
3829.000000 0.000000
3830.000000 0.000000
3831.000000 0.000000
3832.000000 0.000000
3833.000000 0.000000
3834.000000 0.000000
3835.000000 0.000000
3836.000000 0.000000
3837.000000 0.000000
3838.000000 0.000000
3839.000000 0.000000
3840.000000 0.000000
3841.000000 0.000000
3842.000000 0.000000
3843.000000 0.000000
3844.000000 0.000000
3845.000000 0.000000
3846.000000 0.000000
3847.000000 0.000000
3848.000000 0.000000
3849.000000 0.000000
3850.000000 0.000000
3851.000000 0.000000
3852.000000 0.000000
3853.000000 0.000000
3854.000000 0.000000
3855.000000 0.000000
3856.000000 0.000000
3857.000000 0.000000
3858.000000 0.000000
3859.000000 0.000000
3860.000000 0.000000
3861.000000 0.000000
3862.000000 0.000000
3863.000000 0.000000
3864.000000 0.000000
3865.000000 0.000000
3866.000000 0.000000
3867.000000 0.000000
3868.000000 0.000000
3869.000000 0.000000
3870.000000 0.000000
3871.000000 0.000000
3872.000000 0.000000
3873.000000 0.000000
3874.000000 0.000000
3875.000000 0.000000
3876.000000 0.000000
3877.000000 0.000000
3878.000000 0.000000
3879.000000 0.000000
3880.000000 0.000000
3881.000000 0.000000
3882.000000 0.000000
3883.000000 0.000000
3884.000000 0.000000
3885.000000 0.000000
3886.000000 0.000000
3887.000000 0.000000
3888.000000 0.000000
3889.000000 0.000000
3890.000000 0.000000
3891.000000 0.000000
3892.000000 0.000000
3893.000000 0.000000
3894.000000 0.000000
3895.000000 0.000000
3896.000000 0.000000
3897.000000 0.000000
3898.000000 0.000000
3899.000000 0.000000
3900.000000 0.000000
3901.000000 0.000000
3902.000000 0.000000
3903.000000 0.000000
3904.000000 0.000000
3905.000000 0.000000
3906.000000 0.000000
3907.000000 0.000000
3908.000000 0.000000
3909.000000 0.000000
3910.000000 0.000000
3911.000000 0.000000
3912.000000 0.000000
3913.000000 0.000000
3914.000000 0.000000
3915.000000 0.000000
3916.000000 0.000000
3917.000000 0.000000
3918.000000 0.000000
3919.000000 0.000000
3920.000000 0.000000
3921.000000 0.000000
3922.000000 0.000000
3923.000000 0.000000
3924.000000 0.000000
3925.000000 0.000000
3926.000000 0.000000
3927.000000 0.000000
3928.000000 0.000000
3929.000000 0.000000
3930.000000 0.000000
3931.000000 0.000000
3932.000000 0.000000
3933.000000 0.000000
3934.000000 0.000000
3935.000000 0.000000
3936.000000 0.000000
3937.000000 0.000000
3938.000000 0.000000
3939.000000 0.000000
3940.000000 0.000000
3941.000000 0.000000
3942.000000 0.000000
3943.000000 0.000000
3944.000000 0.000000
3945.000000 0.000000
3946.000000 0.000000
3947.000000 0.000000
3948.000000 0.000000
3949.000000 0.000000
3950.000000 0.000000
3951.000000 0.000000
3952.000000 0.000000
3953.000000 0.000000
3954.000000 0.000000
3955.000000 0.000000
3956.000000 0.000000
3957.000000 0.000000
3958.000000 0.000000
3959.000000 0.000000
3960.000000 0.000000
3961.000000 0.000000
3962.000000 0.000000
3963.000000 0.000000
3964.000000 0.000000
3965.000000 0.000000
3966.000000 0.000000
3967.000000 0.000000
3968.000000 0.000000
3969.000000 0.000000
3970.000000 0.000000
3971.000000 0.000000
3972.000000 0.000000
3973.000000 0.000000
3974.000000 0.000000
3975.000000 0.000000
3976.000000 0.000000
3977.000000 0.000000
3978.000000 0.000000
3979.000000 0.000000
3980.000000 0.000000
3981.000000 0.000000
3982.000000 0.000000
3983.000000 0.000000
3984.000000 0.000000
3985.000000 0.000000
3986.000000 0.000000
3987.000000 0.000000
3988.000000 0.000000
3989.000000 0.000000
3990.000000 0.000000
3991.000000 0.000000
3992.000000 0.000000
3993.000000 0.000000
3994.000000 0.000000
3995.000000 0.000000
3996.000000 0.000000
3997.000000 0.000000
3998.000000 0.000000
3999.000000 0.000000
4000.000000 0.000000
