n lam mean variance std
4000 0.160000 2000.500000 430818.136351 656.367379
bin_midpoint probability
1.000000 0.000000
2.000000 0.000000
3.000000 0.000000
4.000000 0.000000
5.000000 0.000000
6.000000 0.000000
7.000000 0.000000
8.000000 0.000000
9.000000 0.000000
10.000000 0.000000
11.000000 0.000000
12.000000 0.000000
13.000000 0.000000
14.000000 0.000000
15.000000 0.000000
16.000000 0.000000
17.000000 0.000000
18.000000 0.000000
19.000000 0.000000
20.000000 0.000000
21.000000 0.000000
22.000000 0.000000
23.000000 0.000000
24.000000 0.000000
25.000000 0.000000
26.000000 0.000000
27.000000 0.000000
28.000000 0.000000
29.000000 0.000000
30.000000 0.000000
31.000000 0.000000
32.000000 0.000000
33.000000 0.000000
34.000000 0.000000
35.000000 0.000000
36.000000 0.000000
37.000000 0.000000
38.000000 0.000000
39.000000 0.000000
40.000000 0.000000
41.000000 0.000000
42.000000 0.000000
43.000000 0.000000
44.000000 0.000000
45.000000 0.000000
46.000000 0.000000
47.000000 0.000000
48.000000 0.000000
49.000000 0.000000
50.000000 0.000000
51.000000 0.000000
52.000000 0.000000
53.000000 0.000000
54.000000 0.000000
55.000000 0.000000
56.000000 0.000000
57.000000 0.000000
58.000000 0.000000
59.000000 0.000000
60.000000 0.000000
61.000000 0.000000
62.000000 0.000000
63.000000 0.000000
64.000000 0.000000
65.000000 0.000000
66.000000 0.000000
67.000000 0.000000
68.000000 0.000000
69.000000 0.000000
70.000000 0.000000
71.000000 0.000000
72.000000 0.000000
73.000000 0.000000
74.000000 0.000000
75.000000 0.000000
76.000000 0.000000
77.000000 0.000000
78.000000 0.000000
79.000000 0.000000
80.000000 0.000000
81.000000 0.000000
82.000000 0.000000
83.000000 0.000000
84.000000 0.000000
85.000000 0.000000
86.000000 0.000000
87.000000 0.000000
88.000000 0.000000
89.000000 0.000000
90.000000 0.000000
91.000000 0.000000
92.000000 0.000000
93.000000 0.000000
94.000000 0.000000
95.000000 0.000000
96.000000 0.000000
97.000000 0.000000
98.000000 0.000000
99.000000 0.000000
100.000000 0.000000
101.000000 0.000000
102.000000 0.000000
103.000000 0.000000
104.000000 0.000000
105.000000 0.000000
106.000000 0.000000
107.000000 0.000000
108.000000 0.000000
109.000000 0.000000
110.000000 0.000000
111.000000 0.000000
112.000000 0.000000
113.000000 0.000000
114.000000 0.000000
115.000000 0.000000
116.000000 0.000000
117.000000 0.000000
118.000000 0.000000
119.000000 0.000000
120.000000 0.000000
121.000000 0.000000
122.000000 0.000000
123.000000 0.000000
124.000000 0.000000
125.000000 0.000000
126.000000 0.000000
127.000000 0.000000
128.000000 0.000000
129.000000 0.000000
130.000000 0.000000
131.000000 0.000000
132.000000 0.000000
133.000000 0.000000
134.000000 0.000000
135.000000 0.000000
136.000000 0.000000
137.000000 0.000000
138.000000 0.000000
139.000000 0.000000
140.000000 0.000000
141.000000 0.000000
142.000000 0.000000
143.000000 0.000000
144.000000 0.000000
145.000000 0.000000
146.000000 0.000000
147.000000 0.000000
148.000000 0.000000
149.000000 0.000000
150.000000 0.000000
151.000000 0.000000
152.000000 0.000000
153.000000 0.000000
154.000000 0.000000
155.000000 0.000000
156.000000 0.000000
157.000000 0.000000
158.000000 0.000000
159.000000 0.000000
160.000000 0.000000
161.000000 0.000000
162.000000 0.000000
163.000000 0.000001
164.000000 0.000001
165.000000 0.000001
166.000000 0.000001
167.000000 0.000001
168.000000 0.000001
169.000000 0.000001
170.000000 0.000001
171.000000 0.000001
172.000000 0.000001
173.000000 0.000001
174.000000 0.000001
175.000000 0.000001
176.000000 0.000001
177.000000 0.000001
178.000000 0.000001
179.000000 0.000001
180.000000 0.000001
181.000000 0.000001
182.000000 0.000001
183.000000 0.000001
184.000000 0.000001
185.000000 0.000001
186.000000 0.000001
187.000000 0.000001
188.000000 0.000001
189.000000 0.000001
190.000000 0.000001
191.000000 0.000001
192.000000 0.000001
193.000000 0.000001
194.000000 0.000001
195.000000 0.000001
196.000000 0.000001
197.000000 0.000001
198.000000 0.000001
199.000000 0.000001
200.000000 0.000001
201.000000 0.000001
202.000000 0.000001
203.000000 0.000001
204.000000 0.000001
205.000000 0.000001
206.000000 0.000001
207.000000 0.000001
208.000000 0.000002
209.000000 0.000002
210.000000 0.000002
211.000000 0.000002
212.000000 0.000002
213.000000 0.000002
214.000000 0.000002
215.000000 0.000002
216.000000 0.000002
217.000000 0.000002
218.000000 0.000002
219.000000 0.000002
220.000000 0.000002
221.000000 0.000002
222.000000 0.000002
223.000000 0.000002
224.000000 0.000002
225.000000 0.000002
226.000000 0.000002
227.000000 0.000002
228.000000 0.000002
229.000000 0.000002
230.000000 0.000002
231.000000 0.000002
232.000000 0.000002
233.000000 0.000002
234.000000 0.000003
235.000000 0.000003
236.000000 0.000003
237.000000 0.000003
238.000000 0.000003
239.000000 0.000003
240.000000 0.000003
241.000000 0.000003
242.000000 0.000003
243.000000 0.000003
244.000000 0.000003
245.000000 0.000003
246.000000 0.000003
247.000000 0.000003
248.000000 0.000003
249.000000 0.000003
250.000000 0.000003
251.000000 0.000003
252.000000 0.000003
253.000000 0.000004
254.000000 0.000004
255.000000 0.000004
256.000000 0.000004
257.000000 0.000004
258.000000 0.000004
259.000000 0.000004
260.000000 0.000004
261.000000 0.000004
262.000000 0.000004
263.000000 0.000004
264.000000 0.000004
265.000000 0.000004
266.000000 0.000004
267.000000 0.000004
268.000000 0.000004
269.000000 0.000005
270.000000 0.000005
271.000000 0.000005
272.000000 0.000005
273.000000 0.000005
274.000000 0.000005
275.000000 0.000005
276.000000 0.000005
277.000000 0.000005
278.000000 0.000005
279.000000 0.000005
280.000000 0.000005
281.000000 0.000005
282.000000 0.000006
283.000000 0.000006
284.000000 0.000006
285.000000 0.000006
286.000000 0.000006
287.000000 0.000006
288.000000 0.000006
289.000000 0.000006
290.000000 0.000006
291.000000 0.000006
292.000000 0.000006
293.000000 0.000006
294.000000 0.000007
295.000000 0.000007
296.000000 0.000007
297.000000 0.000007
298.000000 0.000007
299.000000 0.000007
300.000000 0.000007
301.000000 0.000007
302.000000 0.000007
303.000000 0.000007
304.000000 0.000008
305.000000 0.000008
306.000000 0.000008
307.000000 0.000008
308.000000 0.000008
309.000000 0.000008
310.000000 0.000008
311.000000 0.000008
312.000000 0.000008
313.000000 0.000008
314.000000 0.000009
315.000000 0.000009
316.000000 0.000009
317.000000 0.000009
318.000000 0.000009
319.000000 0.000009
320.000000 0.000009
321.000000 0.000009
322.000000 0.000009
323.000000 0.000010
324.000000 0.000010
325.000000 0.000010
326.000000 0.000010
327.000000 0.000010
328.000000 0.000010
329.000000 0.000010
330.000000 0.000010
331.000000 0.000011
332.000000 0.000011
333.000000 0.000011
334.000000 0.000011
335.000000 0.000011
336.000000 0.000011
337.000000 0.000011
338.000000 0.000011
339.000000 0.000012
340.000000 0.000012
341.000000 0.000012
342.000000 0.000012
343.000000 0.000012
344.000000 0.000012
345.000000 0.000012
346.000000 0.000012
347.000000 0.000013
348.000000 0.000013
349.000000 0.000013
350.000000 0.000013
351.000000 0.000013
352.000000 0.000013
353.000000 0.000013
354.000000 0.000014
355.000000 0.000014
356.000000 0.000014
357.000000 0.000014
358.000000 0.000014
359.000000 0.000014
360.000000 0.000014
361.000000 0.000015
362.000000 0.000015
363.000000 0.000015
364.000000 0.000015
365.000000 0.000015
366.000000 0.000015
367.000000 0.000016
368.000000 0.000016
369.000000 0.000016
370.000000 0.000016
371.000000 0.000016
372.000000 0.000016
373.000000 0.000016
374.000000 0.000017
375.000000 0.000017
376.000000 0.000017
377.000000 0.000017
378.000000 0.000017
379.000000 0.000017
380.000000 0.000018
381.000000 0.000018
382.000000 0.000018
383.000000 0.000018
384.000000 0.000018
385.000000 0.000019
386.000000 0.000019
387.000000 0.000019
388.000000 0.000019
389.000000 0.000019
390.000000 0.000019
391.000000 0.000020
392.000000 0.000020
393.000000 0.000020
394.000000 0.000020
395.000000 0.000020
396.000000 0.000020
397.000000 0.000021
398.000000 0.000021
399.000000 0.000021
400.000000 0.000021
401.000000 0.000021
402.000000 0.000022
403.000000 0.000022
404.000000 0.000022
405.000000 0.000022
406.000000 0.000022
407.000000 0.000023
408.000000 0.000023
409.000000 0.000023
410.000000 0.000023
411.000000 0.000023
412.000000 0.000023
413.000000 0.000024
414.000000 0.000024
415.000000 0.000024
416.000000 0.000024
417.000000 0.000024
418.000000 0.000025
419.000000 0.000025
420.000000 0.000025
421.000000 0.000025
422.000000 0.000026
423.000000 0.000026
424.000000 0.000026
425.000000 0.000026
426.000000 0.000026
427.000000 0.000027
428.000000 0.000027
429.000000 0.000027
430.000000 0.000027
431.000000 0.000027
432.000000 0.000028
433.000000 0.000028
434.000000 0.000028
435.000000 0.000028
436.000000 0.000028
437.000000 0.000029
438.000000 0.000029
439.000000 0.000029
440.000000 0.000029
441.000000 0.000030
442.000000 0.000030
443.000000 0.000030
444.000000 0.000030
445.000000 0.000030
446.000000 0.000031
447.000000 0.000031
448.000000 0.000031
449.000000 0.000031
450.000000 0.000032
451.000000 0.000032
452.000000 0.000032
453.000000 0.000032
454.000000 0.000032
455.000000 0.000033
456.000000 0.000033
457.000000 0.000033
458.000000 0.000033
459.000000 0.000034
460.000000 0.000034
461.000000 0.000034
462.000000 0.000034
463.000000 0.000035
464.000000 0.000035
465.000000 0.000035
466.000000 0.000035
467.000000 0.000036
468.000000 0.000036
469.000000 0.000036
470.000000 0.000036
471.000000 0.000036
472.000000 0.000037
473.000000 0.000037
474.000000 0.000037
475.000000 0.000037
476.000000 0.000038
477.000000 0.000038
478.000000 0.000038
479.000000 0.000038
480.000000 0.000039
481.000000 0.000039
482.000000 0.000039
483.000000 0.000039
484.000000 0.000040
485.000000 0.000040
486.000000 0.000040
487.000000 0.000040
488.000000 0.000041
489.000000 0.000041
490.000000 0.000041
491.000000 0.000041
492.000000 0.000042
493.000000 0.000042
494.000000 0.000042
495.000000 0.000042
496.000000 0.000043
497.000000 0.000043
498.000000 0.000043
499.000000 0.000044
500.000000 0.000044
501.000000 0.000044
502.000000 0.000044
503.000000 0.000045
504.000000 0.000045
505.000000 0.000045
506.000000 0.000045
507.000000 0.000046
508.000000 0.000046
509.000000 0.000046
510.000000 0.000046
511.000000 0.000047
512.000000 0.000047
513.000000 0.000047
514.000000 0.000047
515.000000 0.000048
516.000000 0.000048
517.000000 0.000048
518.000000 0.000049
519.000000 0.000049
520.000000 0.000049
521.000000 0.000049
522.000000 0.000050
523.000000 0.000050
524.000000 0.000050
525.000000 0.000050
526.000000 0.000051
527.000000 0.000051
528.000000 0.000051
529.000000 0.000052
530.000000 0.000052
531.000000 0.000052
532.000000 0.000052
533.000000 0.000053
534.000000 0.000053
535.000000 0.000053
536.000000 0.000054
537.000000 0.000054
538.000000 0.000054
539.000000 0.000054
540.000000 0.000055
541.000000 0.000055
542.000000 0.000055
543.000000 0.000055
544.000000 0.000056
545.000000 0.000056
546.000000 0.000056
547.000000 0.000057
548.000000 0.000057
549.000000 0.000057
550.000000 0.000057
551.000000 0.000058
552.000000 0.000058
553.000000 0.000058
554.000000 0.000059
555.000000 0.000059
556.000000 0.000059
557.000000 0.000060
558.000000 0.000060
559.000000 0.000060
560.000000 0.000060
561.000000 0.000061
562.000000 0.000061
563.000000 0.000061
564.000000 0.000062
565.000000 0.000062
566.000000 0.000062
567.000000 0.000062
568.000000 0.000063
569.000000 0.000063
570.000000 0.000063
571.000000 0.000064
572.000000 0.000064
573.000000 0.000064
574.000000 0.000064
575.000000 0.000065
576.000000 0.000065
577.000000 0.000065
578.000000 0.000066
579.000000 0.000066
580.000000 0.000066
581.000000 0.000067
582.000000 0.000067
583.000000 0.000067
584.000000 0.000067
585.000000 0.000068
586.000000 0.000068
587.000000 0.000068
588.000000 0.000069
589.000000 0.000069
590.000000 0.000069
591.000000 0.000070
592.000000 0.000070
593.000000 0.000070
594.000000 0.000071
595.000000 0.000071
596.000000 0.000071
597.000000 0.000071
598.000000 0.000072
599.000000 0.000072
600.000000 0.000072
601.000000 0.000073
602.000000 0.000073
603.000000 0.000073
604.000000 0.000074
605.000000 0.000074
606.000000 0.000074
607.000000 0.000075
608.000000 0.000075
609.000000 0.000075
610.000000 0.000075
611.000000 0.000076
612.000000 0.000076
613.000000 0.000076
614.000000 0.000077
615.000000 0.000077
616.000000 0.000077
617.000000 0.000078
618.000000 0.000078
619.000000 0.000078
620.000000 0.000079
621.000000 0.000079
622.000000 0.000079
623.000000 0.000080
624.000000 0.000080
625.000000 0.000080
626.000000 0.000080
627.000000 0.000081
628.000000 0.000081
629.000000 0.000081
630.000000 0.000082
631.000000 0.000082
632.000000 0.000082
633.000000 0.000083
634.000000 0.000083
635.000000 0.000083
636.000000 0.000084
637.000000 0.000084
638.000000 0.000084
639.000000 0.000085
640.000000 0.000085
641.000000 0.000085
642.000000 0.000086
643.000000 0.000086
644.000000 0.000086
645.000000 0.000087
646.000000 0.000087
647.000000 0.000087
648.000000 0.000088
649.000000 0.000088
650.000000 0.000088
651.000000 0.000088
652.000000 0.000089
653.000000 0.000089
654.000000 0.000089
655.000000 0.000090
656.000000 0.000090
657.000000 0.000090
658.000000 0.000091
659.000000 0.000091
660.000000 0.000091
661.000000 0.000092
662.000000 0.000092
663.000000 0.000092
664.000000 0.000093
665.000000 0.000093
666.000000 0.000093
667.000000 0.000094
668.000000 0.000094
669.000000 0.000094
670.000000 0.000095
671.000000 0.000095
672.000000 0.000095
673.000000 0.000096
674.000000 0.000096
675.000000 0.000096
676.000000 0.000097
677.000000 0.000097
678.000000 0.000097
679.000000 0.000098
680.000000 0.000098
681.000000 0.000098
682.000000 0.000099
683.000000 0.000099
684.000000 0.000099
685.000000 0.000100
686.000000 0.000100
687.000000 0.000100
688.000000 0.000101
689.000000 0.000101
690.000000 0.000101
691.000000 0.000102
692.000000 0.000102
693.000000 0.000103
694.000000 0.000103
695.000000 0.000103
696.000000 0.000104
697.000000 0.000104
698.000000 0.000104
699.000000 0.000105
700.000000 0.000105
701.000000 0.000105
702.000000 0.000106
703.000000 0.000106
704.000000 0.000106
705.000000 0.000107
706.000000 0.000107
707.000000 0.000107
708.000000 0.000108
709.000000 0.000108
710.000000 0.000108
711.000000 0.000109
712.000000 0.000109
713.000000 0.000109
714.000000 0.000110
715.000000 0.000110
716.000000 0.000110
717.000000 0.000111
718.000000 0.000111
719.000000 0.000112
720.000000 0.000112
721.000000 0.000112
722.000000 0.000113
723.000000 0.000113
724.000000 0.000113
725.000000 0.000114
726.000000 0.000114
727.000000 0.000114
728.000000 0.000115
729.000000 0.000115
730.000000 0.000115
731.000000 0.000116
732.000000 0.000116
733.000000 0.000116
734.000000 0.000117
735.000000 0.000117
736.000000 0.000118
737.000000 0.000118
738.000000 0.000118
739.000000 0.000119
740.000000 0.000119
741.000000 0.000119
742.000000 0.000120
743.000000 0.000120
744.000000 0.000120
745.000000 0.000121
746.000000 0.000121
747.000000 0.000122
748.000000 0.000122
749.000000 0.000122
750.000000 0.000123
751.000000 0.000123
752.000000 0.000123
753.000000 0.000124
754.000000 0.000124
755.000000 0.000124
756.000000 0.000125
757.000000 0.000125
758.000000 0.000126
759.000000 0.000126
760.000000 0.000126
761.000000 0.000127
762.000000 0.000127
763.000000 0.000127
764.000000 0.000128
765.000000 0.000128
766.000000 0.000128
767.000000 0.000129
768.000000 0.000129
769.000000 0.000130
770.000000 0.000130
771.000000 0.000130
772.000000 0.000131
773.000000 0.000131
774.000000 0.000131
775.000000 0.000132
776.000000 0.000132
777.000000 0.000133
778.000000 0.000133
779.000000 0.000133
780.000000 0.000134
781.000000 0.000134
782.000000 0.000134
783.000000 0.000135
784.000000 0.000135
785.000000 0.000136
786.000000 0.000136
787.000000 0.000136
788.000000 0.000137
789.000000 0.000137
790.000000 0.000137
791.000000 0.000138
792.000000 0.000138
793.000000 0.000139
794.000000 0.000139
795.000000 0.000139
796.000000 0.000140
797.000000 0.000140
798.000000 0.000140
799.000000 0.000141
800.000000 0.000141
801.000000 0.000142
802.000000 0.000142
803.000000 0.000142
804.000000 0.000143
805.000000 0.000143
806.000000 0.000143
807.000000 0.000144
808.000000 0.000144
809.000000 0.000145
810.000000 0.000145
811.000000 0.000145
812.000000 0.000146
813.000000 0.000146
814.000000 0.000147
815.000000 0.000147
816.000000 0.000147
817.000000 0.000148
818.000000 0.000148
819.000000 0.000148
820.000000 0.000149
821.000000 0.000149
822.000000 0.000150
823.000000 0.000150
824.000000 0.000150
825.000000 0.000151
826.000000 0.000151
827.000000 0.000152
828.000000 0.000152
829.000000 0.000152
830.000000 0.000153
831.000000 0.000153
832.000000 0.000154
833.000000 0.000154
834.000000 0.000154
835.000000 0.000155
836.000000 0.000155
837.000000 0.000155
838.000000 0.000156
839.000000 0.000156
840.000000 0.000157
841.000000 0.000157
842.000000 0.000157
843.000000 0.000158
844.000000 0.000158
845.000000 0.000159
846.000000 0.000159
847.000000 0.000159
848.000000 0.000160
849.000000 0.000160
850.000000 0.000161
851.000000 0.000161
852.000000 0.000161
853.000000 0.000162
854.000000 0.000162
855.000000 0.000163
856.000000 0.000163
857.000000 0.000163
858.000000 0.000164
859.000000 0.000164
860.000000 0.000165
861.000000 0.000165
862.000000 0.000165
863.000000 0.000166
864.000000 0.000166
865.000000 0.000167
866.000000 0.000167
867.000000 0.000167
868.000000 0.000168
869.000000 0.000168
870.000000 0.000169
871.000000 0.000169
872.000000 0.000169
873.000000 0.000170
874.000000 0.000170
875.000000 0.000171
876.000000 0.000171
877.000000 0.000171
878.000000 0.000172
879.000000 0.000172
880.000000 0.000173
881.000000 0.000173
882.000000 0.000173
883.000000 0.000174
884.000000 0.000174
885.000000 0.000175
886.000000 0.000175
887.000000 0.000176
888.000000 0.000176
889.000000 0.000176
890.000000 0.000177
891.000000 0.000177
892.000000 0.000178
893.000000 0.000178
894.000000 0.000178
895.000000 0.000179
896.000000 0.000179
897.000000 0.000180
898.000000 0.000180
899.000000 0.000180
900.000000 0.000181
901.000000 0.000181
902.000000 0.000182
903.000000 0.000182
904.000000 0.000183
905.000000 0.000183
906.000000 0.000183
907.000000 0.000184
908.000000 0.000184
909.000000 0.000185
910.000000 0.000185
911.000000 0.000185
912.000000 0.000186
913.000000 0.000186
914.000000 0.000187
915.000000 0.000187
916.000000 0.000188
917.000000 0.000188
918.000000 0.000188
919.000000 0.000189
920.000000 0.000189
921.000000 0.000190
922.000000 0.000190
923.000000 0.000190
924.000000 0.000191
925.000000 0.000191
926.000000 0.000192
927.000000 0.000192
928.000000 0.000193
929.000000 0.000193
930.000000 0.000193
931.000000 0.000194
932.000000 0.000194
933.000000 0.000195
934.000000 0.000195
935.000000 0.000196
936.000000 0.000196
937.000000 0.000196
938.000000 0.000197
939.000000 0.000197
940.000000 0.000198
941.000000 0.000198
942.000000 0.000199
943.000000 0.000199
944.000000 0.000199
945.000000 0.000200
946.000000 0.000200
947.000000 0.000201
948.000000 0.000201
949.000000 0.000201
950.000000 0.000202
951.000000 0.000202
952.000000 0.000203
953.000000 0.000203
954.000000 0.000204
955.000000 0.000204
956.000000 0.000204
957.000000 0.000205
958.000000 0.000205
959.000000 0.000206
960.000000 0.000206
961.000000 0.000207
962.000000 0.000207
963.000000 0.000208
964.000000 0.000208
965.000000 0.000208
966.000000 0.000209
967.000000 0.000209
968.000000 0.000210
969.000000 0.000210
970.000000 0.000211
971.000000 0.000211
972.000000 0.000211
973.000000 0.000212
974.000000 0.000212
975.000000 0.000213
976.000000 0.000213
977.000000 0.000214
978.000000 0.000214
979.000000 0.000214
980.000000 0.000215
981.000000 0.000215
982.000000 0.000216
983.000000 0.000216
984.000000 0.000217
985.000000 0.000217
986.000000 0.000217
987.000000 0.000218
988.000000 0.000218
989.000000 0.000219
990.000000 0.000219
991.000000 0.000220
992.000000 0.000220
993.000000 0.000221
994.000000 0.000221
995.000000 0.000221
996.000000 0.000222
997.000000 0.000222
998.000000 0.000223
999.000000 0.000223
1000.000000 0.000224
1001.000000 0.000224
1002.000000 0.000225
1003.000000 0.000225
1004.000000 0.000225
1005.000000 0.000226
1006.000000 0.000226
1007.000000 0.000227
1008.000000 0.000227
1009.000000 0.000228
1010.000000 0.000228
1011.000000 0.000229
1012.000000 0.000229
1013.000000 0.000229
1014.000000 0.000230
1015.000000 0.000230
1016.000000 0.000231
1017.000000 0.000231
1018.000000 0.000232
1019.000000 0.000232
1020.000000 0.000233
1021.000000 0.000233
1022.000000 0.000233
1023.000000 0.000234
1024.000000 0.000234
1025.000000 0.000235
1026.000000 0.000235
1027.000000 0.000236
1028.000000 0.000236
1029.000000 0.000237
1030.000000 0.000237
1031.000000 0.000237
1032.000000 0.000238
1033.000000 0.000238
1034.000000 0.000239
1035.000000 0.000239
1036.000000 0.000240
1037.000000 0.000240
1038.000000 0.000241
1039.000000 0.000241
1040.000000 0.000241
1041.000000 0.000242
1042.000000 0.000242
1043.000000 0.000243
1044.000000 0.000243
1045.000000 0.000244
1046.000000 0.000244
1047.000000 0.000245
1048.000000 0.000245
1049.000000 0.000246
1050.000000 0.000246
1051.000000 0.000246
1052.000000 0.000247
1053.000000 0.000247
1054.000000 0.000248
1055.000000 0.000248
1056.000000 0.000249
1057.000000 0.000249
1058.000000 0.000250
1059.000000 0.000250
1060.000000 0.000250
1061.000000 0.000251
1062.000000 0.000251
1063.000000 0.000252
1064.000000 0.000252
1065.000000 0.000253
1066.000000 0.000253
1067.000000 0.000254
1068.000000 0.000254
1069.000000 0.000255
1070.000000 0.000255
1071.000000 0.000255
1072.000000 0.000256
1073.000000 0.000256
1074.000000 0.000257
1075.000000 0.000257
1076.000000 0.000258
1077.000000 0.000258
1078.000000 0.000259
1079.000000 0.000259
1080.000000 0.000260
1081.000000 0.000260
1082.000000 0.000261
1083.000000 0.000261
1084.000000 0.000261
1085.000000 0.000262
1086.000000 0.000262
1087.000000 0.000263
1088.000000 0.000263
1089.000000 0.000264
1090.000000 0.000264
1091.000000 0.000265
1092.000000 0.000265
1093.000000 0.000266
1094.000000 0.000266
1095.000000 0.000266
1096.000000 0.000267
1097.000000 0.000267
1098.000000 0.000268
1099.000000 0.000268
1100.000000 0.000269
1101.000000 0.000269
1102.000000 0.000270
1103.000000 0.000270
1104.000000 0.000271
1105.000000 0.000271
1106.000000 0.000272
1107.000000 0.000272
1108.000000 0.000272
1109.000000 0.000273
1110.000000 0.000273
1111.000000 0.000274
1112.000000 0.000274
1113.000000 0.000275
1114.000000 0.000275
1115.000000 0.000276
1116.000000 0.000276
1117.000000 0.000277
1118.000000 0.000277
1119.000000 0.000278
1120.000000 0.000278
1121.000000 0.000278
1122.000000 0.000279
1123.000000 0.000279
1124.000000 0.000280
1125.000000 0.000280
1126.000000 0.000281
1127.000000 0.000281
1128.000000 0.000282
1129.000000 0.000282
1130.000000 0.000283
1131.000000 0.000283
1132.000000 0.000284
1133.000000 0.000284
1134.000000 0.000285
1135.000000 0.000285
1136.000000 0.000285
1137.000000 0.000286
1138.000000 0.000286
1139.000000 0.000287
1140.000000 0.000287
1141.000000 0.000288
1142.000000 0.000288
1143.000000 0.000289
1144.000000 0.000289
1145.000000 0.000290
1146.000000 0.000290
1147.000000 0.000291
1148.000000 0.000291
1149.000000 0.000291
1150.000000 0.000292
1151.000000 0.000292
1152.000000 0.000293
1153.000000 0.000293
1154.000000 0.000294
1155.000000 0.000294
1156.000000 0.000295
1157.000000 0.000295
1158.000000 0.000296
1159.000000 0.000296
1160.000000 0.000297
1161.000000 0.000297
1162.000000 0.000298
1163.000000 0.000298
1164.000000 0.000298
1165.000000 0.000299
1166.000000 0.000299
1167.000000 0.000300
1168.000000 0.000300
1169.000000 0.000301
1170.000000 0.000301
1171.000000 0.000302
1172.000000 0.000302
1173.000000 0.000303
1174.000000 0.000303
1175.000000 0.000304
1176.000000 0.000304
1177.000000 0.000305
1178.000000 0.000305
1179.000000 0.000306
1180.000000 0.000306
1181.000000 0.000306
1182.000000 0.000307
1183.000000 0.000307
1184.000000 0.000308
1185.000000 0.000308
1186.000000 0.000309
1187.000000 0.000309
1188.000000 0.000310
1189.000000 0.000310
1190.000000 0.000311
1191.000000 0.000311
1192.000000 0.000312
1193.000000 0.000312
1194.000000 0.000313
1195.000000 0.000313
1196.000000 0.000313
1197.000000 0.000314
1198.000000 0.000314
1199.000000 0.000315
1200.000000 0.000315
1201.000000 0.000316
1202.000000 0.000316
1203.000000 0.000317
1204.000000 0.000317
1205.000000 0.000318
1206.000000 0.000318
1207.000000 0.000319
1208.000000 0.000319
1209.000000 0.000320
1210.000000 0.000320
1211.000000 0.000321
1212.000000 0.000321
1213.000000 0.000321
1214.000000 0.000322
1215.000000 0.000322
1216.000000 0.000323
1217.000000 0.000323
1218.000000 0.000324
1219.000000 0.000324
1220.000000 0.000325
1221.000000 0.000325
1222.000000 0.000326
1223.000000 0.000326
1224.000000 0.000327
1225.000000 0.000327
1226.000000 0.000328
1227.000000 0.000328
1228.000000 0.000329
1229.000000 0.000329
1230.000000 0.000329
1231.000000 0.000330
1232.000000 0.000330
1233.000000 0.000331
1234.000000 0.000331
1235.000000 0.000332
1236.000000 0.000332
1237.000000 0.000333
1238.000000 0.000333
1239.000000 0.000334
1240.000000 0.000334
1241.000000 0.000335
1242.000000 0.000335
1243.000000 0.000336
1244.000000 0.000336
1245.000000 0.000336
1246.000000 0.000337
1247.000000 0.000337
1248.000000 0.000338
1249.000000 0.000338
1250.000000 0.000339
1251.000000 0.000339
1252.000000 0.000340
1253.000000 0.000340
1254.000000 0.000341
1255.000000 0.000341
1256.000000 0.000342
1257.000000 0.000342
1258.000000 0.000343
1259.000000 0.000343
1260.000000 0.000344
1261.000000 0.000344
1262.000000 0.000344
1263.000000 0.000345
1264.000000 0.000345
1265.000000 0.000346
1266.000000 0.000346
1267.000000 0.000347
1268.000000 0.000347
1269.000000 0.000348
1270.000000 0.000348
1271.000000 0.000349
1272.000000 0.000349
1273.000000 0.000350
1274.000000 0.000350
1275.000000 0.000351
1276.000000 0.000351
1277.000000 0.000351
1278.000000 0.000352
1279.000000 0.000352
1280.000000 0.000353
1281.000000 0.000353
1282.000000 0.000354
1283.000000 0.000354
1284.000000 0.000355
1285.000000 0.000355
1286.000000 0.000356
1287.000000 0.000356
1288.000000 0.000357
1289.000000 0.000357
1290.000000 0.000358
1291.000000 0.000358
1292.000000 0.000358
1293.000000 0.000359
1294.000000 0.000359
1295.000000 0.000360
1296.000000 0.000360
1297.000000 0.000361
1298.000000 0.000361
1299.000000 0.000362
1300.000000 0.000362
1301.000000 0.000363
1302.000000 0.000363
1303.000000 0.000364
1304.000000 0.000364
1305.000000 0.000365
1306.000000 0.000365
1307.000000 0.000365
1308.000000 0.000366
1309.000000 0.000366
1310.000000 0.000367
1311.000000 0.000367
1312.000000 0.000368
1313.000000 0.000368
1314.000000 0.000369
1315.000000 0.000369
1316.000000 0.000370
1317.000000 0.000370
1318.000000 0.000371
1319.000000 0.000371
1320.000000 0.000371
1321.000000 0.000372
1322.000000 0.000372
1323.000000 0.000373
1324.000000 0.000373
1325.000000 0.000374
1326.000000 0.000374
1327.000000 0.000375
1328.000000 0.000375
1329.000000 0.000376
1330.000000 0.000376
1331.000000 0.000377
1332.000000 0.000377
1333.000000 0.000377
1334.000000 0.000378
1335.000000 0.000378
1336.000000 0.000379
1337.000000 0.000379
1338.000000 0.000380
1339.000000 0.000380
1340.000000 0.000381
1341.000000 0.000381
1342.000000 0.000382
1343.000000 0.000382
1344.000000 0.000382
1345.000000 0.000383
1346.000000 0.000383
1347.000000 0.000384
1348.000000 0.000384
1349.000000 0.000385
1350.000000 0.000385
1351.000000 0.000386
1352.000000 0.000386
1353.000000 0.000387
1354.000000 0.000387
1355.000000 0.000388
1356.000000 0.000388
1357.000000 0.000388
1358.000000 0.000389
1359.000000 0.000389
1360.000000 0.000390
1361.000000 0.000390
1362.000000 0.000391
1363.000000 0.000391
1364.000000 0.000392
1365.000000 0.000392
1366.000000 0.000393
1367.000000 0.000393
1368.000000 0.000393
1369.000000 0.000394
1370.000000 0.000394
1371.000000 0.000395
1372.000000 0.000395
1373.000000 0.000396
1374.000000 0.000396
1375.000000 0.000397
1376.000000 0.000397
1377.000000 0.000397
1378.000000 0.000398
1379.000000 0.000398
1380.000000 0.000399
1381.000000 0.000399
1382.000000 0.000400
1383.000000 0.000400
1384.000000 0.000401
1385.000000 0.000401
1386.000000 0.000402
1387.000000 0.000402
1388.000000 0.000402
1389.000000 0.000403
1390.000000 0.000403
1391.000000 0.000404
1392.000000 0.000404
1393.000000 0.000405
1394.000000 0.000405
1395.000000 0.000406
1396.000000 0.000406
1397.000000 0.000406
1398.000000 0.000407
1399.000000 0.000407
1400.000000 0.000408
1401.000000 0.000408
1402.000000 0.000409
1403.000000 0.000409
1404.000000 0.000410
1405.000000 0.000410
1406.000000 0.000410
1407.000000 0.000411
1408.000000 0.000411
1409.000000 0.000412
1410.000000 0.000412
1411.000000 0.000413
1412.000000 0.000413
1413.000000 0.000414
1414.000000 0.000414
1415.000000 0.000414
1416.000000 0.000415
1417.000000 0.000415
1418.000000 0.000416
1419.000000 0.000416
1420.000000 0.000417
1421.000000 0.000417
1422.000000 0.000418
1423.000000 0.000418
1424.000000 0.000418
1425.000000 0.000419
1426.000000 0.000419
1427.000000 0.000420
1428.000000 0.000420
1429.000000 0.000421
1430.000000 0.000421
1431.000000 0.000421
1432.000000 0.000422
1433.000000 0.000422
1434.000000 0.000423
1435.000000 0.000423
1436.000000 0.000424
1437.000000 0.000424
1438.000000 0.000424
1439.000000 0.000425
1440.000000 0.000425
1441.000000 0.000426
1442.000000 0.000426
1443.000000 0.000427
1444.000000 0.000427
1445.000000 0.000427
1446.000000 0.000428
1447.000000 0.000428
1448.000000 0.000429
1449.000000 0.000429
1450.000000 0.000430
1451.000000 0.000430
1452.000000 0.000431
1453.000000 0.000431
1454.000000 0.000431
1455.000000 0.000432
1456.000000 0.000432
1457.000000 0.000433
1458.000000 0.000433
1459.000000 0.000433
1460.000000 0.000434
1461.000000 0.000434
1462.000000 0.000435
1463.000000 0.000435
1464.000000 0.000436
1465.000000 0.000436
1466.000000 0.000436
1467.000000 0.000437
1468.000000 0.000437
1469.000000 0.000438
1470.000000 0.000438
1471.000000 0.000439
1472.000000 0.000439
1473.000000 0.000439
1474.000000 0.000440
1475.000000 0.000440
1476.000000 0.000441
1477.000000 0.000441
1478.000000 0.000441
1479.000000 0.000442
1480.000000 0.000442
1481.000000 0.000443
1482.000000 0.000443
1483.000000 0.000444
1484.000000 0.000444
1485.000000 0.000444
1486.000000 0.000445
1487.000000 0.000445
1488.000000 0.000446
1489.000000 0.000446
1490.000000 0.000446
1491.000000 0.000447
1492.000000 0.000447
1493.000000 0.000448
1494.000000 0.000448
1495.000000 0.000449
1496.000000 0.000449
1497.000000 0.000449
1498.000000 0.000450
1499.000000 0.000450
1500.000000 0.000451
1501.000000 0.000451
1502.000000 0.000451
1503.000000 0.000452
1504.000000 0.000452
1505.000000 0.000453
1506.000000 0.000453
1507.000000 0.000453
1508.000000 0.000454
1509.000000 0.000454
1510.000000 0.000455
1511.000000 0.000455
1512.000000 0.000455
1513.000000 0.000456
1514.000000 0.000456
1515.000000 0.000457
1516.000000 0.000457
1517.000000 0.000457
1518.000000 0.000458
1519.000000 0.000458
1520.000000 0.000459
1521.000000 0.000459
1522.000000 0.000459
1523.000000 0.000460
1524.000000 0.000460
1525.000000 0.000461
1526.000000 0.000461
1527.000000 0.000461
1528.000000 0.000462
1529.000000 0.000462
1530.000000 0.000463
1531.000000 0.000463
1532.000000 0.000463
1533.000000 0.000464
1534.000000 0.000464
1535.000000 0.000465
1536.000000 0.000465
1537.000000 0.000465
1538.000000 0.000466
1539.000000 0.000466
1540.000000 0.000466
1541.000000 0.000467
1542.000000 0.000467
1543.000000 0.000468
1544.000000 0.000468
1545.000000 0.000468
1546.000000 0.000469
1547.000000 0.000469
1548.000000 0.000470
1549.000000 0.000470
1550.000000 0.000470
1551.000000 0.000471
1552.000000 0.000471
1553.000000 0.000471
1554.000000 0.000472
1555.000000 0.000472
1556.000000 0.000473
1557.000000 0.000473
1558.000000 0.000473
1559.000000 0.000474
1560.000000 0.000474
1561.000000 0.000475
1562.000000 0.000475
1563.000000 0.000475
1564.000000 0.000476
1565.000000 0.000476
1566.000000 0.000476
1567.000000 0.000477
1568.000000 0.000477
1569.000000 0.000478
1570.000000 0.000478
1571.000000 0.000478
1572.000000 0.000479
1573.000000 0.000479
1574.000000 0.000479
1575.000000 0.000480
1576.000000 0.000480
1577.000000 0.000480
1578.000000 0.000481
1579.000000 0.000481
1580.000000 0.000482
1581.000000 0.000482
1582.000000 0.000482
1583.000000 0.000483
1584.000000 0.000483
1585.000000 0.000483
1586.000000 0.000484
1587.000000 0.000484
1588.000000 0.000484
1589.000000 0.000485
1590.000000 0.000485
1591.000000 0.000486
1592.000000 0.000486
1593.000000 0.000486
1594.000000 0.000487
1595.000000 0.000487
1596.000000 0.000487
1597.000000 0.000488
1598.000000 0.000488
1599.000000 0.000488
1600.000000 0.000489
1601.000000 0.000489
1602.000000 0.000489
1603.000000 0.000490
1604.000000 0.000490
1605.000000 0.000491
1606.000000 0.000491
1607.000000 0.000491
1608.000000 0.000492
1609.000000 0.000492
1610.000000 0.000492
1611.000000 0.000493
1612.000000 0.000493
1613.000000 0.000493
1614.000000 0.000494
1615.000000 0.000494
1616.000000 0.000494
1617.000000 0.000495
1618.000000 0.000495
1619.000000 0.000495
1620.000000 0.000496
1621.000000 0.000496
1622.000000 0.000496
1623.000000 0.000497
1624.000000 0.000497
1625.000000 0.000497
1626.000000 0.000498
1627.000000 0.000498
1628.000000 0.000498
1629.000000 0.000499
1630.000000 0.000499
1631.000000 0.000499
1632.000000 0.000500
1633.000000 0.000500
1634.000000 0.000500
1635.000000 0.000501
1636.000000 0.000501
1637.000000 0.000501
1638.000000 0.000502
1639.000000 0.000502
1640.000000 0.000502
1641.000000 0.000503
1642.000000 0.000503
1643.000000 0.000503
1644.000000 0.000504
1645.000000 0.000504
1646.000000 0.000504
1647.000000 0.000505
1648.000000 0.000505
1649.000000 0.000505
1650.000000 0.000506
1651.000000 0.000506
1652.000000 0.000506
1653.000000 0.000507
1654.000000 0.000507
1655.000000 0.000507
1656.000000 0.000507
1657.000000 0.000508
1658.000000 0.000508
1659.000000 0.000508
1660.000000 0.000509
1661.000000 0.000509
1662.000000 0.000509
1663.000000 0.000510
1664.000000 0.000510
1665.000000 0.000510
1666.000000 0.000511
1667.000000 0.000511
1668.000000 0.000511
1669.000000 0.000512
1670.000000 0.000512
1671.000000 0.000512
1672.000000 0.000512
1673.000000 0.000513
1674.000000 0.000513
1675.000000 0.000513
1676.000000 0.000514
1677.000000 0.000514
1678.000000 0.000514
1679.000000 0.000515
1680.000000 0.000515
1681.000000 0.000515
1682.000000 0.000515
1683.000000 0.000516
1684.000000 0.000516
1685.000000 0.000516
1686.000000 0.000517
1687.000000 0.000517
1688.000000 0.000517
1689.000000 0.000517
1690.000000 0.000518
1691.000000 0.000518
1692.000000 0.000518
1693.000000 0.000519
1694.000000 0.000519
1695.000000 0.000519
1696.000000 0.000519
1697.000000 0.000520
1698.000000 0.000520
1699.000000 0.000520
1700.000000 0.000521
1701.000000 0.000521
1702.000000 0.000521
1703.000000 0.000521
1704.000000 0.000522
1705.000000 0.000522
1706.000000 0.000522
1707.000000 0.000523
1708.000000 0.000523
1709.000000 0.000523
1710.000000 0.000523
1711.000000 0.000524
1712.000000 0.000524
1713.000000 0.000524
1714.000000 0.000525
1715.000000 0.000525
1716.000000 0.000525
1717.000000 0.000525
1718.000000 0.000526
1719.000000 0.000526
1720.000000 0.000526
1721.000000 0.000526
1722.000000 0.000527
1723.000000 0.000527
1724.000000 0.000527
1725.000000 0.000527
1726.000000 0.000528
1727.000000 0.000528
1728.000000 0.000528
1729.000000 0.000528
1730.000000 0.000529
1731.000000 0.000529
1732.000000 0.000529
1733.000000 0.000530
1734.000000 0.000530
1735.000000 0.000530
1736.000000 0.000530
1737.000000 0.000531
1738.000000 0.000531
1739.000000 0.000531
1740.000000 0.000531
1741.000000 0.000532
1742.000000 0.000532
1743.000000 0.000532
1744.000000 0.000532
1745.000000 0.000533
1746.000000 0.000533
1747.000000 0.000533
1748.000000 0.000533
1749.000000 0.000533
1750.000000 0.000534
1751.000000 0.000534
1752.000000 0.000534
1753.000000 0.000534
1754.000000 0.000535
1755.000000 0.000535
1756.000000 0.000535
1757.000000 0.000535
1758.000000 0.000536
1759.000000 0.000536
1760.000000 0.000536
1761.000000 0.000536
1762.000000 0.000537
1763.000000 0.000537
1764.000000 0.000537
1765.000000 0.000537
1766.000000 0.000537
1767.000000 0.000538
1768.000000 0.000538
1769.000000 0.000538
1770.000000 0.000538
1771.000000 0.000539
1772.000000 0.000539
1773.000000 0.000539
1774.000000 0.000539
1775.000000 0.000539
1776.000000 0.000540
1777.000000 0.000540
1778.000000 0.000540
1779.000000 0.000540
1780.000000 0.000541
1781.000000 0.000541
1782.000000 0.000541
1783.000000 0.000541
1784.000000 0.000541
1785.000000 0.000542
1786.000000 0.000542
1787.000000 0.000542
1788.000000 0.000542
1789.000000 0.000542
1790.000000 0.000543
1791.000000 0.000543
1792.000000 0.000543
1793.000000 0.000543
1794.000000 0.000543
1795.000000 0.000544
1796.000000 0.000544
1797.000000 0.000544
1798.000000 0.000544
1799.000000 0.000544
1800.000000 0.000545
1801.000000 0.000545
1802.000000 0.000545
1803.000000 0.000545
1804.000000 0.000545
1805.000000 0.000546
1806.000000 0.000546
1807.000000 0.000546
1808.000000 0.000546
1809.000000 0.000546
1810.000000 0.000547
1811.000000 0.000547
1812.000000 0.000547
1813.000000 0.000547
1814.000000 0.000547
1815.000000 0.000548
1816.000000 0.000548
1817.000000 0.000548
1818.000000 0.000548
1819.000000 0.000548
1820.000000 0.000548
1821.000000 0.000549
1822.000000 0.000549
1823.000000 0.000549
1824.000000 0.000549
1825.000000 0.000549
1826.000000 0.000549
1827.000000 0.000550
1828.000000 0.000550
1829.000000 0.000550
1830.000000 0.000550
1831.000000 0.000550
1832.000000 0.000551
1833.000000 0.000551
1834.000000 0.000551
1835.000000 0.000551
1836.000000 0.000551
1837.000000 0.000551
1838.000000 0.000552
1839.000000 0.000552
1840.000000 0.000552
1841.000000 0.000552
1842.000000 0.000552
1843.000000 0.000552
1844.000000 0.000552
1845.000000 0.000553
1846.000000 0.000553
1847.000000 0.000553
1848.000000 0.000553
1849.000000 0.000553
1850.000000 0.000553
1851.000000 0.000554
1852.000000 0.000554
1853.000000 0.000554
1854.000000 0.000554
1855.000000 0.000554
1856.000000 0.000554
1857.000000 0.000554
1858.000000 0.000555
1859.000000 0.000555
1860.000000 0.000555
1861.000000 0.000555
1862.000000 0.000555
1863.000000 0.000555
1864.000000 0.000555
1865.000000 0.000556
1866.000000 0.000556
1867.000000 0.000556
1868.000000 0.000556
1869.000000 0.000556
1870.000000 0.000556
1871.000000 0.000556
1872.000000 0.000556
1873.000000 0.000557
1874.000000 0.000557
1875.000000 0.000557
1876.000000 0.000557
1877.000000 0.000557
1878.000000 0.000557
1879.000000 0.000557
1880.000000 0.000557
1881.000000 0.000558
1882.000000 0.000558
1883.000000 0.000558
1884.000000 0.000558
1885.000000 0.000558
1886.000000 0.000558
1887.000000 0.000558
1888.000000 0.000558
1889.000000 0.000558
1890.000000 0.000559
1891.000000 0.000559
1892.000000 0.000559
1893.000000 0.000559
1894.000000 0.000559
1895.000000 0.000559
1896.000000 0.000559
1897.000000 0.000559
1898.000000 0.000559
1899.000000 0.000560
1900.000000 0.000560
1901.000000 0.000560
1902.000000 0.000560
1903.000000 0.000560
1904.000000 0.000560
1905.000000 0.000560
1906.000000 0.000560
1907.000000 0.000560
1908.000000 0.000560
1909.000000 0.000561
1910.000000 0.000561
1911.000000 0.000561
1912.000000 0.000561
1913.000000 0.000561
1914.000000 0.000561
1915.000000 0.000561
1916.000000 0.000561
1917.000000 0.000561
1918.000000 0.000561
1919.000000 0.000561
1920.000000 0.000562
1921.000000 0.000562
1922.000000 0.000562
1923.000000 0.000562
1924.000000 0.000562
1925.000000 0.000562
1926.000000 0.000562
1927.000000 0.000562
1928.000000 0.000562
1929.000000 0.000562
1930.000000 0.000562
1931.000000 0.000562
1932.000000 0.000562
1933.000000 0.000562
1934.000000 0.000563
1935.000000 0.000563
1936.000000 0.000563
1937.000000 0.000563
1938.000000 0.000563
1939.000000 0.000563
1940.000000 0.000563
1941.000000 0.000563
1942.000000 0.000563
1943.000000 0.000563
1944.000000 0.000563
1945.000000 0.000563
1946.000000 0.000563
1947.000000 0.000563
1948.000000 0.000563
1949.000000 0.000563
1950.000000 0.000563
1951.000000 0.000564
1952.000000 0.000564
1953.000000 0.000564
1954.000000 0.000564
1955.000000 0.000564
1956.000000 0.000564
1957.000000 0.000564
1958.000000 0.000564
1959.000000 0.000564
1960.000000 0.000564
1961.000000 0.000564
1962.000000 0.000564
1963.000000 0.000564
1964.000000 0.000564
1965.000000 0.000564
1966.000000 0.000564
1967.000000 0.000564
1968.000000 0.000564
1969.000000 0.000564
1970.000000 0.000564
1971.000000 0.000564
1972.000000 0.000564
1973.000000 0.000564
1974.000000 0.000564
1975.000000 0.000564
1976.000000 0.000564
1977.000000 0.000565
1978.000000 0.000565
1979.000000 0.000565
1980.000000 0.000565
1981.000000 0.000565
1982.000000 0.000565
1983.000000 0.000565
1984.000000 0.000565
1985.000000 0.000565
1986.000000 0.000565
1987.000000 0.000565
1988.000000 0.000565
1989.000000 0.000565
1990.000000 0.000565
1991.000000 0.000565
1992.000000 0.000565
1993.000000 0.000565
1994.000000 0.000565
1995.000000 0.000565
1996.000000 0.000565
1997.000000 0.000565
1998.000000 0.000565
1999.000000 0.000565
2000.000000 0.000565
2001.000000 0.000565
2002.000000 0.000565
2003.000000 0.000565
2004.000000 0.000565
2005.000000 0.000565
2006.000000 0.000565
2007.000000 0.000565
2008.000000 0.000565
2009.000000 0.000565
2010.000000 0.000565
2011.000000 0.000565
2012.000000 0.000565
2013.000000 0.000565
2014.000000 0.000565
2015.000000 0.000565
2016.000000 0.000565
2017.000000 0.000565
2018.000000 0.000565
2019.000000 0.000565
2020.000000 0.000565
2021.000000 0.000565
2022.000000 0.000565
2023.000000 0.000565
2024.000000 0.000565
2025.000000 0.000564
2026.000000 0.000564
2027.000000 0.000564
2028.000000 0.000564
2029.000000 0.000564
2030.000000 0.000564
2031.000000 0.000564
2032.000000 0.000564
2033.000000 0.000564
2034.000000 0.000564
2035.000000 0.000564
2036.000000 0.000564
2037.000000 0.000564
2038.000000 0.000564
2039.000000 0.000564
2040.000000 0.000564
2041.000000 0.000564
2042.000000 0.000564
2043.000000 0.000564
2044.000000 0.000564
2045.000000 0.000564
2046.000000 0.000564
2047.000000 0.000564
2048.000000 0.000564
2049.000000 0.000564
2050.000000 0.000564
2051.000000 0.000563
2052.000000 0.000563
2053.000000 0.000563
2054.000000 0.000563
2055.000000 0.000563
2056.000000 0.000563
2057.000000 0.000563
2058.000000 0.000563
2059.000000 0.000563
2060.000000 0.000563
2061.000000 0.000563
2062.000000 0.000563
2063.000000 0.000563
2064.000000 0.000563
2065.000000 0.000563
2066.000000 0.000563
2067.000000 0.000563
2068.000000 0.000562
2069.000000 0.000562
2070.000000 0.000562
2071.000000 0.000562
2072.000000 0.000562
2073.000000 0.000562
2074.000000 0.000562
2075.000000 0.000562
2076.000000 0.000562
2077.000000 0.000562
2078.000000 0.000562
2079.000000 0.000562
2080.000000 0.000562
2081.000000 0.000562
2082.000000 0.000561
2083.000000 0.000561
2084.000000 0.000561
2085.000000 0.000561
2086.000000 0.000561
2087.000000 0.000561
2088.000000 0.000561
2089.000000 0.000561
2090.000000 0.000561
2091.000000 0.000561
2092.000000 0.000561
2093.000000 0.000560
2094.000000 0.000560
2095.000000 0.000560
2096.000000 0.000560
2097.000000 0.000560
2098.000000 0.000560
2099.000000 0.000560
2100.000000 0.000560
2101.000000 0.000560
2102.000000 0.000560
2103.000000 0.000559
2104.000000 0.000559
2105.000000 0.000559
2106.000000 0.000559
2107.000000 0.000559
2108.000000 0.000559
2109.000000 0.000559
2110.000000 0.000559
2111.000000 0.000559
2112.000000 0.000558
2113.000000 0.000558
2114.000000 0.000558
2115.000000 0.000558
2116.000000 0.000558
2117.000000 0.000558
2118.000000 0.000558
2119.000000 0.000558
2120.000000 0.000558
2121.000000 0.000557
2122.000000 0.000557
2123.000000 0.000557
2124.000000 0.000557
2125.000000 0.000557
2126.000000 0.000557
2127.000000 0.000557
2128.000000 0.000557
2129.000000 0.000556
2130.000000 0.000556
2131.000000 0.000556
2132.000000 0.000556
2133.000000 0.000556
2134.000000 0.000556
2135.000000 0.000556
2136.000000 0.000556
2137.000000 0.000555
2138.000000 0.000555
2139.000000 0.000555
2140.000000 0.000555
2141.000000 0.000555
2142.000000 0.000555
2143.000000 0.000555
2144.000000 0.000554
2145.000000 0.000554
2146.000000 0.000554
2147.000000 0.000554
2148.000000 0.000554
2149.000000 0.000554
2150.000000 0.000554
2151.000000 0.000553
2152.000000 0.000553
2153.000000 0.000553
2154.000000 0.000553
2155.000000 0.000553
2156.000000 0.000553
2157.000000 0.000552
2158.000000 0.000552
2159.000000 0.000552
2160.000000 0.000552
2161.000000 0.000552
2162.000000 0.000552
2163.000000 0.000552
2164.000000 0.000551
2165.000000 0.000551
2166.000000 0.000551
2167.000000 0.000551
2168.000000 0.000551
2169.000000 0.000551
2170.000000 0.000550
2171.000000 0.000550
2172.000000 0.000550
2173.000000 0.000550
2174.000000 0.000550
2175.000000 0.000549
2176.000000 0.000549
2177.000000 0.000549
2178.000000 0.000549
2179.000000 0.000549
2180.000000 0.000549
2181.000000 0.000548
2182.000000 0.000548
2183.000000 0.000548
2184.000000 0.000548
2185.000000 0.000548
2186.000000 0.000548
2187.000000 0.000547
2188.000000 0.000547
2189.000000 0.000547
2190.000000 0.000547
2191.000000 0.000547
2192.000000 0.000546
2193.000000 0.000546
2194.000000 0.000546
2195.000000 0.000546
2196.000000 0.000546
2197.000000 0.000545
2198.000000 0.000545
2199.000000 0.000545
2200.000000 0.000545
2201.000000 0.000545
2202.000000 0.000544
2203.000000 0.000544
2204.000000 0.000544
2205.000000 0.000544
2206.000000 0.000544
2207.000000 0.000543
2208.000000 0.000543
2209.000000 0.000543
2210.000000 0.000543
2211.000000 0.000543
2212.000000 0.000542
2213.000000 0.000542
2214.000000 0.000542
2215.000000 0.000542
2216.000000 0.000542
2217.000000 0.000541
2218.000000 0.000541
2219.000000 0.000541
2220.000000 0.000541
2221.000000 0.000541
2222.000000 0.000540
2223.000000 0.000540
2224.000000 0.000540
2225.000000 0.000540
2226.000000 0.000539
2227.000000 0.000539
2228.000000 0.000539
2229.000000 0.000539
2230.000000 0.000539
2231.000000 0.000538
2232.000000 0.000538
2233.000000 0.000538
2234.000000 0.000538
2235.000000 0.000537
2236.000000 0.000537
2237.000000 0.000537
2238.000000 0.000537
2239.000000 0.000537
2240.000000 0.000536
2241.000000 0.000536
2242.000000 0.000536
2243.000000 0.000536
2244.000000 0.000535
2245.000000 0.000535
2246.000000 0.000535
2247.000000 0.000535
2248.000000 0.000534
2249.000000 0.000534
2250.000000 0.000534
2251.000000 0.000534
2252.000000 0.000533
2253.000000 0.000533
2254.000000 0.000533
2255.000000 0.000533
2256.000000 0.000533
2257.000000 0.000532
2258.000000 0.000532
2259.000000 0.000532
2260.000000 0.000532
2261.000000 0.000531
2262.000000 0.000531
2263.000000 0.000531
2264.000000 0.000531
2265.000000 0.000530
2266.000000 0.000530
2267.000000 0.000530
2268.000000 0.000530
2269.000000 0.000529
2270.000000 0.000529
2271.000000 0.000529
2272.000000 0.000528
2273.000000 0.000528
2274.000000 0.000528
2275.000000 0.000528
2276.000000 0.000527
2277.000000 0.000527
2278.000000 0.000527
2279.000000 0.000527
2280.000000 0.000526
2281.000000 0.000526
2282.000000 0.000526
2283.000000 0.000526
2284.000000 0.000525
2285.000000 0.000525
2286.000000 0.000525
2287.000000 0.000525
2288.000000 0.000524
2289.000000 0.000524
2290.000000 0.000524
2291.000000 0.000523
2292.000000 0.000523
2293.000000 0.000523
2294.000000 0.000523
2295.000000 0.000522
2296.000000 0.000522
2297.000000 0.000522
2298.000000 0.000521
2299.000000 0.000521
2300.000000 0.000521
2301.000000 0.000521
2302.000000 0.000520
2303.000000 0.000520
2304.000000 0.000520
2305.000000 0.000519
2306.000000 0.000519
2307.000000 0.000519
2308.000000 0.000519
2309.000000 0.000518
2310.000000 0.000518
2311.000000 0.000518
2312.000000 0.000517
2313.000000 0.000517
2314.000000 0.000517
2315.000000 0.000517
2316.000000 0.000516
2317.000000 0.000516
2318.000000 0.000516
2319.000000 0.000515
2320.000000 0.000515
2321.000000 0.000515
2322.000000 0.000515
2323.000000 0.000514
2324.000000 0.000514
2325.000000 0.000514
2326.000000 0.000513
2327.000000 0.000513
2328.000000 0.000513
2329.000000 0.000512
2330.000000 0.000512
2331.000000 0.000512
2332.000000 0.000512
2333.000000 0.000511
2334.000000 0.000511
2335.000000 0.000511
2336.000000 0.000510
2337.000000 0.000510
2338.000000 0.000510
2339.000000 0.000509
2340.000000 0.000509
2341.000000 0.000509
2342.000000 0.000508
2343.000000 0.000508
2344.000000 0.000508
2345.000000 0.000507
2346.000000 0.000507
2347.000000 0.000507
2348.000000 0.000507
2349.000000 0.000506
2350.000000 0.000506
2351.000000 0.000506
2352.000000 0.000505
2353.000000 0.000505
2354.000000 0.000505
2355.000000 0.000504
2356.000000 0.000504
2357.000000 0.000504
2358.000000 0.000503
2359.000000 0.000503
2360.000000 0.000503
2361.000000 0.000502
2362.000000 0.000502
2363.000000 0.000502
2364.000000 0.000501
2365.000000 0.000501
2366.000000 0.000501
2367.000000 0.000500
2368.000000 0.000500
2369.000000 0.000500
2370.000000 0.000499
2371.000000 0.000499
2372.000000 0.000499
2373.000000 0.000498
2374.000000 0.000498
2375.000000 0.000498
2376.000000 0.000497
2377.000000 0.000497
2378.000000 0.000497
2379.000000 0.000496
2380.000000 0.000496
2381.000000 0.000496
2382.000000 0.000495
2383.000000 0.000495
2384.000000 0.000495
2385.000000 0.000494
2386.000000 0.000494
2387.000000 0.000494
2388.000000 0.000493
2389.000000 0.000493
2390.000000 0.000493
2391.000000 0.000492
2392.000000 0.000492
2393.000000 0.000492
2394.000000 0.000491
2395.000000 0.000491
2396.000000 0.000491
2397.000000 0.000490
2398.000000 0.000490
2399.000000 0.000489
2400.000000 0.000489
2401.000000 0.000489
2402.000000 0.000488
2403.000000 0.000488
2404.000000 0.000488
2405.000000 0.000487
2406.000000 0.000487
2407.000000 0.000487
2408.000000 0.000486
2409.000000 0.000486
2410.000000 0.000486
2411.000000 0.000485
2412.000000 0.000485
2413.000000 0.000484
2414.000000 0.000484
2415.000000 0.000484
2416.000000 0.000483
2417.000000 0.000483
2418.000000 0.000483
2419.000000 0.000482
2420.000000 0.000482
2421.000000 0.000482
2422.000000 0.000481
2423.000000 0.000481
2424.000000 0.000480
2425.000000 0.000480
2426.000000 0.000480
2427.000000 0.000479
2428.000000 0.000479
2429.000000 0.000479
2430.000000 0.000478
2431.000000 0.000478
2432.000000 0.000478
2433.000000 0.000477
2434.000000 0.000477
2435.000000 0.000476
2436.000000 0.000476
2437.000000 0.000476
2438.000000 0.000475
2439.000000 0.000475
2440.000000 0.000475
2441.000000 0.000474
2442.000000 0.000474
2443.000000 0.000473
2444.000000 0.000473
2445.000000 0.000473
2446.000000 0.000472
2447.000000 0.000472
2448.000000 0.000471
2449.000000 0.000471
2450.000000 0.000471
2451.000000 0.000470
2452.000000 0.000470
2453.000000 0.000470
2454.000000 0.000469
2455.000000 0.000469
2456.000000 0.000468
2457.000000 0.000468
2458.000000 0.000468
2459.000000 0.000467
2460.000000 0.000467
2461.000000 0.000466
2462.000000 0.000466
2463.000000 0.000466
2464.000000 0.000465
2465.000000 0.000465
2466.000000 0.000465
2467.000000 0.000464
2468.000000 0.000464
2469.000000 0.000463
2470.000000 0.000463
2471.000000 0.000463
2472.000000 0.000462
2473.000000 0.000462
2474.000000 0.000461
2475.000000 0.000461
2476.000000 0.000461
2477.000000 0.000460
2478.000000 0.000460
2479.000000 0.000459
2480.000000 0.000459
2481.000000 0.000459
2482.000000 0.000458
2483.000000 0.000458
2484.000000 0.000457
2485.000000 0.000457
2486.000000 0.000457
2487.000000 0.000456
2488.000000 0.000456
2489.000000 0.000455
2490.000000 0.000455
2491.000000 0.000455
2492.000000 0.000454
2493.000000 0.000454
2494.000000 0.000453
2495.000000 0.000453
2496.000000 0.000453
2497.000000 0.000452
2498.000000 0.000452
2499.000000 0.000451
2500.000000 0.000451
2501.000000 0.000451
2502.000000 0.000450
2503.000000 0.000450
2504.000000 0.000449
2505.000000 0.000449
2506.000000 0.000449
2507.000000 0.000448
2508.000000 0.000448
2509.000000 0.000447
2510.000000 0.000447
2511.000000 0.000446
2512.000000 0.000446
2513.000000 0.000446
2514.000000 0.000445
2515.000000 0.000445
2516.000000 0.000444
2517.000000 0.000444
2518.000000 0.000444
2519.000000 0.000443
2520.000000 0.000443
2521.000000 0.000442
2522.000000 0.000442
2523.000000 0.000441
2524.000000 0.000441
2525.000000 0.000441
2526.000000 0.000440
2527.000000 0.000440
2528.000000 0.000439
2529.000000 0.000439
2530.000000 0.000439
2531.000000 0.000438
2532.000000 0.000438
2533.000000 0.000437
2534.000000 0.000437
2535.000000 0.000436
2536.000000 0.000436
2537.000000 0.000436
2538.000000 0.000435
2539.000000 0.000435
2540.000000 0.000434
2541.000000 0.000434
2542.000000 0.000433
2543.000000 0.000433
2544.000000 0.000433
2545.000000 0.000432
2546.000000 0.000432
2547.000000 0.000431
2548.000000 0.000431
2549.000000 0.000431
2550.000000 0.000430
2551.000000 0.000430
2552.000000 0.000429
2553.000000 0.000429
2554.000000 0.000428
2555.000000 0.000428
2556.000000 0.000427
2557.000000 0.000427
2558.000000 0.000427
2559.000000 0.000426
2560.000000 0.000426
2561.000000 0.000425
2562.000000 0.000425
2563.000000 0.000424
2564.000000 0.000424
2565.000000 0.000424
2566.000000 0.000423
2567.000000 0.000423
2568.000000 0.000422
2569.000000 0.000422
2570.000000 0.000421
2571.000000 0.000421
2572.000000 0.000421
2573.000000 0.000420
2574.000000 0.000420
2575.000000 0.000419
2576.000000 0.000419
2577.000000 0.000418
2578.000000 0.000418
2579.000000 0.000418
2580.000000 0.000417
2581.000000 0.000417
2582.000000 0.000416
2583.000000 0.000416
2584.000000 0.000415
2585.000000 0.000415
2586.000000 0.000414
2587.000000 0.000414
2588.000000 0.000414
2589.000000 0.000413
2590.000000 0.000413
2591.000000 0.000412
2592.000000 0.000412
2593.000000 0.000411
2594.000000 0.000411
2595.000000 0.000410
2596.000000 0.000410
2597.000000 0.000410
2598.000000 0.000409
2599.000000 0.000409
2600.000000 0.000408
2601.000000 0.000408
2602.000000 0.000407
2603.000000 0.000407
2604.000000 0.000406
2605.000000 0.000406
2606.000000 0.000406
2607.000000 0.000405
2608.000000 0.000405
2609.000000 0.000404
2610.000000 0.000404
2611.000000 0.000403
2612.000000 0.000403
2613.000000 0.000402
2614.000000 0.000402
2615.000000 0.000402
2616.000000 0.000401
2617.000000 0.000401
2618.000000 0.000400
2619.000000 0.000400
2620.000000 0.000399
2621.000000 0.000399
2622.000000 0.000398
2623.000000 0.000398
2624.000000 0.000397
2625.000000 0.000397
2626.000000 0.000397
2627.000000 0.000396
2628.000000 0.000396
2629.000000 0.000395
2630.000000 0.000395
2631.000000 0.000394
2632.000000 0.000394
2633.000000 0.000393
2634.000000 0.000393
2635.000000 0.000393
2636.000000 0.000392
2637.000000 0.000392
2638.000000 0.000391
2639.000000 0.000391
2640.000000 0.000390
2641.000000 0.000390
2642.000000 0.000389
2643.000000 0.000389
2644.000000 0.000388
2645.000000 0.000388
2646.000000 0.000388
2647.000000 0.000387
2648.000000 0.000387
2649.000000 0.000386
2650.000000 0.000386
2651.000000 0.000385
2652.000000 0.000385
2653.000000 0.000384
2654.000000 0.000384
2655.000000 0.000383
2656.000000 0.000383
2657.000000 0.000382
2658.000000 0.000382
2659.000000 0.000382
2660.000000 0.000381
2661.000000 0.000381
2662.000000 0.000380
2663.000000 0.000380
2664.000000 0.000379
2665.000000 0.000379
2666.000000 0.000378
2667.000000 0.000378
2668.000000 0.000377
2669.000000 0.000377
2670.000000 0.000377
2671.000000 0.000376
2672.000000 0.000376
2673.000000 0.000375
2674.000000 0.000375
2675.000000 0.000374
2676.000000 0.000374
2677.000000 0.000373
2678.000000 0.000373
2679.000000 0.000372
2680.000000 0.000372
2681.000000 0.000371
2682.000000 0.000371
2683.000000 0.000371
2684.000000 0.000370
2685.000000 0.000370
2686.000000 0.000369
2687.000000 0.000369
2688.000000 0.000368
2689.000000 0.000368
2690.000000 0.000367
2691.000000 0.000367
2692.000000 0.000366
2693.000000 0.000366
2694.000000 0.000365
2695.000000 0.000365
2696.000000 0.000365
2697.000000 0.000364
2698.000000 0.000364
2699.000000 0.000363
2700.000000 0.000363
2701.000000 0.000362
2702.000000 0.000362
2703.000000 0.000361
2704.000000 0.000361
2705.000000 0.000360
2706.000000 0.000360
2707.000000 0.000359
2708.000000 0.000359
2709.000000 0.000358
2710.000000 0.000358
2711.000000 0.000358
2712.000000 0.000357
2713.000000 0.000357
2714.000000 0.000356
2715.000000 0.000356
2716.000000 0.000355
2717.000000 0.000355
2718.000000 0.000354
2719.000000 0.000354
2720.000000 0.000353
2721.000000 0.000353
2722.000000 0.000352
2723.000000 0.000352
2724.000000 0.000351
2725.000000 0.000351
2726.000000 0.000351
2727.000000 0.000350
2728.000000 0.000350
2729.000000 0.000349
2730.000000 0.000349
2731.000000 0.000348
2732.000000 0.000348
2733.000000 0.000347
2734.000000 0.000347
2735.000000 0.000346
2736.000000 0.000346
2737.000000 0.000345
2738.000000 0.000345
2739.000000 0.000344
2740.000000 0.000344
2741.000000 0.000344
2742.000000 0.000343
2743.000000 0.000343
2744.000000 0.000342
2745.000000 0.000342
2746.000000 0.000341
2747.000000 0.000341
2748.000000 0.000340
2749.000000 0.000340
2750.000000 0.000339
2751.000000 0.000339
2752.000000 0.000338
2753.000000 0.000338
2754.000000 0.000337
2755.000000 0.000337
2756.000000 0.000336
2757.000000 0.000336
2758.000000 0.000336
2759.000000 0.000335
2760.000000 0.000335
2761.000000 0.000334
2762.000000 0.000334
2763.000000 0.000333
2764.000000 0.000333
2765.000000 0.000332
2766.000000 0.000332
2767.000000 0.000331
2768.000000 0.000331
2769.000000 0.000330
2770.000000 0.000330
2771.000000 0.000329
2772.000000 0.000329
2773.000000 0.000329
2774.000000 0.000328
2775.000000 0.000328
2776.000000 0.000327
2777.000000 0.000327
2778.000000 0.000326
2779.000000 0.000326
2780.000000 0.000325
2781.000000 0.000325
2782.000000 0.000324
2783.000000 0.000324
2784.000000 0.000323
2785.000000 0.000323
2786.000000 0.000322
2787.000000 0.000322
2788.000000 0.000321
2789.000000 0.000321
2790.000000 0.000321
2791.000000 0.000320
2792.000000 0.000320
2793.000000 0.000319
2794.000000 0.000319
2795.000000 0.000318
2796.000000 0.000318
2797.000000 0.000317
2798.000000 0.000317
2799.000000 0.000316
2800.000000 0.000316
2801.000000 0.000315
2802.000000 0.000315
2803.000000 0.000314
2804.000000 0.000314
2805.000000 0.000313
2806.000000 0.000313
2807.000000 0.000313
2808.000000 0.000312
2809.000000 0.000312
2810.000000 0.000311
2811.000000 0.000311
2812.000000 0.000310
2813.000000 0.000310
2814.000000 0.000309
2815.000000 0.000309
2816.000000 0.000308
2817.000000 0.000308
2818.000000 0.000307
2819.000000 0.000307
2820.000000 0.000306
2821.000000 0.000306
2822.000000 0.000306
2823.000000 0.000305
2824.000000 0.000305
2825.000000 0.000304
2826.000000 0.000304
2827.000000 0.000303
2828.000000 0.000303
2829.000000 0.000302
2830.000000 0.000302
2831.000000 0.000301
2832.000000 0.000301
2833.000000 0.000300
2834.000000 0.000300
2835.000000 0.000299
2836.000000 0.000299
2837.000000 0.000298
2838.000000 0.000298
2839.000000 0.000298
2840.000000 0.000297
2841.000000 0.000297
2842.000000 0.000296
2843.000000 0.000296
2844.000000 0.000295
2845.000000 0.000295
2846.000000 0.000294
2847.000000 0.000294
2848.000000 0.000293
2849.000000 0.000293
2850.000000 0.000292
2851.000000 0.000292
2852.000000 0.000291
2853.000000 0.000291
2854.000000 0.000291
2855.000000 0.000290
2856.000000 0.000290
2857.000000 0.000289
2858.000000 0.000289
2859.000000 0.000288
2860.000000 0.000288
2861.000000 0.000287
2862.000000 0.000287
2863.000000 0.000286
2864.000000 0.000286
2865.000000 0.000285
2866.000000 0.000285
2867.000000 0.000285
2868.000000 0.000284
2869.000000 0.000284
2870.000000 0.000283
2871.000000 0.000283
2872.000000 0.000282
2873.000000 0.000282
2874.000000 0.000281
2875.000000 0.000281
2876.000000 0.000280
2877.000000 0.000280
2878.000000 0.000279
2879.000000 0.000279
2880.000000 0.000278
2881.000000 0.000278
2882.000000 0.000278
2883.000000 0.000277
2884.000000 0.000277
2885.000000 0.000276
2886.000000 0.000276
2887.000000 0.000275
2888.000000 0.000275
2889.000000 0.000274
2890.000000 0.000274
2891.000000 0.000273
2892.000000 0.000273
2893.000000 0.000272
2894.000000 0.000272
2895.000000 0.000272
2896.000000 0.000271
2897.000000 0.000271
2898.000000 0.000270
2899.000000 0.000270
2900.000000 0.000269
2901.000000 0.000269
2902.000000 0.000268
2903.000000 0.000268
2904.000000 0.000267
2905.000000 0.000267
2906.000000 0.000266
2907.000000 0.000266
2908.000000 0.000266
2909.000000 0.000265
2910.000000 0.000265
2911.000000 0.000264
2912.000000 0.000264
2913.000000 0.000263
2914.000000 0.000263
2915.000000 0.000262
2916.000000 0.000262
2917.000000 0.000261
2918.000000 0.000261
2919.000000 0.000261
2920.000000 0.000260
2921.000000 0.000260
2922.000000 0.000259
2923.000000 0.000259
2924.000000 0.000258
2925.000000 0.000258
2926.000000 0.000257
2927.000000 0.000257
2928.000000 0.000256
2929.000000 0.000256
2930.000000 0.000255
2931.000000 0.000255
2932.000000 0.000255
2933.000000 0.000254
2934.000000 0.000254
2935.000000 0.000253
2936.000000 0.000253
2937.000000 0.000252
2938.000000 0.000252
2939.000000 0.000251
2940.000000 0.000251
2941.000000 0.000250
2942.000000 0.000250
2943.000000 0.000250
2944.000000 0.000249
2945.000000 0.000249
2946.000000 0.000248
2947.000000 0.000248
2948.000000 0.000247
2949.000000 0.000247
2950.000000 0.000246
2951.000000 0.000246
2952.000000 0.000246
2953.000000 0.000245
2954.000000 0.000245
2955.000000 0.000244
2956.000000 0.000244
2957.000000 0.000243
2958.000000 0.000243
2959.000000 0.000242
2960.000000 0.000242
2961.000000 0.000241
2962.000000 0.000241
2963.000000 0.000241
2964.000000 0.000240
2965.000000 0.000240
2966.000000 0.000239
2967.000000 0.000239
2968.000000 0.000238
2969.000000 0.000238
2970.000000 0.000237
2971.000000 0.000237
2972.000000 0.000237
2973.000000 0.000236
2974.000000 0.000236
2975.000000 0.000235
2976.000000 0.000235
2977.000000 0.000234
2978.000000 0.000234
2979.000000 0.000233
2980.000000 0.000233
2981.000000 0.000233
2982.000000 0.000232
2983.000000 0.000232
2984.000000 0.000231
2985.000000 0.000231
2986.000000 0.000230
2987.000000 0.000230
2988.000000 0.000229
2989.000000 0.000229
2990.000000 0.000229
2991.000000 0.000228
2992.000000 0.000228
2993.000000 0.000227
2994.000000 0.000227
2995.000000 0.000226
2996.000000 0.000226
2997.000000 0.000225
2998.000000 0.000225
2999.000000 0.000225
3000.000000 0.000224
3001.000000 0.000224
3002.000000 0.000223
3003.000000 0.000223
3004.000000 0.000222
3005.000000 0.000222
3006.000000 0.000221
3007.000000 0.000221
3008.000000 0.000221
3009.000000 0.000220
3010.000000 0.000220
3011.000000 0.000219
3012.000000 0.000219
3013.000000 0.000218
3014.000000 0.000218
3015.000000 0.000217
3016.000000 0.000217
3017.000000 0.000217
3018.000000 0.000216
3019.000000 0.000216
3020.000000 0.000215
3021.000000 0.000215
3022.000000 0.000214
3023.000000 0.000214
3024.000000 0.000214
3025.000000 0.000213
3026.000000 0.000213
3027.000000 0.000212
3028.000000 0.000212
3029.000000 0.000211
3030.000000 0.000211
3031.000000 0.000211
3032.000000 0.000210
3033.000000 0.000210
3034.000000 0.000209
3035.000000 0.000209
3036.000000 0.000208
3037.000000 0.000208
3038.000000 0.000208
3039.000000 0.000207
3040.000000 0.000207
3041.000000 0.000206
3042.000000 0.000206
3043.000000 0.000205
3044.000000 0.000205
3045.000000 0.000204
3046.000000 0.000204
3047.000000 0.000204
3048.000000 0.000203
3049.000000 0.000203
3050.000000 0.000202
3051.000000 0.000202
3052.000000 0.000201
3053.000000 0.000201
3054.000000 0.000201
3055.000000 0.000200
3056.000000 0.000200
3057.000000 0.000199
3058.000000 0.000199
3059.000000 0.000199
3060.000000 0.000198
3061.000000 0.000198
3062.000000 0.000197
3063.000000 0.000197
3064.000000 0.000196
3065.000000 0.000196
3066.000000 0.000196
3067.000000 0.000195
3068.000000 0.000195
3069.000000 0.000194
3070.000000 0.000194
3071.000000 0.000193
3072.000000 0.000193
3073.000000 0.000193
3074.000000 0.000192
3075.000000 0.000192
3076.000000 0.000191
3077.000000 0.000191
3078.000000 0.000190
3079.000000 0.000190
3080.000000 0.000190
3081.000000 0.000189
3082.000000 0.000189
3083.000000 0.000188
3084.000000 0.000188
3085.000000 0.000188
3086.000000 0.000187
3087.000000 0.000187
3088.000000 0.000186
3089.000000 0.000186
3090.000000 0.000185
3091.000000 0.000185
3092.000000 0.000185
3093.000000 0.000184
3094.000000 0.000184
3095.000000 0.000183
3096.000000 0.000183
3097.000000 0.000183
3098.000000 0.000182
3099.000000 0.000182
3100.000000 0.000181
3101.000000 0.000181
3102.000000 0.000180
3103.000000 0.000180
3104.000000 0.000180
3105.000000 0.000179
3106.000000 0.000179
3107.000000 0.000178
3108.000000 0.000178
3109.000000 0.000178
3110.000000 0.000177
3111.000000 0.000177
3112.000000 0.000176
3113.000000 0.000176
3114.000000 0.000176
3115.000000 0.000175
3116.000000 0.000175
3117.000000 0.000174
3118.000000 0.000174
3119.000000 0.000173
3120.000000 0.000173
3121.000000 0.000173
3122.000000 0.000172
3123.000000 0.000172
3124.000000 0.000171
3125.000000 0.000171
3126.000000 0.000171
3127.000000 0.000170
3128.000000 0.000170
3129.000000 0.000169
3130.000000 0.000169
3131.000000 0.000169
3132.000000 0.000168
3133.000000 0.000168
3134.000000 0.000167
3135.000000 0.000167
3136.000000 0.000167
3137.000000 0.000166
3138.000000 0.000166
3139.000000 0.000165
3140.000000 0.000165
3141.000000 0.000165
3142.000000 0.000164
3143.000000 0.000164
3144.000000 0.000163
3145.000000 0.000163
3146.000000 0.000163
3147.000000 0.000162
3148.000000 0.000162
3149.000000 0.000161
3150.000000 0.000161
3151.000000 0.000161
3152.000000 0.000160
3153.000000 0.000160
3154.000000 0.000159
3155.000000 0.000159
3156.000000 0.000159
3157.000000 0.000158
3158.000000 0.000158
3159.000000 0.000157
3160.000000 0.000157
3161.000000 0.000157
3162.000000 0.000156
3163.000000 0.000156
3164.000000 0.000155
3165.000000 0.000155
3166.000000 0.000155
3167.000000 0.000154
3168.000000 0.000154
3169.000000 0.000154
3170.000000 0.000153
3171.000000 0.000153
3172.000000 0.000152
3173.000000 0.000152
3174.000000 0.000152
3175.000000 0.000151
3176.000000 0.000151
3177.000000 0.000150
3178.000000 0.000150
3179.000000 0.000150
3180.000000 0.000149
3181.000000 0.000149
3182.000000 0.000148
3183.000000 0.000148
3184.000000 0.000148
3185.000000 0.000147
3186.000000 0.000147
3187.000000 0.000147
3188.000000 0.000146
3189.000000 0.000146
3190.000000 0.000145
3191.000000 0.000145
3192.000000 0.000145
3193.000000 0.000144
3194.000000 0.000144
3195.000000 0.000143
3196.000000 0.000143
3197.000000 0.000143
3198.000000 0.000142
3199.000000 0.000142
3200.000000 0.000142
3201.000000 0.000141
3202.000000 0.000141
3203.000000 0.000140
3204.000000 0.000140
3205.000000 0.000140
3206.000000 0.000139
3207.000000 0.000139
3208.000000 0.000139
3209.000000 0.000138
3210.000000 0.000138
3211.000000 0.000137
3212.000000 0.000137
3213.000000 0.000137
3214.000000 0.000136
3215.000000 0.000136
3216.000000 0.000136
3217.000000 0.000135
3218.000000 0.000135
3219.000000 0.000134
3220.000000 0.000134
3221.000000 0.000134
3222.000000 0.000133
3223.000000 0.000133
3224.000000 0.000133
3225.000000 0.000132
3226.000000 0.000132
3227.000000 0.000131
3228.000000 0.000131
3229.000000 0.000131
3230.000000 0.000130
3231.000000 0.000130
3232.000000 0.000130
3233.000000 0.000129
3234.000000 0.000129
3235.000000 0.000128
3236.000000 0.000128
3237.000000 0.000128
3238.000000 0.000127
3239.000000 0.000127
3240.000000 0.000127
3241.000000 0.000126
3242.000000 0.000126
3243.000000 0.000126
3244.000000 0.000125
3245.000000 0.000125
3246.000000 0.000124
3247.000000 0.000124
3248.000000 0.000124
3249.000000 0.000123
3250.000000 0.000123
3251.000000 0.000123
3252.000000 0.000122
3253.000000 0.000122
3254.000000 0.000122
3255.000000 0.000121
3256.000000 0.000121
3257.000000 0.000120
3258.000000 0.000120
3259.000000 0.000120
3260.000000 0.000119
3261.000000 0.000119
3262.000000 0.000119
3263.000000 0.000118
3264.000000 0.000118
3265.000000 0.000118
3266.000000 0.000117
3267.000000 0.000117
3268.000000 0.000116
3269.000000 0.000116
3270.000000 0.000116
3271.000000 0.000115
3272.000000 0.000115
3273.000000 0.000115
3274.000000 0.000114
3275.000000 0.000114
3276.000000 0.000114
3277.000000 0.000113
3278.000000 0.000113
3279.000000 0.000113
3280.000000 0.000112
3281.000000 0.000112
3282.000000 0.000112
3283.000000 0.000111
3284.000000 0.000111
3285.000000 0.000110
3286.000000 0.000110
3287.000000 0.000110
3288.000000 0.000109
3289.000000 0.000109
3290.000000 0.000109
3291.000000 0.000108
3292.000000 0.000108
3293.000000 0.000108
3294.000000 0.000107
3295.000000 0.000107
3296.000000 0.000107
3297.000000 0.000106
3298.000000 0.000106
3299.000000 0.000106
3300.000000 0.000105
3301.000000 0.000105
3302.000000 0.000105
3303.000000 0.000104
3304.000000 0.000104
3305.000000 0.000104
3306.000000 0.000103
3307.000000 0.000103
3308.000000 0.000103
3309.000000 0.000102
3310.000000 0.000102
3311.000000 0.000101
3312.000000 0.000101
3313.000000 0.000101
3314.000000 0.000100
3315.000000 0.000100
3316.000000 0.000100
3317.000000 0.000099
3318.000000 0.000099
3319.000000 0.000099
3320.000000 0.000098
3321.000000 0.000098
3322.000000 0.000098
3323.000000 0.000097
3324.000000 0.000097
3325.000000 0.000097
3326.000000 0.000096
3327.000000 0.000096
3328.000000 0.000096
3329.000000 0.000095
3330.000000 0.000095
3331.000000 0.000095
3332.000000 0.000094
3333.000000 0.000094
3334.000000 0.000094
3335.000000 0.000093
3336.000000 0.000093
3337.000000 0.000093
3338.000000 0.000092
3339.000000 0.000092
3340.000000 0.000092
3341.000000 0.000091
3342.000000 0.000091
3343.000000 0.000091
3344.000000 0.000090
3345.000000 0.000090
3346.000000 0.000090
3347.000000 0.000089
3348.000000 0.000089
3349.000000 0.000089
3350.000000 0.000088
3351.000000 0.000088
3352.000000 0.000088
3353.000000 0.000088
3354.000000 0.000087
3355.000000 0.000087
3356.000000 0.000087
3357.000000 0.000086
3358.000000 0.000086
3359.000000 0.000086
3360.000000 0.000085
3361.000000 0.000085
3362.000000 0.000085
3363.000000 0.000084
3364.000000 0.000084
3365.000000 0.000084
3366.000000 0.000083
3367.000000 0.000083
3368.000000 0.000083
3369.000000 0.000082
3370.000000 0.000082
3371.000000 0.000082
3372.000000 0.000081
3373.000000 0.000081
3374.000000 0.000081
3375.000000 0.000080
3376.000000 0.000080
3377.000000 0.000080
3378.000000 0.000080
3379.000000 0.000079
3380.000000 0.000079
3381.000000 0.000079
3382.000000 0.000078
3383.000000 0.000078
3384.000000 0.000078
3385.000000 0.000077
3386.000000 0.000077
3387.000000 0.000077
3388.000000 0.000076
3389.000000 0.000076
3390.000000 0.000076
3391.000000 0.000075
3392.000000 0.000075
3393.000000 0.000075
3394.000000 0.000075
3395.000000 0.000074
3396.000000 0.000074
3397.000000 0.000074
3398.000000 0.000073
3399.000000 0.000073
3400.000000 0.000073
3401.000000 0.000072
3402.000000 0.000072
3403.000000 0.000072
3404.000000 0.000071
3405.000000 0.000071
3406.000000 0.000071
3407.000000 0.000071
3408.000000 0.000070
3409.000000 0.000070
3410.000000 0.000070
3411.000000 0.000069
3412.000000 0.000069
3413.000000 0.000069
3414.000000 0.000068
3415.000000 0.000068
3416.000000 0.000068
3417.000000 0.000067
3418.000000 0.000067
3419.000000 0.000067
3420.000000 0.000067
3421.000000 0.000066
3422.000000 0.000066
3423.000000 0.000066
3424.000000 0.000065
3425.000000 0.000065
3426.000000 0.000065
3427.000000 0.000064
3428.000000 0.000064
3429.000000 0.000064
3430.000000 0.000064
3431.000000 0.000063
3432.000000 0.000063
3433.000000 0.000063
3434.000000 0.000062
3435.000000 0.000062
3436.000000 0.000062
3437.000000 0.000062
3438.000000 0.000061
3439.000000 0.000061
3440.000000 0.000061
3441.000000 0.000060
3442.000000 0.000060
3443.000000 0.000060
3444.000000 0.000060
3445.000000 0.000059
3446.000000 0.000059
3447.000000 0.000059
3448.000000 0.000058
3449.000000 0.000058
3450.000000 0.000058
3451.000000 0.000057
3452.000000 0.000057
3453.000000 0.000057
3454.000000 0.000057
3455.000000 0.000056
3456.000000 0.000056
3457.000000 0.000056
3458.000000 0.000055
3459.000000 0.000055
3460.000000 0.000055
3461.000000 0.000055
3462.000000 0.000054
3463.000000 0.000054
3464.000000 0.000054
3465.000000 0.000054
3466.000000 0.000053
3467.000000 0.000053
3468.000000 0.000053
3469.000000 0.000052
3470.000000 0.000052
3471.000000 0.000052
3472.000000 0.000052
3473.000000 0.000051
3474.000000 0.000051
3475.000000 0.000051
3476.000000 0.000050
3477.000000 0.000050
3478.000000 0.000050
3479.000000 0.000050
3480.000000 0.000049
3481.000000 0.000049
3482.000000 0.000049
3483.000000 0.000049
3484.000000 0.000048
3485.000000 0.000048
3486.000000 0.000048
3487.000000 0.000047
3488.000000 0.000047
3489.000000 0.000047
3490.000000 0.000047
3491.000000 0.000046
3492.000000 0.000046
3493.000000 0.000046
3494.000000 0.000046
3495.000000 0.000045
3496.000000 0.000045
3497.000000 0.000045
3498.000000 0.000045
3499.000000 0.000044
3500.000000 0.000044
3501.000000 0.000044
3502.000000 0.000044
3503.000000 0.000043
3504.000000 0.000043
3505.000000 0.000043
3506.000000 0.000042
3507.000000 0.000042
3508.000000 0.000042
3509.000000 0.000042
3510.000000 0.000041
3511.000000 0.000041
3512.000000 0.000041
3513.000000 0.000041
3514.000000 0.000040
3515.000000 0.000040
3516.000000 0.000040
3517.000000 0.000040
3518.000000 0.000039
3519.000000 0.000039
3520.000000 0.000039
3521.000000 0.000039
3522.000000 0.000038
3523.000000 0.000038
3524.000000 0.000038
3525.000000 0.000038
3526.000000 0.000037
3527.000000 0.000037
3528.000000 0.000037
3529.000000 0.000037
3530.000000 0.000036
3531.000000 0.000036
3532.000000 0.000036
3533.000000 0.000036
3534.000000 0.000036
3535.000000 0.000035
3536.000000 0.000035
3537.000000 0.000035
3538.000000 0.000035
3539.000000 0.000034
3540.000000 0.000034
3541.000000 0.000034
3542.000000 0.000034
3543.000000 0.000033
3544.000000 0.000033
3545.000000 0.000033
3546.000000 0.000033
3547.000000 0.000032
3548.000000 0.000032
3549.000000 0.000032
3550.000000 0.000032
3551.000000 0.000032
3552.000000 0.000031
3553.000000 0.000031
3554.000000 0.000031
3555.000000 0.000031
3556.000000 0.000030
3557.000000 0.000030
3558.000000 0.000030
3559.000000 0.000030
3560.000000 0.000030
3561.000000 0.000029
3562.000000 0.000029
3563.000000 0.000029
3564.000000 0.000029
3565.000000 0.000028
3566.000000 0.000028
3567.000000 0.000028
3568.000000 0.000028
3569.000000 0.000028
3570.000000 0.000027
3571.000000 0.000027
3572.000000 0.000027
3573.000000 0.000027
3574.000000 0.000027
3575.000000 0.000026
3576.000000 0.000026
3577.000000 0.000026
3578.000000 0.000026
3579.000000 0.000026
3580.000000 0.000025
3581.000000 0.000025
3582.000000 0.000025
3583.000000 0.000025
3584.000000 0.000024
3585.000000 0.000024
3586.000000 0.000024
3587.000000 0.000024
3588.000000 0.000024
3589.000000 0.000023
3590.000000 0.000023
3591.000000 0.000023
3592.000000 0.000023
3593.000000 0.000023
3594.000000 0.000023
3595.000000 0.000022
3596.000000 0.000022
3597.000000 0.000022
3598.000000 0.000022
3599.000000 0.000022
3600.000000 0.000021
3601.000000 0.000021
3602.000000 0.000021
3603.000000 0.000021
3604.000000 0.000021
3605.000000 0.000020
3606.000000 0.000020
3607.000000 0.000020
3608.000000 0.000020
3609.000000 0.000020
3610.000000 0.000020
3611.000000 0.000019
3612.000000 0.000019
3613.000000 0.000019
3614.000000 0.000019
3615.000000 0.000019
3616.000000 0.000019
3617.000000 0.000018
3618.000000 0.000018
3619.000000 0.000018
3620.000000 0.000018
3621.000000 0.000018
3622.000000 0.000017
3623.000000 0.000017
3624.000000 0.000017
3625.000000 0.000017
3626.000000 0.000017
3627.000000 0.000017
3628.000000 0.000016
3629.000000 0.000016
3630.000000 0.000016
3631.000000 0.000016
3632.000000 0.000016
3633.000000 0.000016
3634.000000 0.000016
3635.000000 0.000015
3636.000000 0.000015
3637.000000 0.000015
3638.000000 0.000015
3639.000000 0.000015
3640.000000 0.000015
3641.000000 0.000014
3642.000000 0.000014
3643.000000 0.000014
3644.000000 0.000014
3645.000000 0.000014
3646.000000 0.000014
3647.000000 0.000014
3648.000000 0.000013
3649.000000 0.000013
3650.000000 0.000013
3651.000000 0.000013
3652.000000 0.000013
3653.000000 0.000013
3654.000000 0.000013
3655.000000 0.000012
3656.000000 0.000012
3657.000000 0.000012
3658.000000 0.000012
3659.000000 0.000012
3660.000000 0.000012
3661.000000 0.000012
3662.000000 0.000012
3663.000000 0.000011
3664.000000 0.000011
3665.000000 0.000011
3666.000000 0.000011
3667.000000 0.000011
3668.000000 0.000011
3669.000000 0.000011
3670.000000 0.000011
3671.000000 0.000010
3672.000000 0.000010
3673.000000 0.000010
3674.000000 0.000010
3675.000000 0.000010
3676.000000 0.000010
3677.000000 0.000010
3678.000000 0.000010
3679.000000 0.000009
3680.000000 0.000009
3681.000000 0.000009
3682.000000 0.000009
3683.000000 0.000009
3684.000000 0.000009
3685.000000 0.000009
3686.000000 0.000009
3687.000000 0.000009
3688.000000 0.000008
3689.000000 0.000008
3690.000000 0.000008
3691.000000 0.000008
3692.000000 0.000008
3693.000000 0.000008
3694.000000 0.000008
3695.000000 0.000008
3696.000000 0.000008
3697.000000 0.000008
3698.000000 0.000007
3699.000000 0.000007
3700.000000 0.000007
3701.000000 0.000007
3702.000000 0.000007
3703.000000 0.000007
3704.000000 0.000007
3705.000000 0.000007
3706.000000 0.000007
3707.000000 0.000007
3708.000000 0.000006
3709.000000 0.000006
3710.000000 0.000006
3711.000000 0.000006
3712.000000 0.000006
3713.000000 0.000006
3714.000000 0.000006
3715.000000 0.000006
3716.000000 0.000006
3717.000000 0.000006
3718.000000 0.000006
3719.000000 0.000006
3720.000000 0.000005
3721.000000 0.000005
3722.000000 0.000005
3723.000000 0.000005
3724.000000 0.000005
3725.000000 0.000005
3726.000000 0.000005
3727.000000 0.000005
3728.000000 0.000005
3729.000000 0.000005
3730.000000 0.000005
3731.000000 0.000005
3732.000000 0.000005
3733.000000 0.000004
3734.000000 0.000004
3735.000000 0.000004
3736.000000 0.000004
3737.000000 0.000004
3738.000000 0.000004
3739.000000 0.000004
3740.000000 0.000004
3741.000000 0.000004
3742.000000 0.000004
3743.000000 0.000004
3744.000000 0.000004
3745.000000 0.000004
3746.000000 0.000004
3747.000000 0.000004
3748.000000 0.000004
3749.000000 0.000003
3750.000000 0.000003
3751.000000 0.000003
3752.000000 0.000003
3753.000000 0.000003
3754.000000 0.000003
3755.000000 0.000003
3756.000000 0.000003
3757.000000 0.000003
3758.000000 0.000003
3759.000000 0.000003
3760.000000 0.000003
3761.000000 0.000003
3762.000000 0.000003
3763.000000 0.000003
3764.000000 0.000003
3765.000000 0.000003
3766.000000 0.000003
3767.000000 0.000003
3768.000000 0.000002
3769.000000 0.000002
3770.000000 0.000002
3771.000000 0.000002
3772.000000 0.000002
3773.000000 0.000002
3774.000000 0.000002
3775.000000 0.000002
3776.000000 0.000002
3777.000000 0.000002
3778.000000 0.000002
3779.000000 0.000002
3780.000000 0.000002
3781.000000 0.000002
3782.000000 0.000002
3783.000000 0.000002
3784.000000 0.000002
3785.000000 0.000002
3786.000000 0.000002
3787.000000 0.000002
3788.000000 0.000002
3789.000000 0.000002
3790.000000 0.000002
3791.000000 0.000002
3792.000000 0.000002
3793.000000 0.000002
3794.000000 0.000001
3795.000000 0.000001
3796.000000 0.000001
3797.000000 0.000001
3798.000000 0.000001
3799.000000 0.000001
3800.000000 0.000001
3801.000000 0.000001
3802.000000 0.000001
3803.000000 0.000001
3804.000000 0.000001
3805.000000 0.000001
3806.000000 0.000001
3807.000000 0.000001
3808.000000 0.000001
3809.000000 0.000001
3810.000000 0.000001
3811.000000 0.000001
3812.000000 0.000001
3813.000000 0.000001
3814.000000 0.000001
3815.000000 0.000001
3816.000000 0.000001
3817.000000 0.000001
3818.000000 0.000001
3819.000000 0.000001
3820.000000 0.000001
3821.000000 0.000001
3822.000000 0.000001
3823.000000 0.000001
3824.000000 0.000001
3825.000000 0.000001
3826.000000 0.000001
3827.000000 0.000001
3828.000000 0.000001
3829.000000 0.000001
3830.000000 0.000001
3831.000000 0.000001
3832.000000 0.000001
3833.000000 0.000001
3834.000000 0.000001
3835.000000 0.000001
3836.000000 0.000001
3837.000000 0.000001
3838.000000 0.000001
3839.000000 0.000000
3840.000000 0.000000
3841.000000 0.000000
3842.000000 0.000000
3843.000000 0.000000
3844.000000 0.000000
3845.000000 0.000000
3846.000000 0.000000
3847.000000 0.000000
3848.000000 0.000000
3849.000000 0.000000
3850.000000 0.000000
3851.000000 0.000000
3852.000000 0.000000
3853.000000 0.000000
3854.000000 0.000000
3855.000000 0.000000
3856.000000 0.000000
3857.000000 0.000000
3858.000000 0.000000
3859.000000 0.000000
3860.000000 0.000000
3861.000000 0.000000
3862.000000 0.000000
3863.000000 0.000000
3864.000000 0.000000
3865.000000 0.000000
3866.000000 0.000000
3867.000000 0.000000
3868.000000 0.000000
3869.000000 0.000000
3870.000000 0.000000
3871.000000 0.000000
3872.000000 0.000000
3873.000000 0.000000
3874.000000 0.000000
3875.000000 0.000000
3876.000000 0.000000
3877.000000 0.000000
3878.000000 0.000000
3879.000000 0.000000
3880.000000 0.000000
3881.000000 0.000000
3882.000000 0.000000
3883.000000 0.000000
3884.000000 0.000000
3885.000000 0.000000
3886.000000 0.000000
3887.000000 0.000000
3888.000000 0.000000
3889.000000 0.000000
3890.000000 0.000000
3891.000000 0.000000
3892.000000 0.000000
3893.000000 0.000000
3894.000000 0.000000
3895.000000 0.000000
3896.000000 0.000000
3897.000000 0.000000
3898.000000 0.000000
3899.000000 0.000000
3900.000000 0.000000
3901.000000 0.000000
3902.000000 0.000000
3903.000000 0.000000
3904.000000 0.000000
3905.000000 0.000000
3906.000000 0.000000
3907.000000 0.000000
3908.000000 0.000000
3909.000000 0.000000
3910.000000 0.000000
3911.000000 0.000000
3912.000000 0.000000
3913.000000 0.000000
3914.000000 0.000000
3915.000000 0.000000
3916.000000 0.000000
3917.000000 0.000000
3918.000000 0.000000
3919.000000 0.000000
3920.000000 0.000000
3921.000000 0.000000
3922.000000 0.000000
3923.000000 0.000000
3924.000000 0.000000
3925.000000 0.000000
3926.000000 0.000000
3927.000000 0.000000
3928.000000 0.000000
3929.000000 0.000000
3930.000000 0.000000
3931.000000 0.000000
3932.000000 0.000000
3933.000000 0.000000
3934.000000 0.000000
3935.000000 0.000000
3936.000000 0.000000
3937.000000 0.000000
3938.000000 0.000000
3939.000000 0.000000
3940.000000 0.000000
3941.000000 0.000000
3942.000000 0.000000
3943.000000 0.000000
3944.000000 0.000000
3945.000000 0.000000
3946.000000 0.000000
3947.000000 0.000000
3948.000000 0.000000
3949.000000 0.000000
3950.000000 0.000000
3951.000000 0.000000
3952.000000 0.000000
3953.000000 0.000000
3954.000000 0.000000
3955.000000 0.000000
3956.000000 0.000000
3957.000000 0.000000
3958.000000 0.000000
3959.000000 0.000000
3960.000000 0.000000
3961.000000 0.000000
3962.000000 0.000000
3963.000000 0.000000
3964.000000 0.000000
3965.000000 0.000000
3966.000000 0.000000
3967.000000 0.000000
3968.000000 0.000000
3969.000000 0.000000
3970.000000 0.000000
3971.000000 0.000000
3972.000000 0.000000
3973.000000 0.000000
3974.000000 0.000000
3975.000000 0.000000
3976.000000 0.000000
3977.000000 0.000000
3978.000000 0.000000
3979.000000 0.000000
3980.000000 0.000000
3981.000000 0.000000
3982.000000 0.000000
3983.000000 0.000000
3984.000000 0.000000
3985.000000 0.000000
3986.000000 0.000000
3987.000000 0.000000
3988.000000 0.000000
3989.000000 0.000000
3990.000000 0.000000
3991.000000 0.000000
3992.000000 0.000000
3993.000000 0.000000
3994.000000 0.000000
3995.000000 0.000000
3996.000000 0.000000
3997.000000 0.000000
3998.000000 0.000000
3999.000000 0.000000
4000.000000 0.000000
