n lam mean variance std
4000 0.800000 2000.500000 72752.249515 269.726249
bin_midpoint probability
1.000000 0.000000
2.000000 0.000000
3.000000 0.000000
4.000000 0.000000
5.000000 0.000000
6.000000 0.000000
7.000000 0.000000
8.000000 0.000000
9.000000 0.000000
10.000000 0.000000
11.000000 0.000000
12.000000 0.000000
13.000000 0.000000
14.000000 0.000000
15.000000 0.000000
16.000000 0.000000
17.000000 0.000000
18.000000 0.000000
19.000000 0.000000
20.000000 0.000000
21.000000 0.000000
22.000000 0.000000
23.000000 0.000000
24.000000 0.000000
25.000000 0.000000
26.000000 0.000000
27.000000 0.000000
28.000000 0.000000
29.000000 0.000000
30.000000 0.000000
31.000000 0.000000
32.000000 0.000000
33.000000 0.000000
34.000000 0.000000
35.000000 0.000000
36.000000 0.000000
37.000000 0.000000
38.000000 0.000000
39.000000 0.000000
40.000000 0.000000
41.000000 0.000000
42.000000 0.000000
43.000000 0.000000
44.000000 0.000000
45.000000 0.000000
46.000000 0.000000
47.000000 0.000000
48.000000 0.000000
49.000000 0.000000
50.000000 0.000000
51.000000 0.000000
52.000000 0.000000
53.000000 0.000000
54.000000 0.000000
55.000000 0.000000
56.000000 0.000000
57.000000 0.000000
58.000000 0.000000
59.000000 0.000000
60.000000 0.000000
61.000000 0.000000
62.000000 0.000000
63.000000 0.000000
64.000000 0.000000
65.000000 0.000000
66.000000 0.000000
67.000000 0.000000
68.000000 0.000000
69.000000 0.000000
70.000000 0.000000
71.000000 0.000000
72.000000 0.000000
73.000000 0.000000
74.000000 0.000000
75.000000 0.000000
76.000000 0.000000
77.000000 0.000000
78.000000 0.000000
79.000000 0.000000
80.000000 0.000000
81.000000 0.000000
82.000000 0.000000
83.000000 0.000000
84.000000 0.000000
85.000000 0.000000
86.000000 0.000000
87.000000 0.000000
88.000000 0.000000
89.000000 0.000000
90.000000 0.000000
91.000000 0.000000
92.000000 0.000000
93.000000 0.000000
94.000000 0.000000
95.000000 0.000000
96.000000 0.000000
97.000000 0.000000
98.000000 0.000000
99.000000 0.000000
100.000000 0.000000
101.000000 0.000000
102.000000 0.000000
103.000000 0.000000
104.000000 0.000000
105.000000 0.000000
106.000000 0.000000
107.000000 0.000000
108.000000 0.000000
109.000000 0.000000
110.000000 0.000000
111.000000 0.000000
112.000000 0.000000
113.000000 0.000000
114.000000 0.000000
115.000000 0.000000
116.000000 0.000000
117.000000 0.000000
118.000000 0.000000
119.000000 0.000000
120.000000 0.000000
121.000000 0.000000
122.000000 0.000000
123.000000 0.000000
124.000000 0.000000
125.000000 0.000000
126.000000 0.000000
127.000000 0.000000
128.000000 0.000000
129.000000 0.000000
130.000000 0.000000
131.000000 0.000000
132.000000 0.000000
133.000000 0.000000
134.000000 0.000000
135.000000 0.000000
136.000000 0.000000
137.000000 0.000000
138.000000 0.000000
139.000000 0.000000
140.000000 0.000000
141.000000 0.000000
142.000000 0.000000
143.000000 0.000000
144.000000 0.000000
145.000000 0.000000
146.000000 0.000000
147.000000 0.000000
148.000000 0.000000
149.000000 0.000000
150.000000 0.000000
151.000000 0.000000
152.000000 0.000000
153.000000 0.000000
154.000000 0.000000
155.000000 0.000000
156.000000 0.000000
157.000000 0.000000
158.000000 0.000000
159.000000 0.000000
160.000000 0.000000
161.000000 0.000000
162.000000 0.000000
163.000000 0.000000
164.000000 0.000000
165.000000 0.000000
166.000000 0.000000
167.000000 0.000000
168.000000 0.000000
169.000000 0.000000
170.000000 0.000000
171.000000 0.000000
172.000000 0.000000
173.000000 0.000000
174.000000 0.000000
175.000000 0.000000
176.000000 0.000000
177.000000 0.000000
178.000000 0.000000
179.000000 0.000000
180.000000 0.000000
181.000000 0.000000
182.000000 0.000000
183.000000 0.000000
184.000000 0.000000
185.000000 0.000000
186.000000 0.000000
187.000000 0.000000
188.000000 0.000000
189.000000 0.000000
190.000000 0.000000
191.000000 0.000000
192.000000 0.000000
193.000000 0.000000
194.000000 0.000000
195.000000 0.000000
196.000000 0.000000
197.000000 0.000000
198.000000 0.000000
199.000000 0.000000
200.000000 0.000000
201.000000 0.000000
202.000000 0.000000
203.000000 0.000000
204.000000 0.000000
205.000000 0.000000
206.000000 0.000000
207.000000 0.000000
208.000000 0.000000
209.000000 0.000000
210.000000 0.000000
211.000000 0.000000
212.000000 0.000000
213.000000 0.000000
214.000000 0.000000
215.000000 0.000000
216.000000 0.000000
217.000000 0.000000
218.000000 0.000000
219.000000 0.000000
220.000000 0.000000
221.000000 0.000000
222.000000 0.000000
223.000000 0.000000
224.000000 0.000000
225.000000 0.000000
226.000000 0.000000
227.000000 0.000000
228.000000 0.000000
229.000000 0.000000
230.000000 0.000000
231.000000 0.000000
232.000000 0.000000
233.000000 0.000000
234.000000 0.000000
235.000000 0.000000
236.000000 0.000000
237.000000 0.000000
238.000000 0.000000
239.000000 0.000000
240.000000 0.000000
241.000000 0.000000
242.000000 0.000000
243.000000 0.000000
244.000000 0.000000
245.000000 0.000000
246.000000 0.000000
247.000000 0.000000
248.000000 0.000000
249.000000 0.000000
250.000000 0.000000
251.000000 0.000000
252.000000 0.000000
253.000000 0.000000
254.000000 0.000000
255.000000 0.000000
256.000000 0.000000
257.000000 0.000000
258.000000 0.000000
259.000000 0.000000
260.000000 0.000000
261.000000 0.000000
262.000000 0.000000
263.000000 0.000000
264.000000 0.000000
265.000000 0.000000
266.000000 0.000000
267.000000 0.000000
268.000000 0.000000
269.000000 0.000000
270.000000 0.000000
271.000000 0.000000
272.000000 0.000000
273.000000 0.000000
274.000000 0.000000
275.000000 0.000000
276.000000 0.000000
277.000000 0.000000
278.000000 0.000000
279.000000 0.000000
280.000000 0.000000
281.000000 0.000000
282.000000 0.000000
283.000000 0.000000
284.000000 0.000000
285.000000 0.000000
286.000000 0.000000
287.000000 0.000000
288.000000 0.000000
289.000000 0.000000
290.000000 0.000000
291.000000 0.000000
292.000000 0.000000
293.000000 0.000000
294.000000 0.000000
295.000000 0.000000
296.000000 0.000000
297.000000 0.000000
298.000000 0.000000
299.000000 0.000000
300.000000 0.000000
301.000000 0.000000
302.000000 0.000000
303.000000 0.000000
304.000000 0.000000
305.000000 0.000000
306.000000 0.000000
307.000000 0.000000
308.000000 0.000000
309.000000 0.000000
310.000000 0.000000
311.000000 0.000000
312.000000 0.000000
313.000000 0.000000
314.000000 0.000000
315.000000 0.000000
316.000000 0.000000
317.000000 0.000000
318.000000 0.000000
319.000000 0.000000
320.000000 0.000000
321.000000 0.000000
322.000000 0.000000
323.000000 0.000000
324.000000 0.000000
325.000000 0.000000
326.000000 0.000000
327.000000 0.000000
328.000000 0.000000
329.000000 0.000000
330.000000 0.000000
331.000000 0.000000
332.000000 0.000000
333.000000 0.000000
334.000000 0.000000
335.000000 0.000000
336.000000 0.000000
337.000000 0.000000
338.000000 0.000000
339.000000 0.000000
340.000000 0.000000
341.000000 0.000000
342.000000 0.000000
343.000000 0.000000
344.000000 0.000000
345.000000 0.000000
346.000000 0.000000
347.000000 0.000000
348.000000 0.000000
349.000000 0.000000
350.000000 0.000000
351.000000 0.000000
352.000000 0.000000
353.000000 0.000000
354.000000 0.000000
355.000000 0.000000
356.000000 0.000000
357.000000 0.000000
358.000000 0.000000
359.000000 0.000000
360.000000 0.000000
361.000000 0.000000
362.000000 0.000000
363.000000 0.000000
364.000000 0.000000
365.000000 0.000000
366.000000 0.000000
367.000000 0.000000
368.000000 0.000000
369.000000 0.000000
370.000000 0.000000
371.000000 0.000000
372.000000 0.000000
373.000000 0.000000
374.000000 0.000000
375.000000 0.000000
376.000000 0.000000
377.000000 0.000000
378.000000 0.000000
379.000000 0.000000
380.000000 0.000000
381.000000 0.000000
382.000000 0.000000
383.000000 0.000000
384.000000 0.000000
385.000000 0.000000
386.000000 0.000000
387.000000 0.000000
388.000000 0.000000
389.000000 0.000000
390.000000 0.000000
391.000000 0.000000
392.000000 0.000000
393.000000 0.000000
394.000000 0.000000
395.000000 0.000000
396.000000 0.000000
397.000000 0.000000
398.000000 0.000000
399.000000 0.000000
400.000000 0.000000
401.000000 0.000000
402.000000 0.000000
403.000000 0.000000
404.000000 0.000000
405.000000 0.000000
406.000000 0.000000
407.000000 0.000000
408.000000 0.000000
409.000000 0.000000
410.000000 0.000000
411.000000 0.000000
412.000000 0.000000
413.000000 0.000000
414.000000 0.000000
415.000000 0.000000
416.000000 0.000000
417.000000 0.000000
418.000000 0.000000
419.000000 0.000000
420.000000 0.000000
421.000000 0.000000
422.000000 0.000000
423.000000 0.000000
424.000000 0.000000
425.000000 0.000000
426.000000 0.000000
427.000000 0.000000
428.000000 0.000000
429.000000 0.000000
430.000000 0.000000
431.000000 0.000000
432.000000 0.000000
433.000000 0.000000
434.000000 0.000000
435.000000 0.000000
436.000000 0.000000
437.000000 0.000000
438.000000 0.000000
439.000000 0.000000
440.000000 0.000000
441.000000 0.000000
442.000000 0.000000
443.000000 0.000000
444.000000 0.000000
445.000000 0.000000
446.000000 0.000000
447.000000 0.000000
448.000000 0.000000
449.000000 0.000000
450.000000 0.000000
451.000000 0.000000
452.000000 0.000000
453.000000 0.000000
454.000000 0.000000
455.000000 0.000000
456.000000 0.000000
457.000000 0.000000
458.000000 0.000000
459.000000 0.000000
460.000000 0.000000
461.000000 0.000000
462.000000 0.000000
463.000000 0.000000
464.000000 0.000000
465.000000 0.000000
466.000000 0.000000
467.000000 0.000000
468.000000 0.000000
469.000000 0.000000
470.000000 0.000000
471.000000 0.000000
472.000000 0.000000
473.000000 0.000000
474.000000 0.000000
475.000000 0.000000
476.000000 0.000000
477.000000 0.000000
478.000000 0.000000
479.000000 0.000000
480.000000 0.000000
481.000000 0.000000
482.000000 0.000000
483.000000 0.000000
484.000000 0.000000
485.000000 0.000000
486.000000 0.000000
487.000000 0.000000
488.000000 0.000000
489.000000 0.000000
490.000000 0.000000
491.000000 0.000000
492.000000 0.000000
493.000000 0.000000
494.000000 0.000000
495.000000 0.000000
496.000000 0.000000
497.000000 0.000000
498.000000 0.000000
499.000000 0.000000
500.000000 0.000000
501.000000 0.000000
502.000000 0.000000
503.000000 0.000000
504.000000 0.000000
505.000000 0.000000
506.000000 0.000000
507.000000 0.000000
508.000000 0.000000
509.000000 0.000000
510.000000 0.000000
511.000000 0.000000
512.000000 0.000000
513.000000 0.000000
514.000000 0.000000
515.000000 0.000000
516.000000 0.000000
517.000000 0.000000
518.000000 0.000000
519.000000 0.000000
520.000000 0.000000
521.000000 0.000000
522.000000 0.000000
523.000000 0.000000
524.000000 0.000000
525.000000 0.000000
526.000000 0.000000
527.000000 0.000000
528.000000 0.000000
529.000000 0.000000
530.000000 0.000000
531.000000 0.000000
532.000000 0.000000
533.000000 0.000000
534.000000 0.000000
535.000000 0.000000
536.000000 0.000000
537.000000 0.000000
538.000000 0.000000
539.000000 0.000000
540.000000 0.000000
541.000000 0.000000
542.000000 0.000000
543.000000 0.000000
544.000000 0.000000
545.000000 0.000000
546.000000 0.000000
547.000000 0.000000
548.000000 0.000000
549.000000 0.000000
550.000000 0.000000
551.000000 0.000000
552.000000 0.000000
553.000000 0.000000
554.000000 0.000000
555.000000 0.000000
556.000000 0.000000
557.000000 0.000000
558.000000 0.000000
559.000000 0.000000
560.000000 0.000000
561.000000 0.000000
562.000000 0.000000
563.000000 0.000000
564.000000 0.000000
565.000000 0.000000
566.000000 0.000000
567.000000 0.000000
568.000000 0.000000
569.000000 0.000000
570.000000 0.000000
571.000000 0.000000
572.000000 0.000000
573.000000 0.000000
574.000000 0.000000
575.000000 0.000000
576.000000 0.000000
577.000000 0.000000
578.000000 0.000000
579.000000 0.000000
580.000000 0.000000
581.000000 0.000000
582.000000 0.000000
583.000000 0.000000
584.000000 0.000000
585.000000 0.000000
586.000000 0.000000
587.000000 0.000000
588.000000 0.000000
589.000000 0.000000
590.000000 0.000000
591.000000 0.000000
592.000000 0.000000
593.000000 0.000000
594.000000 0.000000
595.000000 0.000000
596.000000 0.000000
597.000000 0.000000
598.000000 0.000000
599.000000 0.000000
600.000000 0.000000
601.000000 0.000000
602.000000 0.000000
603.000000 0.000000
604.000000 0.000000
605.000000 0.000000
606.000000 0.000000
607.000000 0.000000
608.000000 0.000000
609.000000 0.000000
610.000000 0.000000
611.000000 0.000000
612.000000 0.000000
613.000000 0.000000
614.000000 0.000000
615.000000 0.000000
616.000000 0.000000
617.000000 0.000000
618.000000 0.000000
619.000000 0.000000
620.000000 0.000000
621.000000 0.000000
622.000000 0.000000
623.000000 0.000000
624.000000 0.000000
625.000000 0.000000
626.000000 0.000000
627.000000 0.000000
628.000000 0.000000
629.000000 0.000000
630.000000 0.000000
631.000000 0.000000
632.000000 0.000000
633.000000 0.000000
634.000000 0.000000
635.000000 0.000000
636.000000 0.000000
637.000000 0.000000
638.000000 0.000000
639.000000 0.000000
640.000000 0.000000
641.000000 0.000000
642.000000 0.000000
643.000000 0.000000
644.000000 0.000000
645.000000 0.000000
646.000000 0.000000
647.000000 0.000000
648.000000 0.000000
649.000000 0.000000
650.000000 0.000000
651.000000 0.000000
652.000000 0.000000
653.000000 0.000000
654.000000 0.000000
655.000000 0.000000
656.000000 0.000000
657.000000 0.000000
658.000000 0.000000
659.000000 0.000000
660.000000 0.000000
661.000000 0.000000
662.000000 0.000000
663.000000 0.000000
664.000000 0.000000
665.000000 0.000000
666.000000 0.000000
667.000000 0.000000
668.000000 0.000000
669.000000 0.000000
670.000000 0.000000
671.000000 0.000000
672.000000 0.000000
673.000000 0.000000
674.000000 0.000000
675.000000 0.000000
676.000000 0.000000
677.000000 0.000000
678.000000 0.000000
679.000000 0.000000
680.000000 0.000000
681.000000 0.000000
682.000000 0.000000
683.000000 0.000000
684.000000 0.000000
685.000000 0.000000
686.000000 0.000000
687.000000 0.000000
688.000000 0.000000
689.000000 0.000000
690.000000 0.000000
691.000000 0.000000
692.000000 0.000000
693.000000 0.000000
694.000000 0.000000
695.000000 0.000000
696.000000 0.000000
697.000000 0.000000
698.000000 0.000000
699.000000 0.000000
700.000000 0.000000
701.000000 0.000000
702.000000 0.000000
703.000000 0.000000
704.000000 0.000000
705.000000 0.000000
706.000000 0.000000
707.000000 0.000000
708.000000 0.000000
709.000000 0.000000
710.000000 0.000000
711.000000 0.000000
712.000000 0.000000
713.000000 0.000000
714.000000 0.000000
715.000000 0.000000
716.000000 0.000000
717.000000 0.000000
718.000000 0.000000
719.000000 0.000000
720.000000 0.000000
721.000000 0.000000
722.000000 0.000000
723.000000 0.000000
724.000000 0.000000
725.000000 0.000000
726.000000 0.000000
727.000000 0.000000
728.000000 0.000000
729.000000 0.000000
730.000000 0.000000
731.000000 0.000000
732.000000 0.000000
733.000000 0.000000
734.000000 0.000000
735.000000 0.000000
736.000000 0.000000
737.000000 0.000000
738.000000 0.000000
739.000000 0.000000
740.000000 0.000000
741.000000 0.000000
742.000000 0.000000
743.000000 0.000000
744.000000 0.000000
745.000000 0.000000
746.000000 0.000000
747.000000 0.000000
748.000000 0.000000
749.000000 0.000000
750.000000 0.000000
751.000000 0.000000
752.000000 0.000000
753.000000 0.000000
754.000000 0.000000
755.000000 0.000000
756.000000 0.000000
757.000000 0.000000
758.000000 0.000000
759.000000 0.000000
760.000000 0.000000
761.000000 0.000000
762.000000 0.000000
763.000000 0.000000
764.000000 0.000000
765.000000 0.000000
766.000000 0.000000
767.000000 0.000000
768.000000 0.000000
769.000000 0.000000
770.000000 0.000000
771.000000 0.000000
772.000000 0.000000
773.000000 0.000000
774.000000 0.000000
775.000000 0.000000
776.000000 0.000000
777.000000 0.000000
778.000000 0.000000
779.000000 0.000000
780.000000 0.000000
781.000000 0.000000
782.000000 0.000000
783.000000 0.000000
784.000000 0.000000
785.000000 0.000000
786.000000 0.000000
787.000000 0.000000
788.000000 0.000000
789.000000 0.000000
790.000000 0.000000
791.000000 0.000000
792.000000 0.000000
793.000000 0.000000
794.000000 0.000000
795.000000 0.000000
796.000000 0.000000
797.000000 0.000000
798.000000 0.000000
799.000000 0.000000
800.000000 0.000000
801.000000 0.000000
802.000000 0.000000
803.000000 0.000000
804.000000 0.000000
805.000000 0.000000
806.000000 0.000000
807.000000 0.000000
808.000000 0.000000
809.000000 0.000000
810.000000 0.000000
811.000000 0.000000
812.000000 0.000000
813.000000 0.000000
814.000000 0.000000
815.000000 0.000000
816.000000 0.000000
817.000000 0.000000
818.000000 0.000000
819.000000 0.000000
820.000000 0.000000
821.000000 0.000000
822.000000 0.000000
823.000000 0.000000
824.000000 0.000000
825.000000 0.000000
826.000000 0.000000
827.000000 0.000000
828.000000 0.000000
829.000000 0.000000
830.000000 0.000000
831.000000 0.000000
832.000000 0.000000
833.000000 0.000000
834.000000 0.000000
835.000000 0.000000
836.000000 0.000000
837.000000 0.000000
838.000000 0.000000
839.000000 0.000000
840.000000 0.000000
841.000000 0.000000
842.000000 0.000000
843.000000 0.000000
844.000000 0.000000
845.000000 0.000000
846.000000 0.000000
847.000000 0.000000
848.000000 0.000000
849.000000 0.000000
850.000000 0.000000
851.000000 0.000000
852.000000 0.000000
853.000000 0.000000
854.000000 0.000000
855.000000 0.000000
856.000000 0.000000
857.000000 0.000000
858.000000 0.000000
859.000000 0.000000
860.000000 0.000000
861.000000 0.000000
862.000000 0.000000
863.000000 0.000000
864.000000 0.000000
865.000000 0.000000
866.000000 0.000000
867.000000 0.000000
868.000000 0.000000
869.000000 0.000000
870.000000 0.000000
871.000000 0.000000
872.000000 0.000000
873.000000 0.000000
874.000000 0.000000
875.000000 0.000000
876.000000 0.000000
877.000000 0.000000
878.000000 0.000000
879.000000 0.000000
880.000000 0.000000
881.000000 0.000000
882.000000 0.000000
883.000000 0.000000
884.000000 0.000000
885.000000 0.000000
886.000000 0.000000
887.000000 0.000000
888.000000 0.000000
889.000000 0.000000
890.000000 0.000000
891.000000 0.000000
892.000000 0.000000
893.000000 0.000000
894.000000 0.000000
895.000000 0.000000
896.000000 0.000000
897.000000 0.000000
898.000000 0.000000
899.000000 0.000000
900.000000 0.000000
901.000000 0.000000
902.000000 0.000000
903.000000 0.000000
904.000000 0.000000
905.000000 0.000000
906.000000 0.000000
907.000000 0.000000
908.000000 0.000000
909.000000 0.000000
910.000000 0.000000
911.000000 0.000000
912.000000 0.000000
913.000000 0.000000
914.000000 0.000000
915.000000 0.000000
916.000000 0.000000
917.000000 0.000000
918.000000 0.000000
919.000000 0.000000
920.000000 0.000000
921.000000 0.000000
922.000000 0.000000
923.000000 0.000000
924.000000 0.000000
925.000000 0.000000
926.000000 0.000000
927.000000 0.000000
928.000000 0.000000
929.000000 0.000000
930.000000 0.000000
931.000000 0.000000
932.000000 0.000000
933.000000 0.000000
934.000000 0.000000
935.000000 0.000000
936.000000 0.000000
937.000000 0.000000
938.000000 0.000000
939.000000 0.000000
940.000000 0.000000
941.000000 0.000000
942.000000 0.000000
943.000000 0.000000
944.000000 0.000000
945.000000 0.000000
946.000000 0.000000
947.000000 0.000000
948.000000 0.000000
949.000000 0.000000
950.000000 0.000000
951.000000 0.000000
952.000000 0.000000
953.000000 0.000000
954.000000 0.000000
955.000000 0.000000
956.000000 0.000000
957.000000 0.000000
958.000000 0.000000
959.000000 0.000000
960.000000 0.000000
961.000000 0.000000
962.000000 0.000000
963.000000 0.000000
964.000000 0.000000
965.000000 0.000000
966.000000 0.000000
967.000000 0.000000
968.000000 0.000000
969.000000 0.000000
970.000000 0.000000
971.000000 0.000000
972.000000 0.000000
973.000000 0.000000
974.000000 0.000000
975.000000 0.000000
976.000000 0.000000
977.000000 0.000000
978.000000 0.000000
979.000000 0.000000
980.000000 0.000000
981.000000 0.000000
982.000000 0.000000
983.000000 0.000000
984.000000 0.000000
985.000000 0.000000
986.000000 0.000000
987.000000 0.000000
988.000000 0.000000
989.000000 0.000000
990.000000 0.000000
991.000000 0.000000
992.000000 0.000000
993.000000 0.000000
994.000000 0.000000
995.000000 0.000000
996.000000 0.000000
997.000000 0.000001
998.000000 0.000001
999.000000 0.000001
1000.000000 0.000001
1001.000000 0.000001
1002.000000 0.000001
1003.000000 0.000001
1004.000000 0.000001
1005.000000 0.000001
1006.000000 0.000001
1007.000000 0.000001
1008.000000 0.000001
1009.000000 0.000001
1010.000000 0.000001
1011.000000 0.000001
1012.000000 0.000001
1013.000000 0.000001
1014.000000 0.000001
1015.000000 0.000001
1016.000000 0.000001
1017.000000 0.000001
1018.000000 0.000001
1019.000000 0.000001
1020.000000 0.000001
1021.000000 0.000001
1022.000000 0.000001
1023.000000 0.000001
1024.000000 0.000001
1025.000000 0.000001
1026.000000 0.000001
1027.000000 0.000001
1028.000000 0.000001
1029.000000 0.000001
1030.000000 0.000001
1031.000000 0.000001
1032.000000 0.000001
1033.000000 0.000001
1034.000000 0.000001
1035.000000 0.000001
1036.000000 0.000001
1037.000000 0.000001
1038.000000 0.000001
1039.000000 0.000001
1040.000000 0.000001
1041.000000 0.000001
1042.000000 0.000001
1043.000000 0.000001
1044.000000 0.000001
1045.000000 0.000001
1046.000000 0.000001
1047.000000 0.000001
1048.000000 0.000001
1049.000000 0.000001
1050.000000 0.000001
1051.000000 0.000001
1052.000000 0.000001
1053.000000 0.000001
1054.000000 0.000001
1055.000000 0.000002
1056.000000 0.000002
1057.000000 0.000002
1058.000000 0.000002
1059.000000 0.000002
1060.000000 0.000002
1061.000000 0.000002
1062.000000 0.000002
1063.000000 0.000002
1064.000000 0.000002
1065.000000 0.000002
1066.000000 0.000002
1067.000000 0.000002
1068.000000 0.000002
1069.000000 0.000002
1070.000000 0.000002
1071.000000 0.000002
1072.000000 0.000002
1073.000000 0.000002
1074.000000 0.000002
1075.000000 0.000002
1076.000000 0.000002
1077.000000 0.000002
1078.000000 0.000002
1079.000000 0.000002
1080.000000 0.000002
1081.000000 0.000002
1082.000000 0.000002
1083.000000 0.000002
1084.000000 0.000002
1085.000000 0.000003
1086.000000 0.000003
1087.000000 0.000003
1088.000000 0.000003
1089.000000 0.000003
1090.000000 0.000003
1091.000000 0.000003
1092.000000 0.000003
1093.000000 0.000003
1094.000000 0.000003
1095.000000 0.000003
1096.000000 0.000003
1097.000000 0.000003
1098.000000 0.000003
1099.000000 0.000003
1100.000000 0.000003
1101.000000 0.000003
1102.000000 0.000003
1103.000000 0.000003
1104.000000 0.000003
1105.000000 0.000003
1106.000000 0.000004
1107.000000 0.000004
1108.000000 0.000004
1109.000000 0.000004
1110.000000 0.000004
1111.000000 0.000004
1112.000000 0.000004
1113.000000 0.000004
1114.000000 0.000004
1115.000000 0.000004
1116.000000 0.000004
1117.000000 0.000004
1118.000000 0.000004
1119.000000 0.000004
1120.000000 0.000004
1121.000000 0.000004
1122.000000 0.000005
1123.000000 0.000005
1124.000000 0.000005
1125.000000 0.000005
1126.000000 0.000005
1127.000000 0.000005
1128.000000 0.000005
1129.000000 0.000005
1130.000000 0.000005
1131.000000 0.000005
1132.000000 0.000005
1133.000000 0.000005
1134.000000 0.000005
1135.000000 0.000006
1136.000000 0.000006
1137.000000 0.000006
1138.000000 0.000006
1139.000000 0.000006
1140.000000 0.000006
1141.000000 0.000006
1142.000000 0.000006
1143.000000 0.000006
1144.000000 0.000006
1145.000000 0.000006
1146.000000 0.000007
1147.000000 0.000007
1148.000000 0.000007
1149.000000 0.000007
1150.000000 0.000007
1151.000000 0.000007
1152.000000 0.000007
1153.000000 0.000007
1154.000000 0.000007
1155.000000 0.000007
1156.000000 0.000008
1157.000000 0.000008
1158.000000 0.000008
1159.000000 0.000008
1160.000000 0.000008
1161.000000 0.000008
1162.000000 0.000008
1163.000000 0.000008
1164.000000 0.000009
1165.000000 0.000009
1166.000000 0.000009
1167.000000 0.000009
1168.000000 0.000009
1169.000000 0.000009
1170.000000 0.000009
1171.000000 0.000009
1172.000000 0.000010
1173.000000 0.000010
1174.000000 0.000010
1175.000000 0.000010
1176.000000 0.000010
1177.000000 0.000010
1178.000000 0.000010
1179.000000 0.000011
1180.000000 0.000011
1181.000000 0.000011
1182.000000 0.000011
1183.000000 0.000011
1184.000000 0.000011
1185.000000 0.000011
1186.000000 0.000012
1187.000000 0.000012
1188.000000 0.000012
1189.000000 0.000012
1190.000000 0.000012
1191.000000 0.000012
1192.000000 0.000013
1193.000000 0.000013
1194.000000 0.000013
1195.000000 0.000013
1196.000000 0.000013
1197.000000 0.000013
1198.000000 0.000014
1199.000000 0.000014
1200.000000 0.000014
1201.000000 0.000014
1202.000000 0.000014
1203.000000 0.000015
1204.000000 0.000015
1205.000000 0.000015
1206.000000 0.000015
1207.000000 0.000015
1208.000000 0.000016
1209.000000 0.000016
1210.000000 0.000016
1211.000000 0.000016
1212.000000 0.000016
1213.000000 0.000017
1214.000000 0.000017
1215.000000 0.000017
1216.000000 0.000017
1217.000000 0.000018
1218.000000 0.000018
1219.000000 0.000018
1220.000000 0.000018
1221.000000 0.000018
1222.000000 0.000019
1223.000000 0.000019
1224.000000 0.000019
1225.000000 0.000019
1226.000000 0.000020
1227.000000 0.000020
1228.000000 0.000020
1229.000000 0.000020
1230.000000 0.000021
1231.000000 0.000021
1232.000000 0.000021
1233.000000 0.000021
1234.000000 0.000022
1235.000000 0.000022
1236.000000 0.000022
1237.000000 0.000023
1238.000000 0.000023
1239.000000 0.000023
1240.000000 0.000023
1241.000000 0.000024
1242.000000 0.000024
1243.000000 0.000024
1244.000000 0.000025
1245.000000 0.000025
1246.000000 0.000025
1247.000000 0.000026
1248.000000 0.000026
1249.000000 0.000026
1250.000000 0.000026
1251.000000 0.000027
1252.000000 0.000027
1253.000000 0.000027
1254.000000 0.000028
1255.000000 0.000028
1256.000000 0.000028
1257.000000 0.000029
1258.000000 0.000029
1259.000000 0.000029
1260.000000 0.000030
1261.000000 0.000030
1262.000000 0.000031
1263.000000 0.000031
1264.000000 0.000031
1265.000000 0.000032
1266.000000 0.000032
1267.000000 0.000032
1268.000000 0.000033
1269.000000 0.000033
1270.000000 0.000033
1271.000000 0.000034
1272.000000 0.000034
1273.000000 0.000035
1274.000000 0.000035
1275.000000 0.000035
1276.000000 0.000036
1277.000000 0.000036
1278.000000 0.000037
1279.000000 0.000037
1280.000000 0.000038
1281.000000 0.000038
1282.000000 0.000038
1283.000000 0.000039
1284.000000 0.000039
1285.000000 0.000040
1286.000000 0.000040
1287.000000 0.000041
1288.000000 0.000041
1289.000000 0.000042
1290.000000 0.000042
1291.000000 0.000043
1292.000000 0.000043
1293.000000 0.000043
1294.000000 0.000044
1295.000000 0.000044
1296.000000 0.000045
1297.000000 0.000045
1298.000000 0.000046
1299.000000 0.000046
1300.000000 0.000047
1301.000000 0.000047
1302.000000 0.000048
1303.000000 0.000048
1304.000000 0.000049
1305.000000 0.000050
1306.000000 0.000050
1307.000000 0.000051
1308.000000 0.000051
1309.000000 0.000052
1310.000000 0.000052
1311.000000 0.000053
1312.000000 0.000053
1313.000000 0.000054
1314.000000 0.000055
1315.000000 0.000055
1316.000000 0.000056
1317.000000 0.000056
1318.000000 0.000057
1319.000000 0.000057
1320.000000 0.000058
1321.000000 0.000059
1322.000000 0.000059
1323.000000 0.000060
1324.000000 0.000061
1325.000000 0.000061
1326.000000 0.000062
1327.000000 0.000062
1328.000000 0.000063
1329.000000 0.000064
1330.000000 0.000064
1331.000000 0.000065
1332.000000 0.000066
1333.000000 0.000066
1334.000000 0.000067
1335.000000 0.000068
1336.000000 0.000068
1337.000000 0.000069
1338.000000 0.000070
1339.000000 0.000071
1340.000000 0.000071
1341.000000 0.000072
1342.000000 0.000073
1343.000000 0.000073
1344.000000 0.000074
1345.000000 0.000075
1346.000000 0.000076
1347.000000 0.000076
1348.000000 0.000077
1349.000000 0.000078
1350.000000 0.000079
1351.000000 0.000079
1352.000000 0.000080
1353.000000 0.000081
1354.000000 0.000082
1355.000000 0.000083
1356.000000 0.000083
1357.000000 0.000084
1358.000000 0.000085
1359.000000 0.000086
1360.000000 0.000087
1361.000000 0.000088
1362.000000 0.000088
1363.000000 0.000089
1364.000000 0.000090
1365.000000 0.000091
1366.000000 0.000092
1367.000000 0.000093
1368.000000 0.000094
1369.000000 0.000094
1370.000000 0.000095
1371.000000 0.000096
1372.000000 0.000097
1373.000000 0.000098
1374.000000 0.000099
1375.000000 0.000100
1376.000000 0.000101
1377.000000 0.000102
1378.000000 0.000103
1379.000000 0.000104
1380.000000 0.000105
1381.000000 0.000106
1382.000000 0.000107
1383.000000 0.000108
1384.000000 0.000109
1385.000000 0.000110
1386.000000 0.000111
1387.000000 0.000112
1388.000000 0.000113
1389.000000 0.000114
1390.000000 0.000115
1391.000000 0.000116
1392.000000 0.000117
1393.000000 0.000118
1394.000000 0.000119
1395.000000 0.000120
1396.000000 0.000121
1397.000000 0.000122
1398.000000 0.000123
1399.000000 0.000124
1400.000000 0.000125
1401.000000 0.000126
1402.000000 0.000128
1403.000000 0.000129
1404.000000 0.000130
1405.000000 0.000131
1406.000000 0.000132
1407.000000 0.000133
1408.000000 0.000134
1409.000000 0.000136
1410.000000 0.000137
1411.000000 0.000138
1412.000000 0.000139
1413.000000 0.000140
1414.000000 0.000142
1415.000000 0.000143
1416.000000 0.000144
1417.000000 0.000145
1418.000000 0.000146
1419.000000 0.000148
1420.000000 0.000149
1421.000000 0.000150
1422.000000 0.000151
1423.000000 0.000153
1424.000000 0.000154
1425.000000 0.000155
1426.000000 0.000157
1427.000000 0.000158
1428.000000 0.000159
1429.000000 0.000161
1430.000000 0.000162
1431.000000 0.000163
1432.000000 0.000165
1433.000000 0.000166
1434.000000 0.000167
1435.000000 0.000169
1436.000000 0.000170
1437.000000 0.000171
1438.000000 0.000173
1439.000000 0.000174
1440.000000 0.000176
1441.000000 0.000177
1442.000000 0.000178
1443.000000 0.000180
1444.000000 0.000181
1445.000000 0.000183
1446.000000 0.000184
1447.000000 0.000186
1448.000000 0.000187
1449.000000 0.000189
1450.000000 0.000190
1451.000000 0.000192
1452.000000 0.000193
1453.000000 0.000195
1454.000000 0.000196
1455.000000 0.000198
1456.000000 0.000199
1457.000000 0.000201
1458.000000 0.000202
1459.000000 0.000204
1460.000000 0.000206
1461.000000 0.000207
1462.000000 0.000209
1463.000000 0.000210
1464.000000 0.000212
1465.000000 0.000214
1466.000000 0.000215
1467.000000 0.000217
1468.000000 0.000219
1469.000000 0.000220
1470.000000 0.000222
1471.000000 0.000224
1472.000000 0.000225
1473.000000 0.000227
1474.000000 0.000229
1475.000000 0.000230
1476.000000 0.000232
1477.000000 0.000234
1478.000000 0.000235
1479.000000 0.000237
1480.000000 0.000239
1481.000000 0.000241
1482.000000 0.000242
1483.000000 0.000244
1484.000000 0.000246
1485.000000 0.000248
1486.000000 0.000250
1487.000000 0.000251
1488.000000 0.000253
1489.000000 0.000255
1490.000000 0.000257
1491.000000 0.000259
1492.000000 0.000261
1493.000000 0.000262
1494.000000 0.000264
1495.000000 0.000266
1496.000000 0.000268
1497.000000 0.000270
1498.000000 0.000272
1499.000000 0.000274
1500.000000 0.000276
1501.000000 0.000278
1502.000000 0.000280
1503.000000 0.000282
1504.000000 0.000284
1505.000000 0.000286
1506.000000 0.000288
1507.000000 0.000289
1508.000000 0.000291
1509.000000 0.000293
1510.000000 0.000295
1511.000000 0.000298
1512.000000 0.000300
1513.000000 0.000302
1514.000000 0.000304
1515.000000 0.000306
1516.000000 0.000308
1517.000000 0.000310
1518.000000 0.000312
1519.000000 0.000314
1520.000000 0.000316
1521.000000 0.000318
1522.000000 0.000320
1523.000000 0.000322
1524.000000 0.000325
1525.000000 0.000327
1526.000000 0.000329
1527.000000 0.000331
1528.000000 0.000333
1529.000000 0.000335
1530.000000 0.000338
1531.000000 0.000340
1532.000000 0.000342
1533.000000 0.000344
1534.000000 0.000346
1535.000000 0.000349
1536.000000 0.000351
1537.000000 0.000353
1538.000000 0.000355
1539.000000 0.000358
1540.000000 0.000360
1541.000000 0.000362
1542.000000 0.000365
1543.000000 0.000367
1544.000000 0.000369
1545.000000 0.000371
1546.000000 0.000374
1547.000000 0.000376
1548.000000 0.000378
1549.000000 0.000381
1550.000000 0.000383
1551.000000 0.000386
1552.000000 0.000388
1553.000000 0.000390
1554.000000 0.000393
1555.000000 0.000395
1556.000000 0.000397
1557.000000 0.000400
1558.000000 0.000402
1559.000000 0.000405
1560.000000 0.000407
1561.000000 0.000410
1562.000000 0.000412
1563.000000 0.000415
1564.000000 0.000417
1565.000000 0.000420
1566.000000 0.000422
1567.000000 0.000424
1568.000000 0.000427
1569.000000 0.000430
1570.000000 0.000432
1571.000000 0.000435
1572.000000 0.000437
1573.000000 0.000440
1574.000000 0.000442
1575.000000 0.000445
1576.000000 0.000447
1577.000000 0.000450
1578.000000 0.000452
1579.000000 0.000455
1580.000000 0.000458
1581.000000 0.000460
1582.000000 0.000463
1583.000000 0.000466
1584.000000 0.000468
1585.000000 0.000471
1586.000000 0.000473
1587.000000 0.000476
1588.000000 0.000479
1589.000000 0.000481
1590.000000 0.000484
1591.000000 0.000487
1592.000000 0.000489
1593.000000 0.000492
1594.000000 0.000495
1595.000000 0.000498
1596.000000 0.000500
1597.000000 0.000503
1598.000000 0.000506
1599.000000 0.000509
1600.000000 0.000511
1601.000000 0.000514
1602.000000 0.000517
1603.000000 0.000520
1604.000000 0.000522
1605.000000 0.000525
1606.000000 0.000528
1607.000000 0.000531
1608.000000 0.000533
1609.000000 0.000536
1610.000000 0.000539
1611.000000 0.000542
1612.000000 0.000545
1613.000000 0.000548
1614.000000 0.000550
1615.000000 0.000553
1616.000000 0.000556
1617.000000 0.000559
1618.000000 0.000562
1619.000000 0.000565
1620.000000 0.000568
1621.000000 0.000570
1622.000000 0.000573
1623.000000 0.000576
1624.000000 0.000579
1625.000000 0.000582
1626.000000 0.000585
1627.000000 0.000588
1628.000000 0.000591
1629.000000 0.000594
1630.000000 0.000597
1631.000000 0.000600
1632.000000 0.000603
1633.000000 0.000606
1634.000000 0.000609
1635.000000 0.000611
1636.000000 0.000614
1637.000000 0.000617
1638.000000 0.000620
1639.000000 0.000623
1640.000000 0.000626
1641.000000 0.000629
1642.000000 0.000632
1643.000000 0.000635
1644.000000 0.000638
1645.000000 0.000641
1646.000000 0.000644
1647.000000 0.000647
1648.000000 0.000650
1649.000000 0.000653
1650.000000 0.000657
1651.000000 0.000660
1652.000000 0.000663
1653.000000 0.000666
1654.000000 0.000669
1655.000000 0.000672
1656.000000 0.000675
1657.000000 0.000678
1658.000000 0.000681
1659.000000 0.000684
1660.000000 0.000687
1661.000000 0.000690
1662.000000 0.000693
1663.000000 0.000696
1664.000000 0.000700
1665.000000 0.000703
1666.000000 0.000706
1667.000000 0.000709
1668.000000 0.000712
1669.000000 0.000715
1670.000000 0.000718
1671.000000 0.000721
1672.000000 0.000724
1673.000000 0.000728
1674.000000 0.000731
1675.000000 0.000734
1676.000000 0.000737
1677.000000 0.000740
1678.000000 0.000743
1679.000000 0.000746
1680.000000 0.000749
1681.000000 0.000753
1682.000000 0.000756
1683.000000 0.000759
1684.000000 0.000762
1685.000000 0.000765
1686.000000 0.000768
1687.000000 0.000772
1688.000000 0.000775
1689.000000 0.000778
1690.000000 0.000781
1691.000000 0.000784
1692.000000 0.000787
1693.000000 0.000791
1694.000000 0.000794
1695.000000 0.000797
1696.000000 0.000800
1697.000000 0.000803
1698.000000 0.000806
1699.000000 0.000810
1700.000000 0.000813
1701.000000 0.000816
1702.000000 0.000819
1703.000000 0.000822
1704.000000 0.000825
1705.000000 0.000829
1706.000000 0.000832
1707.000000 0.000835
1708.000000 0.000838
1709.000000 0.000841
1710.000000 0.000845
1711.000000 0.000848
1712.000000 0.000851
1713.000000 0.000854
1714.000000 0.000857
1715.000000 0.000861
1716.000000 0.000864
1717.000000 0.000867
1718.000000 0.000870
1719.000000 0.000873
1720.000000 0.000876
1721.000000 0.000880
1722.000000 0.000883
1723.000000 0.000886
1724.000000 0.000889
1725.000000 0.000892
1726.000000 0.000896
1727.000000 0.000899
1728.000000 0.000902
1729.000000 0.000905
1730.000000 0.000908
1731.000000 0.000911
1732.000000 0.000915
1733.000000 0.000918
1734.000000 0.000921
1735.000000 0.000924
1736.000000 0.000927
1737.000000 0.000930
1738.000000 0.000934
1739.000000 0.000937
1740.000000 0.000940
1741.000000 0.000943
1742.000000 0.000946
1743.000000 0.000949
1744.000000 0.000953
1745.000000 0.000956
1746.000000 0.000959
1747.000000 0.000962
1748.000000 0.000965
1749.000000 0.000968
1750.000000 0.000971
1751.000000 0.000975
1752.000000 0.000978
1753.000000 0.000981
1754.000000 0.000984
1755.000000 0.000987
1756.000000 0.000990
1757.000000 0.000993
1758.000000 0.000996
1759.000000 0.000999
1760.000000 0.001003
1761.000000 0.001006
1762.000000 0.001009
1763.000000 0.001012
1764.000000 0.001015
1765.000000 0.001018
1766.000000 0.001021
1767.000000 0.001024
1768.000000 0.001027
1769.000000 0.001030
1770.000000 0.001033
1771.000000 0.001036
1772.000000 0.001039
1773.000000 0.001042
1774.000000 0.001045
1775.000000 0.001048
1776.000000 0.001051
1777.000000 0.001054
1778.000000 0.001058
1779.000000 0.001061
1780.000000 0.001064
1781.000000 0.001067
1782.000000 0.001069
1783.000000 0.001072
1784.000000 0.001075
1785.000000 0.001078
1786.000000 0.001081
1787.000000 0.001084
1788.000000 0.001087
1789.000000 0.001090
1790.000000 0.001093
1791.000000 0.001096
1792.000000 0.001099
1793.000000 0.001102
1794.000000 0.001105
1795.000000 0.001108
1796.000000 0.001111
1797.000000 0.001114
1798.000000 0.001116
1799.000000 0.001119
1800.000000 0.001122
1801.000000 0.001125
1802.000000 0.001128
1803.000000 0.001131
1804.000000 0.001134
1805.000000 0.001136
1806.000000 0.001139
1807.000000 0.001142
1808.000000 0.001145
1809.000000 0.001148
1810.000000 0.001150
1811.000000 0.001153
1812.000000 0.001156
1813.000000 0.001159
1814.000000 0.001162
1815.000000 0.001164
1816.000000 0.001167
1817.000000 0.001170
1818.000000 0.001172
1819.000000 0.001175
1820.000000 0.001178
1821.000000 0.001181
1822.000000 0.001183
1823.000000 0.001186
1824.000000 0.001189
1825.000000 0.001191
1826.000000 0.001194
1827.000000 0.001197
1828.000000 0.001199
1829.000000 0.001202
1830.000000 0.001204
1831.000000 0.001207
1832.000000 0.001210
1833.000000 0.001212
1834.000000 0.001215
1835.000000 0.001217
1836.000000 0.001220
1837.000000 0.001222
1838.000000 0.001225
1839.000000 0.001227
1840.000000 0.001230
1841.000000 0.001232
1842.000000 0.001235
1843.000000 0.001237
1844.000000 0.001240
1845.000000 0.001242
1846.000000 0.001245
1847.000000 0.001247
1848.000000 0.001250
1849.000000 0.001252
1850.000000 0.001254
1851.000000 0.001257
1852.000000 0.001259
1853.000000 0.001261
1854.000000 0.001264
1855.000000 0.001266
1856.000000 0.001268
1857.000000 0.001271
1858.000000 0.001273
1859.000000 0.001275
1860.000000 0.001278
1861.000000 0.001280
1862.000000 0.001282
1863.000000 0.001284
1864.000000 0.001287
1865.000000 0.001289
1866.000000 0.001291
1867.000000 0.001293
1868.000000 0.001295
1869.000000 0.001297
1870.000000 0.001300
1871.000000 0.001302
1872.000000 0.001304
1873.000000 0.001306
1874.000000 0.001308
1875.000000 0.001310
1876.000000 0.001312
1877.000000 0.001314
1878.000000 0.001316
1879.000000 0.001318
1880.000000 0.001320
1881.000000 0.001322
1882.000000 0.001324
1883.000000 0.001326
1884.000000 0.001328
1885.000000 0.001330
1886.000000 0.001332
1887.000000 0.001334
1888.000000 0.001336
1889.000000 0.001338
1890.000000 0.001340
1891.000000 0.001342
1892.000000 0.001343
1893.000000 0.001345
1894.000000 0.001347
1895.000000 0.001349
1896.000000 0.001351
1897.000000 0.001352
1898.000000 0.001354
1899.000000 0.001356
1900.000000 0.001358
1901.000000 0.001359
1902.000000 0.001361
1903.000000 0.001363
1904.000000 0.001364
1905.000000 0.001366
1906.000000 0.001368
1907.000000 0.001369
1908.000000 0.001371
1909.000000 0.001372
1910.000000 0.001374
1911.000000 0.001376
1912.000000 0.001377
1913.000000 0.001379
1914.000000 0.001380
1915.000000 0.001382
1916.000000 0.001383
1917.000000 0.001384
1918.000000 0.001386
1919.000000 0.001387
1920.000000 0.001389
1921.000000 0.001390
1922.000000 0.001392
1923.000000 0.001393
1924.000000 0.001394
1925.000000 0.001396
1926.000000 0.001397
1927.000000 0.001398
1928.000000 0.001399
1929.000000 0.001401
1930.000000 0.001402
1931.000000 0.001403
1932.000000 0.001404
1933.000000 0.001406
1934.000000 0.001407
1935.000000 0.001408
1936.000000 0.001409
1937.000000 0.001410
1938.000000 0.001411
1939.000000 0.001412
1940.000000 0.001414
1941.000000 0.001415
1942.000000 0.001416
1943.000000 0.001417
1944.000000 0.001418
1945.000000 0.001419
1946.000000 0.001420
1947.000000 0.001421
1948.000000 0.001422
1949.000000 0.001423
1950.000000 0.001423
1951.000000 0.001424
1952.000000 0.001425
1953.000000 0.001426
1954.000000 0.001427
1955.000000 0.001428
1956.000000 0.001429
1957.000000 0.001429
1958.000000 0.001430
1959.000000 0.001431
1960.000000 0.001432
1961.000000 0.001432
1962.000000 0.001433
1963.000000 0.001434
1964.000000 0.001434
1965.000000 0.001435
1966.000000 0.001436
1967.000000 0.001436
1968.000000 0.001437
1969.000000 0.001437
1970.000000 0.001438
1971.000000 0.001438
1972.000000 0.001439
1973.000000 0.001439
1974.000000 0.001440
1975.000000 0.001440
1976.000000 0.001441
1977.000000 0.001441
1978.000000 0.001442
1979.000000 0.001442
1980.000000 0.001443
1981.000000 0.001443
1982.000000 0.001443
1983.000000 0.001444
1984.000000 0.001444
1985.000000 0.001444
1986.000000 0.001444
1987.000000 0.001445
1988.000000 0.001445
1989.000000 0.001445
1990.000000 0.001445
1991.000000 0.001445
1992.000000 0.001446
1993.000000 0.001446
1994.000000 0.001446
1995.000000 0.001446
1996.000000 0.001446
1997.000000 0.001446
1998.000000 0.001446
1999.000000 0.001446
2000.000000 0.001446
2001.000000 0.001446
2002.000000 0.001446
2003.000000 0.001446
2004.000000 0.001446
2005.000000 0.001446
2006.000000 0.001446
2007.000000 0.001446
2008.000000 0.001446
2009.000000 0.001446
2010.000000 0.001445
2011.000000 0.001445
2012.000000 0.001445
2013.000000 0.001445
2014.000000 0.001445
2015.000000 0.001444
2016.000000 0.001444
2017.000000 0.001444
2018.000000 0.001444
2019.000000 0.001443
2020.000000 0.001443
2021.000000 0.001443
2022.000000 0.001442
2023.000000 0.001442
2024.000000 0.001441
2025.000000 0.001441
2026.000000 0.001440
2027.000000 0.001440
2028.000000 0.001439
2029.000000 0.001439
2030.000000 0.001438
2031.000000 0.001438
2032.000000 0.001437
2033.000000 0.001437
2034.000000 0.001436
2035.000000 0.001436
2036.000000 0.001435
2037.000000 0.001434
2038.000000 0.001434
2039.000000 0.001433
2040.000000 0.001432
2041.000000 0.001432
2042.000000 0.001431
2043.000000 0.001430
2044.000000 0.001429
2045.000000 0.001429
2046.000000 0.001428
2047.000000 0.001427
2048.000000 0.001426
2049.000000 0.001425
2050.000000 0.001424
2051.000000 0.001423
2052.000000 0.001423
2053.000000 0.001422
2054.000000 0.001421
2055.000000 0.001420
2056.000000 0.001419
2057.000000 0.001418
2058.000000 0.001417
2059.000000 0.001416
2060.000000 0.001415
2061.000000 0.001414
2062.000000 0.001412
2063.000000 0.001411
2064.000000 0.001410
2065.000000 0.001409
2066.000000 0.001408
2067.000000 0.001407
2068.000000 0.001406
2069.000000 0.001404
2070.000000 0.001403
2071.000000 0.001402
2072.000000 0.001401
2073.000000 0.001399
2074.000000 0.001398
2075.000000 0.001397
2076.000000 0.001396
2077.000000 0.001394
2078.000000 0.001393
2079.000000 0.001392
2080.000000 0.001390
2081.000000 0.001389
2082.000000 0.001387
2083.000000 0.001386
2084.000000 0.001384
2085.000000 0.001383
2086.000000 0.001382
2087.000000 0.001380
2088.000000 0.001379
2089.000000 0.001377
2090.000000 0.001376
2091.000000 0.001374
2092.000000 0.001372
2093.000000 0.001371
2094.000000 0.001369
2095.000000 0.001368
2096.000000 0.001366
2097.000000 0.001364
2098.000000 0.001363
2099.000000 0.001361
2100.000000 0.001359
2101.000000 0.001358
2102.000000 0.001356
2103.000000 0.001354
2104.000000 0.001352
2105.000000 0.001351
2106.000000 0.001349
2107.000000 0.001347
2108.000000 0.001345
2109.000000 0.001343
2110.000000 0.001342
2111.000000 0.001340
2112.000000 0.001338
2113.000000 0.001336
2114.000000 0.001334
2115.000000 0.001332
2116.000000 0.001330
2117.000000 0.001328
2118.000000 0.001326
2119.000000 0.001324
2120.000000 0.001322
2121.000000 0.001320
2122.000000 0.001318
2123.000000 0.001316
2124.000000 0.001314
2125.000000 0.001312
2126.000000 0.001310
2127.000000 0.001308
2128.000000 0.001306
2129.000000 0.001304
2130.000000 0.001302
2131.000000 0.001300
2132.000000 0.001297
2133.000000 0.001295
2134.000000 0.001293
2135.000000 0.001291
2136.000000 0.001289
2137.000000 0.001287
2138.000000 0.001284
2139.000000 0.001282
2140.000000 0.001280
2141.000000 0.001278
2142.000000 0.001275
2143.000000 0.001273
2144.000000 0.001271
2145.000000 0.001268
2146.000000 0.001266
2147.000000 0.001264
2148.000000 0.001261
2149.000000 0.001259
2150.000000 0.001257
2151.000000 0.001254
2152.000000 0.001252
2153.000000 0.001250
2154.000000 0.001247
2155.000000 0.001245
2156.000000 0.001242
2157.000000 0.001240
2158.000000 0.001237
2159.000000 0.001235
2160.000000 0.001232
2161.000000 0.001230
2162.000000 0.001227
2163.000000 0.001225
2164.000000 0.001222
2165.000000 0.001220
2166.000000 0.001217
2167.000000 0.001215
2168.000000 0.001212
2169.000000 0.001210
2170.000000 0.001207
2171.000000 0.001204
2172.000000 0.001202
2173.000000 0.001199
2174.000000 0.001197
2175.000000 0.001194
2176.000000 0.001191
2177.000000 0.001189
2178.000000 0.001186
2179.000000 0.001183
2180.000000 0.001181
2181.000000 0.001178
2182.000000 0.001175
2183.000000 0.001172
2184.000000 0.001170
2185.000000 0.001167
2186.000000 0.001164
2187.000000 0.001162
2188.000000 0.001159
2189.000000 0.001156
2190.000000 0.001153
2191.000000 0.001150
2192.000000 0.001148
2193.000000 0.001145
2194.000000 0.001142
2195.000000 0.001139
2196.000000 0.001136
2197.000000 0.001134
2198.000000 0.001131
2199.000000 0.001128
2200.000000 0.001125
2201.000000 0.001122
2202.000000 0.001119
2203.000000 0.001116
2204.000000 0.001114
2205.000000 0.001111
2206.000000 0.001108
2207.000000 0.001105
2208.000000 0.001102
2209.000000 0.001099
2210.000000 0.001096
2211.000000 0.001093
2212.000000 0.001090
2213.000000 0.001087
2214.000000 0.001084
2215.000000 0.001081
2216.000000 0.001078
2217.000000 0.001075
2218.000000 0.001072
2219.000000 0.001069
2220.000000 0.001067
2221.000000 0.001064
2222.000000 0.001061
2223.000000 0.001058
2224.000000 0.001054
2225.000000 0.001051
2226.000000 0.001048
2227.000000 0.001045
2228.000000 0.001042
2229.000000 0.001039
2230.000000 0.001036
2231.000000 0.001033
2232.000000 0.001030
2233.000000 0.001027
2234.000000 0.001024
2235.000000 0.001021
2236.000000 0.001018
2237.000000 0.001015
2238.000000 0.001012
2239.000000 0.001009
2240.000000 0.001006
2241.000000 0.001003
2242.000000 0.000999
2243.000000 0.000996
2244.000000 0.000993
2245.000000 0.000990
2246.000000 0.000987
2247.000000 0.000984
2248.000000 0.000981
2249.000000 0.000978
2250.000000 0.000975
2251.000000 0.000971
2252.000000 0.000968
2253.000000 0.000965
2254.000000 0.000962
2255.000000 0.000959
2256.000000 0.000956
2257.000000 0.000953
2258.000000 0.000949
2259.000000 0.000946
2260.000000 0.000943
2261.000000 0.000940
2262.000000 0.000937
2263.000000 0.000934
2264.000000 0.000930
2265.000000 0.000927
2266.000000 0.000924
2267.000000 0.000921
2268.000000 0.000918
2269.000000 0.000915
2270.000000 0.000911
2271.000000 0.000908
2272.000000 0.000905
2273.000000 0.000902
2274.000000 0.000899
2275.000000 0.000896
2276.000000 0.000892
2277.000000 0.000889
2278.000000 0.000886
2279.000000 0.000883
2280.000000 0.000880
2281.000000 0.000876
2282.000000 0.000873
2283.000000 0.000870
2284.000000 0.000867
2285.000000 0.000864
2286.000000 0.000861
2287.000000 0.000857
2288.000000 0.000854
2289.000000 0.000851
2290.000000 0.000848
2291.000000 0.000845
2292.000000 0.000841
2293.000000 0.000838
2294.000000 0.000835
2295.000000 0.000832
2296.000000 0.000829
2297.000000 0.000825
2298.000000 0.000822
2299.000000 0.000819
2300.000000 0.000816
2301.000000 0.000813
2302.000000 0.000810
2303.000000 0.000806
2304.000000 0.000803
2305.000000 0.000800
2306.000000 0.000797
2307.000000 0.000794
2308.000000 0.000791
2309.000000 0.000787
2310.000000 0.000784
2311.000000 0.000781
2312.000000 0.000778
2313.000000 0.000775
2314.000000 0.000772
2315.000000 0.000768
2316.000000 0.000765
2317.000000 0.000762
2318.000000 0.000759
2319.000000 0.000756
2320.000000 0.000753
2321.000000 0.000749
2322.000000 0.000746
2323.000000 0.000743
2324.000000 0.000740
2325.000000 0.000737
2326.000000 0.000734
2327.000000 0.000731
2328.000000 0.000728
2329.000000 0.000724
2330.000000 0.000721
2331.000000 0.000718
2332.000000 0.000715
2333.000000 0.000712
2334.000000 0.000709
2335.000000 0.000706
2336.000000 0.000703
2337.000000 0.000700
2338.000000 0.000696
2339.000000 0.000693
2340.000000 0.000690
2341.000000 0.000687
2342.000000 0.000684
2343.000000 0.000681
2344.000000 0.000678
2345.000000 0.000675
2346.000000 0.000672
2347.000000 0.000669
2348.000000 0.000666
2349.000000 0.000663
2350.000000 0.000660
2351.000000 0.000657
2352.000000 0.000653
2353.000000 0.000650
2354.000000 0.000647
2355.000000 0.000644
2356.000000 0.000641
2357.000000 0.000638
2358.000000 0.000635
2359.000000 0.000632
2360.000000 0.000629
2361.000000 0.000626
2362.000000 0.000623
2363.000000 0.000620
2364.000000 0.000617
2365.000000 0.000614
2366.000000 0.000611
2367.000000 0.000609
2368.000000 0.000606
2369.000000 0.000603
2370.000000 0.000600
2371.000000 0.000597
2372.000000 0.000594
2373.000000 0.000591
2374.000000 0.000588
2375.000000 0.000585
2376.000000 0.000582
2377.000000 0.000579
2378.000000 0.000576
2379.000000 0.000573
2380.000000 0.000570
2381.000000 0.000568
2382.000000 0.000565
2383.000000 0.000562
2384.000000 0.000559
2385.000000 0.000556
2386.000000 0.000553
2387.000000 0.000550
2388.000000 0.000548
2389.000000 0.000545
2390.000000 0.000542
2391.000000 0.000539
2392.000000 0.000536
2393.000000 0.000533
2394.000000 0.000531
2395.000000 0.000528
2396.000000 0.000525
2397.000000 0.000522
2398.000000 0.000520
2399.000000 0.000517
2400.000000 0.000514
2401.000000 0.000511
2402.000000 0.000509
2403.000000 0.000506
2404.000000 0.000503
2405.000000 0.000500
2406.000000 0.000498
2407.000000 0.000495
2408.000000 0.000492
2409.000000 0.000489
2410.000000 0.000487
2411.000000 0.000484
2412.000000 0.000481
2413.000000 0.000479
2414.000000 0.000476
2415.000000 0.000473
2416.000000 0.000471
2417.000000 0.000468
2418.000000 0.000466
2419.000000 0.000463
2420.000000 0.000460
2421.000000 0.000458
2422.000000 0.000455
2423.000000 0.000452
2424.000000 0.000450
2425.000000 0.000447
2426.000000 0.000445
2427.000000 0.000442
2428.000000 0.000440
2429.000000 0.000437
2430.000000 0.000435
2431.000000 0.000432
2432.000000 0.000430
2433.000000 0.000427
2434.000000 0.000424
2435.000000 0.000422
2436.000000 0.000420
2437.000000 0.000417
2438.000000 0.000415
2439.000000 0.000412
2440.000000 0.000410
2441.000000 0.000407
2442.000000 0.000405
2443.000000 0.000402
2444.000000 0.000400
2445.000000 0.000397
2446.000000 0.000395
2447.000000 0.000393
2448.000000 0.000390
2449.000000 0.000388
2450.000000 0.000386
2451.000000 0.000383
2452.000000 0.000381
2453.000000 0.000378
2454.000000 0.000376
2455.000000 0.000374
2456.000000 0.000371
2457.000000 0.000369
2458.000000 0.000367
2459.000000 0.000365
2460.000000 0.000362
2461.000000 0.000360
2462.000000 0.000358
2463.000000 0.000355
2464.000000 0.000353
2465.000000 0.000351
2466.000000 0.000349
2467.000000 0.000346
2468.000000 0.000344
2469.000000 0.000342
2470.000000 0.000340
2471.000000 0.000338
2472.000000 0.000335
2473.000000 0.000333
2474.000000 0.000331
2475.000000 0.000329
2476.000000 0.000327
2477.000000 0.000325
2478.000000 0.000322
2479.000000 0.000320
2480.000000 0.000318
2481.000000 0.000316
2482.000000 0.000314
2483.000000 0.000312
2484.000000 0.000310
2485.000000 0.000308
2486.000000 0.000306
2487.000000 0.000304
2488.000000 0.000302
2489.000000 0.000300
2490.000000 0.000298
2491.000000 0.000295
2492.000000 0.000293
2493.000000 0.000291
2494.000000 0.000289
2495.000000 0.000288
2496.000000 0.000286
2497.000000 0.000284
2498.000000 0.000282
2499.000000 0.000280
2500.000000 0.000278
2501.000000 0.000276
2502.000000 0.000274
2503.000000 0.000272
2504.000000 0.000270
2505.000000 0.000268
2506.000000 0.000266
2507.000000 0.000264
2508.000000 0.000262
2509.000000 0.000261
2510.000000 0.000259
2511.000000 0.000257
2512.000000 0.000255
2513.000000 0.000253
2514.000000 0.000251
2515.000000 0.000250
2516.000000 0.000248
2517.000000 0.000246
2518.000000 0.000244
2519.000000 0.000242
2520.000000 0.000241
2521.000000 0.000239
2522.000000 0.000237
2523.000000 0.000235
2524.000000 0.000234
2525.000000 0.000232
2526.000000 0.000230
2527.000000 0.000229
2528.000000 0.000227
2529.000000 0.000225
2530.000000 0.000224
2531.000000 0.000222
2532.000000 0.000220
2533.000000 0.000219
2534.000000 0.000217
2535.000000 0.000215
2536.000000 0.000214
2537.000000 0.000212
2538.000000 0.000210
2539.000000 0.000209
2540.000000 0.000207
2541.000000 0.000206
2542.000000 0.000204
2543.000000 0.000202
2544.000000 0.000201
2545.000000 0.000199
2546.000000 0.000198
2547.000000 0.000196
2548.000000 0.000195
2549.000000 0.000193
2550.000000 0.000192
2551.000000 0.000190
2552.000000 0.000189
2553.000000 0.000187
2554.000000 0.000186
2555.000000 0.000184
2556.000000 0.000183
2557.000000 0.000181
2558.000000 0.000180
2559.000000 0.000178
2560.000000 0.000177
2561.000000 0.000176
2562.000000 0.000174
2563.000000 0.000173
2564.000000 0.000171
2565.000000 0.000170
2566.000000 0.000169
2567.000000 0.000167
2568.000000 0.000166
2569.000000 0.000165
2570.000000 0.000163
2571.000000 0.000162
2572.000000 0.000161
2573.000000 0.000159
2574.000000 0.000158
2575.000000 0.000157
2576.000000 0.000155
2577.000000 0.000154
2578.000000 0.000153
2579.000000 0.000151
2580.000000 0.000150
2581.000000 0.000149
2582.000000 0.000148
2583.000000 0.000146
2584.000000 0.000145
2585.000000 0.000144
2586.000000 0.000143
2587.000000 0.000142
2588.000000 0.000140
2589.000000 0.000139
2590.000000 0.000138
2591.000000 0.000137
2592.000000 0.000136
2593.000000 0.000134
2594.000000 0.000133
2595.000000 0.000132
2596.000000 0.000131
2597.000000 0.000130
2598.000000 0.000129
2599.000000 0.000128
2600.000000 0.000126
2601.000000 0.000125
2602.000000 0.000124
2603.000000 0.000123
2604.000000 0.000122
2605.000000 0.000121
2606.000000 0.000120
2607.000000 0.000119
2608.000000 0.000118
2609.000000 0.000117
2610.000000 0.000116
2611.000000 0.000115
2612.000000 0.000114
2613.000000 0.000113
2614.000000 0.000112
2615.000000 0.000111
2616.000000 0.000110
2617.000000 0.000109
2618.000000 0.000108
2619.000000 0.000107
2620.000000 0.000106
2621.000000 0.000105
2622.000000 0.000104
2623.000000 0.000103
2624.000000 0.000102
2625.000000 0.000101
2626.000000 0.000100
2627.000000 0.000099
2628.000000 0.000098
2629.000000 0.000097
2630.000000 0.000096
2631.000000 0.000095
2632.000000 0.000094
2633.000000 0.000094
2634.000000 0.000093
2635.000000 0.000092
2636.000000 0.000091
2637.000000 0.000090
2638.000000 0.000089
2639.000000 0.000088
2640.000000 0.000088
2641.000000 0.000087
2642.000000 0.000086
2643.000000 0.000085
2644.000000 0.000084
2645.000000 0.000083
2646.000000 0.000083
2647.000000 0.000082
2648.000000 0.000081
2649.000000 0.000080
2650.000000 0.000079
2651.000000 0.000079
2652.000000 0.000078
2653.000000 0.000077
2654.000000 0.000076
2655.000000 0.000076
2656.000000 0.000075
2657.000000 0.000074
2658.000000 0.000073
2659.000000 0.000073
2660.000000 0.000072
2661.000000 0.000071
2662.000000 0.000071
2663.000000 0.000070
2664.000000 0.000069
2665.000000 0.000068
2666.000000 0.000068
2667.000000 0.000067
2668.000000 0.000066
2669.000000 0.000066
2670.000000 0.000065
2671.000000 0.000064
2672.000000 0.000064
2673.000000 0.000063
2674.000000 0.000062
2675.000000 0.000062
2676.000000 0.000061
2677.000000 0.000061
2678.000000 0.000060
2679.000000 0.000059
2680.000000 0.000059
2681.000000 0.000058
2682.000000 0.000057
2683.000000 0.000057
2684.000000 0.000056
2685.000000 0.000056
2686.000000 0.000055
2687.000000 0.000055
2688.000000 0.000054
2689.000000 0.000053
2690.000000 0.000053
2691.000000 0.000052
2692.000000 0.000052
2693.000000 0.000051
2694.000000 0.000051
2695.000000 0.000050
2696.000000 0.000050
2697.000000 0.000049
2698.000000 0.000048
2699.000000 0.000048
2700.000000 0.000047
2701.000000 0.000047
2702.000000 0.000046
2703.000000 0.000046
2704.000000 0.000045
2705.000000 0.000045
2706.000000 0.000044
2707.000000 0.000044
2708.000000 0.000043
2709.000000 0.000043
2710.000000 0.000043
2711.000000 0.000042
2712.000000 0.000042
2713.000000 0.000041
2714.000000 0.000041
2715.000000 0.000040
2716.000000 0.000040
2717.000000 0.000039
2718.000000 0.000039
2719.000000 0.000038
2720.000000 0.000038
2721.000000 0.000038
2722.000000 0.000037
2723.000000 0.000037
2724.000000 0.000036
2725.000000 0.000036
2726.000000 0.000035
2727.000000 0.000035
2728.000000 0.000035
2729.000000 0.000034
2730.000000 0.000034
2731.000000 0.000033
2732.000000 0.000033
2733.000000 0.000033
2734.000000 0.000032
2735.000000 0.000032
2736.000000 0.000032
2737.000000 0.000031
2738.000000 0.000031
2739.000000 0.000031
2740.000000 0.000030
2741.000000 0.000030
2742.000000 0.000029
2743.000000 0.000029
2744.000000 0.000029
2745.000000 0.000028
2746.000000 0.000028
2747.000000 0.000028
2748.000000 0.000027
2749.000000 0.000027
2750.000000 0.000027
2751.000000 0.000026
2752.000000 0.000026
2753.000000 0.000026
2754.000000 0.000026
2755.000000 0.000025
2756.000000 0.000025
2757.000000 0.000025
2758.000000 0.000024
2759.000000 0.000024
2760.000000 0.000024
2761.000000 0.000023
2762.000000 0.000023
2763.000000 0.000023
2764.000000 0.000023
2765.000000 0.000022
2766.000000 0.000022
2767.000000 0.000022
2768.000000 0.000021
2769.000000 0.000021
2770.000000 0.000021
2771.000000 0.000021
2772.000000 0.000020
2773.000000 0.000020
2774.000000 0.000020
2775.000000 0.000020
2776.000000 0.000019
2777.000000 0.000019
2778.000000 0.000019
2779.000000 0.000019
2780.000000 0.000018
2781.000000 0.000018
2782.000000 0.000018
2783.000000 0.000018
2784.000000 0.000018
2785.000000 0.000017
2786.000000 0.000017
2787.000000 0.000017
2788.000000 0.000017
2789.000000 0.000016
2790.000000 0.000016
2791.000000 0.000016
2792.000000 0.000016
2793.000000 0.000016
2794.000000 0.000015
2795.000000 0.000015
2796.000000 0.000015
2797.000000 0.000015
2798.000000 0.000015
2799.000000 0.000014
2800.000000 0.000014
2801.000000 0.000014
2802.000000 0.000014
2803.000000 0.000014
2804.000000 0.000013
2805.000000 0.000013
2806.000000 0.000013
2807.000000 0.000013
2808.000000 0.000013
2809.000000 0.000013
2810.000000 0.000012
2811.000000 0.000012
2812.000000 0.000012
2813.000000 0.000012
2814.000000 0.000012
2815.000000 0.000012
2816.000000 0.000011
2817.000000 0.000011
2818.000000 0.000011
2819.000000 0.000011
2820.000000 0.000011
2821.000000 0.000011
2822.000000 0.000011
2823.000000 0.000010
2824.000000 0.000010
2825.000000 0.000010
2826.000000 0.000010
2827.000000 0.000010
2828.000000 0.000010
2829.000000 0.000010
2830.000000 0.000009
2831.000000 0.000009
2832.000000 0.000009
2833.000000 0.000009
2834.000000 0.000009
2835.000000 0.000009
2836.000000 0.000009
2837.000000 0.000009
2838.000000 0.000008
2839.000000 0.000008
2840.000000 0.000008
2841.000000 0.000008
2842.000000 0.000008
2843.000000 0.000008
2844.000000 0.000008
2845.000000 0.000008
2846.000000 0.000007
2847.000000 0.000007
2848.000000 0.000007
2849.000000 0.000007
2850.000000 0.000007
2851.000000 0.000007
2852.000000 0.000007
2853.000000 0.000007
2854.000000 0.000007
2855.000000 0.000007
2856.000000 0.000006
2857.000000 0.000006
2858.000000 0.000006
2859.000000 0.000006
2860.000000 0.000006
2861.000000 0.000006
2862.000000 0.000006
2863.000000 0.000006
2864.000000 0.000006
2865.000000 0.000006
2866.000000 0.000006
2867.000000 0.000005
2868.000000 0.000005
2869.000000 0.000005
2870.000000 0.000005
2871.000000 0.000005
2872.000000 0.000005
2873.000000 0.000005
2874.000000 0.000005
2875.000000 0.000005
2876.000000 0.000005
2877.000000 0.000005
2878.000000 0.000005
2879.000000 0.000005
2880.000000 0.000004
2881.000000 0.000004
2882.000000 0.000004
2883.000000 0.000004
2884.000000 0.000004
2885.000000 0.000004
2886.000000 0.000004
2887.000000 0.000004
2888.000000 0.000004
2889.000000 0.000004
2890.000000 0.000004
2891.000000 0.000004
2892.000000 0.000004
2893.000000 0.000004
2894.000000 0.000004
2895.000000 0.000004
2896.000000 0.000003
2897.000000 0.000003
2898.000000 0.000003
2899.000000 0.000003
2900.000000 0.000003
2901.000000 0.000003
2902.000000 0.000003
2903.000000 0.000003
2904.000000 0.000003
2905.000000 0.000003
2906.000000 0.000003
2907.000000 0.000003
2908.000000 0.000003
2909.000000 0.000003
2910.000000 0.000003
2911.000000 0.000003
2912.000000 0.000003
2913.000000 0.000003
2914.000000 0.000003
2915.000000 0.000003
2916.000000 0.000003
2917.000000 0.000002
2918.000000 0.000002
2919.000000 0.000002
2920.000000 0.000002
2921.000000 0.000002
2922.000000 0.000002
2923.000000 0.000002
2924.000000 0.000002
2925.000000 0.000002
2926.000000 0.000002
2927.000000 0.000002
2928.000000 0.000002
2929.000000 0.000002
2930.000000 0.000002
2931.000000 0.000002
2932.000000 0.000002
2933.000000 0.000002
2934.000000 0.000002
2935.000000 0.000002
2936.000000 0.000002
2937.000000 0.000002
2938.000000 0.000002
2939.000000 0.000002
2940.000000 0.000002
2941.000000 0.000002
2942.000000 0.000002
2943.000000 0.000002
2944.000000 0.000002
2945.000000 0.000002
2946.000000 0.000002
2947.000000 0.000001
2948.000000 0.000001
2949.000000 0.000001
2950.000000 0.000001
2951.000000 0.000001
2952.000000 0.000001
2953.000000 0.000001
2954.000000 0.000001
2955.000000 0.000001
2956.000000 0.000001
2957.000000 0.000001
2958.000000 0.000001
2959.000000 0.000001
2960.000000 0.000001
2961.000000 0.000001
2962.000000 0.000001
2963.000000 0.000001
2964.000000 0.000001
2965.000000 0.000001
2966.000000 0.000001
2967.000000 0.000001
2968.000000 0.000001
2969.000000 0.000001
2970.000000 0.000001
2971.000000 0.000001
2972.000000 0.000001
2973.000000 0.000001
2974.000000 0.000001
2975.000000 0.000001
2976.000000 0.000001
2977.000000 0.000001
2978.000000 0.000001
2979.000000 0.000001
2980.000000 0.000001
2981.000000 0.000001
2982.000000 0.000001
2983.000000 0.000001
2984.000000 0.000001
2985.000000 0.000001
2986.000000 0.000001
2987.000000 0.000001
2988.000000 0.000001
2989.000000 0.000001
2990.000000 0.000001
2991.000000 0.000001
2992.000000 0.000001
2993.000000 0.000001
2994.000000 0.000001
2995.000000 0.000001
2996.000000 0.000001
2997.000000 0.000001
2998.000000 0.000001
2999.000000 0.000001
3000.000000 0.000001
3001.000000 0.000001
3002.000000 0.000001
3003.000000 0.000001
3004.000000 0.000001
3005.000000 0.000000
3006.000000 0.000000
3007.000000 0.000000
3008.000000 0.000000
3009.000000 0.000000
3010.000000 0.000000
3011.000000 0.000000
3012.000000 0.000000
3013.000000 0.000000
3014.000000 0.000000
3015.000000 0.000000
3016.000000 0.000000
3017.000000 0.000000
3018.000000 0.000000
3019.000000 0.000000
3020.000000 0.000000
3021.000000 0.000000
3022.000000 0.000000
3023.000000 0.000000
3024.000000 0.000000
3025.000000 0.000000
3026.000000 0.000000
3027.000000 0.000000
3028.000000 0.000000
3029.000000 0.000000
3030.000000 0.000000
3031.000000 0.000000
3032.000000 0.000000
3033.000000 0.000000
3034.000000 0.000000
3035.000000 0.000000
3036.000000 0.000000
3037.000000 0.000000
3038.000000 0.000000
3039.000000 0.000000
3040.000000 0.000000
3041.000000 0.000000
3042.000000 0.000000
3043.000000 0.000000
3044.000000 0.000000
3045.000000 0.000000
3046.000000 0.000000
3047.000000 0.000000
3048.000000 0.000000
3049.000000 0.000000
3050.000000 0.000000
3051.000000 0.000000
3052.000000 0.000000
3053.000000 0.000000
3054.000000 0.000000
3055.000000 0.000000
3056.000000 0.000000
3057.000000 0.000000
3058.000000 0.000000
3059.000000 0.000000
3060.000000 0.000000
3061.000000 0.000000
3062.000000 0.000000
3063.000000 0.000000
3064.000000 0.000000
3065.000000 0.000000
3066.000000 0.000000
3067.000000 0.000000
3068.000000 0.000000
3069.000000 0.000000
3070.000000 0.000000
3071.000000 0.000000
3072.000000 0.000000
3073.000000 0.000000
3074.000000 0.000000
3075.000000 0.000000
3076.000000 0.000000
3077.000000 0.000000
3078.000000 0.000000
3079.000000 0.000000
3080.000000 0.000000
3081.000000 0.000000
3082.000000 0.000000
3083.000000 0.000000
3084.000000 0.000000
3085.000000 0.000000
3086.000000 0.000000
3087.000000 0.000000
3088.000000 0.000000
3089.000000 0.000000
3090.000000 0.000000
3091.000000 0.000000
3092.000000 0.000000
3093.000000 0.000000
3094.000000 0.000000
3095.000000 0.000000
3096.000000 0.000000
3097.000000 0.000000
3098.000000 0.000000
3099.000000 0.000000
3100.000000 0.000000
3101.000000 0.000000
3102.000000 0.000000
3103.000000 0.000000
3104.000000 0.000000
3105.000000 0.000000
3106.000000 0.000000
3107.000000 0.000000
3108.000000 0.000000
3109.000000 0.000000
3110.000000 0.000000
3111.000000 0.000000
3112.000000 0.000000
3113.000000 0.000000
3114.000000 0.000000
3115.000000 0.000000
3116.000000 0.000000
3117.000000 0.000000
3118.000000 0.000000
3119.000000 0.000000
3120.000000 0.000000
3121.000000 0.000000
3122.000000 0.000000
3123.000000 0.000000
3124.000000 0.000000
3125.000000 0.000000
3126.000000 0.000000
3127.000000 0.000000
3128.000000 0.000000
3129.000000 0.000000
3130.000000 0.000000
3131.000000 0.000000
3132.000000 0.000000
3133.000000 0.000000
3134.000000 0.000000
3135.000000 0.000000
3136.000000 0.000000
3137.000000 0.000000
3138.000000 0.000000
3139.000000 0.000000
3140.000000 0.000000
3141.000000 0.000000
3142.000000 0.000000
3143.000000 0.000000
3144.000000 0.000000
3145.000000 0.000000
3146.000000 0.000000
3147.000000 0.000000
3148.000000 0.000000
3149.000000 0.000000
3150.000000 0.000000
3151.000000 0.000000
3152.000000 0.000000
3153.000000 0.000000
3154.000000 0.000000
3155.000000 0.000000
3156.000000 0.000000
3157.000000 0.000000
3158.000000 0.000000
3159.000000 0.000000
3160.000000 0.000000
3161.000000 0.000000
3162.000000 0.000000
3163.000000 0.000000
3164.000000 0.000000
3165.000000 0.000000
3166.000000 0.000000
3167.000000 0.000000
3168.000000 0.000000
3169.000000 0.000000
3170.000000 0.000000
3171.000000 0.000000
3172.000000 0.000000
3173.000000 0.000000
3174.000000 0.000000
3175.000000 0.000000
3176.000000 0.000000
3177.000000 0.000000
3178.000000 0.000000
3179.000000 0.000000
3180.000000 0.000000
3181.000000 0.000000
3182.000000 0.000000
3183.000000 0.000000
3184.000000 0.000000
3185.000000 0.000000
3186.000000 0.000000
3187.000000 0.000000
3188.000000 0.000000
3189.000000 0.000000
3190.000000 0.000000
3191.000000 0.000000
3192.000000 0.000000
3193.000000 0.000000
3194.000000 0.000000
3195.000000 0.000000
3196.000000 0.000000
3197.000000 0.000000
3198.000000 0.000000
3199.000000 0.000000
3200.000000 0.000000
3201.000000 0.000000
3202.000000 0.000000
3203.000000 0.000000
3204.000000 0.000000
3205.000000 0.000000
3206.000000 0.000000
3207.000000 0.000000
3208.000000 0.000000
3209.000000 0.000000
3210.000000 0.000000
3211.000000 0.000000
3212.000000 0.000000
3213.000000 0.000000
3214.000000 0.000000
3215.000000 0.000000
3216.000000 0.000000
3217.000000 0.000000
3218.000000 0.000000
3219.000000 0.000000
3220.000000 0.000000
3221.000000 0.000000
3222.000000 0.000000
3223.000000 0.000000
3224.000000 0.000000
3225.000000 0.000000
3226.000000 0.000000
3227.000000 0.000000
3228.000000 0.000000
3229.000000 0.000000
3230.000000 0.000000
3231.000000 0.000000
3232.000000 0.000000
3233.000000 0.000000
3234.000000 0.000000
3235.000000 0.000000
3236.000000 0.000000
3237.000000 0.000000
3238.000000 0.000000
3239.000000 0.000000
3240.000000 0.000000
3241.000000 0.000000
3242.000000 0.000000
3243.000000 0.000000
3244.000000 0.000000
3245.000000 0.000000
3246.000000 0.000000
3247.000000 0.000000
3248.000000 0.000000
3249.000000 0.000000
3250.000000 0.000000
3251.000000 0.000000
3252.000000 0.000000
3253.000000 0.000000
3254.000000 0.000000
3255.000000 0.000000
3256.000000 0.000000
3257.000000 0.000000
3258.000000 0.000000
3259.000000 0.000000
3260.000000 0.000000
3261.000000 0.000000
3262.000000 0.000000
3263.000000 0.000000
3264.000000 0.000000
3265.000000 0.000000
3266.000000 0.000000
3267.000000 0.000000
3268.000000 0.000000
3269.000000 0.000000
3270.000000 0.000000
3271.000000 0.000000
3272.000000 0.000000
3273.000000 0.000000
3274.000000 0.000000
3275.000000 0.000000
3276.000000 0.000000
3277.000000 0.000000
3278.000000 0.000000
3279.000000 0.000000
3280.000000 0.000000
3281.000000 0.000000
3282.000000 0.000000
3283.000000 0.000000
3284.000000 0.000000
3285.000000 0.000000
3286.000000 0.000000
3287.000000 0.000000
3288.000000 0.000000
3289.000000 0.000000
3290.000000 0.000000
3291.000000 0.000000
3292.000000 0.000000
3293.000000 0.000000
3294.000000 0.000000
3295.000000 0.000000
3296.000000 0.000000
3297.000000 0.000000
3298.000000 0.000000
3299.000000 0.000000
3300.000000 0.000000
3301.000000 0.000000
3302.000000 0.000000
3303.000000 0.000000
3304.000000 0.000000
3305.000000 0.000000
3306.000000 0.000000
3307.000000 0.000000
3308.000000 0.000000
3309.000000 0.000000
3310.000000 0.000000
3311.000000 0.000000
3312.000000 0.000000
3313.000000 0.000000
3314.000000 0.000000
3315.000000 0.000000
3316.000000 0.000000
3317.000000 0.000000
3318.000000 0.000000
3319.000000 0.000000
3320.000000 0.000000
3321.000000 0.000000
3322.000000 0.000000
3323.000000 0.000000
3324.000000 0.000000
3325.000000 0.000000
3326.000000 0.000000
3327.000000 0.000000
3328.000000 0.000000
3329.000000 0.000000
3330.000000 0.000000
3331.000000 0.000000
3332.000000 0.000000
3333.000000 0.000000
3334.000000 0.000000
3335.000000 0.000000
3336.000000 0.000000
3337.000000 0.000000
3338.000000 0.000000
3339.000000 0.000000
3340.000000 0.000000
3341.000000 0.000000
3342.000000 0.000000
3343.000000 0.000000
3344.000000 0.000000
3345.000000 0.000000
3346.000000 0.000000
3347.000000 0.000000
3348.000000 0.000000
3349.000000 0.000000
3350.000000 0.000000
3351.000000 0.000000
3352.000000 0.000000
3353.000000 0.000000
3354.000000 0.000000
3355.000000 0.000000
3356.000000 0.000000
3357.000000 0.000000
3358.000000 0.000000
3359.000000 0.000000
3360.000000 0.000000
3361.000000 0.000000
3362.000000 0.000000
3363.000000 0.000000
3364.000000 0.000000
3365.000000 0.000000
3366.000000 0.000000
3367.000000 0.000000
3368.000000 0.000000
3369.000000 0.000000
3370.000000 0.000000
3371.000000 0.000000
3372.000000 0.000000
3373.000000 0.000000
3374.000000 0.000000
3375.000000 0.000000
3376.000000 0.000000
3377.000000 0.000000
3378.000000 0.000000
3379.000000 0.000000
3380.000000 0.000000
3381.000000 0.000000
3382.000000 0.000000
3383.000000 0.000000
3384.000000 0.000000
3385.000000 0.000000
3386.000000 0.000000
3387.000000 0.000000
3388.000000 0.000000
3389.000000 0.000000
3390.000000 0.000000
3391.000000 0.000000
3392.000000 0.000000
3393.000000 0.000000
3394.000000 0.000000
3395.000000 0.000000
3396.000000 0.000000
3397.000000 0.000000
3398.000000 0.000000
3399.000000 0.000000
3400.000000 0.000000
3401.000000 0.000000
3402.000000 0.000000
3403.000000 0.000000
3404.000000 0.000000
3405.000000 0.000000
3406.000000 0.000000
3407.000000 0.000000
3408.000000 0.000000
3409.000000 0.000000
3410.000000 0.000000
3411.000000 0.000000
3412.000000 0.000000
3413.000000 0.000000
3414.000000 0.000000
3415.000000 0.000000
3416.000000 0.000000
3417.000000 0.000000
3418.000000 0.000000
3419.000000 0.000000
3420.000000 0.000000
3421.000000 0.000000
3422.000000 0.000000
3423.000000 0.000000
3424.000000 0.000000
3425.000000 0.000000
3426.000000 0.000000
3427.000000 0.000000
3428.000000 0.000000
3429.000000 0.000000
3430.000000 0.000000
3431.000000 0.000000
3432.000000 0.000000
3433.000000 0.000000
3434.000000 0.000000
3435.000000 0.000000
3436.000000 0.000000
3437.000000 0.000000
3438.000000 0.000000
3439.000000 0.000000
3440.000000 0.000000
3441.000000 0.000000
3442.000000 0.000000
3443.000000 0.000000
3444.000000 0.000000
3445.000000 0.000000
3446.000000 0.000000
3447.000000 0.000000
3448.000000 0.000000
3449.000000 0.000000
3450.000000 0.000000
3451.000000 0.000000
3452.000000 0.000000
3453.000000 0.000000
3454.000000 0.000000
3455.000000 0.000000
3456.000000 0.000000
3457.000000 0.000000
3458.000000 0.000000
3459.000000 0.000000
3460.000000 0.000000
3461.000000 0.000000
3462.000000 0.000000
3463.000000 0.000000
3464.000000 0.000000
3465.000000 0.000000
3466.000000 0.000000
3467.000000 0.000000
3468.000000 0.000000
3469.000000 0.000000
3470.000000 0.000000
3471.000000 0.000000
3472.000000 0.000000
3473.000000 0.000000
3474.000000 0.000000
3475.000000 0.000000
3476.000000 0.000000
3477.000000 0.000000
3478.000000 0.000000
3479.000000 0.000000
3480.000000 0.000000
3481.000000 0.000000
3482.000000 0.000000
3483.000000 0.000000
3484.000000 0.000000
3485.000000 0.000000
3486.000000 0.000000
3487.000000 0.000000
3488.000000 0.000000
3489.000000 0.000000
3490.000000 0.000000
3491.000000 0.000000
3492.000000 0.000000
3493.000000 0.000000
3494.000000 0.000000
3495.000000 0.000000
3496.000000 0.000000
3497.000000 0.000000
3498.000000 0.000000
3499.000000 0.000000
3500.000000 0.000000
3501.000000 0.000000
3502.000000 0.000000
3503.000000 0.000000
3504.000000 0.000000
3505.000000 0.000000
3506.000000 0.000000
3507.000000 0.000000
3508.000000 0.000000
3509.000000 0.000000
3510.000000 0.000000
3511.000000 0.000000
3512.000000 0.000000
3513.000000 0.000000
3514.000000 0.000000
3515.000000 0.000000
3516.000000 0.000000
3517.000000 0.000000
3518.000000 0.000000
3519.000000 0.000000
3520.000000 0.000000
3521.000000 0.000000
3522.000000 0.000000
3523.000000 0.000000
3524.000000 0.000000
3525.000000 0.000000
3526.000000 0.000000
3527.000000 0.000000
3528.000000 0.000000
3529.000000 0.000000
3530.000000 0.000000
3531.000000 0.000000
3532.000000 0.000000
3533.000000 0.000000
3534.000000 0.000000
3535.000000 0.000000
3536.000000 0.000000
3537.000000 0.000000
3538.000000 0.000000
3539.000000 0.000000
3540.000000 0.000000
3541.000000 0.000000
3542.000000 0.000000
3543.000000 0.000000
3544.000000 0.000000
3545.000000 0.000000
3546.000000 0.000000
3547.000000 0.000000
3548.000000 0.000000
3549.000000 0.000000
3550.000000 0.000000
3551.000000 0.000000
3552.000000 0.000000
3553.000000 0.000000
3554.000000 0.000000
3555.000000 0.000000
3556.000000 0.000000
3557.000000 0.000000
3558.000000 0.000000
3559.000000 0.000000
3560.000000 0.000000
3561.000000 0.000000
3562.000000 0.000000
3563.000000 0.000000
3564.000000 0.000000
3565.000000 0.000000
3566.000000 0.000000
3567.000000 0.000000
3568.000000 0.000000
3569.000000 0.000000
3570.000000 0.000000
3571.000000 0.000000
3572.000000 0.000000
3573.000000 0.000000
3574.000000 0.000000
3575.000000 0.000000
3576.000000 0.000000
3577.000000 0.000000
3578.000000 0.000000
3579.000000 0.000000
3580.000000 0.000000
3581.000000 0.000000
3582.000000 0.000000
3583.000000 0.000000
3584.000000 0.000000
3585.000000 0.000000
3586.000000 0.000000
3587.000000 0.000000
3588.000000 0.000000
3589.000000 0.000000
3590.000000 0.000000
3591.000000 0.000000
3592.000000 0.000000
3593.000000 0.000000
3594.000000 0.000000
3595.000000 0.000000
3596.000000 0.000000
3597.000000 0.000000
3598.000000 0.000000
3599.000000 0.000000
3600.000000 0.000000
3601.000000 0.000000
3602.000000 0.000000
3603.000000 0.000000
3604.000000 0.000000
3605.000000 0.000000
3606.000000 0.000000
3607.000000 0.000000
3608.000000 0.000000
3609.000000 0.000000
3610.000000 0.000000
3611.000000 0.000000
3612.000000 0.000000
3613.000000 0.000000
3614.000000 0.000000
3615.000000 0.000000
3616.000000 0.000000
3617.000000 0.000000
3618.000000 0.000000
3619.000000 0.000000
3620.000000 0.000000
3621.000000 0.000000
3622.000000 0.000000
3623.000000 0.000000
3624.000000 0.000000
3625.000000 0.000000
3626.000000 0.000000
3627.000000 0.000000
3628.000000 0.000000
3629.000000 0.000000
3630.000000 0.000000
3631.000000 0.000000
3632.000000 0.000000
3633.000000 0.000000
3634.000000 0.000000
3635.000000 0.000000
3636.000000 0.000000
3637.000000 0.000000
3638.000000 0.000000
3639.000000 0.000000
3640.000000 0.000000
3641.000000 0.000000
3642.000000 0.000000
3643.000000 0.000000
3644.000000 0.000000
3645.000000 0.000000
3646.000000 0.000000
3647.000000 0.000000
3648.000000 0.000000
3649.000000 0.000000
3650.000000 0.000000
3651.000000 0.000000
3652.000000 0.000000
3653.000000 0.000000
3654.000000 0.000000
3655.000000 0.000000
3656.000000 0.000000
3657.000000 0.000000
3658.000000 0.000000
3659.000000 0.000000
3660.000000 0.000000
3661.000000 0.000000
3662.000000 0.000000
3663.000000 0.000000
3664.000000 0.000000
3665.000000 0.000000
3666.000000 0.000000
3667.000000 0.000000
3668.000000 0.000000
3669.000000 0.000000
3670.000000 0.000000
3671.000000 0.000000
3672.000000 0.000000
3673.000000 0.000000
3674.000000 0.000000
3675.000000 0.000000
3676.000000 0.000000
3677.000000 0.000000
3678.000000 0.000000
3679.000000 0.000000
3680.000000 0.000000
3681.000000 0.000000
3682.000000 0.000000
3683.000000 0.000000
3684.000000 0.000000
3685.000000 0.000000
3686.000000 0.000000
3687.000000 0.000000
3688.000000 0.000000
3689.000000 0.000000
3690.000000 0.000000
3691.000000 0.000000
3692.000000 0.000000
3693.000000 0.000000
3694.000000 0.000000
3695.000000 0.000000
3696.000000 0.000000
3697.000000 0.000000
3698.000000 0.000000
3699.000000 0.000000
3700.000000 0.000000
3701.000000 0.000000
3702.000000 0.000000
3703.000000 0.000000
3704.000000 0.000000
3705.000000 0.000000
3706.000000 0.000000
3707.000000 0.000000
3708.000000 0.000000
3709.000000 0.000000
3710.000000 0.000000
3711.000000 0.000000
3712.000000 0.000000
3713.000000 0.000000
3714.000000 0.000000
3715.000000 0.000000
3716.000000 0.000000
3717.000000 0.000000
3718.000000 0.000000
3719.000000 0.000000
3720.000000 0.000000
3721.000000 0.000000
3722.000000 0.000000
3723.000000 0.000000
3724.000000 0.000000
3725.000000 0.000000
3726.000000 0.000000
3727.000000 0.000000
3728.000000 0.000000
3729.000000 0.000000
3730.000000 0.000000
3731.000000 0.000000
3732.000000 0.000000
3733.000000 0.000000
3734.000000 0.000000
3735.000000 0.000000
3736.000000 0.000000
3737.000000 0.000000
3738.000000 0.000000
3739.000000 0.000000
3740.000000 0.000000
3741.000000 0.000000
3742.000000 0.000000
3743.000000 0.000000
3744.000000 0.000000
3745.000000 0.000000
3746.000000 0.000000
3747.000000 0.000000
3748.000000 0.000000
3749.000000 0.000000
3750.000000 0.000000
3751.000000 0.000000
3752.000000 0.000000
3753.000000 0.000000
3754.000000 0.000000
3755.000000 0.000000
3756.000000 0.000000
3757.000000 0.000000
3758.000000 0.000000
3759.000000 0.000000
3760.000000 0.000000
3761.000000 0.000000
3762.000000 0.000000
3763.000000 0.000000
3764.000000 0.000000
3765.000000 0.000000
3766.000000 0.000000
3767.000000 0.000000
3768.000000 0.000000
3769.000000 0.000000
3770.000000 0.000000
3771.000000 0.000000
3772.000000 0.000000
3773.000000 0.000000
3774.000000 0.000000
3775.000000 0.000000
3776.000000 0.000000
3777.000000 0.000000
3778.000000 0.000000
3779.000000 0.000000
3780.000000 0.000000
3781.000000 0.000000
3782.000000 0.000000
3783.000000 0.000000
3784.000000 0.000000
3785.000000 0.000000
3786.000000 0.000000
3787.000000 0.000000
3788.000000 0.000000
3789.000000 0.000000
3790.000000 0.000000
3791.000000 0.000000
3792.000000 0.000000
3793.000000 0.000000
3794.000000 0.000000
3795.000000 0.000000
3796.000000 0.000000
3797.000000 0.000000
3798.000000 0.000000
3799.000000 0.000000
3800.000000 0.000000
3801.000000 0.000000
3802.000000 0.000000
3803.000000 0.000000
3804.000000 0.000000
3805.000000 0.000000
3806.000000 0.000000
3807.000000 0.000000
3808.000000 0.000000
3809.000000 0.000000
3810.000000 0.000000
3811.000000 0.000000
3812.000000 0.000000
3813.000000 0.000000
3814.000000 0.000000
3815.000000 0.000000
3816.000000 0.000000
3817.000000 0.000000
3818.000000 0.000000
3819.000000 0.000000
3820.000000 0.000000
3821.000000 0.000000
3822.000000 0.000000
3823.000000 0.000000
3824.000000 0.000000
3825.000000 0.000000
3826.000000 0.000000
3827.000000 0.000000
3828.000000 0.000000
3829.000000 0.000000
3830.000000 0.000000
3831.000000 0.000000
3832.000000 0.000000
3833.000000 0.000000
3834.000000 0.000000
3835.000000 0.000000
3836.000000 0.000000
3837.000000 0.000000
3838.000000 0.000000
3839.000000 0.000000
3840.000000 0.000000
3841.000000 0.000000
3842.000000 0.000000
3843.000000 0.000000
3844.000000 0.000000
3845.000000 0.000000
3846.000000 0.000000
3847.000000 0.000000
3848.000000 0.000000
3849.000000 0.000000
3850.000000 0.000000
3851.000000 0.000000
3852.000000 0.000000
3853.000000 0.000000
3854.000000 0.000000
3855.000000 0.000000
3856.000000 0.000000
3857.000000 0.000000
3858.000000 0.000000
3859.000000 0.000000
3860.000000 0.000000
3861.000000 0.000000
3862.000000 0.000000
3863.000000 0.000000
3864.000000 0.000000
3865.000000 0.000000
3866.000000 0.000000
3867.000000 0.000000
3868.000000 0.000000
3869.000000 0.000000
3870.000000 0.000000
3871.000000 0.000000
3872.000000 0.000000
3873.000000 0.000000
3874.000000 0.000000
3875.000000 0.000000
3876.000000 0.000000
3877.000000 0.000000
3878.000000 0.000000
3879.000000 0.000000
3880.000000 0.000000
3881.000000 0.000000
3882.000000 0.000000
3883.000000 0.000000
3884.000000 0.000000
3885.000000 0.000000
3886.000000 0.000000
3887.000000 0.000000
3888.000000 0.000000
3889.000000 0.000000
3890.000000 0.000000
3891.000000 0.000000
3892.000000 0.000000
3893.000000 0.000000
3894.000000 0.000000
3895.000000 0.000000
3896.000000 0.000000
3897.000000 0.000000
3898.000000 0.000000
3899.000000 0.000000
3900.000000 0.000000
3901.000000 0.000000
3902.000000 0.000000
3903.000000 0.000000
3904.000000 0.000000
3905.000000 0.000000
3906.000000 0.000000
3907.000000 0.000000
3908.000000 0.000000
3909.000000 0.000000
3910.000000 0.000000
3911.000000 0.000000
3912.000000 0.000000
3913.000000 0.000000
3914.000000 0.000000
3915.000000 0.000000
3916.000000 0.000000
3917.000000 0.000000
3918.000000 0.000000
3919.000000 0.000000
3920.000000 0.000000
3921.000000 0.000000
3922.000000 0.000000
3923.000000 0.000000
3924.000000 0.000000
3925.000000 0.000000
3926.000000 0.000000
3927.000000 0.000000
3928.000000 0.000000
3929.000000 0.000000
3930.000000 0.000000
3931.000000 0.000000
3932.000000 0.000000
3933.000000 0.000000
3934.000000 0.000000
3935.000000 0.000000
3936.000000 0.000000
3937.000000 0.000000
3938.000000 0.000000
3939.000000 0.000000
3940.000000 0.000000
3941.000000 0.000000
3942.000000 0.000000
3943.000000 0.000000
3944.000000 0.000000
3945.000000 0.000000
3946.000000 0.000000
3947.000000 0.000000
3948.000000 0.000000
3949.000000 0.000000
3950.000000 0.000000
3951.000000 0.000000
3952.000000 0.000000
3953.000000 0.000000
3954.000000 0.000000
3955.000000 0.000000
3956.000000 0.000000
3957.000000 0.000000
3958.000000 0.000000
3959.000000 0.000000
3960.000000 0.000000
3961.000000 0.000000
3962.000000 0.000000
3963.000000 0.000000
3964.000000 0.000000
3965.000000 0.000000
3966.000000 0.000000
3967.000000 0.000000
3968.000000 0.000000
3969.000000 0.000000
3970.000000 0.000000
3971.000000 0.000000
3972.000000 0.000000
3973.000000 0.000000
3974.000000 0.000000
3975.000000 0.000000
3976.000000 0.000000
3977.000000 0.000000
3978.000000 0.000000
3979.000000 0.000000
3980.000000 0.000000
3981.000000 0.000000
3982.000000 0.000000
3983.000000 0.000000
3984.000000 0.000000
3985.000000 0.000000
3986.000000 0.000000
3987.000000 0.000000
3988.000000 0.000000
3989.000000 0.000000
3990.000000 0.000000
3991.000000 0.000000
3992.000000 0.000000
3993.000000 0.000000
3994.000000 0.000000
3995.000000 0.000000
3996.000000 0.000000
3997.000000 0.000000
3998.000000 0.000000
3999.000000 0.000000
4000.000000 0.000000
