n lam mean variance std
4000 0.050000 2000.473731 521467.359671 722.126969
bin_midpoint probability
1.000000 0.000000
2.000000 0.000000
3.000000 0.000000
4.000000 0.000000
5.000000 0.000000
6.000000 0.000000
7.000000 0.000000
8.000000 0.000000
9.000000 0.000000
10.000000 0.000000
11.000000 0.000000
12.000000 0.000000
13.000000 0.000000
14.000000 0.000000
15.000000 0.000000
16.000000 0.000000
17.000000 0.000000
18.000000 0.000000
19.000000 0.000000
20.000000 0.000000
21.000000 0.000000
22.000000 0.000000
23.000000 0.000000
24.000000 0.000000
25.000000 0.000000
26.000000 0.000000
27.000000 0.000000
28.000000 0.000000
29.000000 0.000000
30.000000 0.000000
31.000000 0.000000
32.000000 0.000000
33.000000 0.000000
34.000000 0.000000
35.000000 0.000000
36.000000 0.000000
37.000000 0.000000
38.000000 0.000000
39.000000 0.000000
40.000000 0.000000
41.000000 0.000000
42.000000 0.000000
43.000000 0.000000
44.000000 0.000000
45.000000 0.000000
46.000000 0.000000
47.000000 0.000000
48.000000 0.000000
49.000000 0.000000
50.000000 0.000000
51.000000 0.000000
52.000000 0.000000
53.000000 0.000000
54.000000 0.000000
55.000000 0.000000
56.000000 0.000000
57.000000 0.000000
58.000000 0.000000
59.000000 0.000000
60.000000 0.000000
61.000000 0.000000
62.000000 0.000000
63.000000 0.000000
64.000000 0.000000
65.000000 0.000000
66.000000 0.000000
67.000000 0.000001
68.000000 0.000001
69.000000 0.000001
70.000000 0.000001
71.000000 0.000001
72.000000 0.000001
73.000000 0.000001
74.000000 0.000001
75.000000 0.000001
76.000000 0.000001
77.000000 0.000001
78.000000 0.000001
79.000000 0.000001
80.000000 0.000001
81.000000 0.000001
82.000000 0.000001
83.000000 0.000001
84.000000 0.000001
85.000000 0.000001
86.000000 0.000001
87.000000 0.000001
88.000000 0.000001
89.000000 0.000001
90.000000 0.000001
91.000000 0.000002
92.000000 0.000002
93.000000 0.000002
94.000000 0.000002
95.000000 0.000002
96.000000 0.000002
97.000000 0.000002
98.000000 0.000002
99.000000 0.000002
100.000000 0.000002
101.000000 0.000002
102.000000 0.000002
103.000000 0.000002
104.000000 0.000002
105.000000 0.000003
106.000000 0.000003
107.000000 0.000003
108.000000 0.000003
109.000000 0.000003
110.000000 0.000003
111.000000 0.000003
112.000000 0.000003
113.000000 0.000003
114.000000 0.000003
115.000000 0.000003
116.000000 0.000004
117.000000 0.000004
118.000000 0.000004
119.000000 0.000004
120.000000 0.000004
121.000000 0.000004
122.000000 0.000004
123.000000 0.000004
124.000000 0.000004
125.000000 0.000004
126.000000 0.000005
127.000000 0.000005
128.000000 0.000005
129.000000 0.000005
130.000000 0.000005
131.000000 0.000005
132.000000 0.000005
133.000000 0.000005
134.000000 0.000006
135.000000 0.000006
136.000000 0.000006
137.000000 0.000006
138.000000 0.000006
139.000000 0.000006
140.000000 0.000006
141.000000 0.000006
142.000000 0.000007
143.000000 0.000007
144.000000 0.000007
145.000000 0.000007
146.000000 0.000007
147.000000 0.000007
148.000000 0.000007
149.000000 0.000008
150.000000 0.000008
151.000000 0.000008
152.000000 0.000008
153.000000 0.000008
154.000000 0.000008
155.000000 0.000008
156.000000 0.000009
157.000000 0.000009
158.000000 0.000009
159.000000 0.000009
160.000000 0.000009
161.000000 0.000009
162.000000 0.000010
163.000000 0.000010
164.000000 0.000010
165.000000 0.000010
166.000000 0.000010
167.000000 0.000010
168.000000 0.000010
169.000000 0.000011
170.000000 0.000011
171.000000 0.000011
172.000000 0.000011
173.000000 0.000011
174.000000 0.000011
175.000000 0.000012
176.000000 0.000012
177.000000 0.000012
178.000000 0.000012
179.000000 0.000012
180.000000 0.000012
181.000000 0.000013
182.000000 0.000013
183.000000 0.000013
184.000000 0.000013
185.000000 0.000013
186.000000 0.000013
187.000000 0.000014
188.000000 0.000014
189.000000 0.000014
190.000000 0.000014
191.000000 0.000014
192.000000 0.000014
193.000000 0.000015
194.000000 0.000015
195.000000 0.000015
196.000000 0.000015
197.000000 0.000015
198.000000 0.000015
199.000000 0.000016
200.000000 0.000016
201.000000 0.000016
202.000000 0.000016
203.000000 0.000016
204.000000 0.000016
205.000000 0.000017
206.000000 0.000017
207.000000 0.000017
208.000000 0.000017
209.000000 0.000017
210.000000 0.000017
211.000000 0.000018
212.000000 0.000018
213.000000 0.000018
214.000000 0.000018
215.000000 0.000018
216.000000 0.000018
217.000000 0.000019
218.000000 0.000019
219.000000 0.000019
220.000000 0.000019
221.000000 0.000019
222.000000 0.000019
223.000000 0.000020
224.000000 0.000020
225.000000 0.000020
226.000000 0.000020
227.000000 0.000020
228.000000 0.000020
229.000000 0.000021
230.000000 0.000021
231.000000 0.000021
232.000000 0.000021
233.000000 0.000021
234.000000 0.000022
235.000000 0.000022
236.000000 0.000022
237.000000 0.000022
238.000000 0.000022
239.000000 0.000022
240.000000 0.000023
241.000000 0.000023
242.000000 0.000023
243.000000 0.000023
244.000000 0.000023
245.000000 0.000024
246.000000 0.000024
247.000000 0.000024
248.000000 0.000024
249.000000 0.000024
250.000000 0.000024
251.000000 0.000025
252.000000 0.000025
253.000000 0.000025
254.000000 0.000025
255.000000 0.000025
256.000000 0.000026
257.000000 0.000026
258.000000 0.000026
259.000000 0.000026
260.000000 0.000026
261.000000 0.000026
262.000000 0.000027
263.000000 0.000027
264.000000 0.000027
265.000000 0.000027
266.000000 0.000027
267.000000 0.000028
268.000000 0.000028
269.000000 0.000028
270.000000 0.000028
271.000000 0.000028
272.000000 0.000028
273.000000 0.000029
274.000000 0.000029
275.000000 0.000029
276.000000 0.000029
277.000000 0.000029
278.000000 0.000030
279.000000 0.000030
280.000000 0.000030
281.000000 0.000030
282.000000 0.000030
283.000000 0.000031
284.000000 0.000031
285.000000 0.000031
286.000000 0.000031
287.000000 0.000031
288.000000 0.000031
289.000000 0.000032
290.000000 0.000032
291.000000 0.000032
292.000000 0.000032
293.000000 0.000032
294.000000 0.000033
295.000000 0.000033
296.000000 0.000033
297.000000 0.000033
298.000000 0.000033
299.000000 0.000034
300.000000 0.000034
301.000000 0.000034
302.000000 0.000034
303.000000 0.000034
304.000000 0.000035
305.000000 0.000035
306.000000 0.000035
307.000000 0.000035
308.000000 0.000035
309.000000 0.000036
310.000000 0.000036
311.000000 0.000036
312.000000 0.000036
313.000000 0.000036
314.000000 0.000037
315.000000 0.000037
316.000000 0.000037
317.000000 0.000037
318.000000 0.000037
319.000000 0.000038
320.000000 0.000038
321.000000 0.000038
322.000000 0.000038
323.000000 0.000038
324.000000 0.000039
325.000000 0.000039
326.000000 0.000039
327.000000 0.000039
328.000000 0.000039
329.000000 0.000040
330.000000 0.000040
331.000000 0.000040
332.000000 0.000040
333.000000 0.000040
334.000000 0.000041
335.000000 0.000041
336.000000 0.000041
337.000000 0.000041
338.000000 0.000041
339.000000 0.000042
340.000000 0.000042
341.000000 0.000042
342.000000 0.000042
343.000000 0.000042
344.000000 0.000043
345.000000 0.000043
346.000000 0.000043
347.000000 0.000043
348.000000 0.000043
349.000000 0.000044
350.000000 0.000044
351.000000 0.000044
352.000000 0.000044
353.000000 0.000044
354.000000 0.000045
355.000000 0.000045
356.000000 0.000045
357.000000 0.000045
358.000000 0.000045
359.000000 0.000046
360.000000 0.000046
361.000000 0.000046
362.000000 0.000046
363.000000 0.000047
364.000000 0.000047
365.000000 0.000047
366.000000 0.000047
367.000000 0.000047
368.000000 0.000048
369.000000 0.000048
370.000000 0.000048
371.000000 0.000048
372.000000 0.000048
373.000000 0.000049
374.000000 0.000049
375.000000 0.000049
376.000000 0.000049
377.000000 0.000050
378.000000 0.000050
379.000000 0.000050
380.000000 0.000050
381.000000 0.000050
382.000000 0.000051
383.000000 0.000051
384.000000 0.000051
385.000000 0.000051
386.000000 0.000051
387.000000 0.000052
388.000000 0.000052
389.000000 0.000052
390.000000 0.000052
391.000000 0.000053
392.000000 0.000053
393.000000 0.000053
394.000000 0.000053
395.000000 0.000053
396.000000 0.000054
397.000000 0.000054
398.000000 0.000054
399.000000 0.000054
400.000000 0.000055
401.000000 0.000055
402.000000 0.000055
403.000000 0.000055
404.000000 0.000055
405.000000 0.000056
406.000000 0.000056
407.000000 0.000056
408.000000 0.000056
409.000000 0.000057
410.000000 0.000057
411.000000 0.000057
412.000000 0.000057
413.000000 0.000057
414.000000 0.000058
415.000000 0.000058
416.000000 0.000058
417.000000 0.000058
418.000000 0.000059
419.000000 0.000059
420.000000 0.000059
421.000000 0.000059
422.000000 0.000059
423.000000 0.000060
424.000000 0.000060
425.000000 0.000060
426.000000 0.000060
427.000000 0.000061
428.000000 0.000061
429.000000 0.000061
430.000000 0.000061
431.000000 0.000061
432.000000 0.000062
433.000000 0.000062
434.000000 0.000062
435.000000 0.000062
436.000000 0.000063
437.000000 0.000063
438.000000 0.000063
439.000000 0.000063
440.000000 0.000064
441.000000 0.000064
442.000000 0.000064
443.000000 0.000064
444.000000 0.000065
445.000000 0.000065
446.000000 0.000065
447.000000 0.000065
448.000000 0.000065
449.000000 0.000066
450.000000 0.000066
451.000000 0.000066
452.000000 0.000066
453.000000 0.000067
454.000000 0.000067
455.000000 0.000067
456.000000 0.000067
457.000000 0.000068
458.000000 0.000068
459.000000 0.000068
460.000000 0.000068
461.000000 0.000069
462.000000 0.000069
463.000000 0.000069
464.000000 0.000069
465.000000 0.000069
466.000000 0.000070
467.000000 0.000070
468.000000 0.000070
469.000000 0.000070
470.000000 0.000071
471.000000 0.000071
472.000000 0.000071
473.000000 0.000071
474.000000 0.000072
475.000000 0.000072
476.000000 0.000072
477.000000 0.000072
478.000000 0.000073
479.000000 0.000073
480.000000 0.000073
481.000000 0.000073
482.000000 0.000074
483.000000 0.000074
484.000000 0.000074
485.000000 0.000074
486.000000 0.000075
487.000000 0.000075
488.000000 0.000075
489.000000 0.000075
490.000000 0.000076
491.000000 0.000076
492.000000 0.000076
493.000000 0.000076
494.000000 0.000077
495.000000 0.000077
496.000000 0.000077
497.000000 0.000077
498.000000 0.000077
499.000000 0.000078
500.000000 0.000078
501.000000 0.000078
502.000000 0.000078
503.000000 0.000079
504.000000 0.000079
505.000000 0.000079
506.000000 0.000080
507.000000 0.000080
508.000000 0.000080
509.000000 0.000080
510.000000 0.000081
511.000000 0.000081
512.000000 0.000081
513.000000 0.000081
514.000000 0.000082
515.000000 0.000082
516.000000 0.000082
517.000000 0.000082
518.000000 0.000083
519.000000 0.000083
520.000000 0.000083
521.000000 0.000083
522.000000 0.000084
523.000000 0.000084
524.000000 0.000084
525.000000 0.000084
526.000000 0.000085
527.000000 0.000085
528.000000 0.000085
529.000000 0.000085
530.000000 0.000086
531.000000 0.000086
532.000000 0.000086
533.000000 0.000086
534.000000 0.000087
535.000000 0.000087
536.000000 0.000087
537.000000 0.000087
538.000000 0.000088
539.000000 0.000088
540.000000 0.000088
541.000000 0.000088
542.000000 0.000089
543.000000 0.000089
544.000000 0.000089
545.000000 0.000090
546.000000 0.000090
547.000000 0.000090
548.000000 0.000090
549.000000 0.000091
550.000000 0.000091
551.000000 0.000091
552.000000 0.000091
553.000000 0.000092
554.000000 0.000092
555.000000 0.000092
556.000000 0.000092
557.000000 0.000093
558.000000 0.000093
559.000000 0.000093
560.000000 0.000093
561.000000 0.000094
562.000000 0.000094
563.000000 0.000094
564.000000 0.000095
565.000000 0.000095
566.000000 0.000095
567.000000 0.000095
568.000000 0.000096
569.000000 0.000096
570.000000 0.000096
571.000000 0.000096
572.000000 0.000097
573.000000 0.000097
574.000000 0.000097
575.000000 0.000097
576.000000 0.000098
577.000000 0.000098
578.000000 0.000098
579.000000 0.000099
580.000000 0.000099
581.000000 0.000099
582.000000 0.000099
583.000000 0.000100
584.000000 0.000100
585.000000 0.000100
586.000000 0.000100
587.000000 0.000101
588.000000 0.000101
589.000000 0.000101
590.000000 0.000102
591.000000 0.000102
592.000000 0.000102
593.000000 0.000102
594.000000 0.000103
595.000000 0.000103
596.000000 0.000103
597.000000 0.000104
598.000000 0.000104
599.000000 0.000104
600.000000 0.000104
601.000000 0.000105
602.000000 0.000105
603.000000 0.000105
604.000000 0.000105
605.000000 0.000106
606.000000 0.000106
607.000000 0.000106
608.000000 0.000107
609.000000 0.000107
610.000000 0.000107
611.000000 0.000107
612.000000 0.000108
613.000000 0.000108
614.000000 0.000108
615.000000 0.000109
616.000000 0.000109
617.000000 0.000109
618.000000 0.000109
619.000000 0.000110
620.000000 0.000110
621.000000 0.000110
622.000000 0.000111
623.000000 0.000111
624.000000 0.000111
625.000000 0.000111
626.000000 0.000112
627.000000 0.000112
628.000000 0.000112
629.000000 0.000113
630.000000 0.000113
631.000000 0.000113
632.000000 0.000113
633.000000 0.000114
634.000000 0.000114
635.000000 0.000114
636.000000 0.000115
637.000000 0.000115
638.000000 0.000115
639.000000 0.000115
640.000000 0.000116
641.000000 0.000116
642.000000 0.000116
643.000000 0.000117
644.000000 0.000117
645.000000 0.000117
646.000000 0.000117
647.000000 0.000118
648.000000 0.000118
649.000000 0.000118
650.000000 0.000119
651.000000 0.000119
652.000000 0.000119
653.000000 0.000119
654.000000 0.000120
655.000000 0.000120
656.000000 0.000120
657.000000 0.000121
658.000000 0.000121
659.000000 0.000121
660.000000 0.000122
661.000000 0.000122
662.000000 0.000122
663.000000 0.000122
664.000000 0.000123
665.000000 0.000123
666.000000 0.000123
667.000000 0.000124
668.000000 0.000124
669.000000 0.000124
670.000000 0.000125
671.000000 0.000125
672.000000 0.000125
673.000000 0.000125
674.000000 0.000126
675.000000 0.000126
676.000000 0.000126
677.000000 0.000127
678.000000 0.000127
679.000000 0.000127
680.000000 0.000127
681.000000 0.000128
682.000000 0.000128
683.000000 0.000128
684.000000 0.000129
685.000000 0.000129
686.000000 0.000129
687.000000 0.000130
688.000000 0.000130
689.000000 0.000130
690.000000 0.000131
691.000000 0.000131
692.000000 0.000131
693.000000 0.000131
694.000000 0.000132
695.000000 0.000132
696.000000 0.000132
697.000000 0.000133
698.000000 0.000133
699.000000 0.000133
700.000000 0.000134
701.000000 0.000134
702.000000 0.000134
703.000000 0.000134
704.000000 0.000135
705.000000 0.000135
706.000000 0.000135
707.000000 0.000136
708.000000 0.000136
709.000000 0.000136
710.000000 0.000137
711.000000 0.000137
712.000000 0.000137
713.000000 0.000138
714.000000 0.000138
715.000000 0.000138
716.000000 0.000138
717.000000 0.000139
718.000000 0.000139
719.000000 0.000139
720.000000 0.000140
721.000000 0.000140
722.000000 0.000140
723.000000 0.000141
724.000000 0.000141
725.000000 0.000141
726.000000 0.000142
727.000000 0.000142
728.000000 0.000142
729.000000 0.000143
730.000000 0.000143
731.000000 0.000143
732.000000 0.000144
733.000000 0.000144
734.000000 0.000144
735.000000 0.000144
736.000000 0.000145
737.000000 0.000145
738.000000 0.000145
739.000000 0.000146
740.000000 0.000146
741.000000 0.000146
742.000000 0.000147
743.000000 0.000147
744.000000 0.000147
745.000000 0.000148
746.000000 0.000148
747.000000 0.000148
748.000000 0.000149
749.000000 0.000149
750.000000 0.000149
751.000000 0.000150
752.000000 0.000150
753.000000 0.000150
754.000000 0.000151
755.000000 0.000151
756.000000 0.000151
757.000000 0.000151
758.000000 0.000152
759.000000 0.000152
760.000000 0.000152
761.000000 0.000153
762.000000 0.000153
763.000000 0.000153
764.000000 0.000154
765.000000 0.000154
766.000000 0.000154
767.000000 0.000155
768.000000 0.000155
769.000000 0.000155
770.000000 0.000156
771.000000 0.000156
772.000000 0.000156
773.000000 0.000157
774.000000 0.000157
775.000000 0.000157
776.000000 0.000158
777.000000 0.000158
778.000000 0.000158
779.000000 0.000159
780.000000 0.000159
781.000000 0.000159
782.000000 0.000160
783.000000 0.000160
784.000000 0.000160
785.000000 0.000161
786.000000 0.000161
787.000000 0.000161
788.000000 0.000162
789.000000 0.000162
790.000000 0.000162
791.000000 0.000163
792.000000 0.000163
793.000000 0.000163
794.000000 0.000164
795.000000 0.000164
796.000000 0.000164
797.000000 0.000165
798.000000 0.000165
799.000000 0.000165
800.000000 0.000166
801.000000 0.000166
802.000000 0.000166
803.000000 0.000167
804.000000 0.000167
805.000000 0.000167
806.000000 0.000168
807.000000 0.000168
808.000000 0.000168
809.000000 0.000169
810.000000 0.000169
811.000000 0.000169
812.000000 0.000170
813.000000 0.000170
814.000000 0.000170
815.000000 0.000171
816.000000 0.000171
817.000000 0.000171
818.000000 0.000172
819.000000 0.000172
820.000000 0.000172
821.000000 0.000173
822.000000 0.000173
823.000000 0.000173
824.000000 0.000174
825.000000 0.000174
826.000000 0.000174
827.000000 0.000175
828.000000 0.000175
829.000000 0.000175
830.000000 0.000176
831.000000 0.000176
832.000000 0.000176
833.000000 0.000177
834.000000 0.000177
835.000000 0.000177
836.000000 0.000178
837.000000 0.000178
838.000000 0.000178
839.000000 0.000179
840.000000 0.000179
841.000000 0.000179
842.000000 0.000180
843.000000 0.000180
844.000000 0.000180
845.000000 0.000181
846.000000 0.000181
847.000000 0.000181
848.000000 0.000182
849.000000 0.000182
850.000000 0.000183
851.000000 0.000183
852.000000 0.000183
853.000000 0.000184
854.000000 0.000184
855.000000 0.000184
856.000000 0.000185
857.000000 0.000185
858.000000 0.000185
859.000000 0.000186
860.000000 0.000186
861.000000 0.000186
862.000000 0.000187
863.000000 0.000187
864.000000 0.000187
865.000000 0.000188
866.000000 0.000188
867.000000 0.000188
868.000000 0.000189
869.000000 0.000189
870.000000 0.000189
871.000000 0.000190
872.000000 0.000190
873.000000 0.000191
874.000000 0.000191
875.000000 0.000191
876.000000 0.000192
877.000000 0.000192
878.000000 0.000192
879.000000 0.000193
880.000000 0.000193
881.000000 0.000193
882.000000 0.000194
883.000000 0.000194
884.000000 0.000194
885.000000 0.000195
886.000000 0.000195
887.000000 0.000195
888.000000 0.000196
889.000000 0.000196
890.000000 0.000197
891.000000 0.000197
892.000000 0.000197
893.000000 0.000198
894.000000 0.000198
895.000000 0.000198
896.000000 0.000199
897.000000 0.000199
898.000000 0.000199
899.000000 0.000200
900.000000 0.000200
901.000000 0.000200
902.000000 0.000201
903.000000 0.000201
904.000000 0.000202
905.000000 0.000202
906.000000 0.000202
907.000000 0.000203
908.000000 0.000203
909.000000 0.000203
910.000000 0.000204
911.000000 0.000204
912.000000 0.000204
913.000000 0.000205
914.000000 0.000205
915.000000 0.000205
916.000000 0.000206
917.000000 0.000206
918.000000 0.000207
919.000000 0.000207
920.000000 0.000207
921.000000 0.000208
922.000000 0.000208
923.000000 0.000208
924.000000 0.000209
925.000000 0.000209
926.000000 0.000209
927.000000 0.000210
928.000000 0.000210
929.000000 0.000211
930.000000 0.000211
931.000000 0.000211
932.000000 0.000212
933.000000 0.000212
934.000000 0.000212
935.000000 0.000213
936.000000 0.000213
937.000000 0.000213
938.000000 0.000214
939.000000 0.000214
940.000000 0.000215
941.000000 0.000215
942.000000 0.000215
943.000000 0.000216
944.000000 0.000216
945.000000 0.000216
946.000000 0.000217
947.000000 0.000217
948.000000 0.000217
949.000000 0.000218
950.000000 0.000218
951.000000 0.000219
952.000000 0.000219
953.000000 0.000219
954.000000 0.000220
955.000000 0.000220
956.000000 0.000220
957.000000 0.000221
958.000000 0.000221
959.000000 0.000222
960.000000 0.000222
961.000000 0.000222
962.000000 0.000223
963.000000 0.000223
964.000000 0.000223
965.000000 0.000224
966.000000 0.000224
967.000000 0.000224
968.000000 0.000225
969.000000 0.000225
970.000000 0.000226
971.000000 0.000226
972.000000 0.000226
973.000000 0.000227
974.000000 0.000227
975.000000 0.000227
976.000000 0.000228
977.000000 0.000228
978.000000 0.000229
979.000000 0.000229
980.000000 0.000229
981.000000 0.000230
982.000000 0.000230
983.000000 0.000230
984.000000 0.000231
985.000000 0.000231
986.000000 0.000232
987.000000 0.000232
988.000000 0.000232
989.000000 0.000233
990.000000 0.000233
991.000000 0.000233
992.000000 0.000234
993.000000 0.000234
994.000000 0.000235
995.000000 0.000235
996.000000 0.000235
997.000000 0.000236
998.000000 0.000236
999.000000 0.000236
1000.000000 0.000237
1001.000000 0.000237
1002.000000 0.000238
1003.000000 0.000238
1004.000000 0.000238
1005.000000 0.000239
1006.000000 0.000239
1007.000000 0.000239
1008.000000 0.000240
1009.000000 0.000240
1010.000000 0.000241
1011.000000 0.000241
1012.000000 0.000241
1013.000000 0.000242
1014.000000 0.000242
1015.000000 0.000242
1016.000000 0.000243
1017.000000 0.000243
1018.000000 0.000244
1019.000000 0.000244
1020.000000 0.000244
1021.000000 0.000245
1022.000000 0.000245
1023.000000 0.000245
1024.000000 0.000246
1025.000000 0.000246
1026.000000 0.000247
1027.000000 0.000247
1028.000000 0.000247
1029.000000 0.000248
1030.000000 0.000248
1031.000000 0.000249
1032.000000 0.000249
1033.000000 0.000249
1034.000000 0.000250
1035.000000 0.000250
1036.000000 0.000250
1037.000000 0.000251
1038.000000 0.000251
1039.000000 0.000252
1040.000000 0.000252
1041.000000 0.000252
1042.000000 0.000253
1043.000000 0.000253
1044.000000 0.000253
1045.000000 0.000254
1046.000000 0.000254
1047.000000 0.000255
1048.000000 0.000255
1049.000000 0.000255
1050.000000 0.000256
1051.000000 0.000256
1052.000000 0.000257
1053.000000 0.000257
1054.000000 0.000257
1055.000000 0.000258
1056.000000 0.000258
1057.000000 0.000258
1058.000000 0.000259
1059.000000 0.000259
1060.000000 0.000260
1061.000000 0.000260
1062.000000 0.000260
1063.000000 0.000261
1064.000000 0.000261
1065.000000 0.000262
1066.000000 0.000262
1067.000000 0.000262
1068.000000 0.000263
1069.000000 0.000263
1070.000000 0.000263
1071.000000 0.000264
1072.000000 0.000264
1073.000000 0.000265
1074.000000 0.000265
1075.000000 0.000265
1076.000000 0.000266
1077.000000 0.000266
1078.000000 0.000267
1079.000000 0.000267
1080.000000 0.000267
1081.000000 0.000268
1082.000000 0.000268
1083.000000 0.000268
1084.000000 0.000269
1085.000000 0.000269
1086.000000 0.000270
1087.000000 0.000270
1088.000000 0.000270
1089.000000 0.000271
1090.000000 0.000271
1091.000000 0.000272
1092.000000 0.000272
1093.000000 0.000272
1094.000000 0.000273
1095.000000 0.000273
1096.000000 0.000274
1097.000000 0.000274
1098.000000 0.000274
1099.000000 0.000275
1100.000000 0.000275
1101.000000 0.000275
1102.000000 0.000276
1103.000000 0.000276
1104.000000 0.000277
1105.000000 0.000277
1106.000000 0.000277
1107.000000 0.000278
1108.000000 0.000278
1109.000000 0.000279
1110.000000 0.000279
1111.000000 0.000279
1112.000000 0.000280
1113.000000 0.000280
1114.000000 0.000281
1115.000000 0.000281
1116.000000 0.000281
1117.000000 0.000282
1118.000000 0.000282
1119.000000 0.000282
1120.000000 0.000283
1121.000000 0.000283
1122.000000 0.000284
1123.000000 0.000284
1124.000000 0.000284
1125.000000 0.000285
1126.000000 0.000285
1127.000000 0.000286
1128.000000 0.000286
1129.000000 0.000286
1130.000000 0.000287
1131.000000 0.000287
1132.000000 0.000288
1133.000000 0.000288
1134.000000 0.000288
1135.000000 0.000289
1136.000000 0.000289
1137.000000 0.000289
1138.000000 0.000290
1139.000000 0.000290
1140.000000 0.000291
1141.000000 0.000291
1142.000000 0.000291
1143.000000 0.000292
1144.000000 0.000292
1145.000000 0.000293
1146.000000 0.000293
1147.000000 0.000293
1148.000000 0.000294
1149.000000 0.000294
1150.000000 0.000295
1151.000000 0.000295
1152.000000 0.000295
1153.000000 0.000296
1154.000000 0.000296
1155.000000 0.000297
1156.000000 0.000297
1157.000000 0.000297
1158.000000 0.000298
1159.000000 0.000298
1160.000000 0.000298
1161.000000 0.000299
1162.000000 0.000299
1163.000000 0.000300
1164.000000 0.000300
1165.000000 0.000300
1166.000000 0.000301
1167.000000 0.000301
1168.000000 0.000302
1169.000000 0.000302
1170.000000 0.000302
1171.000000 0.000303
1172.000000 0.000303
1173.000000 0.000304
1174.000000 0.000304
1175.000000 0.000304
1176.000000 0.000305
1177.000000 0.000305
1178.000000 0.000306
1179.000000 0.000306
1180.000000 0.000306
1181.000000 0.000307
1182.000000 0.000307
1183.000000 0.000307
1184.000000 0.000308
1185.000000 0.000308
1186.000000 0.000309
1187.000000 0.000309
1188.000000 0.000309
1189.000000 0.000310
1190.000000 0.000310
1191.000000 0.000311
1192.000000 0.000311
1193.000000 0.000311
1194.000000 0.000312
1195.000000 0.000312
1196.000000 0.000313
1197.000000 0.000313
1198.000000 0.000313
1199.000000 0.000314
1200.000000 0.000314
1201.000000 0.000315
1202.000000 0.000315
1203.000000 0.000315
1204.000000 0.000316
1205.000000 0.000316
1206.000000 0.000317
1207.000000 0.000317
1208.000000 0.000317
1209.000000 0.000318
1210.000000 0.000318
1211.000000 0.000318
1212.000000 0.000319
1213.000000 0.000319
1214.000000 0.000320
1215.000000 0.000320
1216.000000 0.000320
1217.000000 0.000321
1218.000000 0.000321
1219.000000 0.000322
1220.000000 0.000322
1221.000000 0.000322
1222.000000 0.000323
1223.000000 0.000323
1224.000000 0.000324
1225.000000 0.000324
1226.000000 0.000324
1227.000000 0.000325
1228.000000 0.000325
1229.000000 0.000326
1230.000000 0.000326
1231.000000 0.000326
1232.000000 0.000327
1233.000000 0.000327
1234.000000 0.000327
1235.000000 0.000328
1236.000000 0.000328
1237.000000 0.000329
1238.000000 0.000329
1239.000000 0.000329
1240.000000 0.000330
1241.000000 0.000330
1242.000000 0.000331
1243.000000 0.000331
1244.000000 0.000331
1245.000000 0.000332
1246.000000 0.000332
1247.000000 0.000333
1248.000000 0.000333
1249.000000 0.000333
1250.000000 0.000334
1251.000000 0.000334
1252.000000 0.000334
1253.000000 0.000335
1254.000000 0.000335
1255.000000 0.000336
1256.000000 0.000336
1257.000000 0.000336
1258.000000 0.000337
1259.000000 0.000337
1260.000000 0.000338
1261.000000 0.000338
1262.000000 0.000338
1263.000000 0.000339
1264.000000 0.000339
1265.000000 0.000340
1266.000000 0.000340
1267.000000 0.000340
1268.000000 0.000341
1269.000000 0.000341
1270.000000 0.000341
1271.000000 0.000342
1272.000000 0.000342
1273.000000 0.000343
1274.000000 0.000343
1275.000000 0.000343
1276.000000 0.000344
1277.000000 0.000344
1278.000000 0.000345
1279.000000 0.000345
1280.000000 0.000345
1281.000000 0.000346
1282.000000 0.000346
1283.000000 0.000347
1284.000000 0.000347
1285.000000 0.000347
1286.000000 0.000348
1287.000000 0.000348
1288.000000 0.000348
1289.000000 0.000349
1290.000000 0.000349
1291.000000 0.000350
1292.000000 0.000350
1293.000000 0.000350
1294.000000 0.000351
1295.000000 0.000351
1296.000000 0.000352
1297.000000 0.000352
1298.000000 0.000352
1299.000000 0.000353
1300.000000 0.000353
1301.000000 0.000353
1302.000000 0.000354
1303.000000 0.000354
1304.000000 0.000355
1305.000000 0.000355
1306.000000 0.000355
1307.000000 0.000356
1308.000000 0.000356
1309.000000 0.000357
1310.000000 0.000357
1311.000000 0.000357
1312.000000 0.000358
1313.000000 0.000358
1314.000000 0.000358
1315.000000 0.000359
1316.000000 0.000359
1317.000000 0.000360
1318.000000 0.000360
1319.000000 0.000360
1320.000000 0.000361
1321.000000 0.000361
1322.000000 0.000362
1323.000000 0.000362
1324.000000 0.000362
1325.000000 0.000363
1326.000000 0.000363
1327.000000 0.000363
1328.000000 0.000364
1329.000000 0.000364
1330.000000 0.000365
1331.000000 0.000365
1332.000000 0.000365
1333.000000 0.000366
1334.000000 0.000366
1335.000000 0.000366
1336.000000 0.000367
1337.000000 0.000367
1338.000000 0.000368
1339.000000 0.000368
1340.000000 0.000368
1341.000000 0.000369
1342.000000 0.000369
1343.000000 0.000369
1344.000000 0.000370
1345.000000 0.000370
1346.000000 0.000371
1347.000000 0.000371
1348.000000 0.000371
1349.000000 0.000372
1350.000000 0.000372
1351.000000 0.000372
1352.000000 0.000373
1353.000000 0.000373
1354.000000 0.000374
1355.000000 0.000374
1356.000000 0.000374
1357.000000 0.000375
1358.000000 0.000375
1359.000000 0.000375
1360.000000 0.000376
1361.000000 0.000376
1362.000000 0.000377
1363.000000 0.000377
1364.000000 0.000377
1365.000000 0.000378
1366.000000 0.000378
1367.000000 0.000378
1368.000000 0.000379
1369.000000 0.000379
1370.000000 0.000380
1371.000000 0.000380
1372.000000 0.000380
1373.000000 0.000381
1374.000000 0.000381
1375.000000 0.000381
1376.000000 0.000382
1377.000000 0.000382
1378.000000 0.000383
1379.000000 0.000383
1380.000000 0.000383
1381.000000 0.000384
1382.000000 0.000384
1383.000000 0.000384
1384.000000 0.000385
1385.000000 0.000385
1386.000000 0.000386
1387.000000 0.000386
1388.000000 0.000386
1389.000000 0.000387
1390.000000 0.000387
1391.000000 0.000387
1392.000000 0.000388
1393.000000 0.000388
1394.000000 0.000388
1395.000000 0.000389
1396.000000 0.000389
1397.000000 0.000390
1398.000000 0.000390
1399.000000 0.000390
1400.000000 0.000391
1401.000000 0.000391
1402.000000 0.000391
1403.000000 0.000392
1404.000000 0.000392
1405.000000 0.000392
1406.000000 0.000393
1407.000000 0.000393
1408.000000 0.000394
1409.000000 0.000394
1410.000000 0.000394
1411.000000 0.000395
1412.000000 0.000395
1413.000000 0.000395
1414.000000 0.000396
1415.000000 0.000396
1416.000000 0.000396
1417.000000 0.000397
1418.000000 0.000397
1419.000000 0.000398
1420.000000 0.000398
1421.000000 0.000398
1422.000000 0.000399
1423.000000 0.000399
1424.000000 0.000399
1425.000000 0.000400
1426.000000 0.000400
1427.000000 0.000400
1428.000000 0.000401
1429.000000 0.000401
1430.000000 0.000402
1431.000000 0.000402
1432.000000 0.000402
1433.000000 0.000403
1434.000000 0.000403
1435.000000 0.000403
1436.000000 0.000404
1437.000000 0.000404
1438.000000 0.000404
1439.000000 0.000405
1440.000000 0.000405
1441.000000 0.000405
1442.000000 0.000406
1443.000000 0.000406
1444.000000 0.000406
1445.000000 0.000407
1446.000000 0.000407
1447.000000 0.000408
1448.000000 0.000408
1449.000000 0.000408
1450.000000 0.000409
1451.000000 0.000409
1452.000000 0.000409
1453.000000 0.000410
1454.000000 0.000410
1455.000000 0.000410
1456.000000 0.000411
1457.000000 0.000411
1458.000000 0.000411
1459.000000 0.000412
1460.000000 0.000412
1461.000000 0.000412
1462.000000 0.000413
1463.000000 0.000413
1464.000000 0.000413
1465.000000 0.000414
1466.000000 0.000414
1467.000000 0.000414
1468.000000 0.000415
1469.000000 0.000415
1470.000000 0.000416
1471.000000 0.000416
1472.000000 0.000416
1473.000000 0.000417
1474.000000 0.000417
1475.000000 0.000417
1476.000000 0.000418
1477.000000 0.000418
1478.000000 0.000418
1479.000000 0.000419
1480.000000 0.000419
1481.000000 0.000419
1482.000000 0.000420
1483.000000 0.000420
1484.000000 0.000420
1485.000000 0.000421
1486.000000 0.000421
1487.000000 0.000421
1488.000000 0.000422
1489.000000 0.000422
1490.000000 0.000422
1491.000000 0.000423
1492.000000 0.000423
1493.000000 0.000423
1494.000000 0.000424
1495.000000 0.000424
1496.000000 0.000424
1497.000000 0.000425
1498.000000 0.000425
1499.000000 0.000425
1500.000000 0.000426
1501.000000 0.000426
1502.000000 0.000426
1503.000000 0.000427
1504.000000 0.000427
1505.000000 0.000427
1506.000000 0.000428
1507.000000 0.000428
1508.000000 0.000428
1509.000000 0.000429
1510.000000 0.000429
1511.000000 0.000429
1512.000000 0.000430
1513.000000 0.000430
1514.000000 0.000430
1515.000000 0.000431
1516.000000 0.000431
1517.000000 0.000431
1518.000000 0.000432
1519.000000 0.000432
1520.000000 0.000432
1521.000000 0.000433
1522.000000 0.000433
1523.000000 0.000433
1524.000000 0.000434
1525.000000 0.000434
1526.000000 0.000434
1527.000000 0.000435
1528.000000 0.000435
1529.000000 0.000435
1530.000000 0.000435
1531.000000 0.000436
1532.000000 0.000436
1533.000000 0.000436
1534.000000 0.000437
1535.000000 0.000437
1536.000000 0.000437
1537.000000 0.000438
1538.000000 0.000438
1539.000000 0.000438
1540.000000 0.000439
1541.000000 0.000439
1542.000000 0.000439
1543.000000 0.000440
1544.000000 0.000440
1545.000000 0.000440
1546.000000 0.000441
1547.000000 0.000441
1548.000000 0.000441
1549.000000 0.000441
1550.000000 0.000442
1551.000000 0.000442
1552.000000 0.000442
1553.000000 0.000443
1554.000000 0.000443
1555.000000 0.000443
1556.000000 0.000444
1557.000000 0.000444
1558.000000 0.000444
1559.000000 0.000445
1560.000000 0.000445
1561.000000 0.000445
1562.000000 0.000445
1563.000000 0.000446
1564.000000 0.000446
1565.000000 0.000446
1566.000000 0.000447
1567.000000 0.000447
1568.000000 0.000447
1569.000000 0.000448
1570.000000 0.000448
1571.000000 0.000448
1572.000000 0.000449
1573.000000 0.000449
1574.000000 0.000449
1575.000000 0.000449
1576.000000 0.000450
1577.000000 0.000450
1578.000000 0.000450
1579.000000 0.000451
1580.000000 0.000451
1581.000000 0.000451
1582.000000 0.000452
1583.000000 0.000452
1584.000000 0.000452
1585.000000 0.000452
1586.000000 0.000453
1587.000000 0.000453
1588.000000 0.000453
1589.000000 0.000454
1590.000000 0.000454
1591.000000 0.000454
1592.000000 0.000454
1593.000000 0.000455
1594.000000 0.000455
1595.000000 0.000455
1596.000000 0.000456
1597.000000 0.000456
1598.000000 0.000456
1599.000000 0.000456
1600.000000 0.000457
1601.000000 0.000457
1602.000000 0.000457
1603.000000 0.000458
1604.000000 0.000458
1605.000000 0.000458
1606.000000 0.000458
1607.000000 0.000459
1608.000000 0.000459
1609.000000 0.000459
1610.000000 0.000460
1611.000000 0.000460
1612.000000 0.000460
1613.000000 0.000460
1614.000000 0.000461
1615.000000 0.000461
1616.000000 0.000461
1617.000000 0.000462
1618.000000 0.000462
1619.000000 0.000462
1620.000000 0.000462
1621.000000 0.000463
1622.000000 0.000463
1623.000000 0.000463
1624.000000 0.000463
1625.000000 0.000464
1626.000000 0.000464
1627.000000 0.000464
1628.000000 0.000465
1629.000000 0.000465
1630.000000 0.000465
1631.000000 0.000465
1632.000000 0.000466
1633.000000 0.000466
1634.000000 0.000466
1635.000000 0.000466
1636.000000 0.000467
1637.000000 0.000467
1638.000000 0.000467
1639.000000 0.000468
1640.000000 0.000468
1641.000000 0.000468
1642.000000 0.000468
1643.000000 0.000469
1644.000000 0.000469
1645.000000 0.000469
1646.000000 0.000469
1647.000000 0.000470
1648.000000 0.000470
1649.000000 0.000470
1650.000000 0.000470
1651.000000 0.000471
1652.000000 0.000471
1653.000000 0.000471
1654.000000 0.000471
1655.000000 0.000472
1656.000000 0.000472
1657.000000 0.000472
1658.000000 0.000472
1659.000000 0.000473
1660.000000 0.000473
1661.000000 0.000473
1662.000000 0.000473
1663.000000 0.000474
1664.000000 0.000474
1665.000000 0.000474
1666.000000 0.000474
1667.000000 0.000475
1668.000000 0.000475
1669.000000 0.000475
1670.000000 0.000475
1671.000000 0.000476
1672.000000 0.000476
1673.000000 0.000476
1674.000000 0.000476
1675.000000 0.000477
1676.000000 0.000477
1677.000000 0.000477
1678.000000 0.000477
1679.000000 0.000478
1680.000000 0.000478
1681.000000 0.000478
1682.000000 0.000478
1683.000000 0.000479
1684.000000 0.000479
1685.000000 0.000479
1686.000000 0.000479
1687.000000 0.000480
1688.000000 0.000480
1689.000000 0.000480
1690.000000 0.000480
1691.000000 0.000480
1692.000000 0.000481
1693.000000 0.000481
1694.000000 0.000481
1695.000000 0.000481
1696.000000 0.000482
1697.000000 0.000482
1698.000000 0.000482
1699.000000 0.000482
1700.000000 0.000483
1701.000000 0.000483
1702.000000 0.000483
1703.000000 0.000483
1704.000000 0.000483
1705.000000 0.000484
1706.000000 0.000484
1707.000000 0.000484
1708.000000 0.000484
1709.000000 0.000485
1710.000000 0.000485
1711.000000 0.000485
1712.000000 0.000485
1713.000000 0.000485
1714.000000 0.000486
1715.000000 0.000486
1716.000000 0.000486
1717.000000 0.000486
1718.000000 0.000487
1719.000000 0.000487
1720.000000 0.000487
1721.000000 0.000487
1722.000000 0.000487
1723.000000 0.000488
1724.000000 0.000488
1725.000000 0.000488
1726.000000 0.000488
1727.000000 0.000488
1728.000000 0.000489
1729.000000 0.000489
1730.000000 0.000489
1731.000000 0.000489
1732.000000 0.000490
1733.000000 0.000490
1734.000000 0.000490
1735.000000 0.000490
1736.000000 0.000490
1737.000000 0.000491
1738.000000 0.000491
1739.000000 0.000491
1740.000000 0.000491
1741.000000 0.000491
1742.000000 0.000492
1743.000000 0.000492
1744.000000 0.000492
1745.000000 0.000492
1746.000000 0.000492
1747.000000 0.000493
1748.000000 0.000493
1749.000000 0.000493
1750.000000 0.000493
1751.000000 0.000493
1752.000000 0.000494
1753.000000 0.000494
1754.000000 0.000494
1755.000000 0.000494
1756.000000 0.000494
1757.000000 0.000494
1758.000000 0.000495
1759.000000 0.000495
1760.000000 0.000495
1761.000000 0.000495
1762.000000 0.000495
1763.000000 0.000496
1764.000000 0.000496
1765.000000 0.000496
1766.000000 0.000496
1767.000000 0.000496
1768.000000 0.000497
1769.000000 0.000497
1770.000000 0.000497
1771.000000 0.000497
1772.000000 0.000497
1773.000000 0.000497
1774.000000 0.000498
1775.000000 0.000498
1776.000000 0.000498
1777.000000 0.000498
1778.000000 0.000498
1779.000000 0.000498
1780.000000 0.000499
1781.000000 0.000499
1782.000000 0.000499
1783.000000 0.000499
1784.000000 0.000499
1785.000000 0.000500
1786.000000 0.000500
1787.000000 0.000500
1788.000000 0.000500
1789.000000 0.000500
1790.000000 0.000500
1791.000000 0.000501
1792.000000 0.000501
1793.000000 0.000501
1794.000000 0.000501
1795.000000 0.000501
1796.000000 0.000501
1797.000000 0.000501
1798.000000 0.000502
1799.000000 0.000502
1800.000000 0.000502
1801.000000 0.000502
1802.000000 0.000502
1803.000000 0.000502
1804.000000 0.000503
1805.000000 0.000503
1806.000000 0.000503
1807.000000 0.000503
1808.000000 0.000503
1809.000000 0.000503
1810.000000 0.000504
1811.000000 0.000504
1812.000000 0.000504
1813.000000 0.000504
1814.000000 0.000504
1815.000000 0.000504
1816.000000 0.000504
1817.000000 0.000505
1818.000000 0.000505
1819.000000 0.000505
1820.000000 0.000505
1821.000000 0.000505
1822.000000 0.000505
1823.000000 0.000505
1824.000000 0.000506
1825.000000 0.000506
1826.000000 0.000506
1827.000000 0.000506
1828.000000 0.000506
1829.000000 0.000506
1830.000000 0.000506
1831.000000 0.000507
1832.000000 0.000507
1833.000000 0.000507
1834.000000 0.000507
1835.000000 0.000507
1836.000000 0.000507
1837.000000 0.000507
1838.000000 0.000507
1839.000000 0.000508
1840.000000 0.000508
1841.000000 0.000508
1842.000000 0.000508
1843.000000 0.000508
1844.000000 0.000508
1845.000000 0.000508
1846.000000 0.000508
1847.000000 0.000509
1848.000000 0.000509
1849.000000 0.000509
1850.000000 0.000509
1851.000000 0.000509
1852.000000 0.000509
1853.000000 0.000509
1854.000000 0.000509
1855.000000 0.000510
1856.000000 0.000510
1857.000000 0.000510
1858.000000 0.000510
1859.000000 0.000510
1860.000000 0.000510
1861.000000 0.000510
1862.000000 0.000510
1863.000000 0.000510
1864.000000 0.000511
1865.000000 0.000511
1866.000000 0.000511
1867.000000 0.000511
1868.000000 0.000511
1869.000000 0.000511
1870.000000 0.000511
1871.000000 0.000511
1872.000000 0.000511
1873.000000 0.000512
1874.000000 0.000512
1875.000000 0.000512
1876.000000 0.000512
1877.000000 0.000512
1878.000000 0.000512
1879.000000 0.000512
1880.000000 0.000512
1881.000000 0.000512
1882.000000 0.000512
1883.000000 0.000513
1884.000000 0.000513
1885.000000 0.000513
1886.000000 0.000513
1887.000000 0.000513
1888.000000 0.000513
1889.000000 0.000513
1890.000000 0.000513
1891.000000 0.000513
1892.000000 0.000513
1893.000000 0.000513
1894.000000 0.000514
1895.000000 0.000514
1896.000000 0.000514
1897.000000 0.000514
1898.000000 0.000514
1899.000000 0.000514
1900.000000 0.000514
1901.000000 0.000514
1902.000000 0.000514
1903.000000 0.000514
1904.000000 0.000514
1905.000000 0.000514
1906.000000 0.000515
1907.000000 0.000515
1908.000000 0.000515
1909.000000 0.000515
1910.000000 0.000515
1911.000000 0.000515
1912.000000 0.000515
1913.000000 0.000515
1914.000000 0.000515
1915.000000 0.000515
1916.000000 0.000515
1917.000000 0.000515
1918.000000 0.000515
1919.000000 0.000515
1920.000000 0.000516
1921.000000 0.000516
1922.000000 0.000516
1923.000000 0.000516
1924.000000 0.000516
1925.000000 0.000516
1926.000000 0.000516
1927.000000 0.000516
1928.000000 0.000516
1929.000000 0.000516
1930.000000 0.000516
1931.000000 0.000516
1932.000000 0.000516
1933.000000 0.000516
1934.000000 0.000516
1935.000000 0.000516
1936.000000 0.000516
1937.000000 0.000517
1938.000000 0.000517
1939.000000 0.000517
1940.000000 0.000517
1941.000000 0.000517
1942.000000 0.000517
1943.000000 0.000517
1944.000000 0.000517
1945.000000 0.000517
1946.000000 0.000517
1947.000000 0.000517
1948.000000 0.000517
1949.000000 0.000517
1950.000000 0.000517
1951.000000 0.000517
1952.000000 0.000517
1953.000000 0.000517
1954.000000 0.000517
1955.000000 0.000517
1956.000000 0.000517
1957.000000 0.000517
1958.000000 0.000517
1959.000000 0.000517
1960.000000 0.000517
1961.000000 0.000518
1962.000000 0.000518
1963.000000 0.000518
1964.000000 0.000518
1965.000000 0.000518
1966.000000 0.000518
1967.000000 0.000518
1968.000000 0.000518
1969.000000 0.000518
1970.000000 0.000518
1971.000000 0.000518
1972.000000 0.000518
1973.000000 0.000518
1974.000000 0.000518
1975.000000 0.000518
1976.000000 0.000518
1977.000000 0.000518
1978.000000 0.000518
1979.000000 0.000518
1980.000000 0.000518
1981.000000 0.000518
1982.000000 0.000518
1983.000000 0.000518
1984.000000 0.000518
1985.000000 0.000518
1986.000000 0.000518
1987.000000 0.000518
1988.000000 0.000518
1989.000000 0.000518
1990.000000 0.000518
1991.000000 0.000518
1992.000000 0.000518
1993.000000 0.000518
1994.000000 0.000518
1995.000000 0.000518
1996.000000 0.000518
1997.000000 0.000518
1998.000000 0.000518
1999.000000 0.000518
2000.000000 0.000518
2001.000000 0.000518
2002.000000 0.000518
2003.000000 0.000518
2004.000000 0.000518
2005.000000 0.000518
2006.000000 0.000518
2007.000000 0.000518
2008.000000 0.000518
2009.000000 0.000518
2010.000000 0.000518
2011.000000 0.000518
2012.000000 0.000518
2013.000000 0.000518
2014.000000 0.000518
2015.000000 0.000518
2016.000000 0.000518
2017.000000 0.000518
2018.000000 0.000518
2019.000000 0.000518
2020.000000 0.000518
2021.000000 0.000518
2022.000000 0.000518
2023.000000 0.000518
2024.000000 0.000518
2025.000000 0.000518
2026.000000 0.000518
2027.000000 0.000518
2028.000000 0.000518
2029.000000 0.000518
2030.000000 0.000518
2031.000000 0.000518
2032.000000 0.000518
2033.000000 0.000518
2034.000000 0.000518
2035.000000 0.000518
2036.000000 0.000518
2037.000000 0.000518
2038.000000 0.000518
2039.000000 0.000518
2040.000000 0.000518
2041.000000 0.000517
2042.000000 0.000517
2043.000000 0.000517
2044.000000 0.000517
2045.000000 0.000517
2046.000000 0.000517
2047.000000 0.000517
2048.000000 0.000517
2049.000000 0.000517
2050.000000 0.000517
2051.000000 0.000517
2052.000000 0.000517
2053.000000 0.000517
2054.000000 0.000517
2055.000000 0.000517
2056.000000 0.000517
2057.000000 0.000517
2058.000000 0.000517
2059.000000 0.000517
2060.000000 0.000517
2061.000000 0.000517
2062.000000 0.000517
2063.000000 0.000517
2064.000000 0.000516
2065.000000 0.000516
2066.000000 0.000516
2067.000000 0.000516
2068.000000 0.000516
2069.000000 0.000516
2070.000000 0.000516
2071.000000 0.000516
2072.000000 0.000516
2073.000000 0.000516
2074.000000 0.000516
2075.000000 0.000516
2076.000000 0.000516
2077.000000 0.000516
2078.000000 0.000516
2079.000000 0.000516
2080.000000 0.000516
2081.000000 0.000516
2082.000000 0.000515
2083.000000 0.000515
2084.000000 0.000515
2085.000000 0.000515
2086.000000 0.000515
2087.000000 0.000515
2088.000000 0.000515
2089.000000 0.000515
2090.000000 0.000515
2091.000000 0.000515
2092.000000 0.000515
2093.000000 0.000515
2094.000000 0.000515
2095.000000 0.000515
2096.000000 0.000514
2097.000000 0.000514
2098.000000 0.000514
2099.000000 0.000514
2100.000000 0.000514
2101.000000 0.000514
2102.000000 0.000514
2103.000000 0.000514
2104.000000 0.000514
2105.000000 0.000514
2106.000000 0.000514
2107.000000 0.000514
2108.000000 0.000513
2109.000000 0.000513
2110.000000 0.000513
2111.000000 0.000513
2112.000000 0.000513
2113.000000 0.000513
2114.000000 0.000513
2115.000000 0.000513
2116.000000 0.000513
2117.000000 0.000513
2118.000000 0.000513
2119.000000 0.000512
2120.000000 0.000512
2121.000000 0.000512
2122.000000 0.000512
2123.000000 0.000512
2124.000000 0.000512
2125.000000 0.000512
2126.000000 0.000512
2127.000000 0.000512
2128.000000 0.000512
2129.000000 0.000511
2130.000000 0.000511
2131.000000 0.000511
2132.000000 0.000511
2133.000000 0.000511
2134.000000 0.000511
2135.000000 0.000511
2136.000000 0.000511
2137.000000 0.000511
2138.000000 0.000510
2139.000000 0.000510
2140.000000 0.000510
2141.000000 0.000510
2142.000000 0.000510
2143.000000 0.000510
2144.000000 0.000510
2145.000000 0.000510
2146.000000 0.000510
2147.000000 0.000509
2148.000000 0.000509
2149.000000 0.000509
2150.000000 0.000509
2151.000000 0.000509
2152.000000 0.000509
2153.000000 0.000509
2154.000000 0.000509
2155.000000 0.000508
2156.000000 0.000508
2157.000000 0.000508
2158.000000 0.000508
2159.000000 0.000508
2160.000000 0.000508
2161.000000 0.000508
2162.000000 0.000508
2163.000000 0.000507
2164.000000 0.000507
2165.000000 0.000507
2166.000000 0.000507
2167.000000 0.000507
2168.000000 0.000507
2169.000000 0.000507
2170.000000 0.000507
2171.000000 0.000506
2172.000000 0.000506
2173.000000 0.000506
2174.000000 0.000506
2175.000000 0.000506
2176.000000 0.000506
2177.000000 0.000506
2178.000000 0.000505
2179.000000 0.000505
2180.000000 0.000505
2181.000000 0.000505
2182.000000 0.000505
2183.000000 0.000505
2184.000000 0.000505
2185.000000 0.000504
2186.000000 0.000504
2187.000000 0.000504
2188.000000 0.000504
2189.000000 0.000504
2190.000000 0.000504
2191.000000 0.000504
2192.000000 0.000503
2193.000000 0.000503
2194.000000 0.000503
2195.000000 0.000503
2196.000000 0.000503
2197.000000 0.000503
2198.000000 0.000502
2199.000000 0.000502
2200.000000 0.000502
2201.000000 0.000502
2202.000000 0.000502
2203.000000 0.000502
2204.000000 0.000501
2205.000000 0.000501
2206.000000 0.000501
2207.000000 0.000501
2208.000000 0.000501
2209.000000 0.000501
2210.000000 0.000501
2211.000000 0.000500
2212.000000 0.000500
2213.000000 0.000500
2214.000000 0.000500
2215.000000 0.000500
2216.000000 0.000500
2217.000000 0.000499
2218.000000 0.000499
2219.000000 0.000499
2220.000000 0.000499
2221.000000 0.000499
2222.000000 0.000498
2223.000000 0.000498
2224.000000 0.000498
2225.000000 0.000498
2226.000000 0.000498
2227.000000 0.000498
2228.000000 0.000497
2229.000000 0.000497
2230.000000 0.000497
2231.000000 0.000497
2232.000000 0.000497
2233.000000 0.000497
2234.000000 0.000496
2235.000000 0.000496
2236.000000 0.000496
2237.000000 0.000496
2238.000000 0.000496
2239.000000 0.000495
2240.000000 0.000495
2241.000000 0.000495
2242.000000 0.000495
2243.000000 0.000495
2244.000000 0.000494
2245.000000 0.000494
2246.000000 0.000494
2247.000000 0.000494
2248.000000 0.000494
2249.000000 0.000494
2250.000000 0.000493
2251.000000 0.000493
2252.000000 0.000493
2253.000000 0.000493
2254.000000 0.000493
2255.000000 0.000492
2256.000000 0.000492
2257.000000 0.000492
2258.000000 0.000492
2259.000000 0.000492
2260.000000 0.000491
2261.000000 0.000491
2262.000000 0.000491
2263.000000 0.000491
2264.000000 0.000491
2265.000000 0.000490
2266.000000 0.000490
2267.000000 0.000490
2268.000000 0.000490
2269.000000 0.000490
2270.000000 0.000489
2271.000000 0.000489
2272.000000 0.000489
2273.000000 0.000489
2274.000000 0.000488
2275.000000 0.000488
2276.000000 0.000488
2277.000000 0.000488
2278.000000 0.000488
2279.000000 0.000487
2280.000000 0.000487
2281.000000 0.000487
2282.000000 0.000487
2283.000000 0.000487
2284.000000 0.000486
2285.000000 0.000486
2286.000000 0.000486
2287.000000 0.000486
2288.000000 0.000485
2289.000000 0.000485
2290.000000 0.000485
2291.000000 0.000485
2292.000000 0.000485
2293.000000 0.000484
2294.000000 0.000484
2295.000000 0.000484
2296.000000 0.000484
2297.000000 0.000483
2298.000000 0.000483
2299.000000 0.000483
2300.000000 0.000483
2301.000000 0.000483
2302.000000 0.000482
2303.000000 0.000482
2304.000000 0.000482
2305.000000 0.000482
2306.000000 0.000481
2307.000000 0.000481
2308.000000 0.000481
2309.000000 0.000481
2310.000000 0.000480
2311.000000 0.000480
2312.000000 0.000480
2313.000000 0.000480
2314.000000 0.000480
2315.000000 0.000479
2316.000000 0.000479
2317.000000 0.000479
2318.000000 0.000479
2319.000000 0.000478
2320.000000 0.000478
2321.000000 0.000478
2322.000000 0.000478
2323.000000 0.000477
2324.000000 0.000477
2325.000000 0.000477
2326.000000 0.000477
2327.000000 0.000476
2328.000000 0.000476
2329.000000 0.000476
2330.000000 0.000476
2331.000000 0.000475
2332.000000 0.000475
2333.000000 0.000475
2334.000000 0.000475
2335.000000 0.000474
2336.000000 0.000474
2337.000000 0.000474
2338.000000 0.000474
2339.000000 0.000473
2340.000000 0.000473
2341.000000 0.000473
2342.000000 0.000473
2343.000000 0.000472
2344.000000 0.000472
2345.000000 0.000472
2346.000000 0.000472
2347.000000 0.000471
2348.000000 0.000471
2349.000000 0.000471
2350.000000 0.000471
2351.000000 0.000470
2352.000000 0.000470
2353.000000 0.000470
2354.000000 0.000470
2355.000000 0.000469
2356.000000 0.000469
2357.000000 0.000469
2358.000000 0.000469
2359.000000 0.000468
2360.000000 0.000468
2361.000000 0.000468
2362.000000 0.000467
2363.000000 0.000467
2364.000000 0.000467
2365.000000 0.000467
2366.000000 0.000466
2367.000000 0.000466
2368.000000 0.000466
2369.000000 0.000466
2370.000000 0.000465
2371.000000 0.000465
2372.000000 0.000465
2373.000000 0.000465
2374.000000 0.000464
2375.000000 0.000464
2376.000000 0.000464
2377.000000 0.000463
2378.000000 0.000463
2379.000000 0.000463
2380.000000 0.000463
2381.000000 0.000462
2382.000000 0.000462
2383.000000 0.000462
2384.000000 0.000462
2385.000000 0.000461
2386.000000 0.000461
2387.000000 0.000461
2388.000000 0.000460
2389.000000 0.000460
2390.000000 0.000460
2391.000000 0.000460
2392.000000 0.000459
2393.000000 0.000459
2394.000000 0.000459
2395.000000 0.000458
2396.000000 0.000458
2397.000000 0.000458
2398.000000 0.000458
2399.000000 0.000457
2400.000000 0.000457
2401.000000 0.000457
2402.000000 0.000456
2403.000000 0.000456
2404.000000 0.000456
2405.000000 0.000456
2406.000000 0.000455
2407.000000 0.000455
2408.000000 0.000455
2409.000000 0.000454
2410.000000 0.000454
2411.000000 0.000454
2412.000000 0.000454
2413.000000 0.000453
2414.000000 0.000453
2415.000000 0.000453
2416.000000 0.000452
2417.000000 0.000452
2418.000000 0.000452
2419.000000 0.000451
2420.000000 0.000451
2421.000000 0.000451
2422.000000 0.000451
2423.000000 0.000450
2424.000000 0.000450
2425.000000 0.000450
2426.000000 0.000449
2427.000000 0.000449
2428.000000 0.000449
2429.000000 0.000449
2430.000000 0.000448
2431.000000 0.000448
2432.000000 0.000448
2433.000000 0.000447
2434.000000 0.000447
2435.000000 0.000447
2436.000000 0.000446
2437.000000 0.000446
2438.000000 0.000446
2439.000000 0.000445
2440.000000 0.000445
2441.000000 0.000445
2442.000000 0.000445
2443.000000 0.000444
2444.000000 0.000444
2445.000000 0.000444
2446.000000 0.000443
2447.000000 0.000443
2448.000000 0.000443
2449.000000 0.000442
2450.000000 0.000442
2451.000000 0.000442
2452.000000 0.000441
2453.000000 0.000441
2454.000000 0.000441
2455.000000 0.000441
2456.000000 0.000440
2457.000000 0.000440
2458.000000 0.000440
2459.000000 0.000439
2460.000000 0.000439
2461.000000 0.000439
2462.000000 0.000438
2463.000000 0.000438
2464.000000 0.000438
2465.000000 0.000437
2466.000000 0.000437
2467.000000 0.000437
2468.000000 0.000436
2469.000000 0.000436
2470.000000 0.000436
2471.000000 0.000435
2472.000000 0.000435
2473.000000 0.000435
2474.000000 0.000434
2475.000000 0.000434
2476.000000 0.000434
2477.000000 0.000434
2478.000000 0.000433
2479.000000 0.000433
2480.000000 0.000433
2481.000000 0.000432
2482.000000 0.000432
2483.000000 0.000432
2484.000000 0.000431
2485.000000 0.000431
2486.000000 0.000431
2487.000000 0.000430
2488.000000 0.000430
2489.000000 0.000430
2490.000000 0.000429
2491.000000 0.000429
2492.000000 0.000429
2493.000000 0.000428
2494.000000 0.000428
2495.000000 0.000428
2496.000000 0.000427
2497.000000 0.000427
2498.000000 0.000427
2499.000000 0.000426
2500.000000 0.000426
2501.000000 0.000426
2502.000000 0.000425
2503.000000 0.000425
2504.000000 0.000425
2505.000000 0.000424
2506.000000 0.000424
2507.000000 0.000424
2508.000000 0.000423
2509.000000 0.000423
2510.000000 0.000423
2511.000000 0.000422
2512.000000 0.000422
2513.000000 0.000422
2514.000000 0.000421
2515.000000 0.000421
2516.000000 0.000421
2517.000000 0.000420
2518.000000 0.000420
2519.000000 0.000420
2520.000000 0.000419
2521.000000 0.000419
2522.000000 0.000419
2523.000000 0.000418
2524.000000 0.000418
2525.000000 0.000418
2526.000000 0.000417
2527.000000 0.000417
2528.000000 0.000417
2529.000000 0.000416
2530.000000 0.000416
2531.000000 0.000416
2532.000000 0.000415
2533.000000 0.000415
2534.000000 0.000414
2535.000000 0.000414
2536.000000 0.000414
2537.000000 0.000413
2538.000000 0.000413
2539.000000 0.000413
2540.000000 0.000412
2541.000000 0.000412
2542.000000 0.000412
2543.000000 0.000411
2544.000000 0.000411
2545.000000 0.000411
2546.000000 0.000410
2547.000000 0.000410
2548.000000 0.000410
2549.000000 0.000409
2550.000000 0.000409
2551.000000 0.000409
2552.000000 0.000408
2553.000000 0.000408
2554.000000 0.000408
2555.000000 0.000407
2556.000000 0.000407
2557.000000 0.000406
2558.000000 0.000406
2559.000000 0.000406
2560.000000 0.000405
2561.000000 0.000405
2562.000000 0.000405
2563.000000 0.000404
2564.000000 0.000404
2565.000000 0.000404
2566.000000 0.000403
2567.000000 0.000403
2568.000000 0.000403
2569.000000 0.000402
2570.000000 0.000402
2571.000000 0.000401
2572.000000 0.000401
2573.000000 0.000401
2574.000000 0.000400
2575.000000 0.000400
2576.000000 0.000400
2577.000000 0.000399
2578.000000 0.000399
2579.000000 0.000399
2580.000000 0.000398
2581.000000 0.000398
2582.000000 0.000398
2583.000000 0.000397
2584.000000 0.000397
2585.000000 0.000396
2586.000000 0.000396
2587.000000 0.000396
2588.000000 0.000395
2589.000000 0.000395
2590.000000 0.000395
2591.000000 0.000394
2592.000000 0.000394
2593.000000 0.000394
2594.000000 0.000393
2595.000000 0.000393
2596.000000 0.000392
2597.000000 0.000392
2598.000000 0.000392
2599.000000 0.000391
2600.000000 0.000391
2601.000000 0.000391
2602.000000 0.000390
2603.000000 0.000390
2604.000000 0.000390
2605.000000 0.000389
2606.000000 0.000389
2607.000000 0.000388
2608.000000 0.000388
2609.000000 0.000388
2610.000000 0.000387
2611.000000 0.000387
2612.000000 0.000387
2613.000000 0.000386
2614.000000 0.000386
2615.000000 0.000386
2616.000000 0.000385
2617.000000 0.000385
2618.000000 0.000384
2619.000000 0.000384
2620.000000 0.000384
2621.000000 0.000383
2622.000000 0.000383
2623.000000 0.000383
2624.000000 0.000382
2625.000000 0.000382
2626.000000 0.000381
2627.000000 0.000381
2628.000000 0.000381
2629.000000 0.000380
2630.000000 0.000380
2631.000000 0.000380
2632.000000 0.000379
2633.000000 0.000379
2634.000000 0.000378
2635.000000 0.000378
2636.000000 0.000378
2637.000000 0.000377
2638.000000 0.000377
2639.000000 0.000377
2640.000000 0.000376
2641.000000 0.000376
2642.000000 0.000375
2643.000000 0.000375
2644.000000 0.000375
2645.000000 0.000374
2646.000000 0.000374
2647.000000 0.000374
2648.000000 0.000373
2649.000000 0.000373
2650.000000 0.000372
2651.000000 0.000372
2652.000000 0.000372
2653.000000 0.000371
2654.000000 0.000371
2655.000000 0.000371
2656.000000 0.000370
2657.000000 0.000370
2658.000000 0.000369
2659.000000 0.000369
2660.000000 0.000369
2661.000000 0.000368
2662.000000 0.000368
2663.000000 0.000368
2664.000000 0.000367
2665.000000 0.000367
2666.000000 0.000366
2667.000000 0.000366
2668.000000 0.000366
2669.000000 0.000365
2670.000000 0.000365
2671.000000 0.000365
2672.000000 0.000364
2673.000000 0.000364
2674.000000 0.000363
2675.000000 0.000363
2676.000000 0.000363
2677.000000 0.000362
2678.000000 0.000362
2679.000000 0.000361
2680.000000 0.000361
2681.000000 0.000361
2682.000000 0.000360
2683.000000 0.000360
2684.000000 0.000360
2685.000000 0.000359
2686.000000 0.000359
2687.000000 0.000358
2688.000000 0.000358
2689.000000 0.000358
2690.000000 0.000357
2691.000000 0.000357
2692.000000 0.000357
2693.000000 0.000356
2694.000000 0.000356
2695.000000 0.000355
2696.000000 0.000355
2697.000000 0.000355
2698.000000 0.000354
2699.000000 0.000354
2700.000000 0.000353
2701.000000 0.000353
2702.000000 0.000353
2703.000000 0.000352
2704.000000 0.000352
2705.000000 0.000352
2706.000000 0.000351
2707.000000 0.000351
2708.000000 0.000350
2709.000000 0.000350
2710.000000 0.000350
2711.000000 0.000349
2712.000000 0.000349
2713.000000 0.000348
2714.000000 0.000348
2715.000000 0.000348
2716.000000 0.000347
2717.000000 0.000347
2718.000000 0.000346
2719.000000 0.000346
2720.000000 0.000346
2721.000000 0.000345
2722.000000 0.000345
2723.000000 0.000345
2724.000000 0.000344
2725.000000 0.000344
2726.000000 0.000343
2727.000000 0.000343
2728.000000 0.000343
2729.000000 0.000342
2730.000000 0.000342
2731.000000 0.000341
2732.000000 0.000341
2733.000000 0.000341
2734.000000 0.000340
2735.000000 0.000340
2736.000000 0.000340
2737.000000 0.000339
2738.000000 0.000339
2739.000000 0.000338
2740.000000 0.000338
2741.000000 0.000338
2742.000000 0.000337
2743.000000 0.000337
2744.000000 0.000336
2745.000000 0.000336
2746.000000 0.000336
2747.000000 0.000335
2748.000000 0.000335
2749.000000 0.000334
2750.000000 0.000334
2751.000000 0.000334
2752.000000 0.000333
2753.000000 0.000333
2754.000000 0.000333
2755.000000 0.000332
2756.000000 0.000332
2757.000000 0.000331
2758.000000 0.000331
2759.000000 0.000331
2760.000000 0.000330
2761.000000 0.000330
2762.000000 0.000329
2763.000000 0.000329
2764.000000 0.000329
2765.000000 0.000328
2766.000000 0.000328
2767.000000 0.000327
2768.000000 0.000327
2769.000000 0.000327
2770.000000 0.000326
2771.000000 0.000326
2772.000000 0.000325
2773.000000 0.000325
2774.000000 0.000325
2775.000000 0.000324
2776.000000 0.000324
2777.000000 0.000324
2778.000000 0.000323
2779.000000 0.000323
2780.000000 0.000322
2781.000000 0.000322
2782.000000 0.000322
2783.000000 0.000321
2784.000000 0.000321
2785.000000 0.000320
2786.000000 0.000320
2787.000000 0.000320
2788.000000 0.000319
2789.000000 0.000319
2790.000000 0.000318
2791.000000 0.000318
2792.000000 0.000318
2793.000000 0.000317
2794.000000 0.000317
2795.000000 0.000316
2796.000000 0.000316
2797.000000 0.000316
2798.000000 0.000315
2799.000000 0.000315
2800.000000 0.000315
2801.000000 0.000314
2802.000000 0.000314
2803.000000 0.000313
2804.000000 0.000313
2805.000000 0.000313
2806.000000 0.000312
2807.000000 0.000312
2808.000000 0.000311
2809.000000 0.000311
2810.000000 0.000311
2811.000000 0.000310
2812.000000 0.000310
2813.000000 0.000309
2814.000000 0.000309
2815.000000 0.000309
2816.000000 0.000308
2817.000000 0.000308
2818.000000 0.000307
2819.000000 0.000307
2820.000000 0.000307
2821.000000 0.000306
2822.000000 0.000306
2823.000000 0.000306
2824.000000 0.000305
2825.000000 0.000305
2826.000000 0.000304
2827.000000 0.000304
2828.000000 0.000304
2829.000000 0.000303
2830.000000 0.000303
2831.000000 0.000302
2832.000000 0.000302
2833.000000 0.000302
2834.000000 0.000301
2835.000000 0.000301
2836.000000 0.000300
2837.000000 0.000300
2838.000000 0.000300
2839.000000 0.000299
2840.000000 0.000299
2841.000000 0.000298
2842.000000 0.000298
2843.000000 0.000298
2844.000000 0.000297
2845.000000 0.000297
2846.000000 0.000297
2847.000000 0.000296
2848.000000 0.000296
2849.000000 0.000295
2850.000000 0.000295
2851.000000 0.000295
2852.000000 0.000294
2853.000000 0.000294
2854.000000 0.000293
2855.000000 0.000293
2856.000000 0.000293
2857.000000 0.000292
2858.000000 0.000292
2859.000000 0.000291
2860.000000 0.000291
2861.000000 0.000291
2862.000000 0.000290
2863.000000 0.000290
2864.000000 0.000289
2865.000000 0.000289
2866.000000 0.000289
2867.000000 0.000288
2868.000000 0.000288
2869.000000 0.000288
2870.000000 0.000287
2871.000000 0.000287
2872.000000 0.000286
2873.000000 0.000286
2874.000000 0.000286
2875.000000 0.000285
2876.000000 0.000285
2877.000000 0.000284
2878.000000 0.000284
2879.000000 0.000284
2880.000000 0.000283
2881.000000 0.000283
2882.000000 0.000282
2883.000000 0.000282
2884.000000 0.000282
2885.000000 0.000281
2886.000000 0.000281
2887.000000 0.000280
2888.000000 0.000280
2889.000000 0.000280
2890.000000 0.000279
2891.000000 0.000279
2892.000000 0.000279
2893.000000 0.000278
2894.000000 0.000278
2895.000000 0.000277
2896.000000 0.000277
2897.000000 0.000277
2898.000000 0.000276
2899.000000 0.000276
2900.000000 0.000275
2901.000000 0.000275
2902.000000 0.000275
2903.000000 0.000274
2904.000000 0.000274
2905.000000 0.000273
2906.000000 0.000273
2907.000000 0.000273
2908.000000 0.000272
2909.000000 0.000272
2910.000000 0.000272
2911.000000 0.000271
2912.000000 0.000271
2913.000000 0.000270
2914.000000 0.000270
2915.000000 0.000270
2916.000000 0.000269
2917.000000 0.000269
2918.000000 0.000268
2919.000000 0.000268
2920.000000 0.000268
2921.000000 0.000267
2922.000000 0.000267
2923.000000 0.000267
2924.000000 0.000266
2925.000000 0.000266
2926.000000 0.000265
2927.000000 0.000265
2928.000000 0.000265
2929.000000 0.000264
2930.000000 0.000264
2931.000000 0.000263
2932.000000 0.000263
2933.000000 0.000263
2934.000000 0.000262
2935.000000 0.000262
2936.000000 0.000262
2937.000000 0.000261
2938.000000 0.000261
2939.000000 0.000260
2940.000000 0.000260
2941.000000 0.000260
2942.000000 0.000259
2943.000000 0.000259
2944.000000 0.000258
2945.000000 0.000258
2946.000000 0.000258
2947.000000 0.000257
2948.000000 0.000257
2949.000000 0.000257
2950.000000 0.000256
2951.000000 0.000256
2952.000000 0.000255
2953.000000 0.000255
2954.000000 0.000255
2955.000000 0.000254
2956.000000 0.000254
2957.000000 0.000253
2958.000000 0.000253
2959.000000 0.000253
2960.000000 0.000252
2961.000000 0.000252
2962.000000 0.000252
2963.000000 0.000251
2964.000000 0.000251
2965.000000 0.000250
2966.000000 0.000250
2967.000000 0.000250
2968.000000 0.000249
2969.000000 0.000249
2970.000000 0.000248
2971.000000 0.000248
2972.000000 0.000248
2973.000000 0.000247
2974.000000 0.000247
2975.000000 0.000247
2976.000000 0.000246
2977.000000 0.000246
2978.000000 0.000245
2979.000000 0.000245
2980.000000 0.000245
2981.000000 0.000244
2982.000000 0.000244
2983.000000 0.000244
2984.000000 0.000243
2985.000000 0.000243
2986.000000 0.000242
2987.000000 0.000242
2988.000000 0.000242
2989.000000 0.000241
2990.000000 0.000241
2991.000000 0.000241
2992.000000 0.000240
2993.000000 0.000240
2994.000000 0.000239
2995.000000 0.000239
2996.000000 0.000239
2997.000000 0.000238
2998.000000 0.000238
2999.000000 0.000238
3000.000000 0.000237
3001.000000 0.000237
3002.000000 0.000236
3003.000000 0.000236
3004.000000 0.000236
3005.000000 0.000235
3006.000000 0.000235
3007.000000 0.000235
3008.000000 0.000234
3009.000000 0.000234
3010.000000 0.000233
3011.000000 0.000233
3012.000000 0.000233
3013.000000 0.000232
3014.000000 0.000232
3015.000000 0.000232
3016.000000 0.000231
3017.000000 0.000231
3018.000000 0.000230
3019.000000 0.000230
3020.000000 0.000230
3021.000000 0.000229
3022.000000 0.000229
3023.000000 0.000229
3024.000000 0.000228
3025.000000 0.000228
3026.000000 0.000227
3027.000000 0.000227
3028.000000 0.000227
3029.000000 0.000226
3030.000000 0.000226
3031.000000 0.000226
3032.000000 0.000225
3033.000000 0.000225
3034.000000 0.000224
3035.000000 0.000224
3036.000000 0.000224
3037.000000 0.000223
3038.000000 0.000223
3039.000000 0.000223
3040.000000 0.000222
3041.000000 0.000222
3042.000000 0.000221
3043.000000 0.000221
3044.000000 0.000221
3045.000000 0.000220
3046.000000 0.000220
3047.000000 0.000220
3048.000000 0.000219
3049.000000 0.000219
3050.000000 0.000219
3051.000000 0.000218
3052.000000 0.000218
3053.000000 0.000217
3054.000000 0.000217
3055.000000 0.000217
3056.000000 0.000216
3057.000000 0.000216
3058.000000 0.000216
3059.000000 0.000215
3060.000000 0.000215
3061.000000 0.000215
3062.000000 0.000214
3063.000000 0.000214
3064.000000 0.000213
3065.000000 0.000213
3066.000000 0.000213
3067.000000 0.000212
3068.000000 0.000212
3069.000000 0.000212
3070.000000 0.000211
3071.000000 0.000211
3072.000000 0.000211
3073.000000 0.000210
3074.000000 0.000210
3075.000000 0.000209
3076.000000 0.000209
3077.000000 0.000209
3078.000000 0.000208
3079.000000 0.000208
3080.000000 0.000208
3081.000000 0.000207
3082.000000 0.000207
3083.000000 0.000207
3084.000000 0.000206
3085.000000 0.000206
3086.000000 0.000205
3087.000000 0.000205
3088.000000 0.000205
3089.000000 0.000204
3090.000000 0.000204
3091.000000 0.000204
3092.000000 0.000203
3093.000000 0.000203
3094.000000 0.000203
3095.000000 0.000202
3096.000000 0.000202
3097.000000 0.000201
3098.000000 0.000201
3099.000000 0.000201
3100.000000 0.000200
3101.000000 0.000200
3102.000000 0.000200
3103.000000 0.000199
3104.000000 0.000199
3105.000000 0.000199
3106.000000 0.000198
3107.000000 0.000198
3108.000000 0.000198
3109.000000 0.000197
3110.000000 0.000197
3111.000000 0.000197
3112.000000 0.000196
3113.000000 0.000196
3114.000000 0.000195
3115.000000 0.000195
3116.000000 0.000195
3117.000000 0.000194
3118.000000 0.000194
3119.000000 0.000194
3120.000000 0.000193
3121.000000 0.000193
3122.000000 0.000193
3123.000000 0.000192
3124.000000 0.000192
3125.000000 0.000192
3126.000000 0.000191
3127.000000 0.000191
3128.000000 0.000191
3129.000000 0.000190
3130.000000 0.000190
3131.000000 0.000189
3132.000000 0.000189
3133.000000 0.000189
3134.000000 0.000188
3135.000000 0.000188
3136.000000 0.000188
3137.000000 0.000187
3138.000000 0.000187
3139.000000 0.000187
3140.000000 0.000186
3141.000000 0.000186
3142.000000 0.000186
3143.000000 0.000185
3144.000000 0.000185
3145.000000 0.000185
3146.000000 0.000184
3147.000000 0.000184
3148.000000 0.000184
3149.000000 0.000183
3150.000000 0.000183
3151.000000 0.000183
3152.000000 0.000182
3153.000000 0.000182
3154.000000 0.000181
3155.000000 0.000181
3156.000000 0.000181
3157.000000 0.000180
3158.000000 0.000180
3159.000000 0.000180
3160.000000 0.000179
3161.000000 0.000179
3162.000000 0.000179
3163.000000 0.000178
3164.000000 0.000178
3165.000000 0.000178
3166.000000 0.000177
3167.000000 0.000177
3168.000000 0.000177
3169.000000 0.000176
3170.000000 0.000176
3171.000000 0.000176
3172.000000 0.000175
3173.000000 0.000175
3174.000000 0.000175
3175.000000 0.000174
3176.000000 0.000174
3177.000000 0.000174
3178.000000 0.000173
3179.000000 0.000173
3180.000000 0.000173
3181.000000 0.000172
3182.000000 0.000172
3183.000000 0.000172
3184.000000 0.000171
3185.000000 0.000171
3186.000000 0.000171
3187.000000 0.000170
3188.000000 0.000170
3189.000000 0.000170
3190.000000 0.000169
3191.000000 0.000169
3192.000000 0.000169
3193.000000 0.000168
3194.000000 0.000168
3195.000000 0.000168
3196.000000 0.000167
3197.000000 0.000167
3198.000000 0.000167
3199.000000 0.000166
3200.000000 0.000166
3201.000000 0.000166
3202.000000 0.000165
3203.000000 0.000165
3204.000000 0.000165
3205.000000 0.000164
3206.000000 0.000164
3207.000000 0.000164
3208.000000 0.000163
3209.000000 0.000163
3210.000000 0.000163
3211.000000 0.000162
3212.000000 0.000162
3213.000000 0.000162
3214.000000 0.000161
3215.000000 0.000161
3216.000000 0.000161
3217.000000 0.000160
3218.000000 0.000160
3219.000000 0.000160
3220.000000 0.000159
3221.000000 0.000159
3222.000000 0.000159
3223.000000 0.000158
3224.000000 0.000158
3225.000000 0.000158
3226.000000 0.000157
3227.000000 0.000157
3228.000000 0.000157
3229.000000 0.000156
3230.000000 0.000156
3231.000000 0.000156
3232.000000 0.000155
3233.000000 0.000155
3234.000000 0.000155
3235.000000 0.000154
3236.000000 0.000154
3237.000000 0.000154
3238.000000 0.000153
3239.000000 0.000153
3240.000000 0.000153
3241.000000 0.000152
3242.000000 0.000152
3243.000000 0.000152
3244.000000 0.000151
3245.000000 0.000151
3246.000000 0.000151
3247.000000 0.000150
3248.000000 0.000150
3249.000000 0.000150
3250.000000 0.000150
3251.000000 0.000149
3252.000000 0.000149
3253.000000 0.000149
3254.000000 0.000148
3255.000000 0.000148
3256.000000 0.000148
3257.000000 0.000147
3258.000000 0.000147
3259.000000 0.000147
3260.000000 0.000146
3261.000000 0.000146
3262.000000 0.000146
3263.000000 0.000145
3264.000000 0.000145
3265.000000 0.000145
3266.000000 0.000144
3267.000000 0.000144
3268.000000 0.000144
3269.000000 0.000143
3270.000000 0.000143
3271.000000 0.000143
3272.000000 0.000143
3273.000000 0.000142
3274.000000 0.000142
3275.000000 0.000142
3276.000000 0.000141
3277.000000 0.000141
3278.000000 0.000141
3279.000000 0.000140
3280.000000 0.000140
3281.000000 0.000140
3282.000000 0.000139
3283.000000 0.000139
3284.000000 0.000139
3285.000000 0.000138
3286.000000 0.000138
3287.000000 0.000138
3288.000000 0.000138
3289.000000 0.000137
3290.000000 0.000137
3291.000000 0.000137
3292.000000 0.000136
3293.000000 0.000136
3294.000000 0.000136
3295.000000 0.000135
3296.000000 0.000135
3297.000000 0.000135
3298.000000 0.000134
3299.000000 0.000134
3300.000000 0.000134
3301.000000 0.000134
3302.000000 0.000133
3303.000000 0.000133
3304.000000 0.000133
3305.000000 0.000132
3306.000000 0.000132
3307.000000 0.000132
3308.000000 0.000131
3309.000000 0.000131
3310.000000 0.000131
3311.000000 0.000130
3312.000000 0.000130
3313.000000 0.000130
3314.000000 0.000130
3315.000000 0.000129
3316.000000 0.000129
3317.000000 0.000129
3318.000000 0.000128
3319.000000 0.000128
3320.000000 0.000128
3321.000000 0.000127
3322.000000 0.000127
3323.000000 0.000127
3324.000000 0.000127
3325.000000 0.000126
3326.000000 0.000126
3327.000000 0.000126
3328.000000 0.000125
3329.000000 0.000125
3330.000000 0.000125
3331.000000 0.000124
3332.000000 0.000124
3333.000000 0.000124
3334.000000 0.000124
3335.000000 0.000123
3336.000000 0.000123
3337.000000 0.000123
3338.000000 0.000122
3339.000000 0.000122
3340.000000 0.000122
3341.000000 0.000122
3342.000000 0.000121
3343.000000 0.000121
3344.000000 0.000121
3345.000000 0.000120
3346.000000 0.000120
3347.000000 0.000120
3348.000000 0.000119
3349.000000 0.000119
3350.000000 0.000119
3351.000000 0.000119
3352.000000 0.000118
3353.000000 0.000118
3354.000000 0.000118
3355.000000 0.000117
3356.000000 0.000117
3357.000000 0.000117
3358.000000 0.000117
3359.000000 0.000116
3360.000000 0.000116
3361.000000 0.000116
3362.000000 0.000115
3363.000000 0.000115
3364.000000 0.000115
3365.000000 0.000115
3366.000000 0.000114
3367.000000 0.000114
3368.000000 0.000114
3369.000000 0.000113
3370.000000 0.000113
3371.000000 0.000113
3372.000000 0.000113
3373.000000 0.000112
3374.000000 0.000112
3375.000000 0.000112
3376.000000 0.000111
3377.000000 0.000111
3378.000000 0.000111
3379.000000 0.000111
3380.000000 0.000110
3381.000000 0.000110
3382.000000 0.000110
3383.000000 0.000109
3384.000000 0.000109
3385.000000 0.000109
3386.000000 0.000109
3387.000000 0.000108
3388.000000 0.000108
3389.000000 0.000108
3390.000000 0.000107
3391.000000 0.000107
3392.000000 0.000107
3393.000000 0.000107
3394.000000 0.000106
3395.000000 0.000106
3396.000000 0.000106
3397.000000 0.000105
3398.000000 0.000105
3399.000000 0.000105
3400.000000 0.000105
3401.000000 0.000104
3402.000000 0.000104
3403.000000 0.000104
3404.000000 0.000104
3405.000000 0.000103
3406.000000 0.000103
3407.000000 0.000103
3408.000000 0.000102
3409.000000 0.000102
3410.000000 0.000102
3411.000000 0.000102
3412.000000 0.000101
3413.000000 0.000101
3414.000000 0.000101
3415.000000 0.000100
3416.000000 0.000100
3417.000000 0.000100
3418.000000 0.000100
3419.000000 0.000099
3420.000000 0.000099
3421.000000 0.000099
3422.000000 0.000099
3423.000000 0.000098
3424.000000 0.000098
3425.000000 0.000098
3426.000000 0.000097
3427.000000 0.000097
3428.000000 0.000097
3429.000000 0.000097
3430.000000 0.000096
3431.000000 0.000096
3432.000000 0.000096
3433.000000 0.000096
3434.000000 0.000095
3435.000000 0.000095
3436.000000 0.000095
3437.000000 0.000095
3438.000000 0.000094
3439.000000 0.000094
3440.000000 0.000094
3441.000000 0.000093
3442.000000 0.000093
3443.000000 0.000093
3444.000000 0.000093
3445.000000 0.000092
3446.000000 0.000092
3447.000000 0.000092
3448.000000 0.000092
3449.000000 0.000091
3450.000000 0.000091
3451.000000 0.000091
3452.000000 0.000091
3453.000000 0.000090
3454.000000 0.000090
3455.000000 0.000090
3456.000000 0.000089
3457.000000 0.000089
3458.000000 0.000089
3459.000000 0.000089
3460.000000 0.000088
3461.000000 0.000088
3462.000000 0.000088
3463.000000 0.000088
3464.000000 0.000087
3465.000000 0.000087
3466.000000 0.000087
3467.000000 0.000087
3468.000000 0.000086
3469.000000 0.000086
3470.000000 0.000086
3471.000000 0.000086
3472.000000 0.000085
3473.000000 0.000085
3474.000000 0.000085
3475.000000 0.000085
3476.000000 0.000084
3477.000000 0.000084
3478.000000 0.000084
3479.000000 0.000084
3480.000000 0.000083
3481.000000 0.000083
3482.000000 0.000083
3483.000000 0.000083
3484.000000 0.000082
3485.000000 0.000082
3486.000000 0.000082
3487.000000 0.000082
3488.000000 0.000081
3489.000000 0.000081
3490.000000 0.000081
3491.000000 0.000081
3492.000000 0.000080
3493.000000 0.000080
3494.000000 0.000080
3495.000000 0.000079
3496.000000 0.000079
3497.000000 0.000079
3498.000000 0.000079
3499.000000 0.000078
3500.000000 0.000078
3501.000000 0.000078
3502.000000 0.000078
3503.000000 0.000078
3504.000000 0.000077
3505.000000 0.000077
3506.000000 0.000077
3507.000000 0.000077
3508.000000 0.000076
3509.000000 0.000076
3510.000000 0.000076
3511.000000 0.000076
3512.000000 0.000075
3513.000000 0.000075
3514.000000 0.000075
3515.000000 0.000075
3516.000000 0.000074
3517.000000 0.000074
3518.000000 0.000074
3519.000000 0.000074
3520.000000 0.000073
3521.000000 0.000073
3522.000000 0.000073
3523.000000 0.000073
3524.000000 0.000072
3525.000000 0.000072
3526.000000 0.000072
3527.000000 0.000072
3528.000000 0.000071
3529.000000 0.000071
3530.000000 0.000071
3531.000000 0.000071
3532.000000 0.000070
3533.000000 0.000070
3534.000000 0.000070
3535.000000 0.000070
3536.000000 0.000069
3537.000000 0.000069
3538.000000 0.000069
3539.000000 0.000069
3540.000000 0.000069
3541.000000 0.000068
3542.000000 0.000068
3543.000000 0.000068
3544.000000 0.000068
3545.000000 0.000067
3546.000000 0.000067
3547.000000 0.000067
3548.000000 0.000067
3549.000000 0.000066
3550.000000 0.000066
3551.000000 0.000066
3552.000000 0.000066
3553.000000 0.000065
3554.000000 0.000065
3555.000000 0.000065
3556.000000 0.000065
3557.000000 0.000064
3558.000000 0.000064
3559.000000 0.000064
3560.000000 0.000064
3561.000000 0.000064
3562.000000 0.000063
3563.000000 0.000063
3564.000000 0.000063
3565.000000 0.000063
3566.000000 0.000062
3567.000000 0.000062
3568.000000 0.000062
3569.000000 0.000062
3570.000000 0.000061
3571.000000 0.000061
3572.000000 0.000061
3573.000000 0.000061
3574.000000 0.000061
3575.000000 0.000060
3576.000000 0.000060
3577.000000 0.000060
3578.000000 0.000060
3579.000000 0.000059
3580.000000 0.000059
3581.000000 0.000059
3582.000000 0.000059
3583.000000 0.000059
3584.000000 0.000058
3585.000000 0.000058
3586.000000 0.000058
3587.000000 0.000058
3588.000000 0.000057
3589.000000 0.000057
3590.000000 0.000057
3591.000000 0.000057
3592.000000 0.000057
3593.000000 0.000056
3594.000000 0.000056
3595.000000 0.000056
3596.000000 0.000056
3597.000000 0.000055
3598.000000 0.000055
3599.000000 0.000055
3600.000000 0.000055
3601.000000 0.000055
3602.000000 0.000054
3603.000000 0.000054
3604.000000 0.000054
3605.000000 0.000054
3606.000000 0.000053
3607.000000 0.000053
3608.000000 0.000053
3609.000000 0.000053
3610.000000 0.000053
3611.000000 0.000052
3612.000000 0.000052
3613.000000 0.000052
3614.000000 0.000052
3615.000000 0.000051
3616.000000 0.000051
3617.000000 0.000051
3618.000000 0.000051
3619.000000 0.000051
3620.000000 0.000050
3621.000000 0.000050
3622.000000 0.000050
3623.000000 0.000050
3624.000000 0.000050
3625.000000 0.000049
3626.000000 0.000049
3627.000000 0.000049
3628.000000 0.000049
3629.000000 0.000048
3630.000000 0.000048
3631.000000 0.000048
3632.000000 0.000048
3633.000000 0.000048
3634.000000 0.000047
3635.000000 0.000047
3636.000000 0.000047
3637.000000 0.000047
3638.000000 0.000047
3639.000000 0.000046
3640.000000 0.000046
3641.000000 0.000046
3642.000000 0.000046
3643.000000 0.000045
3644.000000 0.000045
3645.000000 0.000045
3646.000000 0.000045
3647.000000 0.000045
3648.000000 0.000044
3649.000000 0.000044
3650.000000 0.000044
3651.000000 0.000044
3652.000000 0.000044
3653.000000 0.000043
3654.000000 0.000043
3655.000000 0.000043
3656.000000 0.000043
3657.000000 0.000043
3658.000000 0.000042
3659.000000 0.000042
3660.000000 0.000042
3661.000000 0.000042
3662.000000 0.000042
3663.000000 0.000041
3664.000000 0.000041
3665.000000 0.000041
3666.000000 0.000041
3667.000000 0.000041
3668.000000 0.000040
3669.000000 0.000040
3670.000000 0.000040
3671.000000 0.000040
3672.000000 0.000040
3673.000000 0.000039
3674.000000 0.000039
3675.000000 0.000039
3676.000000 0.000039
3677.000000 0.000039
3678.000000 0.000038
3679.000000 0.000038
3680.000000 0.000038
3681.000000 0.000038
3682.000000 0.000038
3683.000000 0.000037
3684.000000 0.000037
3685.000000 0.000037
3686.000000 0.000037
3687.000000 0.000037
3688.000000 0.000036
3689.000000 0.000036
3690.000000 0.000036
3691.000000 0.000036
3692.000000 0.000036
3693.000000 0.000035
3694.000000 0.000035
3695.000000 0.000035
3696.000000 0.000035
3697.000000 0.000035
3698.000000 0.000034
3699.000000 0.000034
3700.000000 0.000034
3701.000000 0.000034
3702.000000 0.000034
3703.000000 0.000033
3704.000000 0.000033
3705.000000 0.000033
3706.000000 0.000033
3707.000000 0.000033
3708.000000 0.000032
3709.000000 0.000032
3710.000000 0.000032
3711.000000 0.000032
3712.000000 0.000032
3713.000000 0.000031
3714.000000 0.000031
3715.000000 0.000031
3716.000000 0.000031
3717.000000 0.000031
3718.000000 0.000031
3719.000000 0.000030
3720.000000 0.000030
3721.000000 0.000030
3722.000000 0.000030
3723.000000 0.000030
3724.000000 0.000029
3725.000000 0.000029
3726.000000 0.000029
3727.000000 0.000029
3728.000000 0.000029
3729.000000 0.000028
3730.000000 0.000028
3731.000000 0.000028
3732.000000 0.000028
3733.000000 0.000028
3734.000000 0.000028
3735.000000 0.000027
3736.000000 0.000027
3737.000000 0.000027
3738.000000 0.000027
3739.000000 0.000027
3740.000000 0.000026
3741.000000 0.000026
3742.000000 0.000026
3743.000000 0.000026
3744.000000 0.000026
3745.000000 0.000026
3746.000000 0.000025
3747.000000 0.000025
3748.000000 0.000025
3749.000000 0.000025
3750.000000 0.000025
3751.000000 0.000024
3752.000000 0.000024
3753.000000 0.000024
3754.000000 0.000024
3755.000000 0.000024
3756.000000 0.000024
3757.000000 0.000023
3758.000000 0.000023
3759.000000 0.000023
3760.000000 0.000023
3761.000000 0.000023
3762.000000 0.000022
3763.000000 0.000022
3764.000000 0.000022
3765.000000 0.000022
3766.000000 0.000022
3767.000000 0.000022
3768.000000 0.000021
3769.000000 0.000021
3770.000000 0.000021
3771.000000 0.000021
3772.000000 0.000021
3773.000000 0.000020
3774.000000 0.000020
3775.000000 0.000020
3776.000000 0.000020
3777.000000 0.000020
3778.000000 0.000020
3779.000000 0.000019
3780.000000 0.000019
3781.000000 0.000019
3782.000000 0.000019
3783.000000 0.000019
3784.000000 0.000019
3785.000000 0.000018
3786.000000 0.000018
3787.000000 0.000018
3788.000000 0.000018
3789.000000 0.000018
3790.000000 0.000018
3791.000000 0.000017
3792.000000 0.000017
3793.000000 0.000017
3794.000000 0.000017
3795.000000 0.000017
3796.000000 0.000017
3797.000000 0.000016
3798.000000 0.000016
3799.000000 0.000016
3800.000000 0.000016
3801.000000 0.000016
3802.000000 0.000015
3803.000000 0.000015
3804.000000 0.000015
3805.000000 0.000015
3806.000000 0.000015
3807.000000 0.000015
3808.000000 0.000014
3809.000000 0.000014
3810.000000 0.000014
3811.000000 0.000014
3812.000000 0.000014
3813.000000 0.000014
3814.000000 0.000013
3815.000000 0.000013
3816.000000 0.000013
3817.000000 0.000013
3818.000000 0.000013
3819.000000 0.000013
3820.000000 0.000013
3821.000000 0.000012
3822.000000 0.000012
3823.000000 0.000012
3824.000000 0.000012
3825.000000 0.000012
3826.000000 0.000012
3827.000000 0.000011
3828.000000 0.000011
3829.000000 0.000011
3830.000000 0.000011
3831.000000 0.000011
3832.000000 0.000011
3833.000000 0.000010
3834.000000 0.000010
3835.000000 0.000010
3836.000000 0.000010
3837.000000 0.000010
3838.000000 0.000010
3839.000000 0.000010
3840.000000 0.000009
3841.000000 0.000009
3842.000000 0.000009
3843.000000 0.000009
3844.000000 0.000009
3845.000000 0.000009
3846.000000 0.000008
3847.000000 0.000008
3848.000000 0.000008
3849.000000 0.000008
3850.000000 0.000008
3851.000000 0.000008
3852.000000 0.000008
3853.000000 0.000007
3854.000000 0.000007
3855.000000 0.000007
3856.000000 0.000007
3857.000000 0.000007
3858.000000 0.000007
3859.000000 0.000007
3860.000000 0.000006
3861.000000 0.000006
3862.000000 0.000006
3863.000000 0.000006
3864.000000 0.000006
3865.000000 0.000006
3866.000000 0.000006
3867.000000 0.000006
3868.000000 0.000005
3869.000000 0.000005
3870.000000 0.000005
3871.000000 0.000005
3872.000000 0.000005
3873.000000 0.000005
3874.000000 0.000005
3875.000000 0.000005
3876.000000 0.000004
3877.000000 0.000004
3878.000000 0.000004
3879.000000 0.000004
3880.000000 0.000004
3881.000000 0.000004
3882.000000 0.000004
3883.000000 0.000004
3884.000000 0.000004
3885.000000 0.000004
3886.000000 0.000003
3887.000000 0.000003
3888.000000 0.000003
3889.000000 0.000003
3890.000000 0.000003
3891.000000 0.000003
3892.000000 0.000003
3893.000000 0.000003
3894.000000 0.000003
3895.000000 0.000003
3896.000000 0.000003
3897.000000 0.000002
3898.000000 0.000002
3899.000000 0.000002
3900.000000 0.000002
3901.000000 0.000002
3902.000000 0.000002
3903.000000 0.000002
3904.000000 0.000002
3905.000000 0.000002
3906.000000 0.000002
3907.000000 0.000002
3908.000000 0.000002
3909.000000 0.000002
3910.000000 0.000002
3911.000000 0.000001
3912.000000 0.000001
3913.000000 0.000001
3914.000000 0.000001
3915.000000 0.000001
3916.000000 0.000001
3917.000000 0.000001
3918.000000 0.000001
3919.000000 0.000001
3920.000000 0.000001
3921.000000 0.000001
3922.000000 0.000001
3923.000000 0.000001
3924.000000 0.000001
3925.000000 0.000001
3926.000000 0.000001
3927.000000 0.000001
3928.000000 0.000001
3929.000000 0.000001
3930.000000 0.000001
3931.000000 0.000001
3932.000000 0.000001
3933.000000 0.000001
3934.000000 0.000001
3935.000000 0.000000
3936.000000 0.000000
3937.000000 0.000000
3938.000000 0.000000
3939.000000 0.000000
3940.000000 0.000000
3941.000000 0.000000
3942.000000 0.000000
3943.000000 0.000000
3944.000000 0.000000
3945.000000 0.000000
3946.000000 0.000000
3947.000000 0.000000
3948.000000 0.000000
3949.000000 0.000000
3950.000000 0.000000
3951.000000 0.000000
3952.000000 0.000000
3953.000000 0.000000
3954.000000 0.000000
3955.000000 0.000000
3956.000000 0.000000
3957.000000 0.000000
3958.000000 0.000000
3959.000000 0.000000
3960.000000 0.000000
3961.000000 0.000000
3962.000000 0.000000
3963.000000 0.000000
3964.000000 0.000000
3965.000000 0.000000
3966.000000 0.000000
3967.000000 0.000000
3968.000000 0.000000
3969.000000 0.000000
3970.000000 0.000000
3971.000000 0.000000
3972.000000 0.000000
3973.000000 0.000000
3974.000000 0.000000
3975.000000 0.000000
3976.000000 0.000000
3977.000000 0.000000
3978.000000 0.000000
3979.000000 0.000000
3980.000000 0.000000
3981.000000 0.000000
3982.000000 0.000000
3983.000000 0.000000
3984.000000 0.000000
3985.000000 0.000000
3986.000000 0.000000
3987.000000 0.000000
3988.000000 0.000000
3989.000000 0.000000
3990.000000 0.000000
3991.000000 0.000000
3992.000000 0.000000
3993.000000 0.000000
3994.000000 0.000000
3995.000000 0.000000
3996.000000 0.000000
3997.000000 0.000000
3998.000000 0.000000
3999.000000 0.000000
4000.000000 0.000000
