n lam mean variance std
4000 0.480000 2000.500000 221768.948343 470.923506
bin_midpoint probability
1.000000 0.000000
2.000000 0.000000
3.000000 0.000000
4.000000 0.000000
5.000000 0.000000
6.000000 0.000000
7.000000 0.000000
8.000000 0.000000
9.000000 0.000000
10.000000 0.000000
11.000000 0.000000
12.000000 0.000000
13.000000 0.000000
14.000000 0.000000
15.000000 0.000000
16.000000 0.000000
17.000000 0.000000
18.000000 0.000000
19.000000 0.000000
20.000000 0.000000
21.000000 0.000000
22.000000 0.000000
23.000000 0.000000
24.000000 0.000000
25.000000 0.000000
26.000000 0.000000
27.000000 0.000000
28.000000 0.000000
29.000000 0.000000
30.000000 0.000000
31.000000 0.000000
32.000000 0.000000
33.000000 0.000000
34.000000 0.000000
35.000000 0.000000
36.000000 0.000000
37.000000 0.000000
38.000000 0.000000
39.000000 0.000000
40.000000 0.000000
41.000000 0.000000
42.000000 0.000000
43.000000 0.000000
44.000000 0.000000
45.000000 0.000000
46.000000 0.000000
47.000000 0.000000
48.000000 0.000000
49.000000 0.000000
50.000000 0.000000
51.000000 0.000000
52.000000 0.000000
53.000000 0.000000
54.000000 0.000000
55.000000 0.000000
56.000000 0.000000
57.000000 0.000000
58.000000 0.000000
59.000000 0.000000
60.000000 0.000000
61.000000 0.000000
62.000000 0.000000
63.000000 0.000000
64.000000 0.000000
65.000000 0.000000
66.000000 0.000000
67.000000 0.000000
68.000000 0.000000
69.000000 0.000000
70.000000 0.000000
71.000000 0.000000
72.000000 0.000000
73.000000 0.000000
74.000000 0.000000
75.000000 0.000000
76.000000 0.000000
77.000000 0.000000
78.000000 0.000000
79.000000 0.000000
80.000000 0.000000
81.000000 0.000000
82.000000 0.000000
83.000000 0.000000
84.000000 0.000000
85.000000 0.000000
86.000000 0.000000
87.000000 0.000000
88.000000 0.000000
89.000000 0.000000
90.000000 0.000000
91.000000 0.000000
92.000000 0.000000
93.000000 0.000000
94.000000 0.000000
95.000000 0.000000
96.000000 0.000000
97.000000 0.000000
98.000000 0.000000
99.000000 0.000000
100.000000 0.000000
101.000000 0.000000
102.000000 0.000000
103.000000 0.000000
104.000000 0.000000
105.000000 0.000000
106.000000 0.000000
107.000000 0.000000
108.000000 0.000000
109.000000 0.000000
110.000000 0.000000
111.000000 0.000000
112.000000 0.000000
113.000000 0.000000
114.000000 0.000000
115.000000 0.000000
116.000000 0.000000
117.000000 0.000000
118.000000 0.000000
119.000000 0.000000
120.000000 0.000000
121.000000 0.000000
122.000000 0.000000
123.000000 0.000000
124.000000 0.000000
125.000000 0.000000
126.000000 0.000000
127.000000 0.000000
128.000000 0.000000
129.000000 0.000000
130.000000 0.000000
131.000000 0.000000
132.000000 0.000000
133.000000 0.000000
134.000000 0.000000
135.000000 0.000000
136.000000 0.000000
137.000000 0.000000
138.000000 0.000000
139.000000 0.000000
140.000000 0.000000
141.000000 0.000000
142.000000 0.000000
143.000000 0.000000
144.000000 0.000000
145.000000 0.000000
146.000000 0.000000
147.000000 0.000000
148.000000 0.000000
149.000000 0.000000
150.000000 0.000000
151.000000 0.000000
152.000000 0.000000
153.000000 0.000000
154.000000 0.000000
155.000000 0.000000
156.000000 0.000000
157.000000 0.000000
158.000000 0.000000
159.000000 0.000000
160.000000 0.000000
161.000000 0.000000
162.000000 0.000000
163.000000 0.000000
164.000000 0.000000
165.000000 0.000000
166.000000 0.000000
167.000000 0.000000
168.000000 0.000000
169.000000 0.000000
170.000000 0.000000
171.000000 0.000000
172.000000 0.000000
173.000000 0.000000
174.000000 0.000000
175.000000 0.000000
176.000000 0.000000
177.000000 0.000000
178.000000 0.000000
179.000000 0.000000
180.000000 0.000000
181.000000 0.000000
182.000000 0.000000
183.000000 0.000000
184.000000 0.000000
185.000000 0.000000
186.000000 0.000000
187.000000 0.000000
188.000000 0.000000
189.000000 0.000000
190.000000 0.000000
191.000000 0.000000
192.000000 0.000000
193.000000 0.000000
194.000000 0.000000
195.000000 0.000000
196.000000 0.000000
197.000000 0.000000
198.000000 0.000000
199.000000 0.000000
200.000000 0.000000
201.000000 0.000000
202.000000 0.000000
203.000000 0.000000
204.000000 0.000000
205.000000 0.000000
206.000000 0.000000
207.000000 0.000000
208.000000 0.000000
209.000000 0.000000
210.000000 0.000000
211.000000 0.000000
212.000000 0.000000
213.000000 0.000000
214.000000 0.000000
215.000000 0.000000
216.000000 0.000000
217.000000 0.000000
218.000000 0.000000
219.000000 0.000000
220.000000 0.000000
221.000000 0.000000
222.000000 0.000000
223.000000 0.000000
224.000000 0.000000
225.000000 0.000000
226.000000 0.000000
227.000000 0.000000
228.000000 0.000000
229.000000 0.000000
230.000000 0.000000
231.000000 0.000000
232.000000 0.000000
233.000000 0.000000
234.000000 0.000000
235.000000 0.000000
236.000000 0.000000
237.000000 0.000000
238.000000 0.000000
239.000000 0.000000
240.000000 0.000000
241.000000 0.000000
242.000000 0.000000
243.000000 0.000000
244.000000 0.000000
245.000000 0.000000
246.000000 0.000000
247.000000 0.000000
248.000000 0.000000
249.000000 0.000000
250.000000 0.000000
251.000000 0.000000
252.000000 0.000000
253.000000 0.000000
254.000000 0.000000
255.000000 0.000000
256.000000 0.000000
257.000000 0.000000
258.000000 0.000000
259.000000 0.000000
260.000000 0.000000
261.000000 0.000000
262.000000 0.000000
263.000000 0.000000
264.000000 0.000000
265.000000 0.000000
266.000000 0.000000
267.000000 0.000000
268.000000 0.000000
269.000000 0.000000
270.000000 0.000000
271.000000 0.000000
272.000000 0.000000
273.000000 0.000000
274.000000 0.000000
275.000000 0.000000
276.000000 0.000000
277.000000 0.000000
278.000000 0.000000
279.000000 0.000000
280.000000 0.000000
281.000000 0.000000
282.000000 0.000000
283.000000 0.000000
284.000000 0.000000
285.000000 0.000000
286.000000 0.000000
287.000000 0.000000
288.000000 0.000000
289.000000 0.000000
290.000000 0.000000
291.000000 0.000000
292.000000 0.000000
293.000000 0.000000
294.000000 0.000000
295.000000 0.000000
296.000000 0.000000
297.000000 0.000000
298.000000 0.000000
299.000000 0.000000
300.000000 0.000000
301.000000 0.000000
302.000000 0.000000
303.000000 0.000000
304.000000 0.000000
305.000000 0.000000
306.000000 0.000000
307.000000 0.000000
308.000000 0.000000
309.000000 0.000000
310.000000 0.000000
311.000000 0.000000
312.000000 0.000000
313.000000 0.000000
314.000000 0.000000
315.000000 0.000000
316.000000 0.000000
317.000000 0.000000
318.000000 0.000000
319.000000 0.000000
320.000000 0.000000
321.000000 0.000000
322.000000 0.000000
323.000000 0.000000
324.000000 0.000000
325.000000 0.000000
326.000000 0.000000
327.000000 0.000000
328.000000 0.000000
329.000000 0.000000
330.000000 0.000000
331.000000 0.000000
332.000000 0.000000
333.000000 0.000000
334.000000 0.000000
335.000000 0.000000
336.000000 0.000000
337.000000 0.000000
338.000000 0.000000
339.000000 0.000000
340.000000 0.000000
341.000000 0.000000
342.000000 0.000000
343.000000 0.000000
344.000000 0.000000
345.000000 0.000000
346.000000 0.000000
347.000000 0.000000
348.000000 0.000000
349.000000 0.000000
350.000000 0.000000
351.000000 0.000000
352.000000 0.000000
353.000000 0.000000
354.000000 0.000000
355.000000 0.000000
356.000000 0.000000
357.000000 0.000000
358.000000 0.000000
359.000000 0.000000
360.000000 0.000000
361.000000 0.000000
362.000000 0.000000
363.000000 0.000000
364.000000 0.000000
365.000000 0.000000
366.000000 0.000000
367.000000 0.000000
368.000000 0.000000
369.000000 0.000000
370.000000 0.000000
371.000000 0.000000
372.000000 0.000000
373.000000 0.000000
374.000000 0.000000
375.000000 0.000000
376.000000 0.000000
377.000000 0.000000
378.000000 0.000000
379.000000 0.000000
380.000000 0.000000
381.000000 0.000000
382.000000 0.000000
383.000000 0.000000
384.000000 0.000000
385.000000 0.000000
386.000000 0.000000
387.000000 0.000000
388.000000 0.000000
389.000000 0.000000
390.000000 0.000000
391.000000 0.000000
392.000000 0.000000
393.000000 0.000000
394.000000 0.000000
395.000000 0.000000
396.000000 0.000000
397.000000 0.000000
398.000000 0.000000
399.000000 0.000000
400.000000 0.000000
401.000000 0.000000
402.000000 0.000000
403.000000 0.000000
404.000000 0.000000
405.000000 0.000000
406.000000 0.000000
407.000000 0.000000
408.000000 0.000000
409.000000 0.000000
410.000000 0.000000
411.000000 0.000000
412.000000 0.000000
413.000000 0.000000
414.000000 0.000000
415.000000 0.000000
416.000000 0.000000
417.000000 0.000000
418.000000 0.000000
419.000000 0.000000
420.000000 0.000000
421.000000 0.000000
422.000000 0.000000
423.000000 0.000000
424.000000 0.000000
425.000000 0.000000
426.000000 0.000000
427.000000 0.000000
428.000000 0.000000
429.000000 0.000000
430.000000 0.000000
431.000000 0.000000
432.000000 0.000000
433.000000 0.000000
434.000000 0.000000
435.000000 0.000000
436.000000 0.000000
437.000000 0.000000
438.000000 0.000000
439.000000 0.000000
440.000000 0.000000
441.000000 0.000000
442.000000 0.000000
443.000000 0.000000
444.000000 0.000000
445.000000 0.000000
446.000000 0.000000
447.000000 0.000000
448.000000 0.000000
449.000000 0.000000
450.000000 0.000000
451.000000 0.000000
452.000000 0.000000
453.000000 0.000000
454.000000 0.000000
455.000000 0.000000
456.000000 0.000000
457.000000 0.000000
458.000000 0.000000
459.000000 0.000000
460.000000 0.000000
461.000000 0.000000
462.000000 0.000000
463.000000 0.000000
464.000000 0.000000
465.000000 0.000000
466.000000 0.000000
467.000000 0.000000
468.000000 0.000000
469.000000 0.000000
470.000000 0.000000
471.000000 0.000000
472.000000 0.000000
473.000000 0.000000
474.000000 0.000000
475.000000 0.000000
476.000000 0.000000
477.000000 0.000000
478.000000 0.000000
479.000000 0.000000
480.000000 0.000000
481.000000 0.000000
482.000000 0.000000
483.000000 0.000000
484.000000 0.000000
485.000000 0.000000
486.000000 0.000000
487.000000 0.000000
488.000000 0.000001
489.000000 0.000001
490.000000 0.000001
491.000000 0.000001
492.000000 0.000001
493.000000 0.000001
494.000000 0.000001
495.000000 0.000001
496.000000 0.000001
497.000000 0.000001
498.000000 0.000001
499.000000 0.000001
500.000000 0.000001
501.000000 0.000001
502.000000 0.000001
503.000000 0.000001
504.000000 0.000001
505.000000 0.000001
506.000000 0.000001
507.000000 0.000001
508.000000 0.000001
509.000000 0.000001
510.000000 0.000001
511.000000 0.000001
512.000000 0.000001
513.000000 0.000001
514.000000 0.000001
515.000000 0.000001
516.000000 0.000001
517.000000 0.000001
518.000000 0.000001
519.000000 0.000001
520.000000 0.000001
521.000000 0.000001
522.000000 0.000001
523.000000 0.000001
524.000000 0.000001
525.000000 0.000001
526.000000 0.000001
527.000000 0.000001
528.000000 0.000001
529.000000 0.000001
530.000000 0.000001
531.000000 0.000001
532.000000 0.000001
533.000000 0.000001
534.000000 0.000001
535.000000 0.000001
536.000000 0.000001
537.000000 0.000001
538.000000 0.000001
539.000000 0.000001
540.000000 0.000001
541.000000 0.000001
542.000000 0.000001
543.000000 0.000001
544.000000 0.000001
545.000000 0.000001
546.000000 0.000001
547.000000 0.000001
548.000000 0.000001
549.000000 0.000001
550.000000 0.000001
551.000000 0.000001
552.000000 0.000001
553.000000 0.000001
554.000000 0.000002
555.000000 0.000002
556.000000 0.000002
557.000000 0.000002
558.000000 0.000002
559.000000 0.000002
560.000000 0.000002
561.000000 0.000002
562.000000 0.000002
563.000000 0.000002
564.000000 0.000002
565.000000 0.000002
566.000000 0.000002
567.000000 0.000002
568.000000 0.000002
569.000000 0.000002
570.000000 0.000002
571.000000 0.000002
572.000000 0.000002
573.000000 0.000002
574.000000 0.000002
575.000000 0.000002
576.000000 0.000002
577.000000 0.000002
578.000000 0.000002
579.000000 0.000002
580.000000 0.000002
581.000000 0.000002
582.000000 0.000002
583.000000 0.000002
584.000000 0.000002
585.000000 0.000002
586.000000 0.000002
587.000000 0.000002
588.000000 0.000002
589.000000 0.000002
590.000000 0.000003
591.000000 0.000003
592.000000 0.000003
593.000000 0.000003
594.000000 0.000003
595.000000 0.000003
596.000000 0.000003
597.000000 0.000003
598.000000 0.000003
599.000000 0.000003
600.000000 0.000003
601.000000 0.000003
602.000000 0.000003
603.000000 0.000003
604.000000 0.000003
605.000000 0.000003
606.000000 0.000003
607.000000 0.000003
608.000000 0.000003
609.000000 0.000003
610.000000 0.000003
611.000000 0.000003
612.000000 0.000003
613.000000 0.000003
614.000000 0.000003
615.000000 0.000004
616.000000 0.000004
617.000000 0.000004
618.000000 0.000004
619.000000 0.000004
620.000000 0.000004
621.000000 0.000004
622.000000 0.000004
623.000000 0.000004
624.000000 0.000004
625.000000 0.000004
626.000000 0.000004
627.000000 0.000004
628.000000 0.000004
629.000000 0.000004
630.000000 0.000004
631.000000 0.000004
632.000000 0.000004
633.000000 0.000004
634.000000 0.000004
635.000000 0.000005
636.000000 0.000005
637.000000 0.000005
638.000000 0.000005
639.000000 0.000005
640.000000 0.000005
641.000000 0.000005
642.000000 0.000005
643.000000 0.000005
644.000000 0.000005
645.000000 0.000005
646.000000 0.000005
647.000000 0.000005
648.000000 0.000005
649.000000 0.000005
650.000000 0.000005
651.000000 0.000005
652.000000 0.000006
653.000000 0.000006
654.000000 0.000006
655.000000 0.000006
656.000000 0.000006
657.000000 0.000006
658.000000 0.000006
659.000000 0.000006
660.000000 0.000006
661.000000 0.000006
662.000000 0.000006
663.000000 0.000006
664.000000 0.000006
665.000000 0.000006
666.000000 0.000007
667.000000 0.000007
668.000000 0.000007
669.000000 0.000007
670.000000 0.000007
671.000000 0.000007
672.000000 0.000007
673.000000 0.000007
674.000000 0.000007
675.000000 0.000007
676.000000 0.000007
677.000000 0.000007
678.000000 0.000007
679.000000 0.000008
680.000000 0.000008
681.000000 0.000008
682.000000 0.000008
683.000000 0.000008
684.000000 0.000008
685.000000 0.000008
686.000000 0.000008
687.000000 0.000008
688.000000 0.000008
689.000000 0.000008
690.000000 0.000008
691.000000 0.000009
692.000000 0.000009
693.000000 0.000009
694.000000 0.000009
695.000000 0.000009
696.000000 0.000009
697.000000 0.000009
698.000000 0.000009
699.000000 0.000009
700.000000 0.000009
701.000000 0.000010
702.000000 0.000010
703.000000 0.000010
704.000000 0.000010
705.000000 0.000010
706.000000 0.000010
707.000000 0.000010
708.000000 0.000010
709.000000 0.000010
710.000000 0.000010
711.000000 0.000011
712.000000 0.000011
713.000000 0.000011
714.000000 0.000011
715.000000 0.000011
716.000000 0.000011
717.000000 0.000011
718.000000 0.000011
719.000000 0.000011
720.000000 0.000012
721.000000 0.000012
722.000000 0.000012
723.000000 0.000012
724.000000 0.000012
725.000000 0.000012
726.000000 0.000012
727.000000 0.000012
728.000000 0.000012
729.000000 0.000013
730.000000 0.000013
731.000000 0.000013
732.000000 0.000013
733.000000 0.000013
734.000000 0.000013
735.000000 0.000013
736.000000 0.000013
737.000000 0.000014
738.000000 0.000014
739.000000 0.000014
740.000000 0.000014
741.000000 0.000014
742.000000 0.000014
743.000000 0.000014
744.000000 0.000015
745.000000 0.000015
746.000000 0.000015
747.000000 0.000015
748.000000 0.000015
749.000000 0.000015
750.000000 0.000015
751.000000 0.000016
752.000000 0.000016
753.000000 0.000016
754.000000 0.000016
755.000000 0.000016
756.000000 0.000016
757.000000 0.000016
758.000000 0.000017
759.000000 0.000017
760.000000 0.000017
761.000000 0.000017
762.000000 0.000017
763.000000 0.000017
764.000000 0.000017
765.000000 0.000018
766.000000 0.000018
767.000000 0.000018
768.000000 0.000018
769.000000 0.000018
770.000000 0.000018
771.000000 0.000019
772.000000 0.000019
773.000000 0.000019
774.000000 0.000019
775.000000 0.000019
776.000000 0.000019
777.000000 0.000020
778.000000 0.000020
779.000000 0.000020
780.000000 0.000020
781.000000 0.000020
782.000000 0.000021
783.000000 0.000021
784.000000 0.000021
785.000000 0.000021
786.000000 0.000021
787.000000 0.000021
788.000000 0.000022
789.000000 0.000022
790.000000 0.000022
791.000000 0.000022
792.000000 0.000022
793.000000 0.000023
794.000000 0.000023
795.000000 0.000023
796.000000 0.000023
797.000000 0.000023
798.000000 0.000023
799.000000 0.000024
800.000000 0.000024
801.000000 0.000024
802.000000 0.000024
803.000000 0.000024
804.000000 0.000025
805.000000 0.000025
806.000000 0.000025
807.000000 0.000025
808.000000 0.000026
809.000000 0.000026
810.000000 0.000026
811.000000 0.000026
812.000000 0.000026
813.000000 0.000027
814.000000 0.000027
815.000000 0.000027
816.000000 0.000027
817.000000 0.000027
818.000000 0.000028
819.000000 0.000028
820.000000 0.000028
821.000000 0.000028
822.000000 0.000029
823.000000 0.000029
824.000000 0.000029
825.000000 0.000029
826.000000 0.000029
827.000000 0.000030
828.000000 0.000030
829.000000 0.000030
830.000000 0.000030
831.000000 0.000031
832.000000 0.000031
833.000000 0.000031
834.000000 0.000031
835.000000 0.000032
836.000000 0.000032
837.000000 0.000032
838.000000 0.000032
839.000000 0.000033
840.000000 0.000033
841.000000 0.000033
842.000000 0.000033
843.000000 0.000034
844.000000 0.000034
845.000000 0.000034
846.000000 0.000034
847.000000 0.000035
848.000000 0.000035
849.000000 0.000035
850.000000 0.000035
851.000000 0.000036
852.000000 0.000036
853.000000 0.000036
854.000000 0.000036
855.000000 0.000037
856.000000 0.000037
857.000000 0.000037
858.000000 0.000038
859.000000 0.000038
860.000000 0.000038
861.000000 0.000038
862.000000 0.000039
863.000000 0.000039
864.000000 0.000039
865.000000 0.000040
866.000000 0.000040
867.000000 0.000040
868.000000 0.000040
869.000000 0.000041
870.000000 0.000041
871.000000 0.000041
872.000000 0.000042
873.000000 0.000042
874.000000 0.000042
875.000000 0.000042
876.000000 0.000043
877.000000 0.000043
878.000000 0.000043
879.000000 0.000044
880.000000 0.000044
881.000000 0.000044
882.000000 0.000045
883.000000 0.000045
884.000000 0.000045
885.000000 0.000046
886.000000 0.000046
887.000000 0.000046
888.000000 0.000046
889.000000 0.000047
890.000000 0.000047
891.000000 0.000047
892.000000 0.000048
893.000000 0.000048
894.000000 0.000048
895.000000 0.000049
896.000000 0.000049
897.000000 0.000049
898.000000 0.000050
899.000000 0.000050
900.000000 0.000050
901.000000 0.000051
902.000000 0.000051
903.000000 0.000051
904.000000 0.000052
905.000000 0.000052
906.000000 0.000052
907.000000 0.000053
908.000000 0.000053
909.000000 0.000054
910.000000 0.000054
911.000000 0.000054
912.000000 0.000055
913.000000 0.000055
914.000000 0.000055
915.000000 0.000056
916.000000 0.000056
917.000000 0.000056
918.000000 0.000057
919.000000 0.000057
920.000000 0.000058
921.000000 0.000058
922.000000 0.000058
923.000000 0.000059
924.000000 0.000059
925.000000 0.000059
926.000000 0.000060
927.000000 0.000060
928.000000 0.000061
929.000000 0.000061
930.000000 0.000061
931.000000 0.000062
932.000000 0.000062
933.000000 0.000062
934.000000 0.000063
935.000000 0.000063
936.000000 0.000064
937.000000 0.000064
938.000000 0.000064
939.000000 0.000065
940.000000 0.000065
941.000000 0.000066
942.000000 0.000066
943.000000 0.000066
944.000000 0.000067
945.000000 0.000067
946.000000 0.000068
947.000000 0.000068
948.000000 0.000069
949.000000 0.000069
950.000000 0.000069
951.000000 0.000070
952.000000 0.000070
953.000000 0.000071
954.000000 0.000071
955.000000 0.000071
956.000000 0.000072
957.000000 0.000072
958.000000 0.000073
959.000000 0.000073
960.000000 0.000074
961.000000 0.000074
962.000000 0.000075
963.000000 0.000075
964.000000 0.000075
965.000000 0.000076
966.000000 0.000076
967.000000 0.000077
968.000000 0.000077
969.000000 0.000078
970.000000 0.000078
971.000000 0.000079
972.000000 0.000079
973.000000 0.000079
974.000000 0.000080
975.000000 0.000080
976.000000 0.000081
977.000000 0.000081
978.000000 0.000082
979.000000 0.000082
980.000000 0.000083
981.000000 0.000083
982.000000 0.000084
983.000000 0.000084
984.000000 0.000085
985.000000 0.000085
986.000000 0.000086
987.000000 0.000086
988.000000 0.000087
989.000000 0.000087
990.000000 0.000088
991.000000 0.000088
992.000000 0.000089
993.000000 0.000089
994.000000 0.000090
995.000000 0.000090
996.000000 0.000091
997.000000 0.000091
998.000000 0.000092
999.000000 0.000092
1000.000000 0.000093
1001.000000 0.000093
1002.000000 0.000094
1003.000000 0.000094
1004.000000 0.000095
1005.000000 0.000095
1006.000000 0.000096
1007.000000 0.000096
1008.000000 0.000097
1009.000000 0.000097
1010.000000 0.000098
1011.000000 0.000098
1012.000000 0.000099
1013.000000 0.000099
1014.000000 0.000100
1015.000000 0.000100
1016.000000 0.000101
1017.000000 0.000101
1018.000000 0.000102
1019.000000 0.000102
1020.000000 0.000103
1021.000000 0.000104
1022.000000 0.000104
1023.000000 0.000105
1024.000000 0.000105
1025.000000 0.000106
1026.000000 0.000106
1027.000000 0.000107
1028.000000 0.000107
1029.000000 0.000108
1030.000000 0.000109
1031.000000 0.000109
1032.000000 0.000110
1033.000000 0.000110
1034.000000 0.000111
1035.000000 0.000111
1036.000000 0.000112
1037.000000 0.000112
1038.000000 0.000113
1039.000000 0.000114
1040.000000 0.000114
1041.000000 0.000115
1042.000000 0.000115
1043.000000 0.000116
1044.000000 0.000117
1045.000000 0.000117
1046.000000 0.000118
1047.000000 0.000118
1048.000000 0.000119
1049.000000 0.000119
1050.000000 0.000120
1051.000000 0.000121
1052.000000 0.000121
1053.000000 0.000122
1054.000000 0.000122
1055.000000 0.000123
1056.000000 0.000124
1057.000000 0.000124
1058.000000 0.000125
1059.000000 0.000125
1060.000000 0.000126
1061.000000 0.000127
1062.000000 0.000127
1063.000000 0.000128
1064.000000 0.000129
1065.000000 0.000129
1066.000000 0.000130
1067.000000 0.000130
1068.000000 0.000131
1069.000000 0.000132
1070.000000 0.000132
1071.000000 0.000133
1072.000000 0.000134
1073.000000 0.000134
1074.000000 0.000135
1075.000000 0.000135
1076.000000 0.000136
1077.000000 0.000137
1078.000000 0.000137
1079.000000 0.000138
1080.000000 0.000139
1081.000000 0.000139
1082.000000 0.000140
1083.000000 0.000141
1084.000000 0.000141
1085.000000 0.000142
1086.000000 0.000143
1087.000000 0.000143
1088.000000 0.000144
1089.000000 0.000145
1090.000000 0.000145
1091.000000 0.000146
1092.000000 0.000147
1093.000000 0.000147
1094.000000 0.000148
1095.000000 0.000149
1096.000000 0.000149
1097.000000 0.000150
1098.000000 0.000151
1099.000000 0.000151
1100.000000 0.000152
1101.000000 0.000153
1102.000000 0.000153
1103.000000 0.000154
1104.000000 0.000155
1105.000000 0.000155
1106.000000 0.000156
1107.000000 0.000157
1108.000000 0.000157
1109.000000 0.000158
1110.000000 0.000159
1111.000000 0.000160
1112.000000 0.000160
1113.000000 0.000161
1114.000000 0.000162
1115.000000 0.000162
1116.000000 0.000163
1117.000000 0.000164
1118.000000 0.000165
1119.000000 0.000165
1120.000000 0.000166
1121.000000 0.000167
1122.000000 0.000167
1123.000000 0.000168
1124.000000 0.000169
1125.000000 0.000170
1126.000000 0.000170
1127.000000 0.000171
1128.000000 0.000172
1129.000000 0.000172
1130.000000 0.000173
1131.000000 0.000174
1132.000000 0.000175
1133.000000 0.000175
1134.000000 0.000176
1135.000000 0.000177
1136.000000 0.000178
1137.000000 0.000178
1138.000000 0.000179
1139.000000 0.000180
1140.000000 0.000181
1141.000000 0.000181
1142.000000 0.000182
1143.000000 0.000183
1144.000000 0.000184
1145.000000 0.000184
1146.000000 0.000185
1147.000000 0.000186
1148.000000 0.000187
1149.000000 0.000187
1150.000000 0.000188
1151.000000 0.000189
1152.000000 0.000190
1153.000000 0.000190
1154.000000 0.000191
1155.000000 0.000192
1156.000000 0.000193
1157.000000 0.000193
1158.000000 0.000194
1159.000000 0.000195
1160.000000 0.000196
1161.000000 0.000197
1162.000000 0.000197
1163.000000 0.000198
1164.000000 0.000199
1165.000000 0.000200
1166.000000 0.000200
1167.000000 0.000201
1168.000000 0.000202
1169.000000 0.000203
1170.000000 0.000204
1171.000000 0.000204
1172.000000 0.000205
1173.000000 0.000206
1174.000000 0.000207
1175.000000 0.000208
1176.000000 0.000208
1177.000000 0.000209
1178.000000 0.000210
1179.000000 0.000211
1180.000000 0.000212
1181.000000 0.000212
1182.000000 0.000213
1183.000000 0.000214
1184.000000 0.000215
1185.000000 0.000216
1186.000000 0.000216
1187.000000 0.000217
1188.000000 0.000218
1189.000000 0.000219
1190.000000 0.000220
1191.000000 0.000221
1192.000000 0.000221
1193.000000 0.000222
1194.000000 0.000223
1195.000000 0.000224
1196.000000 0.000225
1197.000000 0.000226
1198.000000 0.000226
1199.000000 0.000227
1200.000000 0.000228
1201.000000 0.000229
1202.000000 0.000230
1203.000000 0.000231
1204.000000 0.000231
1205.000000 0.000232
1206.000000 0.000233
1207.000000 0.000234
1208.000000 0.000235
1209.000000 0.000236
1210.000000 0.000236
1211.000000 0.000237
1212.000000 0.000238
1213.000000 0.000239
1214.000000 0.000240
1215.000000 0.000241
1216.000000 0.000242
1217.000000 0.000242
1218.000000 0.000243
1219.000000 0.000244
1220.000000 0.000245
1221.000000 0.000246
1222.000000 0.000247
1223.000000 0.000248
1224.000000 0.000248
1225.000000 0.000249
1226.000000 0.000250
1227.000000 0.000251
1228.000000 0.000252
1229.000000 0.000253
1230.000000 0.000254
1231.000000 0.000254
1232.000000 0.000255
1233.000000 0.000256
1234.000000 0.000257
1235.000000 0.000258
1236.000000 0.000259
1237.000000 0.000260
1238.000000 0.000261
1239.000000 0.000261
1240.000000 0.000262
1241.000000 0.000263
1242.000000 0.000264
1243.000000 0.000265
1244.000000 0.000266
1245.000000 0.000267
1246.000000 0.000268
1247.000000 0.000269
1248.000000 0.000269
1249.000000 0.000270
1250.000000 0.000271
1251.000000 0.000272
1252.000000 0.000273
1253.000000 0.000274
1254.000000 0.000275
1255.000000 0.000276
1256.000000 0.000277
1257.000000 0.000278
1258.000000 0.000278
1259.000000 0.000279
1260.000000 0.000280
1261.000000 0.000281
1262.000000 0.000282
1263.000000 0.000283
1264.000000 0.000284
1265.000000 0.000285
1266.000000 0.000286
1267.000000 0.000287
1268.000000 0.000288
1269.000000 0.000288
1270.000000 0.000289
1271.000000 0.000290
1272.000000 0.000291
1273.000000 0.000292
1274.000000 0.000293
1275.000000 0.000294
1276.000000 0.000295
1277.000000 0.000296
1278.000000 0.000297
1279.000000 0.000298
1280.000000 0.000299
1281.000000 0.000299
1282.000000 0.000300
1283.000000 0.000301
1284.000000 0.000302
1285.000000 0.000303
1286.000000 0.000304
1287.000000 0.000305
1288.000000 0.000306
1289.000000 0.000307
1290.000000 0.000308
1291.000000 0.000309
1292.000000 0.000310
1293.000000 0.000311
1294.000000 0.000312
1295.000000 0.000312
1296.000000 0.000313
1297.000000 0.000314
1298.000000 0.000315
1299.000000 0.000316
1300.000000 0.000317
1301.000000 0.000318
1302.000000 0.000319
1303.000000 0.000320
1304.000000 0.000321
1305.000000 0.000322
1306.000000 0.000323
1307.000000 0.000324
1308.000000 0.000325
1309.000000 0.000326
1310.000000 0.000327
1311.000000 0.000328
1312.000000 0.000328
1313.000000 0.000329
1314.000000 0.000330
1315.000000 0.000331
1316.000000 0.000332
1317.000000 0.000333
1318.000000 0.000334
1319.000000 0.000335
1320.000000 0.000336
1321.000000 0.000337
1322.000000 0.000338
1323.000000 0.000339
1324.000000 0.000340
1325.000000 0.000341
1326.000000 0.000342
1327.000000 0.000343
1328.000000 0.000344
1329.000000 0.000345
1330.000000 0.000346
1331.000000 0.000347
1332.000000 0.000348
1333.000000 0.000348
1334.000000 0.000349
1335.000000 0.000350
1336.000000 0.000351
1337.000000 0.000352
1338.000000 0.000353
1339.000000 0.000354
1340.000000 0.000355
1341.000000 0.000356
1342.000000 0.000357
1343.000000 0.000358
1344.000000 0.000359
1345.000000 0.000360
1346.000000 0.000361
1347.000000 0.000362
1348.000000 0.000363
1349.000000 0.000364
1350.000000 0.000365
1351.000000 0.000366
1352.000000 0.000367
1353.000000 0.000368
1354.000000 0.000369
1355.000000 0.000370
1356.000000 0.000371
1357.000000 0.000372
1358.000000 0.000373
1359.000000 0.000374
1360.000000 0.000375
1361.000000 0.000376
1362.000000 0.000377
1363.000000 0.000377
1364.000000 0.000378
1365.000000 0.000379
1366.000000 0.000380
1367.000000 0.000381
1368.000000 0.000382
1369.000000 0.000383
1370.000000 0.000384
1371.000000 0.000385
1372.000000 0.000386
1373.000000 0.000387
1374.000000 0.000388
1375.000000 0.000389
1376.000000 0.000390
1377.000000 0.000391
1378.000000 0.000392
1379.000000 0.000393
1380.000000 0.000394
1381.000000 0.000395
1382.000000 0.000396
1383.000000 0.000397
1384.000000 0.000398
1385.000000 0.000399
1386.000000 0.000400
1387.000000 0.000401
1388.000000 0.000402
1389.000000 0.000403
1390.000000 0.000404
1391.000000 0.000405
1392.000000 0.000406
1393.000000 0.000407
1394.000000 0.000408
1395.000000 0.000409
1396.000000 0.000410
1397.000000 0.000411
1398.000000 0.000412
1399.000000 0.000413
1400.000000 0.000414
1401.000000 0.000415
1402.000000 0.000416
1403.000000 0.000417
1404.000000 0.000418
1405.000000 0.000419
1406.000000 0.000420
1407.000000 0.000420
1408.000000 0.000421
1409.000000 0.000422
1410.000000 0.000423
1411.000000 0.000424
1412.000000 0.000425
1413.000000 0.000426
1414.000000 0.000427
1415.000000 0.000428
1416.000000 0.000429
1417.000000 0.000430
1418.000000 0.000431
1419.000000 0.000432
1420.000000 0.000433
1421.000000 0.000434
1422.000000 0.000435
1423.000000 0.000436
1424.000000 0.000437
1425.000000 0.000438
1426.000000 0.000439
1427.000000 0.000440
1428.000000 0.000441
1429.000000 0.000442
1430.000000 0.000443
1431.000000 0.000444
1432.000000 0.000445
1433.000000 0.000446
1434.000000 0.000447
1435.000000 0.000448
1436.000000 0.000449
1437.000000 0.000450
1438.000000 0.000451
1439.000000 0.000452
1440.000000 0.000453
1441.000000 0.000454
1442.000000 0.000455
1443.000000 0.000456
1444.000000 0.000457
1445.000000 0.000458
1446.000000 0.000459
1447.000000 0.000460
1448.000000 0.000461
1449.000000 0.000462
1450.000000 0.000463
1451.000000 0.000463
1452.000000 0.000464
1453.000000 0.000465
1454.000000 0.000466
1455.000000 0.000467
1456.000000 0.000468
1457.000000 0.000469
1458.000000 0.000470
1459.000000 0.000471
1460.000000 0.000472
1461.000000 0.000473
1462.000000 0.000474
1463.000000 0.000475
1464.000000 0.000476
1465.000000 0.000477
1466.000000 0.000478
1467.000000 0.000479
1468.000000 0.000480
1469.000000 0.000481
1470.000000 0.000482
1471.000000 0.000483
1472.000000 0.000484
1473.000000 0.000485
1474.000000 0.000486
1475.000000 0.000487
1476.000000 0.000488
1477.000000 0.000489
1478.000000 0.000490
1479.000000 0.000491
1480.000000 0.000492
1481.000000 0.000493
1482.000000 0.000493
1483.000000 0.000494
1484.000000 0.000495
1485.000000 0.000496
1486.000000 0.000497
1487.000000 0.000498
1488.000000 0.000499
1489.000000 0.000500
1490.000000 0.000501
1491.000000 0.000502
1492.000000 0.000503
1493.000000 0.000504
1494.000000 0.000505
1495.000000 0.000506
1496.000000 0.000507
1497.000000 0.000508
1498.000000 0.000509
1499.000000 0.000510
1500.000000 0.000511
1501.000000 0.000512
1502.000000 0.000513
1503.000000 0.000514
1504.000000 0.000514
1505.000000 0.000515
1506.000000 0.000516
1507.000000 0.000517
1508.000000 0.000518
1509.000000 0.000519
1510.000000 0.000520
1511.000000 0.000521
1512.000000 0.000522
1513.000000 0.000523
1514.000000 0.000524
1515.000000 0.000525
1516.000000 0.000526
1517.000000 0.000527
1518.000000 0.000528
1519.000000 0.000529
1520.000000 0.000530
1521.000000 0.000530
1522.000000 0.000531
1523.000000 0.000532
1524.000000 0.000533
1525.000000 0.000534
1526.000000 0.000535
1527.000000 0.000536
1528.000000 0.000537
1529.000000 0.000538
1530.000000 0.000539
1531.000000 0.000540
1532.000000 0.000541
1533.000000 0.000542
1534.000000 0.000543
1535.000000 0.000543
1536.000000 0.000544
1537.000000 0.000545
1538.000000 0.000546
1539.000000 0.000547
1540.000000 0.000548
1541.000000 0.000549
1542.000000 0.000550
1543.000000 0.000551
1544.000000 0.000552
1545.000000 0.000553
1546.000000 0.000554
1547.000000 0.000554
1548.000000 0.000555
1549.000000 0.000556
1550.000000 0.000557
1551.000000 0.000558
1552.000000 0.000559
1553.000000 0.000560
1554.000000 0.000561
1555.000000 0.000562
1556.000000 0.000563
1557.000000 0.000564
1558.000000 0.000564
1559.000000 0.000565
1560.000000 0.000566
1561.000000 0.000567
1562.000000 0.000568
1563.000000 0.000569
1564.000000 0.000570
1565.000000 0.000571
1566.000000 0.000572
1567.000000 0.000573
1568.000000 0.000573
1569.000000 0.000574
1570.000000 0.000575
1571.000000 0.000576
1572.000000 0.000577
1573.000000 0.000578
1574.000000 0.000579
1575.000000 0.000580
1576.000000 0.000581
1577.000000 0.000581
1578.000000 0.000582
1579.000000 0.000583
1580.000000 0.000584
1581.000000 0.000585
1582.000000 0.000586
1583.000000 0.000587
1584.000000 0.000588
1585.000000 0.000588
1586.000000 0.000589
1587.000000 0.000590
1588.000000 0.000591
1589.000000 0.000592
1590.000000 0.000593
1591.000000 0.000594
1592.000000 0.000595
1593.000000 0.000595
1594.000000 0.000596
1595.000000 0.000597
1596.000000 0.000598
1597.000000 0.000599
1598.000000 0.000600
1599.000000 0.000601
1600.000000 0.000601
1601.000000 0.000602
1602.000000 0.000603
1603.000000 0.000604
1604.000000 0.000605
1605.000000 0.000606
1606.000000 0.000606
1607.000000 0.000607
1608.000000 0.000608
1609.000000 0.000609
1610.000000 0.000610
1611.000000 0.000611
1612.000000 0.000612
1613.000000 0.000612
1614.000000 0.000613
1615.000000 0.000614
1616.000000 0.000615
1617.000000 0.000616
1618.000000 0.000617
1619.000000 0.000617
1620.000000 0.000618
1621.000000 0.000619
1622.000000 0.000620
1623.000000 0.000621
1624.000000 0.000622
1625.000000 0.000622
1626.000000 0.000623
1627.000000 0.000624
1628.000000 0.000625
1629.000000 0.000626
1630.000000 0.000626
1631.000000 0.000627
1632.000000 0.000628
1633.000000 0.000629
1634.000000 0.000630
1635.000000 0.000630
1636.000000 0.000631
1637.000000 0.000632
1638.000000 0.000633
1639.000000 0.000634
1640.000000 0.000634
1641.000000 0.000635
1642.000000 0.000636
1643.000000 0.000637
1644.000000 0.000638
1645.000000 0.000638
1646.000000 0.000639
1647.000000 0.000640
1648.000000 0.000641
1649.000000 0.000642
1650.000000 0.000642
1651.000000 0.000643
1652.000000 0.000644
1653.000000 0.000645
1654.000000 0.000646
1655.000000 0.000646
1656.000000 0.000647
1657.000000 0.000648
1658.000000 0.000649
1659.000000 0.000649
1660.000000 0.000650
1661.000000 0.000651
1662.000000 0.000652
1663.000000 0.000652
1664.000000 0.000653
1665.000000 0.000654
1666.000000 0.000655
1667.000000 0.000656
1668.000000 0.000656
1669.000000 0.000657
1670.000000 0.000658
1671.000000 0.000659
1672.000000 0.000659
1673.000000 0.000660
1674.000000 0.000661
1675.000000 0.000662
1676.000000 0.000662
1677.000000 0.000663
1678.000000 0.000664
1679.000000 0.000665
1680.000000 0.000665
1681.000000 0.000666
1682.000000 0.000667
1683.000000 0.000667
1684.000000 0.000668
1685.000000 0.000669
1686.000000 0.000670
1687.000000 0.000670
1688.000000 0.000671
1689.000000 0.000672
1690.000000 0.000673
1691.000000 0.000673
1692.000000 0.000674
1693.000000 0.000675
1694.000000 0.000675
1695.000000 0.000676
1696.000000 0.000677
1697.000000 0.000678
1698.000000 0.000678
1699.000000 0.000679
1700.000000 0.000680
1701.000000 0.000680
1702.000000 0.000681
1703.000000 0.000682
1704.000000 0.000682
1705.000000 0.000683
1706.000000 0.000684
1707.000000 0.000684
1708.000000 0.000685
1709.000000 0.000686
1710.000000 0.000687
1711.000000 0.000687
1712.000000 0.000688
1713.000000 0.000689
1714.000000 0.000689
1715.000000 0.000690
1716.000000 0.000691
1717.000000 0.000691
1718.000000 0.000692
1719.000000 0.000693
1720.000000 0.000693
1721.000000 0.000694
1722.000000 0.000695
1723.000000 0.000695
1724.000000 0.000696
1725.000000 0.000697
1726.000000 0.000697
1727.000000 0.000698
1728.000000 0.000699
1729.000000 0.000699
1730.000000 0.000700
1731.000000 0.000700
1732.000000 0.000701
1733.000000 0.000702
1734.000000 0.000702
1735.000000 0.000703
1736.000000 0.000704
1737.000000 0.000704
1738.000000 0.000705
1739.000000 0.000706
1740.000000 0.000706
1741.000000 0.000707
1742.000000 0.000707
1743.000000 0.000708
1744.000000 0.000709
1745.000000 0.000709
1746.000000 0.000710
1747.000000 0.000711
1748.000000 0.000711
1749.000000 0.000712
1750.000000 0.000712
1751.000000 0.000713
1752.000000 0.000714
1753.000000 0.000714
1754.000000 0.000715
1755.000000 0.000715
1756.000000 0.000716
1757.000000 0.000717
1758.000000 0.000717
1759.000000 0.000718
1760.000000 0.000718
1761.000000 0.000719
1762.000000 0.000719
1763.000000 0.000720
1764.000000 0.000721
1765.000000 0.000721
1766.000000 0.000722
1767.000000 0.000722
1768.000000 0.000723
1769.000000 0.000723
1770.000000 0.000724
1771.000000 0.000725
1772.000000 0.000725
1773.000000 0.000726
1774.000000 0.000726
1775.000000 0.000727
1776.000000 0.000727
1777.000000 0.000728
1778.000000 0.000728
1779.000000 0.000729
1780.000000 0.000730
1781.000000 0.000730
1782.000000 0.000731
1783.000000 0.000731
1784.000000 0.000732
1785.000000 0.000732
1786.000000 0.000733
1787.000000 0.000733
1788.000000 0.000734
1789.000000 0.000734
1790.000000 0.000735
1791.000000 0.000735
1792.000000 0.000736
1793.000000 0.000736
1794.000000 0.000737
1795.000000 0.000737
1796.000000 0.000738
1797.000000 0.000738
1798.000000 0.000739
1799.000000 0.000739
1800.000000 0.000740
1801.000000 0.000740
1802.000000 0.000741
1803.000000 0.000741
1804.000000 0.000742
1805.000000 0.000742
1806.000000 0.000743
1807.000000 0.000743
1808.000000 0.000744
1809.000000 0.000744
1810.000000 0.000745
1811.000000 0.000745
1812.000000 0.000746
1813.000000 0.000746
1814.000000 0.000747
1815.000000 0.000747
1816.000000 0.000748
1817.000000 0.000748
1818.000000 0.000749
1819.000000 0.000749
1820.000000 0.000750
1821.000000 0.000750
1822.000000 0.000750
1823.000000 0.000751
1824.000000 0.000751
1825.000000 0.000752
1826.000000 0.000752
1827.000000 0.000753
1828.000000 0.000753
1829.000000 0.000753
1830.000000 0.000754
1831.000000 0.000754
1832.000000 0.000755
1833.000000 0.000755
1834.000000 0.000756
1835.000000 0.000756
1836.000000 0.000756
1837.000000 0.000757
1838.000000 0.000757
1839.000000 0.000758
1840.000000 0.000758
1841.000000 0.000759
1842.000000 0.000759
1843.000000 0.000759
1844.000000 0.000760
1845.000000 0.000760
1846.000000 0.000761
1847.000000 0.000761
1848.000000 0.000761
1849.000000 0.000762
1850.000000 0.000762
1851.000000 0.000762
1852.000000 0.000763
1853.000000 0.000763
1854.000000 0.000764
1855.000000 0.000764
1856.000000 0.000764
1857.000000 0.000765
1858.000000 0.000765
1859.000000 0.000765
1860.000000 0.000766
1861.000000 0.000766
1862.000000 0.000766
1863.000000 0.000767
1864.000000 0.000767
1865.000000 0.000768
1866.000000 0.000768
1867.000000 0.000768
1868.000000 0.000769
1869.000000 0.000769
1870.000000 0.000769
1871.000000 0.000770
1872.000000 0.000770
1873.000000 0.000770
1874.000000 0.000771
1875.000000 0.000771
1876.000000 0.000771
1877.000000 0.000772
1878.000000 0.000772
1879.000000 0.000772
1880.000000 0.000772
1881.000000 0.000773
1882.000000 0.000773
1883.000000 0.000773
1884.000000 0.000774
1885.000000 0.000774
1886.000000 0.000774
1887.000000 0.000775
1888.000000 0.000775
1889.000000 0.000775
1890.000000 0.000775
1891.000000 0.000776
1892.000000 0.000776
1893.000000 0.000776
1894.000000 0.000777
1895.000000 0.000777
1896.000000 0.000777
1897.000000 0.000777
1898.000000 0.000778
1899.000000 0.000778
1900.000000 0.000778
1901.000000 0.000778
1902.000000 0.000779
1903.000000 0.000779
1904.000000 0.000779
1905.000000 0.000779
1906.000000 0.000780
1907.000000 0.000780
1908.000000 0.000780
1909.000000 0.000780
1910.000000 0.000781
1911.000000 0.000781
1912.000000 0.000781
1913.000000 0.000781
1914.000000 0.000782
1915.000000 0.000782
1916.000000 0.000782
1917.000000 0.000782
1918.000000 0.000782
1919.000000 0.000783
1920.000000 0.000783
1921.000000 0.000783
1922.000000 0.000783
1923.000000 0.000783
1924.000000 0.000784
1925.000000 0.000784
1926.000000 0.000784
1927.000000 0.000784
1928.000000 0.000784
1929.000000 0.000785
1930.000000 0.000785
1931.000000 0.000785
1932.000000 0.000785
1933.000000 0.000785
1934.000000 0.000786
1935.000000 0.000786
1936.000000 0.000786
1937.000000 0.000786
1938.000000 0.000786
1939.000000 0.000786
1940.000000 0.000787
1941.000000 0.000787
1942.000000 0.000787
1943.000000 0.000787
1944.000000 0.000787
1945.000000 0.000787
1946.000000 0.000787
1947.000000 0.000788
1948.000000 0.000788
1949.000000 0.000788
1950.000000 0.000788
1951.000000 0.000788
1952.000000 0.000788
1953.000000 0.000788
1954.000000 0.000788
1955.000000 0.000789
1956.000000 0.000789
1957.000000 0.000789
1958.000000 0.000789
1959.000000 0.000789
1960.000000 0.000789
1961.000000 0.000789
1962.000000 0.000789
1963.000000 0.000789
1964.000000 0.000790
1965.000000 0.000790
1966.000000 0.000790
1967.000000 0.000790
1968.000000 0.000790
1969.000000 0.000790
1970.000000 0.000790
1971.000000 0.000790
1972.000000 0.000790
1973.000000 0.000790
1974.000000 0.000790
1975.000000 0.000790
1976.000000 0.000791
1977.000000 0.000791
1978.000000 0.000791
1979.000000 0.000791
1980.000000 0.000791
1981.000000 0.000791
1982.000000 0.000791
1983.000000 0.000791
1984.000000 0.000791
1985.000000 0.000791
1986.000000 0.000791
1987.000000 0.000791
1988.000000 0.000791
1989.000000 0.000791
1990.000000 0.000791
1991.000000 0.000791
1992.000000 0.000791
1993.000000 0.000791
1994.000000 0.000791
1995.000000 0.000791
1996.000000 0.000791
1997.000000 0.000791
1998.000000 0.000791
1999.000000 0.000791
2000.000000 0.000791
2001.000000 0.000791
2002.000000 0.000791
2003.000000 0.000791
2004.000000 0.000791
2005.000000 0.000791
2006.000000 0.000791
2007.000000 0.000791
2008.000000 0.000791
2009.000000 0.000791
2010.000000 0.000791
2011.000000 0.000791
2012.000000 0.000791
2013.000000 0.000791
2014.000000 0.000791
2015.000000 0.000791
2016.000000 0.000791
2017.000000 0.000791
2018.000000 0.000791
2019.000000 0.000791
2020.000000 0.000791
2021.000000 0.000791
2022.000000 0.000791
2023.000000 0.000791
2024.000000 0.000791
2025.000000 0.000791
2026.000000 0.000790
2027.000000 0.000790
2028.000000 0.000790
2029.000000 0.000790
2030.000000 0.000790
2031.000000 0.000790
2032.000000 0.000790
2033.000000 0.000790
2034.000000 0.000790
2035.000000 0.000790
2036.000000 0.000790
2037.000000 0.000790
2038.000000 0.000789
2039.000000 0.000789
2040.000000 0.000789
2041.000000 0.000789
2042.000000 0.000789
2043.000000 0.000789
2044.000000 0.000789
2045.000000 0.000789
2046.000000 0.000789
2047.000000 0.000788
2048.000000 0.000788
2049.000000 0.000788
2050.000000 0.000788
2051.000000 0.000788
2052.000000 0.000788
2053.000000 0.000788
2054.000000 0.000788
2055.000000 0.000787
2056.000000 0.000787
2057.000000 0.000787
2058.000000 0.000787
2059.000000 0.000787
2060.000000 0.000787
2061.000000 0.000787
2062.000000 0.000786
2063.000000 0.000786
2064.000000 0.000786
2065.000000 0.000786
2066.000000 0.000786
2067.000000 0.000786
2068.000000 0.000785
2069.000000 0.000785
2070.000000 0.000785
2071.000000 0.000785
2072.000000 0.000785
2073.000000 0.000784
2074.000000 0.000784
2075.000000 0.000784
2076.000000 0.000784
2077.000000 0.000784
2078.000000 0.000783
2079.000000 0.000783
2080.000000 0.000783
2081.000000 0.000783
2082.000000 0.000783
2083.000000 0.000782
2084.000000 0.000782
2085.000000 0.000782
2086.000000 0.000782
2087.000000 0.000782
2088.000000 0.000781
2089.000000 0.000781
2090.000000 0.000781
2091.000000 0.000781
2092.000000 0.000780
2093.000000 0.000780
2094.000000 0.000780
2095.000000 0.000780
2096.000000 0.000779
2097.000000 0.000779
2098.000000 0.000779
2099.000000 0.000779
2100.000000 0.000778
2101.000000 0.000778
2102.000000 0.000778
2103.000000 0.000778
2104.000000 0.000777
2105.000000 0.000777
2106.000000 0.000777
2107.000000 0.000777
2108.000000 0.000776
2109.000000 0.000776
2110.000000 0.000776
2111.000000 0.000775
2112.000000 0.000775
2113.000000 0.000775
2114.000000 0.000775
2115.000000 0.000774
2116.000000 0.000774
2117.000000 0.000774
2118.000000 0.000773
2119.000000 0.000773
2120.000000 0.000773
2121.000000 0.000772
2122.000000 0.000772
2123.000000 0.000772
2124.000000 0.000772
2125.000000 0.000771
2126.000000 0.000771
2127.000000 0.000771
2128.000000 0.000770
2129.000000 0.000770
2130.000000 0.000770
2131.000000 0.000769
2132.000000 0.000769
2133.000000 0.000769
2134.000000 0.000768
2135.000000 0.000768
2136.000000 0.000768
2137.000000 0.000767
2138.000000 0.000767
2139.000000 0.000766
2140.000000 0.000766
2141.000000 0.000766
2142.000000 0.000765
2143.000000 0.000765
2144.000000 0.000765
2145.000000 0.000764
2146.000000 0.000764
2147.000000 0.000764
2148.000000 0.000763
2149.000000 0.000763
2150.000000 0.000762
2151.000000 0.000762
2152.000000 0.000762
2153.000000 0.000761
2154.000000 0.000761
2155.000000 0.000761
2156.000000 0.000760
2157.000000 0.000760
2158.000000 0.000759
2159.000000 0.000759
2160.000000 0.000759
2161.000000 0.000758
2162.000000 0.000758
2163.000000 0.000757
2164.000000 0.000757
2165.000000 0.000756
2166.000000 0.000756
2167.000000 0.000756
2168.000000 0.000755
2169.000000 0.000755
2170.000000 0.000754
2171.000000 0.000754
2172.000000 0.000753
2173.000000 0.000753
2174.000000 0.000753
2175.000000 0.000752
2176.000000 0.000752
2177.000000 0.000751
2178.000000 0.000751
2179.000000 0.000750
2180.000000 0.000750
2181.000000 0.000750
2182.000000 0.000749
2183.000000 0.000749
2184.000000 0.000748
2185.000000 0.000748
2186.000000 0.000747
2187.000000 0.000747
2188.000000 0.000746
2189.000000 0.000746
2190.000000 0.000745
2191.000000 0.000745
2192.000000 0.000744
2193.000000 0.000744
2194.000000 0.000743
2195.000000 0.000743
2196.000000 0.000742
2197.000000 0.000742
2198.000000 0.000741
2199.000000 0.000741
2200.000000 0.000740
2201.000000 0.000740
2202.000000 0.000739
2203.000000 0.000739
2204.000000 0.000738
2205.000000 0.000738
2206.000000 0.000737
2207.000000 0.000737
2208.000000 0.000736
2209.000000 0.000736
2210.000000 0.000735
2211.000000 0.000735
2212.000000 0.000734
2213.000000 0.000734
2214.000000 0.000733
2215.000000 0.000733
2216.000000 0.000732
2217.000000 0.000732
2218.000000 0.000731
2219.000000 0.000731
2220.000000 0.000730
2221.000000 0.000730
2222.000000 0.000729
2223.000000 0.000728
2224.000000 0.000728
2225.000000 0.000727
2226.000000 0.000727
2227.000000 0.000726
2228.000000 0.000726
2229.000000 0.000725
2230.000000 0.000725
2231.000000 0.000724
2232.000000 0.000723
2233.000000 0.000723
2234.000000 0.000722
2235.000000 0.000722
2236.000000 0.000721
2237.000000 0.000721
2238.000000 0.000720
2239.000000 0.000719
2240.000000 0.000719
2241.000000 0.000718
2242.000000 0.000718
2243.000000 0.000717
2244.000000 0.000717
2245.000000 0.000716
2246.000000 0.000715
2247.000000 0.000715
2248.000000 0.000714
2249.000000 0.000714
2250.000000 0.000713
2251.000000 0.000712
2252.000000 0.000712
2253.000000 0.000711
2254.000000 0.000711
2255.000000 0.000710
2256.000000 0.000709
2257.000000 0.000709
2258.000000 0.000708
2259.000000 0.000707
2260.000000 0.000707
2261.000000 0.000706
2262.000000 0.000706
2263.000000 0.000705
2264.000000 0.000704
2265.000000 0.000704
2266.000000 0.000703
2267.000000 0.000702
2268.000000 0.000702
2269.000000 0.000701
2270.000000 0.000700
2271.000000 0.000700
2272.000000 0.000699
2273.000000 0.000699
2274.000000 0.000698
2275.000000 0.000697
2276.000000 0.000697
2277.000000 0.000696
2278.000000 0.000695
2279.000000 0.000695
2280.000000 0.000694
2281.000000 0.000693
2282.000000 0.000693
2283.000000 0.000692
2284.000000 0.000691
2285.000000 0.000691
2286.000000 0.000690
2287.000000 0.000689
2288.000000 0.000689
2289.000000 0.000688
2290.000000 0.000687
2291.000000 0.000687
2292.000000 0.000686
2293.000000 0.000685
2294.000000 0.000684
2295.000000 0.000684
2296.000000 0.000683
2297.000000 0.000682
2298.000000 0.000682
2299.000000 0.000681
2300.000000 0.000680
2301.000000 0.000680
2302.000000 0.000679
2303.000000 0.000678
2304.000000 0.000678
2305.000000 0.000677
2306.000000 0.000676
2307.000000 0.000675
2308.000000 0.000675
2309.000000 0.000674
2310.000000 0.000673
2311.000000 0.000673
2312.000000 0.000672
2313.000000 0.000671
2314.000000 0.000670
2315.000000 0.000670
2316.000000 0.000669
2317.000000 0.000668
2318.000000 0.000667
2319.000000 0.000667
2320.000000 0.000666
2321.000000 0.000665
2322.000000 0.000665
2323.000000 0.000664
2324.000000 0.000663
2325.000000 0.000662
2326.000000 0.000662
2327.000000 0.000661
2328.000000 0.000660
2329.000000 0.000659
2330.000000 0.000659
2331.000000 0.000658
2332.000000 0.000657
2333.000000 0.000656
2334.000000 0.000656
2335.000000 0.000655
2336.000000 0.000654
2337.000000 0.000653
2338.000000 0.000652
2339.000000 0.000652
2340.000000 0.000651
2341.000000 0.000650
2342.000000 0.000649
2343.000000 0.000649
2344.000000 0.000648
2345.000000 0.000647
2346.000000 0.000646
2347.000000 0.000646
2348.000000 0.000645
2349.000000 0.000644
2350.000000 0.000643
2351.000000 0.000642
2352.000000 0.000642
2353.000000 0.000641
2354.000000 0.000640
2355.000000 0.000639
2356.000000 0.000638
2357.000000 0.000638
2358.000000 0.000637
2359.000000 0.000636
2360.000000 0.000635
2361.000000 0.000634
2362.000000 0.000634
2363.000000 0.000633
2364.000000 0.000632
2365.000000 0.000631
2366.000000 0.000630
2367.000000 0.000630
2368.000000 0.000629
2369.000000 0.000628
2370.000000 0.000627
2371.000000 0.000626
2372.000000 0.000626
2373.000000 0.000625
2374.000000 0.000624
2375.000000 0.000623
2376.000000 0.000622
2377.000000 0.000622
2378.000000 0.000621
2379.000000 0.000620
2380.000000 0.000619
2381.000000 0.000618
2382.000000 0.000617
2383.000000 0.000617
2384.000000 0.000616
2385.000000 0.000615
2386.000000 0.000614
2387.000000 0.000613
2388.000000 0.000612
2389.000000 0.000612
2390.000000 0.000611
2391.000000 0.000610
2392.000000 0.000609
2393.000000 0.000608
2394.000000 0.000607
2395.000000 0.000606
2396.000000 0.000606
2397.000000 0.000605
2398.000000 0.000604
2399.000000 0.000603
2400.000000 0.000602
2401.000000 0.000601
2402.000000 0.000601
2403.000000 0.000600
2404.000000 0.000599
2405.000000 0.000598
2406.000000 0.000597
2407.000000 0.000596
2408.000000 0.000595
2409.000000 0.000595
2410.000000 0.000594
2411.000000 0.000593
2412.000000 0.000592
2413.000000 0.000591
2414.000000 0.000590
2415.000000 0.000589
2416.000000 0.000588
2417.000000 0.000588
2418.000000 0.000587
2419.000000 0.000586
2420.000000 0.000585
2421.000000 0.000584
2422.000000 0.000583
2423.000000 0.000582
2424.000000 0.000581
2425.000000 0.000581
2426.000000 0.000580
2427.000000 0.000579
2428.000000 0.000578
2429.000000 0.000577
2430.000000 0.000576
2431.000000 0.000575
2432.000000 0.000574
2433.000000 0.000573
2434.000000 0.000573
2435.000000 0.000572
2436.000000 0.000571
2437.000000 0.000570
2438.000000 0.000569
2439.000000 0.000568
2440.000000 0.000567
2441.000000 0.000566
2442.000000 0.000565
2443.000000 0.000564
2444.000000 0.000564
2445.000000 0.000563
2446.000000 0.000562
2447.000000 0.000561
2448.000000 0.000560
2449.000000 0.000559
2450.000000 0.000558
2451.000000 0.000557
2452.000000 0.000556
2453.000000 0.000555
2454.000000 0.000554
2455.000000 0.000554
2456.000000 0.000553
2457.000000 0.000552
2458.000000 0.000551
2459.000000 0.000550
2460.000000 0.000549
2461.000000 0.000548
2462.000000 0.000547
2463.000000 0.000546
2464.000000 0.000545
2465.000000 0.000544
2466.000000 0.000543
2467.000000 0.000543
2468.000000 0.000542
2469.000000 0.000541
2470.000000 0.000540
2471.000000 0.000539
2472.000000 0.000538
2473.000000 0.000537
2474.000000 0.000536
2475.000000 0.000535
2476.000000 0.000534
2477.000000 0.000533
2478.000000 0.000532
2479.000000 0.000531
2480.000000 0.000530
2481.000000 0.000530
2482.000000 0.000529
2483.000000 0.000528
2484.000000 0.000527
2485.000000 0.000526
2486.000000 0.000525
2487.000000 0.000524
2488.000000 0.000523
2489.000000 0.000522
2490.000000 0.000521
2491.000000 0.000520
2492.000000 0.000519
2493.000000 0.000518
2494.000000 0.000517
2495.000000 0.000516
2496.000000 0.000515
2497.000000 0.000514
2498.000000 0.000514
2499.000000 0.000513
2500.000000 0.000512
2501.000000 0.000511
2502.000000 0.000510
2503.000000 0.000509
2504.000000 0.000508
2505.000000 0.000507
2506.000000 0.000506
2507.000000 0.000505
2508.000000 0.000504
2509.000000 0.000503
2510.000000 0.000502
2511.000000 0.000501
2512.000000 0.000500
2513.000000 0.000499
2514.000000 0.000498
2515.000000 0.000497
2516.000000 0.000496
2517.000000 0.000495
2518.000000 0.000494
2519.000000 0.000493
2520.000000 0.000493
2521.000000 0.000492
2522.000000 0.000491
2523.000000 0.000490
2524.000000 0.000489
2525.000000 0.000488
2526.000000 0.000487
2527.000000 0.000486
2528.000000 0.000485
2529.000000 0.000484
2530.000000 0.000483
2531.000000 0.000482
2532.000000 0.000481
2533.000000 0.000480
2534.000000 0.000479
2535.000000 0.000478
2536.000000 0.000477
2537.000000 0.000476
2538.000000 0.000475
2539.000000 0.000474
2540.000000 0.000473
2541.000000 0.000472
2542.000000 0.000471
2543.000000 0.000470
2544.000000 0.000469
2545.000000 0.000468
2546.000000 0.000467
2547.000000 0.000466
2548.000000 0.000465
2549.000000 0.000464
2550.000000 0.000463
2551.000000 0.000463
2552.000000 0.000462
2553.000000 0.000461
2554.000000 0.000460
2555.000000 0.000459
2556.000000 0.000458
2557.000000 0.000457
2558.000000 0.000456
2559.000000 0.000455
2560.000000 0.000454
2561.000000 0.000453
2562.000000 0.000452
2563.000000 0.000451
2564.000000 0.000450
2565.000000 0.000449
2566.000000 0.000448
2567.000000 0.000447
2568.000000 0.000446
2569.000000 0.000445
2570.000000 0.000444
2571.000000 0.000443
2572.000000 0.000442
2573.000000 0.000441
2574.000000 0.000440
2575.000000 0.000439
2576.000000 0.000438
2577.000000 0.000437
2578.000000 0.000436
2579.000000 0.000435
2580.000000 0.000434
2581.000000 0.000433
2582.000000 0.000432
2583.000000 0.000431
2584.000000 0.000430
2585.000000 0.000429
2586.000000 0.000428
2587.000000 0.000427
2588.000000 0.000426
2589.000000 0.000425
2590.000000 0.000424
2591.000000 0.000423
2592.000000 0.000422
2593.000000 0.000421
2594.000000 0.000420
2595.000000 0.000420
2596.000000 0.000419
2597.000000 0.000418
2598.000000 0.000417
2599.000000 0.000416
2600.000000 0.000415
2601.000000 0.000414
2602.000000 0.000413
2603.000000 0.000412
2604.000000 0.000411
2605.000000 0.000410
2606.000000 0.000409
2607.000000 0.000408
2608.000000 0.000407
2609.000000 0.000406
2610.000000 0.000405
2611.000000 0.000404
2612.000000 0.000403
2613.000000 0.000402
2614.000000 0.000401
2615.000000 0.000400
2616.000000 0.000399
2617.000000 0.000398
2618.000000 0.000397
2619.000000 0.000396
2620.000000 0.000395
2621.000000 0.000394
2622.000000 0.000393
2623.000000 0.000392
2624.000000 0.000391
2625.000000 0.000390
2626.000000 0.000389
2627.000000 0.000388
2628.000000 0.000387
2629.000000 0.000386
2630.000000 0.000385
2631.000000 0.000384
2632.000000 0.000383
2633.000000 0.000382
2634.000000 0.000381
2635.000000 0.000380
2636.000000 0.000379
2637.000000 0.000378
2638.000000 0.000377
2639.000000 0.000377
2640.000000 0.000376
2641.000000 0.000375
2642.000000 0.000374
2643.000000 0.000373
2644.000000 0.000372
2645.000000 0.000371
2646.000000 0.000370
2647.000000 0.000369
2648.000000 0.000368
2649.000000 0.000367
2650.000000 0.000366
2651.000000 0.000365
2652.000000 0.000364
2653.000000 0.000363
2654.000000 0.000362
2655.000000 0.000361
2656.000000 0.000360
2657.000000 0.000359
2658.000000 0.000358
2659.000000 0.000357
2660.000000 0.000356
2661.000000 0.000355
2662.000000 0.000354
2663.000000 0.000353
2664.000000 0.000352
2665.000000 0.000351
2666.000000 0.000350
2667.000000 0.000349
2668.000000 0.000348
2669.000000 0.000348
2670.000000 0.000347
2671.000000 0.000346
2672.000000 0.000345
2673.000000 0.000344
2674.000000 0.000343
2675.000000 0.000342
2676.000000 0.000341
2677.000000 0.000340
2678.000000 0.000339
2679.000000 0.000338
2680.000000 0.000337
2681.000000 0.000336
2682.000000 0.000335
2683.000000 0.000334
2684.000000 0.000333
2685.000000 0.000332
2686.000000 0.000331
2687.000000 0.000330
2688.000000 0.000329
2689.000000 0.000328
2690.000000 0.000328
2691.000000 0.000327
2692.000000 0.000326
2693.000000 0.000325
2694.000000 0.000324
2695.000000 0.000323
2696.000000 0.000322
2697.000000 0.000321
2698.000000 0.000320
2699.000000 0.000319
2700.000000 0.000318
2701.000000 0.000317
2702.000000 0.000316
2703.000000 0.000315
2704.000000 0.000314
2705.000000 0.000313
2706.000000 0.000312
2707.000000 0.000312
2708.000000 0.000311
2709.000000 0.000310
2710.000000 0.000309
2711.000000 0.000308
2712.000000 0.000307
2713.000000 0.000306
2714.000000 0.000305
2715.000000 0.000304
2716.000000 0.000303
2717.000000 0.000302
2718.000000 0.000301
2719.000000 0.000300
2720.000000 0.000299
2721.000000 0.000299
2722.000000 0.000298
2723.000000 0.000297
2724.000000 0.000296
2725.000000 0.000295
2726.000000 0.000294
2727.000000 0.000293
2728.000000 0.000292
2729.000000 0.000291
2730.000000 0.000290
2731.000000 0.000289
2732.000000 0.000288
2733.000000 0.000288
2734.000000 0.000287
2735.000000 0.000286
2736.000000 0.000285
2737.000000 0.000284
2738.000000 0.000283
2739.000000 0.000282
2740.000000 0.000281
2741.000000 0.000280
2742.000000 0.000279
2743.000000 0.000278
2744.000000 0.000278
2745.000000 0.000277
2746.000000 0.000276
2747.000000 0.000275
2748.000000 0.000274
2749.000000 0.000273
2750.000000 0.000272
2751.000000 0.000271
2752.000000 0.000270
2753.000000 0.000269
2754.000000 0.000269
2755.000000 0.000268
2756.000000 0.000267
2757.000000 0.000266
2758.000000 0.000265
2759.000000 0.000264
2760.000000 0.000263
2761.000000 0.000262
2762.000000 0.000261
2763.000000 0.000261
2764.000000 0.000260
2765.000000 0.000259
2766.000000 0.000258
2767.000000 0.000257
2768.000000 0.000256
2769.000000 0.000255
2770.000000 0.000254
2771.000000 0.000254
2772.000000 0.000253
2773.000000 0.000252
2774.000000 0.000251
2775.000000 0.000250
2776.000000 0.000249
2777.000000 0.000248
2778.000000 0.000248
2779.000000 0.000247
2780.000000 0.000246
2781.000000 0.000245
2782.000000 0.000244
2783.000000 0.000243
2784.000000 0.000242
2785.000000 0.000242
2786.000000 0.000241
2787.000000 0.000240
2788.000000 0.000239
2789.000000 0.000238
2790.000000 0.000237
2791.000000 0.000236
2792.000000 0.000236
2793.000000 0.000235
2794.000000 0.000234
2795.000000 0.000233
2796.000000 0.000232
2797.000000 0.000231
2798.000000 0.000231
2799.000000 0.000230
2800.000000 0.000229
2801.000000 0.000228
2802.000000 0.000227
2803.000000 0.000226
2804.000000 0.000226
2805.000000 0.000225
2806.000000 0.000224
2807.000000 0.000223
2808.000000 0.000222
2809.000000 0.000221
2810.000000 0.000221
2811.000000 0.000220
2812.000000 0.000219
2813.000000 0.000218
2814.000000 0.000217
2815.000000 0.000216
2816.000000 0.000216
2817.000000 0.000215
2818.000000 0.000214
2819.000000 0.000213
2820.000000 0.000212
2821.000000 0.000212
2822.000000 0.000211
2823.000000 0.000210
2824.000000 0.000209
2825.000000 0.000208
2826.000000 0.000208
2827.000000 0.000207
2828.000000 0.000206
2829.000000 0.000205
2830.000000 0.000204
2831.000000 0.000204
2832.000000 0.000203
2833.000000 0.000202
2834.000000 0.000201
2835.000000 0.000200
2836.000000 0.000200
2837.000000 0.000199
2838.000000 0.000198
2839.000000 0.000197
2840.000000 0.000197
2841.000000 0.000196
2842.000000 0.000195
2843.000000 0.000194
2844.000000 0.000193
2845.000000 0.000193
2846.000000 0.000192
2847.000000 0.000191
2848.000000 0.000190
2849.000000 0.000190
2850.000000 0.000189
2851.000000 0.000188
2852.000000 0.000187
2853.000000 0.000187
2854.000000 0.000186
2855.000000 0.000185
2856.000000 0.000184
2857.000000 0.000184
2858.000000 0.000183
2859.000000 0.000182
2860.000000 0.000181
2861.000000 0.000181
2862.000000 0.000180
2863.000000 0.000179
2864.000000 0.000178
2865.000000 0.000178
2866.000000 0.000177
2867.000000 0.000176
2868.000000 0.000175
2869.000000 0.000175
2870.000000 0.000174
2871.000000 0.000173
2872.000000 0.000172
2873.000000 0.000172
2874.000000 0.000171
2875.000000 0.000170
2876.000000 0.000170
2877.000000 0.000169
2878.000000 0.000168
2879.000000 0.000167
2880.000000 0.000167
2881.000000 0.000166
2882.000000 0.000165
2883.000000 0.000165
2884.000000 0.000164
2885.000000 0.000163
2886.000000 0.000162
2887.000000 0.000162
2888.000000 0.000161
2889.000000 0.000160
2890.000000 0.000160
2891.000000 0.000159
2892.000000 0.000158
2893.000000 0.000157
2894.000000 0.000157
2895.000000 0.000156
2896.000000 0.000155
2897.000000 0.000155
2898.000000 0.000154
2899.000000 0.000153
2900.000000 0.000153
2901.000000 0.000152
2902.000000 0.000151
2903.000000 0.000151
2904.000000 0.000150
2905.000000 0.000149
2906.000000 0.000149
2907.000000 0.000148
2908.000000 0.000147
2909.000000 0.000147
2910.000000 0.000146
2911.000000 0.000145
2912.000000 0.000145
2913.000000 0.000144
2914.000000 0.000143
2915.000000 0.000143
2916.000000 0.000142
2917.000000 0.000141
2918.000000 0.000141
2919.000000 0.000140
2920.000000 0.000139
2921.000000 0.000139
2922.000000 0.000138
2923.000000 0.000137
2924.000000 0.000137
2925.000000 0.000136
2926.000000 0.000135
2927.000000 0.000135
2928.000000 0.000134
2929.000000 0.000134
2930.000000 0.000133
2931.000000 0.000132
2932.000000 0.000132
2933.000000 0.000131
2934.000000 0.000130
2935.000000 0.000130
2936.000000 0.000129
2937.000000 0.000129
2938.000000 0.000128
2939.000000 0.000127
2940.000000 0.000127
2941.000000 0.000126
2942.000000 0.000125
2943.000000 0.000125
2944.000000 0.000124
2945.000000 0.000124
2946.000000 0.000123
2947.000000 0.000122
2948.000000 0.000122
2949.000000 0.000121
2950.000000 0.000121
2951.000000 0.000120
2952.000000 0.000119
2953.000000 0.000119
2954.000000 0.000118
2955.000000 0.000118
2956.000000 0.000117
2957.000000 0.000117
2958.000000 0.000116
2959.000000 0.000115
2960.000000 0.000115
2961.000000 0.000114
2962.000000 0.000114
2963.000000 0.000113
2964.000000 0.000112
2965.000000 0.000112
2966.000000 0.000111
2967.000000 0.000111
2968.000000 0.000110
2969.000000 0.000110
2970.000000 0.000109
2971.000000 0.000109
2972.000000 0.000108
2973.000000 0.000107
2974.000000 0.000107
2975.000000 0.000106
2976.000000 0.000106
2977.000000 0.000105
2978.000000 0.000105
2979.000000 0.000104
2980.000000 0.000104
2981.000000 0.000103
2982.000000 0.000102
2983.000000 0.000102
2984.000000 0.000101
2985.000000 0.000101
2986.000000 0.000100
2987.000000 0.000100
2988.000000 0.000099
2989.000000 0.000099
2990.000000 0.000098
2991.000000 0.000098
2992.000000 0.000097
2993.000000 0.000097
2994.000000 0.000096
2995.000000 0.000096
2996.000000 0.000095
2997.000000 0.000095
2998.000000 0.000094
2999.000000 0.000094
3000.000000 0.000093
3001.000000 0.000093
3002.000000 0.000092
3003.000000 0.000092
3004.000000 0.000091
3005.000000 0.000091
3006.000000 0.000090
3007.000000 0.000090
3008.000000 0.000089
3009.000000 0.000089
3010.000000 0.000088
3011.000000 0.000088
3012.000000 0.000087
3013.000000 0.000087
3014.000000 0.000086
3015.000000 0.000086
3016.000000 0.000085
3017.000000 0.000085
3018.000000 0.000084
3019.000000 0.000084
3020.000000 0.000083
3021.000000 0.000083
3022.000000 0.000082
3023.000000 0.000082
3024.000000 0.000081
3025.000000 0.000081
3026.000000 0.000080
3027.000000 0.000080
3028.000000 0.000079
3029.000000 0.000079
3030.000000 0.000079
3031.000000 0.000078
3032.000000 0.000078
3033.000000 0.000077
3034.000000 0.000077
3035.000000 0.000076
3036.000000 0.000076
3037.000000 0.000075
3038.000000 0.000075
3039.000000 0.000075
3040.000000 0.000074
3041.000000 0.000074
3042.000000 0.000073
3043.000000 0.000073
3044.000000 0.000072
3045.000000 0.000072
3046.000000 0.000071
3047.000000 0.000071
3048.000000 0.000071
3049.000000 0.000070
3050.000000 0.000070
3051.000000 0.000069
3052.000000 0.000069
3053.000000 0.000069
3054.000000 0.000068
3055.000000 0.000068
3056.000000 0.000067
3057.000000 0.000067
3058.000000 0.000066
3059.000000 0.000066
3060.000000 0.000066
3061.000000 0.000065
3062.000000 0.000065
3063.000000 0.000064
3064.000000 0.000064
3065.000000 0.000064
3066.000000 0.000063
3067.000000 0.000063
3068.000000 0.000062
3069.000000 0.000062
3070.000000 0.000062
3071.000000 0.000061
3072.000000 0.000061
3073.000000 0.000061
3074.000000 0.000060
3075.000000 0.000060
3076.000000 0.000059
3077.000000 0.000059
3078.000000 0.000059
3079.000000 0.000058
3080.000000 0.000058
3081.000000 0.000058
3082.000000 0.000057
3083.000000 0.000057
3084.000000 0.000056
3085.000000 0.000056
3086.000000 0.000056
3087.000000 0.000055
3088.000000 0.000055
3089.000000 0.000055
3090.000000 0.000054
3091.000000 0.000054
3092.000000 0.000054
3093.000000 0.000053
3094.000000 0.000053
3095.000000 0.000052
3096.000000 0.000052
3097.000000 0.000052
3098.000000 0.000051
3099.000000 0.000051
3100.000000 0.000051
3101.000000 0.000050
3102.000000 0.000050
3103.000000 0.000050
3104.000000 0.000049
3105.000000 0.000049
3106.000000 0.000049
3107.000000 0.000048
3108.000000 0.000048
3109.000000 0.000048
3110.000000 0.000047
3111.000000 0.000047
3112.000000 0.000047
3113.000000 0.000046
3114.000000 0.000046
3115.000000 0.000046
3116.000000 0.000046
3117.000000 0.000045
3118.000000 0.000045
3119.000000 0.000045
3120.000000 0.000044
3121.000000 0.000044
3122.000000 0.000044
3123.000000 0.000043
3124.000000 0.000043
3125.000000 0.000043
3126.000000 0.000042
3127.000000 0.000042
3128.000000 0.000042
3129.000000 0.000042
3130.000000 0.000041
3131.000000 0.000041
3132.000000 0.000041
3133.000000 0.000040
3134.000000 0.000040
3135.000000 0.000040
3136.000000 0.000040
3137.000000 0.000039
3138.000000 0.000039
3139.000000 0.000039
3140.000000 0.000038
3141.000000 0.000038
3142.000000 0.000038
3143.000000 0.000038
3144.000000 0.000037
3145.000000 0.000037
3146.000000 0.000037
3147.000000 0.000036
3148.000000 0.000036
3149.000000 0.000036
3150.000000 0.000036
3151.000000 0.000035
3152.000000 0.000035
3153.000000 0.000035
3154.000000 0.000035
3155.000000 0.000034
3156.000000 0.000034
3157.000000 0.000034
3158.000000 0.000034
3159.000000 0.000033
3160.000000 0.000033
3161.000000 0.000033
3162.000000 0.000033
3163.000000 0.000032
3164.000000 0.000032
3165.000000 0.000032
3166.000000 0.000032
3167.000000 0.000031
3168.000000 0.000031
3169.000000 0.000031
3170.000000 0.000031
3171.000000 0.000030
3172.000000 0.000030
3173.000000 0.000030
3174.000000 0.000030
3175.000000 0.000029
3176.000000 0.000029
3177.000000 0.000029
3178.000000 0.000029
3179.000000 0.000029
3180.000000 0.000028
3181.000000 0.000028
3182.000000 0.000028
3183.000000 0.000028
3184.000000 0.000027
3185.000000 0.000027
3186.000000 0.000027
3187.000000 0.000027
3188.000000 0.000027
3189.000000 0.000026
3190.000000 0.000026
3191.000000 0.000026
3192.000000 0.000026
3193.000000 0.000026
3194.000000 0.000025
3195.000000 0.000025
3196.000000 0.000025
3197.000000 0.000025
3198.000000 0.000024
3199.000000 0.000024
3200.000000 0.000024
3201.000000 0.000024
3202.000000 0.000024
3203.000000 0.000023
3204.000000 0.000023
3205.000000 0.000023
3206.000000 0.000023
3207.000000 0.000023
3208.000000 0.000023
3209.000000 0.000022
3210.000000 0.000022
3211.000000 0.000022
3212.000000 0.000022
3213.000000 0.000022
3214.000000 0.000021
3215.000000 0.000021
3216.000000 0.000021
3217.000000 0.000021
3218.000000 0.000021
3219.000000 0.000021
3220.000000 0.000020
3221.000000 0.000020
3222.000000 0.000020
3223.000000 0.000020
3224.000000 0.000020
3225.000000 0.000019
3226.000000 0.000019
3227.000000 0.000019
3228.000000 0.000019
3229.000000 0.000019
3230.000000 0.000019
3231.000000 0.000018
3232.000000 0.000018
3233.000000 0.000018
3234.000000 0.000018
3235.000000 0.000018
3236.000000 0.000018
3237.000000 0.000017
3238.000000 0.000017
3239.000000 0.000017
3240.000000 0.000017
3241.000000 0.000017
3242.000000 0.000017
3243.000000 0.000017
3244.000000 0.000016
3245.000000 0.000016
3246.000000 0.000016
3247.000000 0.000016
3248.000000 0.000016
3249.000000 0.000016
3250.000000 0.000016
3251.000000 0.000015
3252.000000 0.000015
3253.000000 0.000015
3254.000000 0.000015
3255.000000 0.000015
3256.000000 0.000015
3257.000000 0.000015
3258.000000 0.000014
3259.000000 0.000014
3260.000000 0.000014
3261.000000 0.000014
3262.000000 0.000014
3263.000000 0.000014
3264.000000 0.000014
3265.000000 0.000013
3266.000000 0.000013
3267.000000 0.000013
3268.000000 0.000013
3269.000000 0.000013
3270.000000 0.000013
3271.000000 0.000013
3272.000000 0.000013
3273.000000 0.000012
3274.000000 0.000012
3275.000000 0.000012
3276.000000 0.000012
3277.000000 0.000012
3278.000000 0.000012
3279.000000 0.000012
3280.000000 0.000012
3281.000000 0.000012
3282.000000 0.000011
3283.000000 0.000011
3284.000000 0.000011
3285.000000 0.000011
3286.000000 0.000011
3287.000000 0.000011
3288.000000 0.000011
3289.000000 0.000011
3290.000000 0.000011
3291.000000 0.000010
3292.000000 0.000010
3293.000000 0.000010
3294.000000 0.000010
3295.000000 0.000010
3296.000000 0.000010
3297.000000 0.000010
3298.000000 0.000010
3299.000000 0.000010
3300.000000 0.000010
3301.000000 0.000009
3302.000000 0.000009
3303.000000 0.000009
3304.000000 0.000009
3305.000000 0.000009
3306.000000 0.000009
3307.000000 0.000009
3308.000000 0.000009
3309.000000 0.000009
3310.000000 0.000009
3311.000000 0.000008
3312.000000 0.000008
3313.000000 0.000008
3314.000000 0.000008
3315.000000 0.000008
3316.000000 0.000008
3317.000000 0.000008
3318.000000 0.000008
3319.000000 0.000008
3320.000000 0.000008
3321.000000 0.000008
3322.000000 0.000008
3323.000000 0.000007
3324.000000 0.000007
3325.000000 0.000007
3326.000000 0.000007
3327.000000 0.000007
3328.000000 0.000007
3329.000000 0.000007
3330.000000 0.000007
3331.000000 0.000007
3332.000000 0.000007
3333.000000 0.000007
3334.000000 0.000007
3335.000000 0.000007
3336.000000 0.000006
3337.000000 0.000006
3338.000000 0.000006
3339.000000 0.000006
3340.000000 0.000006
3341.000000 0.000006
3342.000000 0.000006
3343.000000 0.000006
3344.000000 0.000006
3345.000000 0.000006
3346.000000 0.000006
3347.000000 0.000006
3348.000000 0.000006
3349.000000 0.000006
3350.000000 0.000005
3351.000000 0.000005
3352.000000 0.000005
3353.000000 0.000005
3354.000000 0.000005
3355.000000 0.000005
3356.000000 0.000005
3357.000000 0.000005
3358.000000 0.000005
3359.000000 0.000005
3360.000000 0.000005
3361.000000 0.000005
3362.000000 0.000005
3363.000000 0.000005
3364.000000 0.000005
3365.000000 0.000005
3366.000000 0.000005
3367.000000 0.000004
3368.000000 0.000004
3369.000000 0.000004
3370.000000 0.000004
3371.000000 0.000004
3372.000000 0.000004
3373.000000 0.000004
3374.000000 0.000004
3375.000000 0.000004
3376.000000 0.000004
3377.000000 0.000004
3378.000000 0.000004
3379.000000 0.000004
3380.000000 0.000004
3381.000000 0.000004
3382.000000 0.000004
3383.000000 0.000004
3384.000000 0.000004
3385.000000 0.000004
3386.000000 0.000004
3387.000000 0.000003
3388.000000 0.000003
3389.000000 0.000003
3390.000000 0.000003
3391.000000 0.000003
3392.000000 0.000003
3393.000000 0.000003
3394.000000 0.000003
3395.000000 0.000003
3396.000000 0.000003
3397.000000 0.000003
3398.000000 0.000003
3399.000000 0.000003
3400.000000 0.000003
3401.000000 0.000003
3402.000000 0.000003
3403.000000 0.000003
3404.000000 0.000003
3405.000000 0.000003
3406.000000 0.000003
3407.000000 0.000003
3408.000000 0.000003
3409.000000 0.000003
3410.000000 0.000003
3411.000000 0.000003
3412.000000 0.000002
3413.000000 0.000002
3414.000000 0.000002
3415.000000 0.000002
3416.000000 0.000002
3417.000000 0.000002
3418.000000 0.000002
3419.000000 0.000002
3420.000000 0.000002
3421.000000 0.000002
3422.000000 0.000002
3423.000000 0.000002
3424.000000 0.000002
3425.000000 0.000002
3426.000000 0.000002
3427.000000 0.000002
3428.000000 0.000002
3429.000000 0.000002
3430.000000 0.000002
3431.000000 0.000002
3432.000000 0.000002
3433.000000 0.000002
3434.000000 0.000002
3435.000000 0.000002
3436.000000 0.000002
3437.000000 0.000002
3438.000000 0.000002
3439.000000 0.000002
3440.000000 0.000002
3441.000000 0.000002
3442.000000 0.000002
3443.000000 0.000002
3444.000000 0.000002
3445.000000 0.000002
3446.000000 0.000002
3447.000000 0.000002
3448.000000 0.000001
3449.000000 0.000001
3450.000000 0.000001
3451.000000 0.000001
3452.000000 0.000001
3453.000000 0.000001
3454.000000 0.000001
3455.000000 0.000001
3456.000000 0.000001
3457.000000 0.000001
3458.000000 0.000001
3459.000000 0.000001
3460.000000 0.000001
3461.000000 0.000001
3462.000000 0.000001
3463.000000 0.000001
3464.000000 0.000001
3465.000000 0.000001
3466.000000 0.000001
3467.000000 0.000001
3468.000000 0.000001
3469.000000 0.000001
3470.000000 0.000001
3471.000000 0.000001
3472.000000 0.000001
3473.000000 0.000001
3474.000000 0.000001
3475.000000 0.000001
3476.000000 0.000001
3477.000000 0.000001
3478.000000 0.000001
3479.000000 0.000001
3480.000000 0.000001
3481.000000 0.000001
3482.000000 0.000001
3483.000000 0.000001
3484.000000 0.000001
3485.000000 0.000001
3486.000000 0.000001
3487.000000 0.000001
3488.000000 0.000001
3489.000000 0.000001
3490.000000 0.000001
3491.000000 0.000001
3492.000000 0.000001
3493.000000 0.000001
3494.000000 0.000001
3495.000000 0.000001
3496.000000 0.000001
3497.000000 0.000001
3498.000000 0.000001
3499.000000 0.000001
3500.000000 0.000001
3501.000000 0.000001
3502.000000 0.000001
3503.000000 0.000001
3504.000000 0.000001
3505.000000 0.000001
3506.000000 0.000001
3507.000000 0.000001
3508.000000 0.000001
3509.000000 0.000001
3510.000000 0.000001
3511.000000 0.000001
3512.000000 0.000001
3513.000000 0.000001
3514.000000 0.000000
3515.000000 0.000000
3516.000000 0.000000
3517.000000 0.000000
3518.000000 0.000000
3519.000000 0.000000
3520.000000 0.000000
3521.000000 0.000000
3522.000000 0.000000
3523.000000 0.000000
3524.000000 0.000000
3525.000000 0.000000
3526.000000 0.000000
3527.000000 0.000000
3528.000000 0.000000
3529.000000 0.000000
3530.000000 0.000000
3531.000000 0.000000
3532.000000 0.000000
3533.000000 0.000000
3534.000000 0.000000
3535.000000 0.000000
3536.000000 0.000000
3537.000000 0.000000
3538.000000 0.000000
3539.000000 0.000000
3540.000000 0.000000
3541.000000 0.000000
3542.000000 0.000000
3543.000000 0.000000
3544.000000 0.000000
3545.000000 0.000000
3546.000000 0.000000
3547.000000 0.000000
3548.000000 0.000000
3549.000000 0.000000
3550.000000 0.000000
3551.000000 0.000000
3552.000000 0.000000
3553.000000 0.000000
3554.000000 0.000000
3555.000000 0.000000
3556.000000 0.000000
3557.000000 0.000000
3558.000000 0.000000
3559.000000 0.000000
3560.000000 0.000000
3561.000000 0.000000
3562.000000 0.000000
3563.000000 0.000000
3564.000000 0.000000
3565.000000 0.000000
3566.000000 0.000000
3567.000000 0.000000
3568.000000 0.000000
3569.000000 0.000000
3570.000000 0.000000
3571.000000 0.000000
3572.000000 0.000000
3573.000000 0.000000
3574.000000 0.000000
3575.000000 0.000000
3576.000000 0.000000
3577.000000 0.000000
3578.000000 0.000000
3579.000000 0.000000
3580.000000 0.000000
3581.000000 0.000000
3582.000000 0.000000
3583.000000 0.000000
3584.000000 0.000000
3585.000000 0.000000
3586.000000 0.000000
3587.000000 0.000000
3588.000000 0.000000
3589.000000 0.000000
3590.000000 0.000000
3591.000000 0.000000
3592.000000 0.000000
3593.000000 0.000000
3594.000000 0.000000
3595.000000 0.000000
3596.000000 0.000000
3597.000000 0.000000
3598.000000 0.000000
3599.000000 0.000000
3600.000000 0.000000
3601.000000 0.000000
3602.000000 0.000000
3603.000000 0.000000
3604.000000 0.000000
3605.000000 0.000000
3606.000000 0.000000
3607.000000 0.000000
3608.000000 0.000000
3609.000000 0.000000
3610.000000 0.000000
3611.000000 0.000000
3612.000000 0.000000
3613.000000 0.000000
3614.000000 0.000000
3615.000000 0.000000
3616.000000 0.000000
3617.000000 0.000000
3618.000000 0.000000
3619.000000 0.000000
3620.000000 0.000000
3621.000000 0.000000
3622.000000 0.000000
3623.000000 0.000000
3624.000000 0.000000
3625.000000 0.000000
3626.000000 0.000000
3627.000000 0.000000
3628.000000 0.000000
3629.000000 0.000000
3630.000000 0.000000
3631.000000 0.000000
3632.000000 0.000000
3633.000000 0.000000
3634.000000 0.000000
3635.000000 0.000000
3636.000000 0.000000
3637.000000 0.000000
3638.000000 0.000000
3639.000000 0.000000
3640.000000 0.000000
3641.000000 0.000000
3642.000000 0.000000
3643.000000 0.000000
3644.000000 0.000000
3645.000000 0.000000
3646.000000 0.000000
3647.000000 0.000000
3648.000000 0.000000
3649.000000 0.000000
3650.000000 0.000000
3651.000000 0.000000
3652.000000 0.000000
3653.000000 0.000000
3654.000000 0.000000
3655.000000 0.000000
3656.000000 0.000000
3657.000000 0.000000
3658.000000 0.000000
3659.000000 0.000000
3660.000000 0.000000
3661.000000 0.000000
3662.000000 0.000000
3663.000000 0.000000
3664.000000 0.000000
3665.000000 0.000000
3666.000000 0.000000
3667.000000 0.000000
3668.000000 0.000000
3669.000000 0.000000
3670.000000 0.000000
3671.000000 0.000000
3672.000000 0.000000
3673.000000 0.000000
3674.000000 0.000000
3675.000000 0.000000
3676.000000 0.000000
3677.000000 0.000000
3678.000000 0.000000
3679.000000 0.000000
3680.000000 0.000000
3681.000000 0.000000
3682.000000 0.000000
3683.000000 0.000000
3684.000000 0.000000
3685.000000 0.000000
3686.000000 0.000000
3687.000000 0.000000
3688.000000 0.000000
3689.000000 0.000000
3690.000000 0.000000
3691.000000 0.000000
3692.000000 0.000000
3693.000000 0.000000
3694.000000 0.000000
3695.000000 0.000000
3696.000000 0.000000
3697.000000 0.000000
3698.000000 0.000000
3699.000000 0.000000
3700.000000 0.000000
3701.000000 0.000000
3702.000000 0.000000
3703.000000 0.000000
3704.000000 0.000000
3705.000000 0.000000
3706.000000 0.000000
3707.000000 0.000000
3708.000000 0.000000
3709.000000 0.000000
3710.000000 0.000000
3711.000000 0.000000
3712.000000 0.000000
3713.000000 0.000000
3714.000000 0.000000
3715.000000 0.000000
3716.000000 0.000000
3717.000000 0.000000
3718.000000 0.000000
3719.000000 0.000000
3720.000000 0.000000
3721.000000 0.000000
3722.000000 0.000000
3723.000000 0.000000
3724.000000 0.000000
3725.000000 0.000000
3726.000000 0.000000
3727.000000 0.000000
3728.000000 0.000000
3729.000000 0.000000
3730.000000 0.000000
3731.000000 0.000000
3732.000000 0.000000
3733.000000 0.000000
3734.000000 0.000000
3735.000000 0.000000
3736.000000 0.000000
3737.000000 0.000000
3738.000000 0.000000
3739.000000 0.000000
3740.000000 0.000000
3741.000000 0.000000
3742.000000 0.000000
3743.000000 0.000000
3744.000000 0.000000
3745.000000 0.000000
3746.000000 0.000000
3747.000000 0.000000
3748.000000 0.000000
3749.000000 0.000000
3750.000000 0.000000
3751.000000 0.000000
3752.000000 0.000000
3753.000000 0.000000
3754.000000 0.000000
3755.000000 0.000000
3756.000000 0.000000
3757.000000 0.000000
3758.000000 0.000000
3759.000000 0.000000
3760.000000 0.000000
3761.000000 0.000000
3762.000000 0.000000
3763.000000 0.000000
3764.000000 0.000000
3765.000000 0.000000
3766.000000 0.000000
3767.000000 0.000000
3768.000000 0.000000
3769.000000 0.000000
3770.000000 0.000000
3771.000000 0.000000
3772.000000 0.000000
3773.000000 0.000000
3774.000000 0.000000
3775.000000 0.000000
3776.000000 0.000000
3777.000000 0.000000
3778.000000 0.000000
3779.000000 0.000000
3780.000000 0.000000
3781.000000 0.000000
3782.000000 0.000000
3783.000000 0.000000
3784.000000 0.000000
3785.000000 0.000000
3786.000000 0.000000
3787.000000 0.000000
3788.000000 0.000000
3789.000000 0.000000
3790.000000 0.000000
3791.000000 0.000000
3792.000000 0.000000
3793.000000 0.000000
3794.000000 0.000000
3795.000000 0.000000
3796.000000 0.000000
3797.000000 0.000000
3798.000000 0.000000
3799.000000 0.000000
3800.000000 0.000000
3801.000000 0.000000
3802.000000 0.000000
3803.000000 0.000000
3804.000000 0.000000
3805.000000 0.000000
3806.000000 0.000000
3807.000000 0.000000
3808.000000 0.000000
3809.000000 0.000000
3810.000000 0.000000
3811.000000 0.000000
3812.000000 0.000000
3813.000000 0.000000
3814.000000 0.000000
3815.000000 0.000000
3816.000000 0.000000
3817.000000 0.000000
3818.000000 0.000000
3819.000000 0.000000
3820.000000 0.000000
3821.000000 0.000000
3822.000000 0.000000
3823.000000 0.000000
3824.000000 0.000000
3825.000000 0.000000
3826.000000 0.000000
3827.000000 0.000000
3828.000000 0.000000
3829.000000 0.000000
3830.000000 0.000000
3831.000000 0.000000
3832.000000 0.000000
3833.000000 0.000000
3834.000000 0.000000
3835.000000 0.000000
3836.000000 0.000000
3837.000000 0.000000
3838.000000 0.000000
3839.000000 0.000000
3840.000000 0.000000
3841.000000 0.000000
3842.000000 0.000000
3843.000000 0.000000
3844.000000 0.000000
3845.000000 0.000000
3846.000000 0.000000
3847.000000 0.000000
3848.000000 0.000000
3849.000000 0.000000
3850.000000 0.000000
3851.000000 0.000000
3852.000000 0.000000
3853.000000 0.000000
3854.000000 0.000000
3855.000000 0.000000
3856.000000 0.000000
3857.000000 0.000000
3858.000000 0.000000
3859.000000 0.000000
3860.000000 0.000000
3861.000000 0.000000
3862.000000 0.000000
3863.000000 0.000000
3864.000000 0.000000
3865.000000 0.000000
3866.000000 0.000000
3867.000000 0.000000
3868.000000 0.000000
3869.000000 0.000000
3870.000000 0.000000
3871.000000 0.000000
3872.000000 0.000000
3873.000000 0.000000
3874.000000 0.000000
3875.000000 0.000000
3876.000000 0.000000
3877.000000 0.000000
3878.000000 0.000000
3879.000000 0.000000
3880.000000 0.000000
3881.000000 0.000000
3882.000000 0.000000
3883.000000 0.000000
3884.000000 0.000000
3885.000000 0.000000
3886.000000 0.000000
3887.000000 0.000000
3888.000000 0.000000
3889.000000 0.000000
3890.000000 0.000000
3891.000000 0.000000
3892.000000 0.000000
3893.000000 0.000000
3894.000000 0.000000
3895.000000 0.000000
3896.000000 0.000000
3897.000000 0.000000
3898.000000 0.000000
3899.000000 0.000000
3900.000000 0.000000
3901.000000 0.000000
3902.000000 0.000000
3903.000000 0.000000
3904.000000 0.000000
3905.000000 0.000000
3906.000000 0.000000
3907.000000 0.000000
3908.000000 0.000000
3909.000000 0.000000
3910.000000 0.000000
3911.000000 0.000000
3912.000000 0.000000
3913.000000 0.000000
3914.000000 0.000000
3915.000000 0.000000
3916.000000 0.000000
3917.000000 0.000000
3918.000000 0.000000
3919.000000 0.000000
3920.000000 0.000000
3921.000000 0.000000
3922.000000 0.000000
3923.000000 0.000000
3924.000000 0.000000
3925.000000 0.000000
3926.000000 0.000000
3927.000000 0.000000
3928.000000 0.000000
3929.000000 0.000000
3930.000000 0.000000
3931.000000 0.000000
3932.000000 0.000000
3933.000000 0.000000
3934.000000 0.000000
3935.000000 0.000000
3936.000000 0.000000
3937.000000 0.000000
3938.000000 0.000000
3939.000000 0.000000
3940.000000 0.000000
3941.000000 0.000000
3942.000000 0.000000
3943.000000 0.000000
3944.000000 0.000000
3945.000000 0.000000
3946.000000 0.000000
3947.000000 0.000000
3948.000000 0.000000
3949.000000 0.000000
3950.000000 0.000000
3951.000000 0.000000
3952.000000 0.000000
3953.000000 0.000000
3954.000000 0.000000
3955.000000 0.000000
3956.000000 0.000000
3957.000000 0.000000
3958.000000 0.000000
3959.000000 0.000000
3960.000000 0.000000
3961.000000 0.000000
3962.000000 0.000000
3963.000000 0.000000
3964.000000 0.000000
3965.000000 0.000000
3966.000000 0.000000
3967.000000 0.000000
3968.000000 0.000000
3969.000000 0.000000
3970.000000 0.000000
3971.000000 0.000000
3972.000000 0.000000
3973.000000 0.000000
3974.000000 0.000000
3975.000000 0.000000
3976.000000 0.000000
3977.000000 0.000000
3978.000000 0.000000
3979.000000 0.000000
3980.000000 0.000000
3981.000000 0.000000
3982.000000 0.000000
3983.000000 0.000000
3984.000000 0.000000
3985.000000 0.000000
3986.000000 0.000000
3987.000000 0.000000
3988.000000 0.000000
3989.000000 0.000000
3990.000000 0.000000
3991.000000 0.000000
3992.000000 0.000000
3993.000000 0.000000
3994.000000 0.000000
3995.000000 0.000000
3996.000000 0.000000
3997.000000 0.000000
3998.000000 0.000000
3999.000000 0.000000
4000.000000 0.000000
