n lam mean variance std
4000 0.080000 2000.500000 495659.467384 704.030871
bin_midpoint probability
1.000000 0.000000
2.000000 0.000000
3.000000 0.000000
4.000000 0.000000
5.000000 0.000000
6.000000 0.000000
7.000000 0.000000
8.000000 0.000000
9.000000 0.000000
10.000000 0.000000
11.000000 0.000000
12.000000 0.000000
13.000000 0.000000
14.000000 0.000000
15.000000 0.000000
16.000000 0.000000
17.000000 0.000000
18.000000 0.000000
19.000000 0.000000
20.000000 0.000000
21.000000 0.000000
22.000000 0.000000
23.000000 0.000000
24.000000 0.000000
25.000000 0.000000
26.000000 0.000000
27.000000 0.000000
28.000000 0.000000
29.000000 0.000000
30.000000 0.000000
31.000000 0.000000
32.000000 0.000000
33.000000 0.000000
34.000000 0.000000
35.000000 0.000000
36.000000 0.000000
37.000000 0.000000
38.000000 0.000000
39.000000 0.000000
40.000000 0.000000
41.000000 0.000000
42.000000 0.000000
43.000000 0.000000
44.000000 0.000000
45.000000 0.000000
46.000000 0.000000
47.000000 0.000000
48.000000 0.000000
49.000000 0.000000
50.000000 0.000000
51.000000 0.000000
52.000000 0.000000
53.000000 0.000000
54.000000 0.000000
55.000000 0.000000
56.000000 0.000000
57.000000 0.000000
58.000000 0.000000
59.000000 0.000000
60.000000 0.000000
61.000000 0.000000
62.000000 0.000000
63.000000 0.000000
64.000000 0.000000
65.000000 0.000000
66.000000 0.000000
67.000000 0.000000
68.000000 0.000000
69.000000 0.000000
70.000000 0.000000
71.000000 0.000000
72.000000 0.000000
73.000000 0.000000
74.000000 0.000000
75.000000 0.000000
76.000000 0.000000
77.000000 0.000000
78.000000 0.000000
79.000000 0.000000
80.000000 0.000000
81.000000 0.000000
82.000000 0.000000
83.000000 0.000000
84.000000 0.000000
85.000000 0.000000
86.000000 0.000000
87.000000 0.000000
88.000000 0.000000
89.000000 0.000000
90.000000 0.000000
91.000000 0.000000
92.000000 0.000000
93.000000 0.000000
94.000000 0.000000
95.000000 0.000001
96.000000 0.000001
97.000000 0.000001
98.000000 0.000001
99.000000 0.000001
100.000000 0.000001
101.000000 0.000001
102.000000 0.000001
103.000000 0.000001
104.000000 0.000001
105.000000 0.000001
106.000000 0.000001
107.000000 0.000001
108.000000 0.000001
109.000000 0.000001
110.000000 0.000001
111.000000 0.000001
112.000000 0.000001
113.000000 0.000001
114.000000 0.000001
115.000000 0.000001
116.000000 0.000001
117.000000 0.000001
118.000000 0.000001
119.000000 0.000001
120.000000 0.000001
121.000000 0.000001
122.000000 0.000001
123.000000 0.000001
124.000000 0.000001
125.000000 0.000001
126.000000 0.000002
127.000000 0.000002
128.000000 0.000002
129.000000 0.000002
130.000000 0.000002
131.000000 0.000002
132.000000 0.000002
133.000000 0.000002
134.000000 0.000002
135.000000 0.000002
136.000000 0.000002
137.000000 0.000002
138.000000 0.000002
139.000000 0.000002
140.000000 0.000002
141.000000 0.000002
142.000000 0.000002
143.000000 0.000002
144.000000 0.000003
145.000000 0.000003
146.000000 0.000003
147.000000 0.000003
148.000000 0.000003
149.000000 0.000003
150.000000 0.000003
151.000000 0.000003
152.000000 0.000003
153.000000 0.000003
154.000000 0.000003
155.000000 0.000003
156.000000 0.000003
157.000000 0.000003
158.000000 0.000004
159.000000 0.000004
160.000000 0.000004
161.000000 0.000004
162.000000 0.000004
163.000000 0.000004
164.000000 0.000004
165.000000 0.000004
166.000000 0.000004
167.000000 0.000004
168.000000 0.000004
169.000000 0.000005
170.000000 0.000005
171.000000 0.000005
172.000000 0.000005
173.000000 0.000005
174.000000 0.000005
175.000000 0.000005
176.000000 0.000005
177.000000 0.000005
178.000000 0.000005
179.000000 0.000006
180.000000 0.000006
181.000000 0.000006
182.000000 0.000006
183.000000 0.000006
184.000000 0.000006
185.000000 0.000006
186.000000 0.000006
187.000000 0.000006
188.000000 0.000007
189.000000 0.000007
190.000000 0.000007
191.000000 0.000007
192.000000 0.000007
193.000000 0.000007
194.000000 0.000007
195.000000 0.000007
196.000000 0.000007
197.000000 0.000008
198.000000 0.000008
199.000000 0.000008
200.000000 0.000008
201.000000 0.000008
202.000000 0.000008
203.000000 0.000008
204.000000 0.000009
205.000000 0.000009
206.000000 0.000009
207.000000 0.000009
208.000000 0.000009
209.000000 0.000009
210.000000 0.000009
211.000000 0.000009
212.000000 0.000010
213.000000 0.000010
214.000000 0.000010
215.000000 0.000010
216.000000 0.000010
217.000000 0.000010
218.000000 0.000010
219.000000 0.000011
220.000000 0.000011
221.000000 0.000011
222.000000 0.000011
223.000000 0.000011
224.000000 0.000011
225.000000 0.000012
226.000000 0.000012
227.000000 0.000012
228.000000 0.000012
229.000000 0.000012
230.000000 0.000012
231.000000 0.000012
232.000000 0.000013
233.000000 0.000013
234.000000 0.000013
235.000000 0.000013
236.000000 0.000013
237.000000 0.000013
238.000000 0.000014
239.000000 0.000014
240.000000 0.000014
241.000000 0.000014
242.000000 0.000014
243.000000 0.000014
244.000000 0.000015
245.000000 0.000015
246.000000 0.000015
247.000000 0.000015
248.000000 0.000015
249.000000 0.000015
250.000000 0.000016
251.000000 0.000016
252.000000 0.000016
253.000000 0.000016
254.000000 0.000016
255.000000 0.000017
256.000000 0.000017
257.000000 0.000017
258.000000 0.000017
259.000000 0.000017
260.000000 0.000017
261.000000 0.000018
262.000000 0.000018
263.000000 0.000018
264.000000 0.000018
265.000000 0.000018
266.000000 0.000018
267.000000 0.000019
268.000000 0.000019
269.000000 0.000019
270.000000 0.000019
271.000000 0.000019
272.000000 0.000020
273.000000 0.000020
274.000000 0.000020
275.000000 0.000020
276.000000 0.000020
277.000000 0.000021
278.000000 0.000021
279.000000 0.000021
280.000000 0.000021
281.000000 0.000021
282.000000 0.000021
283.000000 0.000022
284.000000 0.000022
285.000000 0.000022
286.000000 0.000022
287.000000 0.000022
288.000000 0.000023
289.000000 0.000023
290.000000 0.000023
291.000000 0.000023
292.000000 0.000023
293.000000 0.000024
294.000000 0.000024
295.000000 0.000024
296.000000 0.000024
297.000000 0.000024
298.000000 0.000025
299.000000 0.000025
300.000000 0.000025
301.000000 0.000025
302.000000 0.000025
303.000000 0.000026
304.000000 0.000026
305.000000 0.000026
306.000000 0.000026
307.000000 0.000026
308.000000 0.000027
309.000000 0.000027
310.000000 0.000027
311.000000 0.000027
312.000000 0.000027
313.000000 0.000028
314.000000 0.000028
315.000000 0.000028
316.000000 0.000028
317.000000 0.000028
318.000000 0.000029
319.000000 0.000029
320.000000 0.000029
321.000000 0.000029
322.000000 0.000029
323.000000 0.000030
324.000000 0.000030
325.000000 0.000030
326.000000 0.000030
327.000000 0.000030
328.000000 0.000031
329.000000 0.000031
330.000000 0.000031
331.000000 0.000031
332.000000 0.000031
333.000000 0.000032
334.000000 0.000032
335.000000 0.000032
336.000000 0.000032
337.000000 0.000032
338.000000 0.000033
339.000000 0.000033
340.000000 0.000033
341.000000 0.000033
342.000000 0.000033
343.000000 0.000034
344.000000 0.000034
345.000000 0.000034
346.000000 0.000034
347.000000 0.000034
348.000000 0.000035
349.000000 0.000035
350.000000 0.000035
351.000000 0.000035
352.000000 0.000036
353.000000 0.000036
354.000000 0.000036
355.000000 0.000036
356.000000 0.000036
357.000000 0.000037
358.000000 0.000037
359.000000 0.000037
360.000000 0.000037
361.000000 0.000037
362.000000 0.000038
363.000000 0.000038
364.000000 0.000038
365.000000 0.000038
366.000000 0.000039
367.000000 0.000039
368.000000 0.000039
369.000000 0.000039
370.000000 0.000039
371.000000 0.000040
372.000000 0.000040
373.000000 0.000040
374.000000 0.000040
375.000000 0.000040
376.000000 0.000041
377.000000 0.000041
378.000000 0.000041
379.000000 0.000041
380.000000 0.000042
381.000000 0.000042
382.000000 0.000042
383.000000 0.000042
384.000000 0.000042
385.000000 0.000043
386.000000 0.000043
387.000000 0.000043
388.000000 0.000043
389.000000 0.000044
390.000000 0.000044
391.000000 0.000044
392.000000 0.000044
393.000000 0.000044
394.000000 0.000045
395.000000 0.000045
396.000000 0.000045
397.000000 0.000045
398.000000 0.000046
399.000000 0.000046
400.000000 0.000046
401.000000 0.000046
402.000000 0.000046
403.000000 0.000047
404.000000 0.000047
405.000000 0.000047
406.000000 0.000047
407.000000 0.000048
408.000000 0.000048
409.000000 0.000048
410.000000 0.000048
411.000000 0.000049
412.000000 0.000049
413.000000 0.000049
414.000000 0.000049
415.000000 0.000049
416.000000 0.000050
417.000000 0.000050
418.000000 0.000050
419.000000 0.000050
420.000000 0.000051
421.000000 0.000051
422.000000 0.000051
423.000000 0.000051
424.000000 0.000051
425.000000 0.000052
426.000000 0.000052
427.000000 0.000052
428.000000 0.000052
429.000000 0.000053
430.000000 0.000053
431.000000 0.000053
432.000000 0.000053
433.000000 0.000054
434.000000 0.000054
435.000000 0.000054
436.000000 0.000054
437.000000 0.000055
438.000000 0.000055
439.000000 0.000055
440.000000 0.000055
441.000000 0.000055
442.000000 0.000056
443.000000 0.000056
444.000000 0.000056
445.000000 0.000056
446.000000 0.000057
447.000000 0.000057
448.000000 0.000057
449.000000 0.000057
450.000000 0.000058
451.000000 0.000058
452.000000 0.000058
453.000000 0.000058
454.000000 0.000059
455.000000 0.000059
456.000000 0.000059
457.000000 0.000059
458.000000 0.000060
459.000000 0.000060
460.000000 0.000060
461.000000 0.000060
462.000000 0.000061
463.000000 0.000061
464.000000 0.000061
465.000000 0.000061
466.000000 0.000062
467.000000 0.000062
468.000000 0.000062
469.000000 0.000062
470.000000 0.000062
471.000000 0.000063
472.000000 0.000063
473.000000 0.000063
474.000000 0.000063
475.000000 0.000064
476.000000 0.000064
477.000000 0.000064
478.000000 0.000064
479.000000 0.000065
480.000000 0.000065
481.000000 0.000065
482.000000 0.000065
483.000000 0.000066
484.000000 0.000066
485.000000 0.000066
486.000000 0.000066
487.000000 0.000067
488.000000 0.000067
489.000000 0.000067
490.000000 0.000067
491.000000 0.000068
492.000000 0.000068
493.000000 0.000068
494.000000 0.000068
495.000000 0.000069
496.000000 0.000069
497.000000 0.000069
498.000000 0.000069
499.000000 0.000070
500.000000 0.000070
501.000000 0.000070
502.000000 0.000071
503.000000 0.000071
504.000000 0.000071
505.000000 0.000071
506.000000 0.000072
507.000000 0.000072
508.000000 0.000072
509.000000 0.000072
510.000000 0.000073
511.000000 0.000073
512.000000 0.000073
513.000000 0.000073
514.000000 0.000074
515.000000 0.000074
516.000000 0.000074
517.000000 0.000074
518.000000 0.000075
519.000000 0.000075
520.000000 0.000075
521.000000 0.000075
522.000000 0.000076
523.000000 0.000076
524.000000 0.000076
525.000000 0.000076
526.000000 0.000077
527.000000 0.000077
528.000000 0.000077
529.000000 0.000078
530.000000 0.000078
531.000000 0.000078
532.000000 0.000078
533.000000 0.000079
534.000000 0.000079
535.000000 0.000079
536.000000 0.000079
537.000000 0.000080
538.000000 0.000080
539.000000 0.000080
540.000000 0.000080
541.000000 0.000081
542.000000 0.000081
543.000000 0.000081
544.000000 0.000082
545.000000 0.000082
546.000000 0.000082
547.000000 0.000082
548.000000 0.000083
549.000000 0.000083
550.000000 0.000083
551.000000 0.000083
552.000000 0.000084
553.000000 0.000084
554.000000 0.000084
555.000000 0.000084
556.000000 0.000085
557.000000 0.000085
558.000000 0.000085
559.000000 0.000086
560.000000 0.000086
561.000000 0.000086
562.000000 0.000086
563.000000 0.000087
564.000000 0.000087
565.000000 0.000087
566.000000 0.000087
567.000000 0.000088
568.000000 0.000088
569.000000 0.000088
570.000000 0.000089
571.000000 0.000089
572.000000 0.000089
573.000000 0.000089
574.000000 0.000090
575.000000 0.000090
576.000000 0.000090
577.000000 0.000091
578.000000 0.000091
579.000000 0.000091
580.000000 0.000091
581.000000 0.000092
582.000000 0.000092
583.000000 0.000092
584.000000 0.000092
585.000000 0.000093
586.000000 0.000093
587.000000 0.000093
588.000000 0.000094
589.000000 0.000094
590.000000 0.000094
591.000000 0.000094
592.000000 0.000095
593.000000 0.000095
594.000000 0.000095
595.000000 0.000096
596.000000 0.000096
597.000000 0.000096
598.000000 0.000096
599.000000 0.000097
600.000000 0.000097
601.000000 0.000097
602.000000 0.000098
603.000000 0.000098
604.000000 0.000098
605.000000 0.000098
606.000000 0.000099
607.000000 0.000099
608.000000 0.000099
609.000000 0.000100
610.000000 0.000100
611.000000 0.000100
612.000000 0.000100
613.000000 0.000101
614.000000 0.000101
615.000000 0.000101
616.000000 0.000102
617.000000 0.000102
618.000000 0.000102
619.000000 0.000102
620.000000 0.000103
621.000000 0.000103
622.000000 0.000103
623.000000 0.000104
624.000000 0.000104
625.000000 0.000104
626.000000 0.000105
627.000000 0.000105
628.000000 0.000105
629.000000 0.000105
630.000000 0.000106
631.000000 0.000106
632.000000 0.000106
633.000000 0.000107
634.000000 0.000107
635.000000 0.000107
636.000000 0.000107
637.000000 0.000108
638.000000 0.000108
639.000000 0.000108
640.000000 0.000109
641.000000 0.000109
642.000000 0.000109
643.000000 0.000110
644.000000 0.000110
645.000000 0.000110
646.000000 0.000110
647.000000 0.000111
648.000000 0.000111
649.000000 0.000111
650.000000 0.000112
651.000000 0.000112
652.000000 0.000112
653.000000 0.000113
654.000000 0.000113
655.000000 0.000113
656.000000 0.000113
657.000000 0.000114
658.000000 0.000114
659.000000 0.000114
660.000000 0.000115
661.000000 0.000115
662.000000 0.000115
663.000000 0.000116
664.000000 0.000116
665.000000 0.000116
666.000000 0.000117
667.000000 0.000117
668.000000 0.000117
669.000000 0.000117
670.000000 0.000118
671.000000 0.000118
672.000000 0.000118
673.000000 0.000119
674.000000 0.000119
675.000000 0.000119
676.000000 0.000120
677.000000 0.000120
678.000000 0.000120
679.000000 0.000121
680.000000 0.000121
681.000000 0.000121
682.000000 0.000121
683.000000 0.000122
684.000000 0.000122
685.000000 0.000122
686.000000 0.000123
687.000000 0.000123
688.000000 0.000123
689.000000 0.000124
690.000000 0.000124
691.000000 0.000124
692.000000 0.000125
693.000000 0.000125
694.000000 0.000125
695.000000 0.000126
696.000000 0.000126
697.000000 0.000126
698.000000 0.000126
699.000000 0.000127
700.000000 0.000127
701.000000 0.000127
702.000000 0.000128
703.000000 0.000128
704.000000 0.000128
705.000000 0.000129
706.000000 0.000129
707.000000 0.000129
708.000000 0.000130
709.000000 0.000130
710.000000 0.000130
711.000000 0.000131
712.000000 0.000131
713.000000 0.000131
714.000000 0.000132
715.000000 0.000132
716.000000 0.000132
717.000000 0.000133
718.000000 0.000133
719.000000 0.000133
720.000000 0.000133
721.000000 0.000134
722.000000 0.000134
723.000000 0.000134
724.000000 0.000135
725.000000 0.000135
726.000000 0.000135
727.000000 0.000136
728.000000 0.000136
729.000000 0.000136
730.000000 0.000137
731.000000 0.000137
732.000000 0.000137
733.000000 0.000138
734.000000 0.000138
735.000000 0.000138
736.000000 0.000139
737.000000 0.000139
738.000000 0.000139
739.000000 0.000140
740.000000 0.000140
741.000000 0.000140
742.000000 0.000141
743.000000 0.000141
744.000000 0.000141
745.000000 0.000142
746.000000 0.000142
747.000000 0.000142
748.000000 0.000143
749.000000 0.000143
750.000000 0.000143
751.000000 0.000144
752.000000 0.000144
753.000000 0.000144
754.000000 0.000145
755.000000 0.000145
756.000000 0.000145
757.000000 0.000146
758.000000 0.000146
759.000000 0.000146
760.000000 0.000147
761.000000 0.000147
762.000000 0.000147
763.000000 0.000148
764.000000 0.000148
765.000000 0.000148
766.000000 0.000149
767.000000 0.000149
768.000000 0.000149
769.000000 0.000150
770.000000 0.000150
771.000000 0.000150
772.000000 0.000151
773.000000 0.000151
774.000000 0.000151
775.000000 0.000152
776.000000 0.000152
777.000000 0.000152
778.000000 0.000153
779.000000 0.000153
780.000000 0.000153
781.000000 0.000154
782.000000 0.000154
783.000000 0.000154
784.000000 0.000155
785.000000 0.000155
786.000000 0.000155
787.000000 0.000156
788.000000 0.000156
789.000000 0.000156
790.000000 0.000157
791.000000 0.000157
792.000000 0.000157
793.000000 0.000158
794.000000 0.000158
795.000000 0.000158
796.000000 0.000159
797.000000 0.000159
798.000000 0.000159
799.000000 0.000160
800.000000 0.000160
801.000000 0.000161
802.000000 0.000161
803.000000 0.000161
804.000000 0.000162
805.000000 0.000162
806.000000 0.000162
807.000000 0.000163
808.000000 0.000163
809.000000 0.000163
810.000000 0.000164
811.000000 0.000164
812.000000 0.000164
813.000000 0.000165
814.000000 0.000165
815.000000 0.000165
816.000000 0.000166
817.000000 0.000166
818.000000 0.000166
819.000000 0.000167
820.000000 0.000167
821.000000 0.000167
822.000000 0.000168
823.000000 0.000168
824.000000 0.000169
825.000000 0.000169
826.000000 0.000169
827.000000 0.000170
828.000000 0.000170
829.000000 0.000170
830.000000 0.000171
831.000000 0.000171
832.000000 0.000171
833.000000 0.000172
834.000000 0.000172
835.000000 0.000172
836.000000 0.000173
837.000000 0.000173
838.000000 0.000173
839.000000 0.000174
840.000000 0.000174
841.000000 0.000175
842.000000 0.000175
843.000000 0.000175
844.000000 0.000176
845.000000 0.000176
846.000000 0.000176
847.000000 0.000177
848.000000 0.000177
849.000000 0.000177
850.000000 0.000178
851.000000 0.000178
852.000000 0.000178
853.000000 0.000179
854.000000 0.000179
855.000000 0.000180
856.000000 0.000180
857.000000 0.000180
858.000000 0.000181
859.000000 0.000181
860.000000 0.000181
861.000000 0.000182
862.000000 0.000182
863.000000 0.000182
864.000000 0.000183
865.000000 0.000183
866.000000 0.000184
867.000000 0.000184
868.000000 0.000184
869.000000 0.000185
870.000000 0.000185
871.000000 0.000185
872.000000 0.000186
873.000000 0.000186
874.000000 0.000186
875.000000 0.000187
876.000000 0.000187
877.000000 0.000188
878.000000 0.000188
879.000000 0.000188
880.000000 0.000189
881.000000 0.000189
882.000000 0.000189
883.000000 0.000190
884.000000 0.000190
885.000000 0.000190
886.000000 0.000191
887.000000 0.000191
888.000000 0.000192
889.000000 0.000192
890.000000 0.000192
891.000000 0.000193
892.000000 0.000193
893.000000 0.000193
894.000000 0.000194
895.000000 0.000194
896.000000 0.000195
897.000000 0.000195
898.000000 0.000195
899.000000 0.000196
900.000000 0.000196
901.000000 0.000196
902.000000 0.000197
903.000000 0.000197
904.000000 0.000197
905.000000 0.000198
906.000000 0.000198
907.000000 0.000199
908.000000 0.000199
909.000000 0.000199
910.000000 0.000200
911.000000 0.000200
912.000000 0.000200
913.000000 0.000201
914.000000 0.000201
915.000000 0.000202
916.000000 0.000202
917.000000 0.000202
918.000000 0.000203
919.000000 0.000203
920.000000 0.000203
921.000000 0.000204
922.000000 0.000204
923.000000 0.000205
924.000000 0.000205
925.000000 0.000205
926.000000 0.000206
927.000000 0.000206
928.000000 0.000206
929.000000 0.000207
930.000000 0.000207
931.000000 0.000208
932.000000 0.000208
933.000000 0.000208
934.000000 0.000209
935.000000 0.000209
936.000000 0.000210
937.000000 0.000210
938.000000 0.000210
939.000000 0.000211
940.000000 0.000211
941.000000 0.000211
942.000000 0.000212
943.000000 0.000212
944.000000 0.000213
945.000000 0.000213
946.000000 0.000213
947.000000 0.000214
948.000000 0.000214
949.000000 0.000214
950.000000 0.000215
951.000000 0.000215
952.000000 0.000216
953.000000 0.000216
954.000000 0.000216
955.000000 0.000217
956.000000 0.000217
957.000000 0.000218
958.000000 0.000218
959.000000 0.000218
960.000000 0.000219
961.000000 0.000219
962.000000 0.000219
963.000000 0.000220
964.000000 0.000220
965.000000 0.000221
966.000000 0.000221
967.000000 0.000221
968.000000 0.000222
969.000000 0.000222
970.000000 0.000223
971.000000 0.000223
972.000000 0.000223
973.000000 0.000224
974.000000 0.000224
975.000000 0.000224
976.000000 0.000225
977.000000 0.000225
978.000000 0.000226
979.000000 0.000226
980.000000 0.000226
981.000000 0.000227
982.000000 0.000227
983.000000 0.000228
984.000000 0.000228
985.000000 0.000228
986.000000 0.000229
987.000000 0.000229
988.000000 0.000230
989.000000 0.000230
990.000000 0.000230
991.000000 0.000231
992.000000 0.000231
993.000000 0.000231
994.000000 0.000232
995.000000 0.000232
996.000000 0.000233
997.000000 0.000233
998.000000 0.000233
999.000000 0.000234
1000.000000 0.000234
1001.000000 0.000235
1002.000000 0.000235
1003.000000 0.000235
1004.000000 0.000236
1005.000000 0.000236
1006.000000 0.000237
1007.000000 0.000237
1008.000000 0.000237
1009.000000 0.000238
1010.000000 0.000238
1011.000000 0.000239
1012.000000 0.000239
1013.000000 0.000239
1014.000000 0.000240
1015.000000 0.000240
1016.000000 0.000240
1017.000000 0.000241
1018.000000 0.000241
1019.000000 0.000242
1020.000000 0.000242
1021.000000 0.000242
1022.000000 0.000243
1023.000000 0.000243
1024.000000 0.000244
1025.000000 0.000244
1026.000000 0.000244
1027.000000 0.000245
1028.000000 0.000245
1029.000000 0.000246
1030.000000 0.000246
1031.000000 0.000246
1032.000000 0.000247
1033.000000 0.000247
1034.000000 0.000248
1035.000000 0.000248
1036.000000 0.000248
1037.000000 0.000249
1038.000000 0.000249
1039.000000 0.000250
1040.000000 0.000250
1041.000000 0.000250
1042.000000 0.000251
1043.000000 0.000251
1044.000000 0.000252
1045.000000 0.000252
1046.000000 0.000252
1047.000000 0.000253
1048.000000 0.000253
1049.000000 0.000254
1050.000000 0.000254
1051.000000 0.000254
1052.000000 0.000255
1053.000000 0.000255
1054.000000 0.000256
1055.000000 0.000256
1056.000000 0.000256
1057.000000 0.000257
1058.000000 0.000257
1059.000000 0.000258
1060.000000 0.000258
1061.000000 0.000258
1062.000000 0.000259
1063.000000 0.000259
1064.000000 0.000260
1065.000000 0.000260
1066.000000 0.000260
1067.000000 0.000261
1068.000000 0.000261
1069.000000 0.000262
1070.000000 0.000262
1071.000000 0.000262
1072.000000 0.000263
1073.000000 0.000263
1074.000000 0.000264
1075.000000 0.000264
1076.000000 0.000264
1077.000000 0.000265
1078.000000 0.000265
1079.000000 0.000266
1080.000000 0.000266
1081.000000 0.000266
1082.000000 0.000267
1083.000000 0.000267
1084.000000 0.000268
1085.000000 0.000268
1086.000000 0.000268
1087.000000 0.000269
1088.000000 0.000269
1089.000000 0.000270
1090.000000 0.000270
1091.000000 0.000271
1092.000000 0.000271
1093.000000 0.000271
1094.000000 0.000272
1095.000000 0.000272
1096.000000 0.000273
1097.000000 0.000273
1098.000000 0.000273
1099.000000 0.000274
1100.000000 0.000274
1101.000000 0.000275
1102.000000 0.000275
1103.000000 0.000275
1104.000000 0.000276
1105.000000 0.000276
1106.000000 0.000277
1107.000000 0.000277
1108.000000 0.000277
1109.000000 0.000278
1110.000000 0.000278
1111.000000 0.000279
1112.000000 0.000279
1113.000000 0.000279
1114.000000 0.000280
1115.000000 0.000280
1116.000000 0.000281
1117.000000 0.000281
1118.000000 0.000281
1119.000000 0.000282
1120.000000 0.000282
1121.000000 0.000283
1122.000000 0.000283
1123.000000 0.000284
1124.000000 0.000284
1125.000000 0.000284
1126.000000 0.000285
1127.000000 0.000285
1128.000000 0.000286
1129.000000 0.000286
1130.000000 0.000286
1131.000000 0.000287
1132.000000 0.000287
1133.000000 0.000288
1134.000000 0.000288
1135.000000 0.000288
1136.000000 0.000289
1137.000000 0.000289
1138.000000 0.000290
1139.000000 0.000290
1140.000000 0.000290
1141.000000 0.000291
1142.000000 0.000291
1143.000000 0.000292
1144.000000 0.000292
1145.000000 0.000293
1146.000000 0.000293
1147.000000 0.000293
1148.000000 0.000294
1149.000000 0.000294
1150.000000 0.000295
1151.000000 0.000295
1152.000000 0.000295
1153.000000 0.000296
1154.000000 0.000296
1155.000000 0.000297
1156.000000 0.000297
1157.000000 0.000297
1158.000000 0.000298
1159.000000 0.000298
1160.000000 0.000299
1161.000000 0.000299
1162.000000 0.000299
1163.000000 0.000300
1164.000000 0.000300
1165.000000 0.000301
1166.000000 0.000301
1167.000000 0.000302
1168.000000 0.000302
1169.000000 0.000302
1170.000000 0.000303
1171.000000 0.000303
1172.000000 0.000304
1173.000000 0.000304
1174.000000 0.000304
1175.000000 0.000305
1176.000000 0.000305
1177.000000 0.000306
1178.000000 0.000306
1179.000000 0.000306
1180.000000 0.000307
1181.000000 0.000307
1182.000000 0.000308
1183.000000 0.000308
1184.000000 0.000308
1185.000000 0.000309
1186.000000 0.000309
1187.000000 0.000310
1188.000000 0.000310
1189.000000 0.000311
1190.000000 0.000311
1191.000000 0.000311
1192.000000 0.000312
1193.000000 0.000312
1194.000000 0.000313
1195.000000 0.000313
1196.000000 0.000313
1197.000000 0.000314
1198.000000 0.000314
1199.000000 0.000315
1200.000000 0.000315
1201.000000 0.000315
1202.000000 0.000316
1203.000000 0.000316
1204.000000 0.000317
1205.000000 0.000317
1206.000000 0.000318
1207.000000 0.000318
1208.000000 0.000318
1209.000000 0.000319
1210.000000 0.000319
1211.000000 0.000320
1212.000000 0.000320
1213.000000 0.000320
1214.000000 0.000321
1215.000000 0.000321
1216.000000 0.000322
1217.000000 0.000322
1218.000000 0.000322
1219.000000 0.000323
1220.000000 0.000323
1221.000000 0.000324
1222.000000 0.000324
1223.000000 0.000325
1224.000000 0.000325
1225.000000 0.000325
1226.000000 0.000326
1227.000000 0.000326
1228.000000 0.000327
1229.000000 0.000327
1230.000000 0.000327
1231.000000 0.000328
1232.000000 0.000328
1233.000000 0.000329
1234.000000 0.000329
1235.000000 0.000329
1236.000000 0.000330
1237.000000 0.000330
1238.000000 0.000331
1239.000000 0.000331
1240.000000 0.000331
1241.000000 0.000332
1242.000000 0.000332
1243.000000 0.000333
1244.000000 0.000333
1245.000000 0.000334
1246.000000 0.000334
1247.000000 0.000334
1248.000000 0.000335
1249.000000 0.000335
1250.000000 0.000336
1251.000000 0.000336
1252.000000 0.000336
1253.000000 0.000337
1254.000000 0.000337
1255.000000 0.000338
1256.000000 0.000338
1257.000000 0.000338
1258.000000 0.000339
1259.000000 0.000339
1260.000000 0.000340
1261.000000 0.000340
1262.000000 0.000340
1263.000000 0.000341
1264.000000 0.000341
1265.000000 0.000342
1266.000000 0.000342
1267.000000 0.000342
1268.000000 0.000343
1269.000000 0.000343
1270.000000 0.000344
1271.000000 0.000344
1272.000000 0.000345
1273.000000 0.000345
1274.000000 0.000345
1275.000000 0.000346
1276.000000 0.000346
1277.000000 0.000347
1278.000000 0.000347
1279.000000 0.000347
1280.000000 0.000348
1281.000000 0.000348
1282.000000 0.000349
1283.000000 0.000349
1284.000000 0.000349
1285.000000 0.000350
1286.000000 0.000350
1287.000000 0.000351
1288.000000 0.000351
1289.000000 0.000351
1290.000000 0.000352
1291.000000 0.000352
1292.000000 0.000353
1293.000000 0.000353
1294.000000 0.000353
1295.000000 0.000354
1296.000000 0.000354
1297.000000 0.000355
1298.000000 0.000355
1299.000000 0.000355
1300.000000 0.000356
1301.000000 0.000356
1302.000000 0.000357
1303.000000 0.000357
1304.000000 0.000358
1305.000000 0.000358
1306.000000 0.000358
1307.000000 0.000359
1308.000000 0.000359
1309.000000 0.000360
1310.000000 0.000360
1311.000000 0.000360
1312.000000 0.000361
1313.000000 0.000361
1314.000000 0.000362
1315.000000 0.000362
1316.000000 0.000362
1317.000000 0.000363
1318.000000 0.000363
1319.000000 0.000364
1320.000000 0.000364
1321.000000 0.000364
1322.000000 0.000365
1323.000000 0.000365
1324.000000 0.000366
1325.000000 0.000366
1326.000000 0.000366
1327.000000 0.000367
1328.000000 0.000367
1329.000000 0.000368
1330.000000 0.000368
1331.000000 0.000368
1332.000000 0.000369
1333.000000 0.000369
1334.000000 0.000370
1335.000000 0.000370
1336.000000 0.000370
1337.000000 0.000371
1338.000000 0.000371
1339.000000 0.000372
1340.000000 0.000372
1341.000000 0.000372
1342.000000 0.000373
1343.000000 0.000373
1344.000000 0.000374
1345.000000 0.000374
1346.000000 0.000374
1347.000000 0.000375
1348.000000 0.000375
1349.000000 0.000375
1350.000000 0.000376
1351.000000 0.000376
1352.000000 0.000377
1353.000000 0.000377
1354.000000 0.000377
1355.000000 0.000378
1356.000000 0.000378
1357.000000 0.000379
1358.000000 0.000379
1359.000000 0.000379
1360.000000 0.000380
1361.000000 0.000380
1362.000000 0.000381
1363.000000 0.000381
1364.000000 0.000381
1365.000000 0.000382
1366.000000 0.000382
1367.000000 0.000383
1368.000000 0.000383
1369.000000 0.000383
1370.000000 0.000384
1371.000000 0.000384
1372.000000 0.000385
1373.000000 0.000385
1374.000000 0.000385
1375.000000 0.000386
1376.000000 0.000386
1377.000000 0.000387
1378.000000 0.000387
1379.000000 0.000387
1380.000000 0.000388
1381.000000 0.000388
1382.000000 0.000388
1383.000000 0.000389
1384.000000 0.000389
1385.000000 0.000390
1386.000000 0.000390
1387.000000 0.000390
1388.000000 0.000391
1389.000000 0.000391
1390.000000 0.000392
1391.000000 0.000392
1392.000000 0.000392
1393.000000 0.000393
1394.000000 0.000393
1395.000000 0.000393
1396.000000 0.000394
1397.000000 0.000394
1398.000000 0.000395
1399.000000 0.000395
1400.000000 0.000395
1401.000000 0.000396
1402.000000 0.000396
1403.000000 0.000397
1404.000000 0.000397
1405.000000 0.000397
1406.000000 0.000398
1407.000000 0.000398
1408.000000 0.000398
1409.000000 0.000399
1410.000000 0.000399
1411.000000 0.000400
1412.000000 0.000400
1413.000000 0.000400
1414.000000 0.000401
1415.000000 0.000401
1416.000000 0.000402
1417.000000 0.000402
1418.000000 0.000402
1419.000000 0.000403
1420.000000 0.000403
1421.000000 0.000403
1422.000000 0.000404
1423.000000 0.000404
1424.000000 0.000405
1425.000000 0.000405
1426.000000 0.000405
1427.000000 0.000406
1428.000000 0.000406
1429.000000 0.000406
1430.000000 0.000407
1431.000000 0.000407
1432.000000 0.000408
1433.000000 0.000408
1434.000000 0.000408
1435.000000 0.000409
1436.000000 0.000409
1437.000000 0.000409
1438.000000 0.000410
1439.000000 0.000410
1440.000000 0.000411
1441.000000 0.000411
1442.000000 0.000411
1443.000000 0.000412
1444.000000 0.000412
1445.000000 0.000412
1446.000000 0.000413
1447.000000 0.000413
1448.000000 0.000414
1449.000000 0.000414
1450.000000 0.000414
1451.000000 0.000415
1452.000000 0.000415
1453.000000 0.000415
1454.000000 0.000416
1455.000000 0.000416
1456.000000 0.000416
1457.000000 0.000417
1458.000000 0.000417
1459.000000 0.000418
1460.000000 0.000418
1461.000000 0.000418
1462.000000 0.000419
1463.000000 0.000419
1464.000000 0.000419
1465.000000 0.000420
1466.000000 0.000420
1467.000000 0.000420
1468.000000 0.000421
1469.000000 0.000421
1470.000000 0.000422
1471.000000 0.000422
1472.000000 0.000422
1473.000000 0.000423
1474.000000 0.000423
1475.000000 0.000423
1476.000000 0.000424
1477.000000 0.000424
1478.000000 0.000424
1479.000000 0.000425
1480.000000 0.000425
1481.000000 0.000426
1482.000000 0.000426
1483.000000 0.000426
1484.000000 0.000427
1485.000000 0.000427
1486.000000 0.000427
1487.000000 0.000428
1488.000000 0.000428
1489.000000 0.000428
1490.000000 0.000429
1491.000000 0.000429
1492.000000 0.000429
1493.000000 0.000430
1494.000000 0.000430
1495.000000 0.000431
1496.000000 0.000431
1497.000000 0.000431
1498.000000 0.000432
1499.000000 0.000432
1500.000000 0.000432
1501.000000 0.000433
1502.000000 0.000433
1503.000000 0.000433
1504.000000 0.000434
1505.000000 0.000434
1506.000000 0.000434
1507.000000 0.000435
1508.000000 0.000435
1509.000000 0.000435
1510.000000 0.000436
1511.000000 0.000436
1512.000000 0.000436
1513.000000 0.000437
1514.000000 0.000437
1515.000000 0.000437
1516.000000 0.000438
1517.000000 0.000438
1518.000000 0.000438
1519.000000 0.000439
1520.000000 0.000439
1521.000000 0.000440
1522.000000 0.000440
1523.000000 0.000440
1524.000000 0.000441
1525.000000 0.000441
1526.000000 0.000441
1527.000000 0.000442
1528.000000 0.000442
1529.000000 0.000442
1530.000000 0.000443
1531.000000 0.000443
1532.000000 0.000443
1533.000000 0.000444
1534.000000 0.000444
1535.000000 0.000444
1536.000000 0.000445
1537.000000 0.000445
1538.000000 0.000445
1539.000000 0.000446
1540.000000 0.000446
1541.000000 0.000446
1542.000000 0.000447
1543.000000 0.000447
1544.000000 0.000447
1545.000000 0.000448
1546.000000 0.000448
1547.000000 0.000448
1548.000000 0.000449
1549.000000 0.000449
1550.000000 0.000449
1551.000000 0.000450
1552.000000 0.000450
1553.000000 0.000450
1554.000000 0.000451
1555.000000 0.000451
1556.000000 0.000451
1557.000000 0.000452
1558.000000 0.000452
1559.000000 0.000452
1560.000000 0.000452
1561.000000 0.000453
1562.000000 0.000453
1563.000000 0.000453
1564.000000 0.000454
1565.000000 0.000454
1566.000000 0.000454
1567.000000 0.000455
1568.000000 0.000455
1569.000000 0.000455
1570.000000 0.000456
1571.000000 0.000456
1572.000000 0.000456
1573.000000 0.000457
1574.000000 0.000457
1575.000000 0.000457
1576.000000 0.000458
1577.000000 0.000458
1578.000000 0.000458
1579.000000 0.000459
1580.000000 0.000459
1581.000000 0.000459
1582.000000 0.000459
1583.000000 0.000460
1584.000000 0.000460
1585.000000 0.000460
1586.000000 0.000461
1587.000000 0.000461
1588.000000 0.000461
1589.000000 0.000462
1590.000000 0.000462
1591.000000 0.000462
1592.000000 0.000463
1593.000000 0.000463
1594.000000 0.000463
1595.000000 0.000463
1596.000000 0.000464
1597.000000 0.000464
1598.000000 0.000464
1599.000000 0.000465
1600.000000 0.000465
1601.000000 0.000465
1602.000000 0.000466
1603.000000 0.000466
1604.000000 0.000466
1605.000000 0.000467
1606.000000 0.000467
1607.000000 0.000467
1608.000000 0.000467
1609.000000 0.000468
1610.000000 0.000468
1611.000000 0.000468
1612.000000 0.000469
1613.000000 0.000469
1614.000000 0.000469
1615.000000 0.000469
1616.000000 0.000470
1617.000000 0.000470
1618.000000 0.000470
1619.000000 0.000471
1620.000000 0.000471
1621.000000 0.000471
1622.000000 0.000472
1623.000000 0.000472
1624.000000 0.000472
1625.000000 0.000472
1626.000000 0.000473
1627.000000 0.000473
1628.000000 0.000473
1629.000000 0.000474
1630.000000 0.000474
1631.000000 0.000474
1632.000000 0.000474
1633.000000 0.000475
1634.000000 0.000475
1635.000000 0.000475
1636.000000 0.000476
1637.000000 0.000476
1638.000000 0.000476
1639.000000 0.000476
1640.000000 0.000477
1641.000000 0.000477
1642.000000 0.000477
1643.000000 0.000477
1644.000000 0.000478
1645.000000 0.000478
1646.000000 0.000478
1647.000000 0.000479
1648.000000 0.000479
1649.000000 0.000479
1650.000000 0.000479
1651.000000 0.000480
1652.000000 0.000480
1653.000000 0.000480
1654.000000 0.000481
1655.000000 0.000481
1656.000000 0.000481
1657.000000 0.000481
1658.000000 0.000482
1659.000000 0.000482
1660.000000 0.000482
1661.000000 0.000482
1662.000000 0.000483
1663.000000 0.000483
1664.000000 0.000483
1665.000000 0.000483
1666.000000 0.000484
1667.000000 0.000484
1668.000000 0.000484
1669.000000 0.000484
1670.000000 0.000485
1671.000000 0.000485
1672.000000 0.000485
1673.000000 0.000486
1674.000000 0.000486
1675.000000 0.000486
1676.000000 0.000486
1677.000000 0.000487
1678.000000 0.000487
1679.000000 0.000487
1680.000000 0.000487
1681.000000 0.000488
1682.000000 0.000488
1683.000000 0.000488
1684.000000 0.000488
1685.000000 0.000489
1686.000000 0.000489
1687.000000 0.000489
1688.000000 0.000489
1689.000000 0.000490
1690.000000 0.000490
1691.000000 0.000490
1692.000000 0.000490
1693.000000 0.000491
1694.000000 0.000491
1695.000000 0.000491
1696.000000 0.000491
1697.000000 0.000492
1698.000000 0.000492
1699.000000 0.000492
1700.000000 0.000492
1701.000000 0.000493
1702.000000 0.000493
1703.000000 0.000493
1704.000000 0.000493
1705.000000 0.000493
1706.000000 0.000494
1707.000000 0.000494
1708.000000 0.000494
1709.000000 0.000494
1710.000000 0.000495
1711.000000 0.000495
1712.000000 0.000495
1713.000000 0.000495
1714.000000 0.000496
1715.000000 0.000496
1716.000000 0.000496
1717.000000 0.000496
1718.000000 0.000496
1719.000000 0.000497
1720.000000 0.000497
1721.000000 0.000497
1722.000000 0.000497
1723.000000 0.000498
1724.000000 0.000498
1725.000000 0.000498
1726.000000 0.000498
1727.000000 0.000499
1728.000000 0.000499
1729.000000 0.000499
1730.000000 0.000499
1731.000000 0.000499
1732.000000 0.000500
1733.000000 0.000500
1734.000000 0.000500
1735.000000 0.000500
1736.000000 0.000500
1737.000000 0.000501
1738.000000 0.000501
1739.000000 0.000501
1740.000000 0.000501
1741.000000 0.000502
1742.000000 0.000502
1743.000000 0.000502
1744.000000 0.000502
1745.000000 0.000502
1746.000000 0.000503
1747.000000 0.000503
1748.000000 0.000503
1749.000000 0.000503
1750.000000 0.000503
1751.000000 0.000504
1752.000000 0.000504
1753.000000 0.000504
1754.000000 0.000504
1755.000000 0.000504
1756.000000 0.000505
1757.000000 0.000505
1758.000000 0.000505
1759.000000 0.000505
1760.000000 0.000505
1761.000000 0.000506
1762.000000 0.000506
1763.000000 0.000506
1764.000000 0.000506
1765.000000 0.000506
1766.000000 0.000507
1767.000000 0.000507
1768.000000 0.000507
1769.000000 0.000507
1770.000000 0.000507
1771.000000 0.000508
1772.000000 0.000508
1773.000000 0.000508
1774.000000 0.000508
1775.000000 0.000508
1776.000000 0.000509
1777.000000 0.000509
1778.000000 0.000509
1779.000000 0.000509
1780.000000 0.000509
1781.000000 0.000509
1782.000000 0.000510
1783.000000 0.000510
1784.000000 0.000510
1785.000000 0.000510
1786.000000 0.000510
1787.000000 0.000511
1788.000000 0.000511
1789.000000 0.000511
1790.000000 0.000511
1791.000000 0.000511
1792.000000 0.000511
1793.000000 0.000512
1794.000000 0.000512
1795.000000 0.000512
1796.000000 0.000512
1797.000000 0.000512
1798.000000 0.000512
1799.000000 0.000513
1800.000000 0.000513
1801.000000 0.000513
1802.000000 0.000513
1803.000000 0.000513
1804.000000 0.000513
1805.000000 0.000514
1806.000000 0.000514
1807.000000 0.000514
1808.000000 0.000514
1809.000000 0.000514
1810.000000 0.000514
1811.000000 0.000515
1812.000000 0.000515
1813.000000 0.000515
1814.000000 0.000515
1815.000000 0.000515
1816.000000 0.000515
1817.000000 0.000516
1818.000000 0.000516
1819.000000 0.000516
1820.000000 0.000516
1821.000000 0.000516
1822.000000 0.000516
1823.000000 0.000516
1824.000000 0.000517
1825.000000 0.000517
1826.000000 0.000517
1827.000000 0.000517
1828.000000 0.000517
1829.000000 0.000517
1830.000000 0.000517
1831.000000 0.000518
1832.000000 0.000518
1833.000000 0.000518
1834.000000 0.000518
1835.000000 0.000518
1836.000000 0.000518
1837.000000 0.000518
1838.000000 0.000519
1839.000000 0.000519
1840.000000 0.000519
1841.000000 0.000519
1842.000000 0.000519
1843.000000 0.000519
1844.000000 0.000519
1845.000000 0.000520
1846.000000 0.000520
1847.000000 0.000520
1848.000000 0.000520
1849.000000 0.000520
1850.000000 0.000520
1851.000000 0.000520
1852.000000 0.000520
1853.000000 0.000521
1854.000000 0.000521
1855.000000 0.000521
1856.000000 0.000521
1857.000000 0.000521
1858.000000 0.000521
1859.000000 0.000521
1860.000000 0.000521
1861.000000 0.000522
1862.000000 0.000522
1863.000000 0.000522
1864.000000 0.000522
1865.000000 0.000522
1866.000000 0.000522
1867.000000 0.000522
1868.000000 0.000522
1869.000000 0.000522
1870.000000 0.000523
1871.000000 0.000523
1872.000000 0.000523
1873.000000 0.000523
1874.000000 0.000523
1875.000000 0.000523
1876.000000 0.000523
1877.000000 0.000523
1878.000000 0.000523
1879.000000 0.000524
1880.000000 0.000524
1881.000000 0.000524
1882.000000 0.000524
1883.000000 0.000524
1884.000000 0.000524
1885.000000 0.000524
1886.000000 0.000524
1887.000000 0.000524
1888.000000 0.000524
1889.000000 0.000525
1890.000000 0.000525
1891.000000 0.000525
1892.000000 0.000525
1893.000000 0.000525
1894.000000 0.000525
1895.000000 0.000525
1896.000000 0.000525
1897.000000 0.000525
1898.000000 0.000525
1899.000000 0.000525
1900.000000 0.000526
1901.000000 0.000526
1902.000000 0.000526
1903.000000 0.000526
1904.000000 0.000526
1905.000000 0.000526
1906.000000 0.000526
1907.000000 0.000526
1908.000000 0.000526
1909.000000 0.000526
1910.000000 0.000526
1911.000000 0.000526
1912.000000 0.000527
1913.000000 0.000527
1914.000000 0.000527
1915.000000 0.000527
1916.000000 0.000527
1917.000000 0.000527
1918.000000 0.000527
1919.000000 0.000527
1920.000000 0.000527
1921.000000 0.000527
1922.000000 0.000527
1923.000000 0.000527
1924.000000 0.000527
1925.000000 0.000527
1926.000000 0.000527
1927.000000 0.000528
1928.000000 0.000528
1929.000000 0.000528
1930.000000 0.000528
1931.000000 0.000528
1932.000000 0.000528
1933.000000 0.000528
1934.000000 0.000528
1935.000000 0.000528
1936.000000 0.000528
1937.000000 0.000528
1938.000000 0.000528
1939.000000 0.000528
1940.000000 0.000528
1941.000000 0.000528
1942.000000 0.000528
1943.000000 0.000528
1944.000000 0.000529
1945.000000 0.000529
1946.000000 0.000529
1947.000000 0.000529
1948.000000 0.000529
1949.000000 0.000529
1950.000000 0.000529
1951.000000 0.000529
1952.000000 0.000529
1953.000000 0.000529
1954.000000 0.000529
1955.000000 0.000529
1956.000000 0.000529
1957.000000 0.000529
1958.000000 0.000529
1959.000000 0.000529
1960.000000 0.000529
1961.000000 0.000529
1962.000000 0.000529
1963.000000 0.000529
1964.000000 0.000529
1965.000000 0.000529
1966.000000 0.000529
1967.000000 0.000529
1968.000000 0.000529
1969.000000 0.000529
1970.000000 0.000529
1971.000000 0.000530
1972.000000 0.000530
1973.000000 0.000530
1974.000000 0.000530
1975.000000 0.000530
1976.000000 0.000530
1977.000000 0.000530
1978.000000 0.000530
1979.000000 0.000530
1980.000000 0.000530
1981.000000 0.000530
1982.000000 0.000530
1983.000000 0.000530
1984.000000 0.000530
1985.000000 0.000530
1986.000000 0.000530
1987.000000 0.000530
1988.000000 0.000530
1989.000000 0.000530
1990.000000 0.000530
1991.000000 0.000530
1992.000000 0.000530
1993.000000 0.000530
1994.000000 0.000530
1995.000000 0.000530
1996.000000 0.000530
1997.000000 0.000530
1998.000000 0.000530
1999.000000 0.000530
2000.000000 0.000530
2001.000000 0.000530
2002.000000 0.000530
2003.000000 0.000530
2004.000000 0.000530
2005.000000 0.000530
2006.000000 0.000530
2007.000000 0.000530
2008.000000 0.000530
2009.000000 0.000530
2010.000000 0.000530
2011.000000 0.000530
2012.000000 0.000530
2013.000000 0.000530
2014.000000 0.000530
2015.000000 0.000530
2016.000000 0.000530
2017.000000 0.000530
2018.000000 0.000530
2019.000000 0.000530
2020.000000 0.000530
2021.000000 0.000530
2022.000000 0.000530
2023.000000 0.000530
2024.000000 0.000530
2025.000000 0.000530
2026.000000 0.000530
2027.000000 0.000530
2028.000000 0.000530
2029.000000 0.000530
2030.000000 0.000530
2031.000000 0.000529
2032.000000 0.000529
2033.000000 0.000529
2034.000000 0.000529
2035.000000 0.000529
2036.000000 0.000529
2037.000000 0.000529
2038.000000 0.000529
2039.000000 0.000529
2040.000000 0.000529
2041.000000 0.000529
2042.000000 0.000529
2043.000000 0.000529
2044.000000 0.000529
2045.000000 0.000529
2046.000000 0.000529
2047.000000 0.000529
2048.000000 0.000529
2049.000000 0.000529
2050.000000 0.000529
2051.000000 0.000529
2052.000000 0.000529
2053.000000 0.000529
2054.000000 0.000529
2055.000000 0.000529
2056.000000 0.000529
2057.000000 0.000529
2058.000000 0.000528
2059.000000 0.000528
2060.000000 0.000528
2061.000000 0.000528
2062.000000 0.000528
2063.000000 0.000528
2064.000000 0.000528
2065.000000 0.000528
2066.000000 0.000528
2067.000000 0.000528
2068.000000 0.000528
2069.000000 0.000528
2070.000000 0.000528
2071.000000 0.000528
2072.000000 0.000528
2073.000000 0.000528
2074.000000 0.000528
2075.000000 0.000527
2076.000000 0.000527
2077.000000 0.000527
2078.000000 0.000527
2079.000000 0.000527
2080.000000 0.000527
2081.000000 0.000527
2082.000000 0.000527
2083.000000 0.000527
2084.000000 0.000527
2085.000000 0.000527
2086.000000 0.000527
2087.000000 0.000527
2088.000000 0.000527
2089.000000 0.000527
2090.000000 0.000526
2091.000000 0.000526
2092.000000 0.000526
2093.000000 0.000526
2094.000000 0.000526
2095.000000 0.000526
2096.000000 0.000526
2097.000000 0.000526
2098.000000 0.000526
2099.000000 0.000526
2100.000000 0.000526
2101.000000 0.000526
2102.000000 0.000525
2103.000000 0.000525
2104.000000 0.000525
2105.000000 0.000525
2106.000000 0.000525
2107.000000 0.000525
2108.000000 0.000525
2109.000000 0.000525
2110.000000 0.000525
2111.000000 0.000525
2112.000000 0.000525
2113.000000 0.000524
2114.000000 0.000524
2115.000000 0.000524
2116.000000 0.000524
2117.000000 0.000524
2118.000000 0.000524
2119.000000 0.000524
2120.000000 0.000524
2121.000000 0.000524
2122.000000 0.000524
2123.000000 0.000523
2124.000000 0.000523
2125.000000 0.000523
2126.000000 0.000523
2127.000000 0.000523
2128.000000 0.000523
2129.000000 0.000523
2130.000000 0.000523
2131.000000 0.000523
2132.000000 0.000522
2133.000000 0.000522
2134.000000 0.000522
2135.000000 0.000522
2136.000000 0.000522
2137.000000 0.000522
2138.000000 0.000522
2139.000000 0.000522
2140.000000 0.000522
2141.000000 0.000521
2142.000000 0.000521
2143.000000 0.000521
2144.000000 0.000521
2145.000000 0.000521
2146.000000 0.000521
2147.000000 0.000521
2148.000000 0.000521
2149.000000 0.000520
2150.000000 0.000520
2151.000000 0.000520
2152.000000 0.000520
2153.000000 0.000520
2154.000000 0.000520
2155.000000 0.000520
2156.000000 0.000520
2157.000000 0.000519
2158.000000 0.000519
2159.000000 0.000519
2160.000000 0.000519
2161.000000 0.000519
2162.000000 0.000519
2163.000000 0.000519
2164.000000 0.000518
2165.000000 0.000518
2166.000000 0.000518
2167.000000 0.000518
2168.000000 0.000518
2169.000000 0.000518
2170.000000 0.000518
2171.000000 0.000517
2172.000000 0.000517
2173.000000 0.000517
2174.000000 0.000517
2175.000000 0.000517
2176.000000 0.000517
2177.000000 0.000517
2178.000000 0.000516
2179.000000 0.000516
2180.000000 0.000516
2181.000000 0.000516
2182.000000 0.000516
2183.000000 0.000516
2184.000000 0.000516
2185.000000 0.000515
2186.000000 0.000515
2187.000000 0.000515
2188.000000 0.000515
2189.000000 0.000515
2190.000000 0.000515
2191.000000 0.000514
2192.000000 0.000514
2193.000000 0.000514
2194.000000 0.000514
2195.000000 0.000514
2196.000000 0.000514
2197.000000 0.000513
2198.000000 0.000513
2199.000000 0.000513
2200.000000 0.000513
2201.000000 0.000513
2202.000000 0.000513
2203.000000 0.000512
2204.000000 0.000512
2205.000000 0.000512
2206.000000 0.000512
2207.000000 0.000512
2208.000000 0.000512
2209.000000 0.000511
2210.000000 0.000511
2211.000000 0.000511
2212.000000 0.000511
2213.000000 0.000511
2214.000000 0.000511
2215.000000 0.000510
2216.000000 0.000510
2217.000000 0.000510
2218.000000 0.000510
2219.000000 0.000510
2220.000000 0.000509
2221.000000 0.000509
2222.000000 0.000509
2223.000000 0.000509
2224.000000 0.000509
2225.000000 0.000509
2226.000000 0.000508
2227.000000 0.000508
2228.000000 0.000508
2229.000000 0.000508
2230.000000 0.000508
2231.000000 0.000507
2232.000000 0.000507
2233.000000 0.000507
2234.000000 0.000507
2235.000000 0.000507
2236.000000 0.000506
2237.000000 0.000506
2238.000000 0.000506
2239.000000 0.000506
2240.000000 0.000506
2241.000000 0.000505
2242.000000 0.000505
2243.000000 0.000505
2244.000000 0.000505
2245.000000 0.000505
2246.000000 0.000504
2247.000000 0.000504
2248.000000 0.000504
2249.000000 0.000504
2250.000000 0.000504
2251.000000 0.000503
2252.000000 0.000503
2253.000000 0.000503
2254.000000 0.000503
2255.000000 0.000503
2256.000000 0.000502
2257.000000 0.000502
2258.000000 0.000502
2259.000000 0.000502
2260.000000 0.000502
2261.000000 0.000501
2262.000000 0.000501
2263.000000 0.000501
2264.000000 0.000501
2265.000000 0.000500
2266.000000 0.000500
2267.000000 0.000500
2268.000000 0.000500
2269.000000 0.000500
2270.000000 0.000499
2271.000000 0.000499
2272.000000 0.000499
2273.000000 0.000499
2274.000000 0.000499
2275.000000 0.000498
2276.000000 0.000498
2277.000000 0.000498
2278.000000 0.000498
2279.000000 0.000497
2280.000000 0.000497
2281.000000 0.000497
2282.000000 0.000497
2283.000000 0.000496
2284.000000 0.000496
2285.000000 0.000496
2286.000000 0.000496
2287.000000 0.000496
2288.000000 0.000495
2289.000000 0.000495
2290.000000 0.000495
2291.000000 0.000495
2292.000000 0.000494
2293.000000 0.000494
2294.000000 0.000494
2295.000000 0.000494
2296.000000 0.000493
2297.000000 0.000493
2298.000000 0.000493
2299.000000 0.000493
2300.000000 0.000493
2301.000000 0.000492
2302.000000 0.000492
2303.000000 0.000492
2304.000000 0.000492
2305.000000 0.000491
2306.000000 0.000491
2307.000000 0.000491
2308.000000 0.000491
2309.000000 0.000490
2310.000000 0.000490
2311.000000 0.000490
2312.000000 0.000490
2313.000000 0.000489
2314.000000 0.000489
2315.000000 0.000489
2316.000000 0.000489
2317.000000 0.000488
2318.000000 0.000488
2319.000000 0.000488
2320.000000 0.000488
2321.000000 0.000487
2322.000000 0.000487
2323.000000 0.000487
2324.000000 0.000487
2325.000000 0.000486
2326.000000 0.000486
2327.000000 0.000486
2328.000000 0.000486
2329.000000 0.000485
2330.000000 0.000485
2331.000000 0.000485
2332.000000 0.000484
2333.000000 0.000484
2334.000000 0.000484
2335.000000 0.000484
2336.000000 0.000483
2337.000000 0.000483
2338.000000 0.000483
2339.000000 0.000483
2340.000000 0.000482
2341.000000 0.000482
2342.000000 0.000482
2343.000000 0.000482
2344.000000 0.000481
2345.000000 0.000481
2346.000000 0.000481
2347.000000 0.000481
2348.000000 0.000480
2349.000000 0.000480
2350.000000 0.000480
2351.000000 0.000479
2352.000000 0.000479
2353.000000 0.000479
2354.000000 0.000479
2355.000000 0.000478
2356.000000 0.000478
2357.000000 0.000478
2358.000000 0.000477
2359.000000 0.000477
2360.000000 0.000477
2361.000000 0.000477
2362.000000 0.000476
2363.000000 0.000476
2364.000000 0.000476
2365.000000 0.000476
2366.000000 0.000475
2367.000000 0.000475
2368.000000 0.000475
2369.000000 0.000474
2370.000000 0.000474
2371.000000 0.000474
2372.000000 0.000474
2373.000000 0.000473
2374.000000 0.000473
2375.000000 0.000473
2376.000000 0.000472
2377.000000 0.000472
2378.000000 0.000472
2379.000000 0.000472
2380.000000 0.000471
2381.000000 0.000471
2382.000000 0.000471
2383.000000 0.000470
2384.000000 0.000470
2385.000000 0.000470
2386.000000 0.000469
2387.000000 0.000469
2388.000000 0.000469
2389.000000 0.000469
2390.000000 0.000468
2391.000000 0.000468
2392.000000 0.000468
2393.000000 0.000467
2394.000000 0.000467
2395.000000 0.000467
2396.000000 0.000467
2397.000000 0.000466
2398.000000 0.000466
2399.000000 0.000466
2400.000000 0.000465
2401.000000 0.000465
2402.000000 0.000465
2403.000000 0.000464
2404.000000 0.000464
2405.000000 0.000464
2406.000000 0.000463
2407.000000 0.000463
2408.000000 0.000463
2409.000000 0.000463
2410.000000 0.000462
2411.000000 0.000462
2412.000000 0.000462
2413.000000 0.000461
2414.000000 0.000461
2415.000000 0.000461
2416.000000 0.000460
2417.000000 0.000460
2418.000000 0.000460
2419.000000 0.000459
2420.000000 0.000459
2421.000000 0.000459
2422.000000 0.000459
2423.000000 0.000458
2424.000000 0.000458
2425.000000 0.000458
2426.000000 0.000457
2427.000000 0.000457
2428.000000 0.000457
2429.000000 0.000456
2430.000000 0.000456
2431.000000 0.000456
2432.000000 0.000455
2433.000000 0.000455
2434.000000 0.000455
2435.000000 0.000454
2436.000000 0.000454
2437.000000 0.000454
2438.000000 0.000453
2439.000000 0.000453
2440.000000 0.000453
2441.000000 0.000452
2442.000000 0.000452
2443.000000 0.000452
2444.000000 0.000452
2445.000000 0.000451
2446.000000 0.000451
2447.000000 0.000451
2448.000000 0.000450
2449.000000 0.000450
2450.000000 0.000450
2451.000000 0.000449
2452.000000 0.000449
2453.000000 0.000449
2454.000000 0.000448
2455.000000 0.000448
2456.000000 0.000448
2457.000000 0.000447
2458.000000 0.000447
2459.000000 0.000447
2460.000000 0.000446
2461.000000 0.000446
2462.000000 0.000446
2463.000000 0.000445
2464.000000 0.000445
2465.000000 0.000445
2466.000000 0.000444
2467.000000 0.000444
2468.000000 0.000444
2469.000000 0.000443
2470.000000 0.000443
2471.000000 0.000443
2472.000000 0.000442
2473.000000 0.000442
2474.000000 0.000442
2475.000000 0.000441
2476.000000 0.000441
2477.000000 0.000441
2478.000000 0.000440
2479.000000 0.000440
2480.000000 0.000440
2481.000000 0.000439
2482.000000 0.000439
2483.000000 0.000438
2484.000000 0.000438
2485.000000 0.000438
2486.000000 0.000437
2487.000000 0.000437
2488.000000 0.000437
2489.000000 0.000436
2490.000000 0.000436
2491.000000 0.000436
2492.000000 0.000435
2493.000000 0.000435
2494.000000 0.000435
2495.000000 0.000434
2496.000000 0.000434
2497.000000 0.000434
2498.000000 0.000433
2499.000000 0.000433
2500.000000 0.000433
2501.000000 0.000432
2502.000000 0.000432
2503.000000 0.000432
2504.000000 0.000431
2505.000000 0.000431
2506.000000 0.000431
2507.000000 0.000430
2508.000000 0.000430
2509.000000 0.000429
2510.000000 0.000429
2511.000000 0.000429
2512.000000 0.000428
2513.000000 0.000428
2514.000000 0.000428
2515.000000 0.000427
2516.000000 0.000427
2517.000000 0.000427
2518.000000 0.000426
2519.000000 0.000426
2520.000000 0.000426
2521.000000 0.000425
2522.000000 0.000425
2523.000000 0.000424
2524.000000 0.000424
2525.000000 0.000424
2526.000000 0.000423
2527.000000 0.000423
2528.000000 0.000423
2529.000000 0.000422
2530.000000 0.000422
2531.000000 0.000422
2532.000000 0.000421
2533.000000 0.000421
2534.000000 0.000420
2535.000000 0.000420
2536.000000 0.000420
2537.000000 0.000419
2538.000000 0.000419
2539.000000 0.000419
2540.000000 0.000418
2541.000000 0.000418
2542.000000 0.000418
2543.000000 0.000417
2544.000000 0.000417
2545.000000 0.000416
2546.000000 0.000416
2547.000000 0.000416
2548.000000 0.000415
2549.000000 0.000415
2550.000000 0.000415
2551.000000 0.000414
2552.000000 0.000414
2553.000000 0.000414
2554.000000 0.000413
2555.000000 0.000413
2556.000000 0.000412
2557.000000 0.000412
2558.000000 0.000412
2559.000000 0.000411
2560.000000 0.000411
2561.000000 0.000411
2562.000000 0.000410
2563.000000 0.000410
2564.000000 0.000409
2565.000000 0.000409
2566.000000 0.000409
2567.000000 0.000408
2568.000000 0.000408
2569.000000 0.000408
2570.000000 0.000407
2571.000000 0.000407
2572.000000 0.000406
2573.000000 0.000406
2574.000000 0.000406
2575.000000 0.000405
2576.000000 0.000405
2577.000000 0.000405
2578.000000 0.000404
2579.000000 0.000404
2580.000000 0.000403
2581.000000 0.000403
2582.000000 0.000403
2583.000000 0.000402
2584.000000 0.000402
2585.000000 0.000402
2586.000000 0.000401
2587.000000 0.000401
2588.000000 0.000400
2589.000000 0.000400
2590.000000 0.000400
2591.000000 0.000399
2592.000000 0.000399
2593.000000 0.000398
2594.000000 0.000398
2595.000000 0.000398
2596.000000 0.000397
2597.000000 0.000397
2598.000000 0.000397
2599.000000 0.000396
2600.000000 0.000396
2601.000000 0.000395
2602.000000 0.000395
2603.000000 0.000395
2604.000000 0.000394
2605.000000 0.000394
2606.000000 0.000393
2607.000000 0.000393
2608.000000 0.000393
2609.000000 0.000392
2610.000000 0.000392
2611.000000 0.000392
2612.000000 0.000391
2613.000000 0.000391
2614.000000 0.000390
2615.000000 0.000390
2616.000000 0.000390
2617.000000 0.000389
2618.000000 0.000389
2619.000000 0.000388
2620.000000 0.000388
2621.000000 0.000388
2622.000000 0.000387
2623.000000 0.000387
2624.000000 0.000387
2625.000000 0.000386
2626.000000 0.000386
2627.000000 0.000385
2628.000000 0.000385
2629.000000 0.000385
2630.000000 0.000384
2631.000000 0.000384
2632.000000 0.000383
2633.000000 0.000383
2634.000000 0.000383
2635.000000 0.000382
2636.000000 0.000382
2637.000000 0.000381
2638.000000 0.000381
2639.000000 0.000381
2640.000000 0.000380
2641.000000 0.000380
2642.000000 0.000379
2643.000000 0.000379
2644.000000 0.000379
2645.000000 0.000378
2646.000000 0.000378
2647.000000 0.000377
2648.000000 0.000377
2649.000000 0.000377
2650.000000 0.000376
2651.000000 0.000376
2652.000000 0.000375
2653.000000 0.000375
2654.000000 0.000375
2655.000000 0.000374
2656.000000 0.000374
2657.000000 0.000374
2658.000000 0.000373
2659.000000 0.000373
2660.000000 0.000372
2661.000000 0.000372
2662.000000 0.000372
2663.000000 0.000371
2664.000000 0.000371
2665.000000 0.000370
2666.000000 0.000370
2667.000000 0.000370
2668.000000 0.000369
2669.000000 0.000369
2670.000000 0.000368
2671.000000 0.000368
2672.000000 0.000368
2673.000000 0.000367
2674.000000 0.000367
2675.000000 0.000366
2676.000000 0.000366
2677.000000 0.000366
2678.000000 0.000365
2679.000000 0.000365
2680.000000 0.000364
2681.000000 0.000364
2682.000000 0.000364
2683.000000 0.000363
2684.000000 0.000363
2685.000000 0.000362
2686.000000 0.000362
2687.000000 0.000362
2688.000000 0.000361
2689.000000 0.000361
2690.000000 0.000360
2691.000000 0.000360
2692.000000 0.000360
2693.000000 0.000359
2694.000000 0.000359
2695.000000 0.000358
2696.000000 0.000358
2697.000000 0.000358
2698.000000 0.000357
2699.000000 0.000357
2700.000000 0.000356
2701.000000 0.000356
2702.000000 0.000355
2703.000000 0.000355
2704.000000 0.000355
2705.000000 0.000354
2706.000000 0.000354
2707.000000 0.000353
2708.000000 0.000353
2709.000000 0.000353
2710.000000 0.000352
2711.000000 0.000352
2712.000000 0.000351
2713.000000 0.000351
2714.000000 0.000351
2715.000000 0.000350
2716.000000 0.000350
2717.000000 0.000349
2718.000000 0.000349
2719.000000 0.000349
2720.000000 0.000348
2721.000000 0.000348
2722.000000 0.000347
2723.000000 0.000347
2724.000000 0.000347
2725.000000 0.000346
2726.000000 0.000346
2727.000000 0.000345
2728.000000 0.000345
2729.000000 0.000345
2730.000000 0.000344
2731.000000 0.000344
2732.000000 0.000343
2733.000000 0.000343
2734.000000 0.000342
2735.000000 0.000342
2736.000000 0.000342
2737.000000 0.000341
2738.000000 0.000341
2739.000000 0.000340
2740.000000 0.000340
2741.000000 0.000340
2742.000000 0.000339
2743.000000 0.000339
2744.000000 0.000338
2745.000000 0.000338
2746.000000 0.000338
2747.000000 0.000337
2748.000000 0.000337
2749.000000 0.000336
2750.000000 0.000336
2751.000000 0.000336
2752.000000 0.000335
2753.000000 0.000335
2754.000000 0.000334
2755.000000 0.000334
2756.000000 0.000334
2757.000000 0.000333
2758.000000 0.000333
2759.000000 0.000332
2760.000000 0.000332
2761.000000 0.000331
2762.000000 0.000331
2763.000000 0.000331
2764.000000 0.000330
2765.000000 0.000330
2766.000000 0.000329
2767.000000 0.000329
2768.000000 0.000329
2769.000000 0.000328
2770.000000 0.000328
2771.000000 0.000327
2772.000000 0.000327
2773.000000 0.000327
2774.000000 0.000326
2775.000000 0.000326
2776.000000 0.000325
2777.000000 0.000325
2778.000000 0.000325
2779.000000 0.000324
2780.000000 0.000324
2781.000000 0.000323
2782.000000 0.000323
2783.000000 0.000322
2784.000000 0.000322
2785.000000 0.000322
2786.000000 0.000321
2787.000000 0.000321
2788.000000 0.000320
2789.000000 0.000320
2790.000000 0.000320
2791.000000 0.000319
2792.000000 0.000319
2793.000000 0.000318
2794.000000 0.000318
2795.000000 0.000318
2796.000000 0.000317
2797.000000 0.000317
2798.000000 0.000316
2799.000000 0.000316
2800.000000 0.000315
2801.000000 0.000315
2802.000000 0.000315
2803.000000 0.000314
2804.000000 0.000314
2805.000000 0.000313
2806.000000 0.000313
2807.000000 0.000313
2808.000000 0.000312
2809.000000 0.000312
2810.000000 0.000311
2811.000000 0.000311
2812.000000 0.000311
2813.000000 0.000310
2814.000000 0.000310
2815.000000 0.000309
2816.000000 0.000309
2817.000000 0.000308
2818.000000 0.000308
2819.000000 0.000308
2820.000000 0.000307
2821.000000 0.000307
2822.000000 0.000306
2823.000000 0.000306
2824.000000 0.000306
2825.000000 0.000305
2826.000000 0.000305
2827.000000 0.000304
2828.000000 0.000304
2829.000000 0.000304
2830.000000 0.000303
2831.000000 0.000303
2832.000000 0.000302
2833.000000 0.000302
2834.000000 0.000302
2835.000000 0.000301
2836.000000 0.000301
2837.000000 0.000300
2838.000000 0.000300
2839.000000 0.000299
2840.000000 0.000299
2841.000000 0.000299
2842.000000 0.000298
2843.000000 0.000298
2844.000000 0.000297
2845.000000 0.000297
2846.000000 0.000297
2847.000000 0.000296
2848.000000 0.000296
2849.000000 0.000295
2850.000000 0.000295
2851.000000 0.000295
2852.000000 0.000294
2853.000000 0.000294
2854.000000 0.000293
2855.000000 0.000293
2856.000000 0.000293
2857.000000 0.000292
2858.000000 0.000292
2859.000000 0.000291
2860.000000 0.000291
2861.000000 0.000290
2862.000000 0.000290
2863.000000 0.000290
2864.000000 0.000289
2865.000000 0.000289
2866.000000 0.000288
2867.000000 0.000288
2868.000000 0.000288
2869.000000 0.000287
2870.000000 0.000287
2871.000000 0.000286
2872.000000 0.000286
2873.000000 0.000286
2874.000000 0.000285
2875.000000 0.000285
2876.000000 0.000284
2877.000000 0.000284
2878.000000 0.000284
2879.000000 0.000283
2880.000000 0.000283
2881.000000 0.000282
2882.000000 0.000282
2883.000000 0.000281
2884.000000 0.000281
2885.000000 0.000281
2886.000000 0.000280
2887.000000 0.000280
2888.000000 0.000279
2889.000000 0.000279
2890.000000 0.000279
2891.000000 0.000278
2892.000000 0.000278
2893.000000 0.000277
2894.000000 0.000277
2895.000000 0.000277
2896.000000 0.000276
2897.000000 0.000276
2898.000000 0.000275
2899.000000 0.000275
2900.000000 0.000275
2901.000000 0.000274
2902.000000 0.000274
2903.000000 0.000273
2904.000000 0.000273
2905.000000 0.000273
2906.000000 0.000272
2907.000000 0.000272
2908.000000 0.000271
2909.000000 0.000271
2910.000000 0.000271
2911.000000 0.000270
2912.000000 0.000270
2913.000000 0.000269
2914.000000 0.000269
2915.000000 0.000268
2916.000000 0.000268
2917.000000 0.000268
2918.000000 0.000267
2919.000000 0.000267
2920.000000 0.000266
2921.000000 0.000266
2922.000000 0.000266
2923.000000 0.000265
2924.000000 0.000265
2925.000000 0.000264
2926.000000 0.000264
2927.000000 0.000264
2928.000000 0.000263
2929.000000 0.000263
2930.000000 0.000262
2931.000000 0.000262
2932.000000 0.000262
2933.000000 0.000261
2934.000000 0.000261
2935.000000 0.000260
2936.000000 0.000260
2937.000000 0.000260
2938.000000 0.000259
2939.000000 0.000259
2940.000000 0.000258
2941.000000 0.000258
2942.000000 0.000258
2943.000000 0.000257
2944.000000 0.000257
2945.000000 0.000256
2946.000000 0.000256
2947.000000 0.000256
2948.000000 0.000255
2949.000000 0.000255
2950.000000 0.000254
2951.000000 0.000254
2952.000000 0.000254
2953.000000 0.000253
2954.000000 0.000253
2955.000000 0.000252
2956.000000 0.000252
2957.000000 0.000252
2958.000000 0.000251
2959.000000 0.000251
2960.000000 0.000250
2961.000000 0.000250
2962.000000 0.000250
2963.000000 0.000249
2964.000000 0.000249
2965.000000 0.000248
2966.000000 0.000248
2967.000000 0.000248
2968.000000 0.000247
2969.000000 0.000247
2970.000000 0.000246
2971.000000 0.000246
2972.000000 0.000246
2973.000000 0.000245
2974.000000 0.000245
2975.000000 0.000244
2976.000000 0.000244
2977.000000 0.000244
2978.000000 0.000243
2979.000000 0.000243
2980.000000 0.000242
2981.000000 0.000242
2982.000000 0.000242
2983.000000 0.000241
2984.000000 0.000241
2985.000000 0.000240
2986.000000 0.000240
2987.000000 0.000240
2988.000000 0.000239
2989.000000 0.000239
2990.000000 0.000239
2991.000000 0.000238
2992.000000 0.000238
2993.000000 0.000237
2994.000000 0.000237
2995.000000 0.000237
2996.000000 0.000236
2997.000000 0.000236
2998.000000 0.000235
2999.000000 0.000235
3000.000000 0.000235
3001.000000 0.000234
3002.000000 0.000234
3003.000000 0.000233
3004.000000 0.000233
3005.000000 0.000233
3006.000000 0.000232
3007.000000 0.000232
3008.000000 0.000231
3009.000000 0.000231
3010.000000 0.000231
3011.000000 0.000230
3012.000000 0.000230
3013.000000 0.000230
3014.000000 0.000229
3015.000000 0.000229
3016.000000 0.000228
3017.000000 0.000228
3018.000000 0.000228
3019.000000 0.000227
3020.000000 0.000227
3021.000000 0.000226
3022.000000 0.000226
3023.000000 0.000226
3024.000000 0.000225
3025.000000 0.000225
3026.000000 0.000224
3027.000000 0.000224
3028.000000 0.000224
3029.000000 0.000223
3030.000000 0.000223
3031.000000 0.000223
3032.000000 0.000222
3033.000000 0.000222
3034.000000 0.000221
3035.000000 0.000221
3036.000000 0.000221
3037.000000 0.000220
3038.000000 0.000220
3039.000000 0.000219
3040.000000 0.000219
3041.000000 0.000219
3042.000000 0.000218
3043.000000 0.000218
3044.000000 0.000218
3045.000000 0.000217
3046.000000 0.000217
3047.000000 0.000216
3048.000000 0.000216
3049.000000 0.000216
3050.000000 0.000215
3051.000000 0.000215
3052.000000 0.000214
3053.000000 0.000214
3054.000000 0.000214
3055.000000 0.000213
3056.000000 0.000213
3057.000000 0.000213
3058.000000 0.000212
3059.000000 0.000212
3060.000000 0.000211
3061.000000 0.000211
3062.000000 0.000211
3063.000000 0.000210
3064.000000 0.000210
3065.000000 0.000210
3066.000000 0.000209
3067.000000 0.000209
3068.000000 0.000208
3069.000000 0.000208
3070.000000 0.000208
3071.000000 0.000207
3072.000000 0.000207
3073.000000 0.000206
3074.000000 0.000206
3075.000000 0.000206
3076.000000 0.000205
3077.000000 0.000205
3078.000000 0.000205
3079.000000 0.000204
3080.000000 0.000204
3081.000000 0.000203
3082.000000 0.000203
3083.000000 0.000203
3084.000000 0.000202
3085.000000 0.000202
3086.000000 0.000202
3087.000000 0.000201
3088.000000 0.000201
3089.000000 0.000200
3090.000000 0.000200
3091.000000 0.000200
3092.000000 0.000199
3093.000000 0.000199
3094.000000 0.000199
3095.000000 0.000198
3096.000000 0.000198
3097.000000 0.000197
3098.000000 0.000197
3099.000000 0.000197
3100.000000 0.000196
3101.000000 0.000196
3102.000000 0.000196
3103.000000 0.000195
3104.000000 0.000195
3105.000000 0.000195
3106.000000 0.000194
3107.000000 0.000194
3108.000000 0.000193
3109.000000 0.000193
3110.000000 0.000193
3111.000000 0.000192
3112.000000 0.000192
3113.000000 0.000192
3114.000000 0.000191
3115.000000 0.000191
3116.000000 0.000190
3117.000000 0.000190
3118.000000 0.000190
3119.000000 0.000189
3120.000000 0.000189
3121.000000 0.000189
3122.000000 0.000188
3123.000000 0.000188
3124.000000 0.000188
3125.000000 0.000187
3126.000000 0.000187
3127.000000 0.000186
3128.000000 0.000186
3129.000000 0.000186
3130.000000 0.000185
3131.000000 0.000185
3132.000000 0.000185
3133.000000 0.000184
3134.000000 0.000184
3135.000000 0.000184
3136.000000 0.000183
3137.000000 0.000183
3138.000000 0.000182
3139.000000 0.000182
3140.000000 0.000182
3141.000000 0.000181
3142.000000 0.000181
3143.000000 0.000181
3144.000000 0.000180
3145.000000 0.000180
3146.000000 0.000180
3147.000000 0.000179
3148.000000 0.000179
3149.000000 0.000178
3150.000000 0.000178
3151.000000 0.000178
3152.000000 0.000177
3153.000000 0.000177
3154.000000 0.000177
3155.000000 0.000176
3156.000000 0.000176
3157.000000 0.000176
3158.000000 0.000175
3159.000000 0.000175
3160.000000 0.000175
3161.000000 0.000174
3162.000000 0.000174
3163.000000 0.000173
3164.000000 0.000173
3165.000000 0.000173
3166.000000 0.000172
3167.000000 0.000172
3168.000000 0.000172
3169.000000 0.000171
3170.000000 0.000171
3171.000000 0.000171
3172.000000 0.000170
3173.000000 0.000170
3174.000000 0.000170
3175.000000 0.000169
3176.000000 0.000169
3177.000000 0.000169
3178.000000 0.000168
3179.000000 0.000168
3180.000000 0.000167
3181.000000 0.000167
3182.000000 0.000167
3183.000000 0.000166
3184.000000 0.000166
3185.000000 0.000166
3186.000000 0.000165
3187.000000 0.000165
3188.000000 0.000165
3189.000000 0.000164
3190.000000 0.000164
3191.000000 0.000164
3192.000000 0.000163
3193.000000 0.000163
3194.000000 0.000163
3195.000000 0.000162
3196.000000 0.000162
3197.000000 0.000162
3198.000000 0.000161
3199.000000 0.000161
3200.000000 0.000161
3201.000000 0.000160
3202.000000 0.000160
3203.000000 0.000159
3204.000000 0.000159
3205.000000 0.000159
3206.000000 0.000158
3207.000000 0.000158
3208.000000 0.000158
3209.000000 0.000157
3210.000000 0.000157
3211.000000 0.000157
3212.000000 0.000156
3213.000000 0.000156
3214.000000 0.000156
3215.000000 0.000155
3216.000000 0.000155
3217.000000 0.000155
3218.000000 0.000154
3219.000000 0.000154
3220.000000 0.000154
3221.000000 0.000153
3222.000000 0.000153
3223.000000 0.000153
3224.000000 0.000152
3225.000000 0.000152
3226.000000 0.000152
3227.000000 0.000151
3228.000000 0.000151
3229.000000 0.000151
3230.000000 0.000150
3231.000000 0.000150
3232.000000 0.000150
3233.000000 0.000149
3234.000000 0.000149
3235.000000 0.000149
3236.000000 0.000148
3237.000000 0.000148
3238.000000 0.000148
3239.000000 0.000147
3240.000000 0.000147
3241.000000 0.000147
3242.000000 0.000146
3243.000000 0.000146
3244.000000 0.000146
3245.000000 0.000145
3246.000000 0.000145
3247.000000 0.000145
3248.000000 0.000144
3249.000000 0.000144
3250.000000 0.000144
3251.000000 0.000143
3252.000000 0.000143
3253.000000 0.000143
3254.000000 0.000142
3255.000000 0.000142
3256.000000 0.000142
3257.000000 0.000141
3258.000000 0.000141
3259.000000 0.000141
3260.000000 0.000140
3261.000000 0.000140
3262.000000 0.000140
3263.000000 0.000139
3264.000000 0.000139
3265.000000 0.000139
3266.000000 0.000138
3267.000000 0.000138
3268.000000 0.000138
3269.000000 0.000137
3270.000000 0.000137
3271.000000 0.000137
3272.000000 0.000136
3273.000000 0.000136
3274.000000 0.000136
3275.000000 0.000135
3276.000000 0.000135
3277.000000 0.000135
3278.000000 0.000134
3279.000000 0.000134
3280.000000 0.000134
3281.000000 0.000133
3282.000000 0.000133
3283.000000 0.000133
3284.000000 0.000133
3285.000000 0.000132
3286.000000 0.000132
3287.000000 0.000132
3288.000000 0.000131
3289.000000 0.000131
3290.000000 0.000131
3291.000000 0.000130
3292.000000 0.000130
3293.000000 0.000130
3294.000000 0.000129
3295.000000 0.000129
3296.000000 0.000129
3297.000000 0.000128
3298.000000 0.000128
3299.000000 0.000128
3300.000000 0.000127
3301.000000 0.000127
3302.000000 0.000127
3303.000000 0.000126
3304.000000 0.000126
3305.000000 0.000126
3306.000000 0.000126
3307.000000 0.000125
3308.000000 0.000125
3309.000000 0.000125
3310.000000 0.000124
3311.000000 0.000124
3312.000000 0.000124
3313.000000 0.000123
3314.000000 0.000123
3315.000000 0.000123
3316.000000 0.000122
3317.000000 0.000122
3318.000000 0.000122
3319.000000 0.000121
3320.000000 0.000121
3321.000000 0.000121
3322.000000 0.000121
3323.000000 0.000120
3324.000000 0.000120
3325.000000 0.000120
3326.000000 0.000119
3327.000000 0.000119
3328.000000 0.000119
3329.000000 0.000118
3330.000000 0.000118
3331.000000 0.000118
3332.000000 0.000117
3333.000000 0.000117
3334.000000 0.000117
3335.000000 0.000117
3336.000000 0.000116
3337.000000 0.000116
3338.000000 0.000116
3339.000000 0.000115
3340.000000 0.000115
3341.000000 0.000115
3342.000000 0.000114
3343.000000 0.000114
3344.000000 0.000114
3345.000000 0.000113
3346.000000 0.000113
3347.000000 0.000113
3348.000000 0.000113
3349.000000 0.000112
3350.000000 0.000112
3351.000000 0.000112
3352.000000 0.000111
3353.000000 0.000111
3354.000000 0.000111
3355.000000 0.000110
3356.000000 0.000110
3357.000000 0.000110
3358.000000 0.000110
3359.000000 0.000109
3360.000000 0.000109
3361.000000 0.000109
3362.000000 0.000108
3363.000000 0.000108
3364.000000 0.000108
3365.000000 0.000107
3366.000000 0.000107
3367.000000 0.000107
3368.000000 0.000107
3369.000000 0.000106
3370.000000 0.000106
3371.000000 0.000106
3372.000000 0.000105
3373.000000 0.000105
3374.000000 0.000105
3375.000000 0.000105
3376.000000 0.000104
3377.000000 0.000104
3378.000000 0.000104
3379.000000 0.000103
3380.000000 0.000103
3381.000000 0.000103
3382.000000 0.000102
3383.000000 0.000102
3384.000000 0.000102
3385.000000 0.000102
3386.000000 0.000101
3387.000000 0.000101
3388.000000 0.000101
3389.000000 0.000100
3390.000000 0.000100
3391.000000 0.000100
3392.000000 0.000100
3393.000000 0.000099
3394.000000 0.000099
3395.000000 0.000099
3396.000000 0.000098
3397.000000 0.000098
3398.000000 0.000098
3399.000000 0.000098
3400.000000 0.000097
3401.000000 0.000097
3402.000000 0.000097
3403.000000 0.000096
3404.000000 0.000096
3405.000000 0.000096
3406.000000 0.000096
3407.000000 0.000095
3408.000000 0.000095
3409.000000 0.000095
3410.000000 0.000094
3411.000000 0.000094
3412.000000 0.000094
3413.000000 0.000094
3414.000000 0.000093
3415.000000 0.000093
3416.000000 0.000093
3417.000000 0.000092
3418.000000 0.000092
3419.000000 0.000092
3420.000000 0.000092
3421.000000 0.000091
3422.000000 0.000091
3423.000000 0.000091
3424.000000 0.000091
3425.000000 0.000090
3426.000000 0.000090
3427.000000 0.000090
3428.000000 0.000089
3429.000000 0.000089
3430.000000 0.000089
3431.000000 0.000089
3432.000000 0.000088
3433.000000 0.000088
3434.000000 0.000088
3435.000000 0.000087
3436.000000 0.000087
3437.000000 0.000087
3438.000000 0.000087
3439.000000 0.000086
3440.000000 0.000086
3441.000000 0.000086
3442.000000 0.000086
3443.000000 0.000085
3444.000000 0.000085
3445.000000 0.000085
3446.000000 0.000084
3447.000000 0.000084
3448.000000 0.000084
3449.000000 0.000084
3450.000000 0.000083
3451.000000 0.000083
3452.000000 0.000083
3453.000000 0.000083
3454.000000 0.000082
3455.000000 0.000082
3456.000000 0.000082
3457.000000 0.000082
3458.000000 0.000081
3459.000000 0.000081
3460.000000 0.000081
3461.000000 0.000080
3462.000000 0.000080
3463.000000 0.000080
3464.000000 0.000080
3465.000000 0.000079
3466.000000 0.000079
3467.000000 0.000079
3468.000000 0.000079
3469.000000 0.000078
3470.000000 0.000078
3471.000000 0.000078
3472.000000 0.000078
3473.000000 0.000077
3474.000000 0.000077
3475.000000 0.000077
3476.000000 0.000076
3477.000000 0.000076
3478.000000 0.000076
3479.000000 0.000076
3480.000000 0.000075
3481.000000 0.000075
3482.000000 0.000075
3483.000000 0.000075
3484.000000 0.000074
3485.000000 0.000074
3486.000000 0.000074
3487.000000 0.000074
3488.000000 0.000073
3489.000000 0.000073
3490.000000 0.000073
3491.000000 0.000073
3492.000000 0.000072
3493.000000 0.000072
3494.000000 0.000072
3495.000000 0.000072
3496.000000 0.000071
3497.000000 0.000071
3498.000000 0.000071
3499.000000 0.000071
3500.000000 0.000070
3501.000000 0.000070
3502.000000 0.000070
3503.000000 0.000069
3504.000000 0.000069
3505.000000 0.000069
3506.000000 0.000069
3507.000000 0.000068
3508.000000 0.000068
3509.000000 0.000068
3510.000000 0.000068
3511.000000 0.000067
3512.000000 0.000067
3513.000000 0.000067
3514.000000 0.000067
3515.000000 0.000066
3516.000000 0.000066
3517.000000 0.000066
3518.000000 0.000066
3519.000000 0.000065
3520.000000 0.000065
3521.000000 0.000065
3522.000000 0.000065
3523.000000 0.000064
3524.000000 0.000064
3525.000000 0.000064
3526.000000 0.000064
3527.000000 0.000063
3528.000000 0.000063
3529.000000 0.000063
3530.000000 0.000063
3531.000000 0.000062
3532.000000 0.000062
3533.000000 0.000062
3534.000000 0.000062
3535.000000 0.000062
3536.000000 0.000061
3537.000000 0.000061
3538.000000 0.000061
3539.000000 0.000061
3540.000000 0.000060
3541.000000 0.000060
3542.000000 0.000060
3543.000000 0.000060
3544.000000 0.000059
3545.000000 0.000059
3546.000000 0.000059
3547.000000 0.000059
3548.000000 0.000058
3549.000000 0.000058
3550.000000 0.000058
3551.000000 0.000058
3552.000000 0.000057
3553.000000 0.000057
3554.000000 0.000057
3555.000000 0.000057
3556.000000 0.000056
3557.000000 0.000056
3558.000000 0.000056
3559.000000 0.000056
3560.000000 0.000055
3561.000000 0.000055
3562.000000 0.000055
3563.000000 0.000055
3564.000000 0.000055
3565.000000 0.000054
3566.000000 0.000054
3567.000000 0.000054
3568.000000 0.000054
3569.000000 0.000053
3570.000000 0.000053
3571.000000 0.000053
3572.000000 0.000053
3573.000000 0.000052
3574.000000 0.000052
3575.000000 0.000052
3576.000000 0.000052
3577.000000 0.000051
3578.000000 0.000051
3579.000000 0.000051
3580.000000 0.000051
3581.000000 0.000051
3582.000000 0.000050
3583.000000 0.000050
3584.000000 0.000050
3585.000000 0.000050
3586.000000 0.000049
3587.000000 0.000049
3588.000000 0.000049
3589.000000 0.000049
3590.000000 0.000049
3591.000000 0.000048
3592.000000 0.000048
3593.000000 0.000048
3594.000000 0.000048
3595.000000 0.000047
3596.000000 0.000047
3597.000000 0.000047
3598.000000 0.000047
3599.000000 0.000046
3600.000000 0.000046
3601.000000 0.000046
3602.000000 0.000046
3603.000000 0.000046
3604.000000 0.000045
3605.000000 0.000045
3606.000000 0.000045
3607.000000 0.000045
3608.000000 0.000044
3609.000000 0.000044
3610.000000 0.000044
3611.000000 0.000044
3612.000000 0.000044
3613.000000 0.000043
3614.000000 0.000043
3615.000000 0.000043
3616.000000 0.000043
3617.000000 0.000042
3618.000000 0.000042
3619.000000 0.000042
3620.000000 0.000042
3621.000000 0.000042
3622.000000 0.000041
3623.000000 0.000041
3624.000000 0.000041
3625.000000 0.000041
3626.000000 0.000040
3627.000000 0.000040
3628.000000 0.000040
3629.000000 0.000040
3630.000000 0.000040
3631.000000 0.000039
3632.000000 0.000039
3633.000000 0.000039
3634.000000 0.000039
3635.000000 0.000039
3636.000000 0.000038
3637.000000 0.000038
3638.000000 0.000038
3639.000000 0.000038
3640.000000 0.000037
3641.000000 0.000037
3642.000000 0.000037
3643.000000 0.000037
3644.000000 0.000037
3645.000000 0.000036
3646.000000 0.000036
3647.000000 0.000036
3648.000000 0.000036
3649.000000 0.000036
3650.000000 0.000035
3651.000000 0.000035
3652.000000 0.000035
3653.000000 0.000035
3654.000000 0.000034
3655.000000 0.000034
3656.000000 0.000034
3657.000000 0.000034
3658.000000 0.000034
3659.000000 0.000033
3660.000000 0.000033
3661.000000 0.000033
3662.000000 0.000033
3663.000000 0.000033
3664.000000 0.000032
3665.000000 0.000032
3666.000000 0.000032
3667.000000 0.000032
3668.000000 0.000032
3669.000000 0.000031
3670.000000 0.000031
3671.000000 0.000031
3672.000000 0.000031
3673.000000 0.000031
3674.000000 0.000030
3675.000000 0.000030
3676.000000 0.000030
3677.000000 0.000030
3678.000000 0.000030
3679.000000 0.000029
3680.000000 0.000029
3681.000000 0.000029
3682.000000 0.000029
3683.000000 0.000029
3684.000000 0.000028
3685.000000 0.000028
3686.000000 0.000028
3687.000000 0.000028
3688.000000 0.000028
3689.000000 0.000027
3690.000000 0.000027
3691.000000 0.000027
3692.000000 0.000027
3693.000000 0.000027
3694.000000 0.000026
3695.000000 0.000026
3696.000000 0.000026
3697.000000 0.000026
3698.000000 0.000026
3699.000000 0.000025
3700.000000 0.000025
3701.000000 0.000025
3702.000000 0.000025
3703.000000 0.000025
3704.000000 0.000024
3705.000000 0.000024
3706.000000 0.000024
3707.000000 0.000024
3708.000000 0.000024
3709.000000 0.000023
3710.000000 0.000023
3711.000000 0.000023
3712.000000 0.000023
3713.000000 0.000023
3714.000000 0.000022
3715.000000 0.000022
3716.000000 0.000022
3717.000000 0.000022
3718.000000 0.000022
3719.000000 0.000021
3720.000000 0.000021
3721.000000 0.000021
3722.000000 0.000021
3723.000000 0.000021
3724.000000 0.000021
3725.000000 0.000020
3726.000000 0.000020
3727.000000 0.000020
3728.000000 0.000020
3729.000000 0.000020
3730.000000 0.000019
3731.000000 0.000019
3732.000000 0.000019
3733.000000 0.000019
3734.000000 0.000019
3735.000000 0.000018
3736.000000 0.000018
3737.000000 0.000018
3738.000000 0.000018
3739.000000 0.000018
3740.000000 0.000018
3741.000000 0.000017
3742.000000 0.000017
3743.000000 0.000017
3744.000000 0.000017
3745.000000 0.000017
3746.000000 0.000017
3747.000000 0.000016
3748.000000 0.000016
3749.000000 0.000016
3750.000000 0.000016
3751.000000 0.000016
3752.000000 0.000015
3753.000000 0.000015
3754.000000 0.000015
3755.000000 0.000015
3756.000000 0.000015
3757.000000 0.000015
3758.000000 0.000014
3759.000000 0.000014
3760.000000 0.000014
3761.000000 0.000014
3762.000000 0.000014
3763.000000 0.000014
3764.000000 0.000013
3765.000000 0.000013
3766.000000 0.000013
3767.000000 0.000013
3768.000000 0.000013
3769.000000 0.000013
3770.000000 0.000012
3771.000000 0.000012
3772.000000 0.000012
3773.000000 0.000012
3774.000000 0.000012
3775.000000 0.000012
3776.000000 0.000012
3777.000000 0.000011
3778.000000 0.000011
3779.000000 0.000011
3780.000000 0.000011
3781.000000 0.000011
3782.000000 0.000011
3783.000000 0.000010
3784.000000 0.000010
3785.000000 0.000010
3786.000000 0.000010
3787.000000 0.000010
3788.000000 0.000010
3789.000000 0.000010
3790.000000 0.000009
3791.000000 0.000009
3792.000000 0.000009
3793.000000 0.000009
3794.000000 0.000009
3795.000000 0.000009
3796.000000 0.000009
3797.000000 0.000009
3798.000000 0.000008
3799.000000 0.000008
3800.000000 0.000008
3801.000000 0.000008
3802.000000 0.000008
3803.000000 0.000008
3804.000000 0.000008
3805.000000 0.000007
3806.000000 0.000007
3807.000000 0.000007
3808.000000 0.000007
3809.000000 0.000007
3810.000000 0.000007
3811.000000 0.000007
3812.000000 0.000007
3813.000000 0.000007
3814.000000 0.000006
3815.000000 0.000006
3816.000000 0.000006
3817.000000 0.000006
3818.000000 0.000006
3819.000000 0.000006
3820.000000 0.000006
3821.000000 0.000006
3822.000000 0.000006
3823.000000 0.000005
3824.000000 0.000005
3825.000000 0.000005
3826.000000 0.000005
3827.000000 0.000005
3828.000000 0.000005
3829.000000 0.000005
3830.000000 0.000005
3831.000000 0.000005
3832.000000 0.000005
3833.000000 0.000004
3834.000000 0.000004
3835.000000 0.000004
3836.000000 0.000004
3837.000000 0.000004
3838.000000 0.000004
3839.000000 0.000004
3840.000000 0.000004
3841.000000 0.000004
3842.000000 0.000004
3843.000000 0.000004
3844.000000 0.000003
3845.000000 0.000003
3846.000000 0.000003
3847.000000 0.000003
3848.000000 0.000003
3849.000000 0.000003
3850.000000 0.000003
3851.000000 0.000003
3852.000000 0.000003
3853.000000 0.000003
3854.000000 0.000003
3855.000000 0.000003
3856.000000 0.000003
3857.000000 0.000003
3858.000000 0.000002
3859.000000 0.000002
3860.000000 0.000002
3861.000000 0.000002
3862.000000 0.000002
3863.000000 0.000002
3864.000000 0.000002
3865.000000 0.000002
3866.000000 0.000002
3867.000000 0.000002
3868.000000 0.000002
3869.000000 0.000002
3870.000000 0.000002
3871.000000 0.000002
3872.000000 0.000002
3873.000000 0.000002
3874.000000 0.000002
3875.000000 0.000002
3876.000000 0.000001
3877.000000 0.000001
3878.000000 0.000001
3879.000000 0.000001
3880.000000 0.000001
3881.000000 0.000001
3882.000000 0.000001
3883.000000 0.000001
3884.000000 0.000001
3885.000000 0.000001
3886.000000 0.000001
3887.000000 0.000001
3888.000000 0.000001
3889.000000 0.000001
3890.000000 0.000001
3891.000000 0.000001
3892.000000 0.000001
3893.000000 0.000001
3894.000000 0.000001
3895.000000 0.000001
3896.000000 0.000001
3897.000000 0.000001
3898.000000 0.000001
3899.000000 0.000001
3900.000000 0.000001
3901.000000 0.000001
3902.000000 0.000001
3903.000000 0.000001
3904.000000 0.000001
3905.000000 0.000001
3906.000000 0.000001
3907.000000 0.000000
3908.000000 0.000000
3909.000000 0.000000
3910.000000 0.000000
3911.000000 0.000000
3912.000000 0.000000
3913.000000 0.000000
3914.000000 0.000000
3915.000000 0.000000
3916.000000 0.000000
3917.000000 0.000000
3918.000000 0.000000
3919.000000 0.000000
3920.000000 0.000000
3921.000000 0.000000
3922.000000 0.000000
3923.000000 0.000000
3924.000000 0.000000
3925.000000 0.000000
3926.000000 0.000000
3927.000000 0.000000
3928.000000 0.000000
3929.000000 0.000000
3930.000000 0.000000
3931.000000 0.000000
3932.000000 0.000000
3933.000000 0.000000
3934.000000 0.000000
3935.000000 0.000000
3936.000000 0.000000
3937.000000 0.000000
3938.000000 0.000000
3939.000000 0.000000
3940.000000 0.000000
3941.000000 0.000000
3942.000000 0.000000
3943.000000 0.000000
3944.000000 0.000000
3945.000000 0.000000
3946.000000 0.000000
3947.000000 0.000000
3948.000000 0.000000
3949.000000 0.000000
3950.000000 0.000000
3951.000000 0.000000
3952.000000 0.000000
3953.000000 0.000000
3954.000000 0.000000
3955.000000 0.000000
3956.000000 0.000000
3957.000000 0.000000
3958.000000 0.000000
3959.000000 0.000000
3960.000000 0.000000
3961.000000 0.000000
3962.000000 0.000000
3963.000000 0.000000
3964.000000 0.000000
3965.000000 0.000000
3966.000000 0.000000
3967.000000 0.000000
3968.000000 0.000000
3969.000000 0.000000
3970.000000 0.000000
3971.000000 0.000000
3972.000000 0.000000
3973.000000 0.000000
3974.000000 0.000000
3975.000000 0.000000
3976.000000 0.000000
3977.000000 0.000000
3978.000000 0.000000
3979.000000 0.000000
3980.000000 0.000000
3981.000000 0.000000
3982.000000 0.000000
3983.000000 0.000000
3984.000000 0.000000
3985.000000 0.000000
3986.000000 0.000000
3987.000000 0.000000
3988.000000 0.000000
3989.000000 0.000000
3990.000000 0.000000
3991.000000 0.000000
3992.000000 0.000000
3993.000000 0.000000
3994.000000 0.000000
3995.000000 0.000000
3996.000000 0.000000
3997.000000 0.000000
3998.000000 0.000000
3999.000000 0.000000
4000.000000 0.000000
