n lam mean variance std
4000 0.360000 2000.500000 291687.868125 540.081353
bin_midpoint probability
1.000000 0.000000
2.000000 0.000000
3.000000 0.000000
4.000000 0.000000
5.000000 0.000000
6.000000 0.000000
7.000000 0.000000
8.000000 0.000000
9.000000 0.000000
10.000000 0.000000
11.000000 0.000000
12.000000 0.000000
13.000000 0.000000
14.000000 0.000000
15.000000 0.000000
16.000000 0.000000
17.000000 0.000000
18.000000 0.000000
19.000000 0.000000
20.000000 0.000000
21.000000 0.000000
22.000000 0.000000
23.000000 0.000000
24.000000 0.000000
25.000000 0.000000
26.000000 0.000000
27.000000 0.000000
28.000000 0.000000
29.000000 0.000000
30.000000 0.000000
31.000000 0.000000
32.000000 0.000000
33.000000 0.000000
34.000000 0.000000
35.000000 0.000000
36.000000 0.000000
37.000000 0.000000
38.000000 0.000000
39.000000 0.000000
40.000000 0.000000
41.000000 0.000000
42.000000 0.000000
43.000000 0.000000
44.000000 0.000000
45.000000 0.000000
46.000000 0.000000
47.000000 0.000000
48.000000 0.000000
49.000000 0.000000
50.000000 0.000000
51.000000 0.000000
52.000000 0.000000
53.000000 0.000000
54.000000 0.000000
55.000000 0.000000
56.000000 0.000000
57.000000 0.000000
58.000000 0.000000
59.000000 0.000000
60.000000 0.000000
61.000000 0.000000
62.000000 0.000000
63.000000 0.000000
64.000000 0.000000
65.000000 0.000000
66.000000 0.000000
67.000000 0.000000
68.000000 0.000000
69.000000 0.000000
70.000000 0.000000
71.000000 0.000000
72.000000 0.000000
73.000000 0.000000
74.000000 0.000000
75.000000 0.000000
76.000000 0.000000
77.000000 0.000000
78.000000 0.000000
79.000000 0.000000
80.000000 0.000000
81.000000 0.000000
82.000000 0.000000
83.000000 0.000000
84.000000 0.000000
85.000000 0.000000
86.000000 0.000000
87.000000 0.000000
88.000000 0.000000
89.000000 0.000000
90.000000 0.000000
91.000000 0.000000
92.000000 0.000000
93.000000 0.000000
94.000000 0.000000
95.000000 0.000000
96.000000 0.000000
97.000000 0.000000
98.000000 0.000000
99.000000 0.000000
100.000000 0.000000
101.000000 0.000000
102.000000 0.000000
103.000000 0.000000
104.000000 0.000000
105.000000 0.000000
106.000000 0.000000
107.000000 0.000000
108.000000 0.000000
109.000000 0.000000
110.000000 0.000000
111.000000 0.000000
112.000000 0.000000
113.000000 0.000000
114.000000 0.000000
115.000000 0.000000
116.000000 0.000000
117.000000 0.000000
118.000000 0.000000
119.000000 0.000000
120.000000 0.000000
121.000000 0.000000
122.000000 0.000000
123.000000 0.000000
124.000000 0.000000
125.000000 0.000000
126.000000 0.000000
127.000000 0.000000
128.000000 0.000000
129.000000 0.000000
130.000000 0.000000
131.000000 0.000000
132.000000 0.000000
133.000000 0.000000
134.000000 0.000000
135.000000 0.000000
136.000000 0.000000
137.000000 0.000000
138.000000 0.000000
139.000000 0.000000
140.000000 0.000000
141.000000 0.000000
142.000000 0.000000
143.000000 0.000000
144.000000 0.000000
145.000000 0.000000
146.000000 0.000000
147.000000 0.000000
148.000000 0.000000
149.000000 0.000000
150.000000 0.000000
151.000000 0.000000
152.000000 0.000000
153.000000 0.000000
154.000000 0.000000
155.000000 0.000000
156.000000 0.000000
157.000000 0.000000
158.000000 0.000000
159.000000 0.000000
160.000000 0.000000
161.000000 0.000000
162.000000 0.000000
163.000000 0.000000
164.000000 0.000000
165.000000 0.000000
166.000000 0.000000
167.000000 0.000000
168.000000 0.000000
169.000000 0.000000
170.000000 0.000000
171.000000 0.000000
172.000000 0.000000
173.000000 0.000000
174.000000 0.000000
175.000000 0.000000
176.000000 0.000000
177.000000 0.000000
178.000000 0.000000
179.000000 0.000000
180.000000 0.000000
181.000000 0.000000
182.000000 0.000000
183.000000 0.000000
184.000000 0.000000
185.000000 0.000000
186.000000 0.000000
187.000000 0.000000
188.000000 0.000000
189.000000 0.000000
190.000000 0.000000
191.000000 0.000000
192.000000 0.000000
193.000000 0.000000
194.000000 0.000000
195.000000 0.000000
196.000000 0.000000
197.000000 0.000000
198.000000 0.000000
199.000000 0.000000
200.000000 0.000000
201.000000 0.000000
202.000000 0.000000
203.000000 0.000000
204.000000 0.000000
205.000000 0.000000
206.000000 0.000000
207.000000 0.000000
208.000000 0.000000
209.000000 0.000000
210.000000 0.000000
211.000000 0.000000
212.000000 0.000000
213.000000 0.000000
214.000000 0.000000
215.000000 0.000000
216.000000 0.000000
217.000000 0.000000
218.000000 0.000000
219.000000 0.000000
220.000000 0.000000
221.000000 0.000000
222.000000 0.000000
223.000000 0.000000
224.000000 0.000000
225.000000 0.000000
226.000000 0.000000
227.000000 0.000000
228.000000 0.000000
229.000000 0.000000
230.000000 0.000000
231.000000 0.000000
232.000000 0.000000
233.000000 0.000000
234.000000 0.000000
235.000000 0.000000
236.000000 0.000000
237.000000 0.000000
238.000000 0.000000
239.000000 0.000000
240.000000 0.000000
241.000000 0.000000
242.000000 0.000000
243.000000 0.000000
244.000000 0.000000
245.000000 0.000000
246.000000 0.000000
247.000000 0.000000
248.000000 0.000000
249.000000 0.000000
250.000000 0.000000
251.000000 0.000000
252.000000 0.000000
253.000000 0.000000
254.000000 0.000000
255.000000 0.000000
256.000000 0.000000
257.000000 0.000000
258.000000 0.000000
259.000000 0.000000
260.000000 0.000000
261.000000 0.000000
262.000000 0.000000
263.000000 0.000000
264.000000 0.000000
265.000000 0.000000
266.000000 0.000000
267.000000 0.000000
268.000000 0.000000
269.000000 0.000000
270.000000 0.000000
271.000000 0.000000
272.000000 0.000000
273.000000 0.000000
274.000000 0.000000
275.000000 0.000000
276.000000 0.000000
277.000000 0.000000
278.000000 0.000000
279.000000 0.000000
280.000000 0.000000
281.000000 0.000000
282.000000 0.000000
283.000000 0.000000
284.000000 0.000000
285.000000 0.000000
286.000000 0.000000
287.000000 0.000000
288.000000 0.000000
289.000000 0.000000
290.000000 0.000000
291.000000 0.000000
292.000000 0.000000
293.000000 0.000000
294.000000 0.000000
295.000000 0.000000
296.000000 0.000000
297.000000 0.000000
298.000000 0.000000
299.000000 0.000000
300.000000 0.000000
301.000000 0.000000
302.000000 0.000000
303.000000 0.000000
304.000000 0.000000
305.000000 0.000000
306.000000 0.000000
307.000000 0.000000
308.000000 0.000000
309.000000 0.000000
310.000000 0.000000
311.000000 0.000000
312.000000 0.000000
313.000000 0.000000
314.000000 0.000000
315.000000 0.000000
316.000000 0.000000
317.000000 0.000000
318.000000 0.000000
319.000000 0.000000
320.000000 0.000000
321.000000 0.000000
322.000000 0.000000
323.000000 0.000000
324.000000 0.000000
325.000000 0.000000
326.000000 0.000000
327.000000 0.000000
328.000000 0.000000
329.000000 0.000000
330.000000 0.000000
331.000000 0.000000
332.000000 0.000000
333.000000 0.000000
334.000000 0.000000
335.000000 0.000000
336.000000 0.000000
337.000000 0.000000
338.000000 0.000000
339.000000 0.000000
340.000000 0.000000
341.000000 0.000000
342.000000 0.000000
343.000000 0.000000
344.000000 0.000000
345.000000 0.000000
346.000000 0.000000
347.000000 0.000000
348.000000 0.000000
349.000000 0.000000
350.000000 0.000000
351.000000 0.000000
352.000000 0.000000
353.000000 0.000000
354.000000 0.000001
355.000000 0.000001
356.000000 0.000001
357.000000 0.000001
358.000000 0.000001
359.000000 0.000001
360.000000 0.000001
361.000000 0.000001
362.000000 0.000001
363.000000 0.000001
364.000000 0.000001
365.000000 0.000001
366.000000 0.000001
367.000000 0.000001
368.000000 0.000001
369.000000 0.000001
370.000000 0.000001
371.000000 0.000001
372.000000 0.000001
373.000000 0.000001
374.000000 0.000001
375.000000 0.000001
376.000000 0.000001
377.000000 0.000001
378.000000 0.000001
379.000000 0.000001
380.000000 0.000001
381.000000 0.000001
382.000000 0.000001
383.000000 0.000001
384.000000 0.000001
385.000000 0.000001
386.000000 0.000001
387.000000 0.000001
388.000000 0.000001
389.000000 0.000001
390.000000 0.000001
391.000000 0.000001
392.000000 0.000001
393.000000 0.000001
394.000000 0.000001
395.000000 0.000001
396.000000 0.000001
397.000000 0.000001
398.000000 0.000001
399.000000 0.000001
400.000000 0.000001
401.000000 0.000001
402.000000 0.000001
403.000000 0.000001
404.000000 0.000001
405.000000 0.000001
406.000000 0.000001
407.000000 0.000001
408.000000 0.000001
409.000000 0.000001
410.000000 0.000001
411.000000 0.000001
412.000000 0.000001
413.000000 0.000001
414.000000 0.000001
415.000000 0.000002
416.000000 0.000002
417.000000 0.000002
418.000000 0.000002
419.000000 0.000002
420.000000 0.000002
421.000000 0.000002
422.000000 0.000002
423.000000 0.000002
424.000000 0.000002
425.000000 0.000002
426.000000 0.000002
427.000000 0.000002
428.000000 0.000002
429.000000 0.000002
430.000000 0.000002
431.000000 0.000002
432.000000 0.000002
433.000000 0.000002
434.000000 0.000002
435.000000 0.000002
436.000000 0.000002
437.000000 0.000002
438.000000 0.000002
439.000000 0.000002
440.000000 0.000002
441.000000 0.000002
442.000000 0.000002
443.000000 0.000002
444.000000 0.000002
445.000000 0.000002
446.000000 0.000002
447.000000 0.000002
448.000000 0.000003
449.000000 0.000003
450.000000 0.000003
451.000000 0.000003
452.000000 0.000003
453.000000 0.000003
454.000000 0.000003
455.000000 0.000003
456.000000 0.000003
457.000000 0.000003
458.000000 0.000003
459.000000 0.000003
460.000000 0.000003
461.000000 0.000003
462.000000 0.000003
463.000000 0.000003
464.000000 0.000003
465.000000 0.000003
466.000000 0.000003
467.000000 0.000003
468.000000 0.000003
469.000000 0.000003
470.000000 0.000003
471.000000 0.000003
472.000000 0.000003
473.000000 0.000004
474.000000 0.000004
475.000000 0.000004
476.000000 0.000004
477.000000 0.000004
478.000000 0.000004
479.000000 0.000004
480.000000 0.000004
481.000000 0.000004
482.000000 0.000004
483.000000 0.000004
484.000000 0.000004
485.000000 0.000004
486.000000 0.000004
487.000000 0.000004
488.000000 0.000004
489.000000 0.000004
490.000000 0.000004
491.000000 0.000004
492.000000 0.000004
493.000000 0.000005
494.000000 0.000005
495.000000 0.000005
496.000000 0.000005
497.000000 0.000005
498.000000 0.000005
499.000000 0.000005
500.000000 0.000005
501.000000 0.000005
502.000000 0.000005
503.000000 0.000005
504.000000 0.000005
505.000000 0.000005
506.000000 0.000005
507.000000 0.000005
508.000000 0.000005
509.000000 0.000006
510.000000 0.000006
511.000000 0.000006
512.000000 0.000006
513.000000 0.000006
514.000000 0.000006
515.000000 0.000006
516.000000 0.000006
517.000000 0.000006
518.000000 0.000006
519.000000 0.000006
520.000000 0.000006
521.000000 0.000006
522.000000 0.000006
523.000000 0.000006
524.000000 0.000007
525.000000 0.000007
526.000000 0.000007
527.000000 0.000007
528.000000 0.000007
529.000000 0.000007
530.000000 0.000007
531.000000 0.000007
532.000000 0.000007
533.000000 0.000007
534.000000 0.000007
535.000000 0.000007
536.000000 0.000008
537.000000 0.000008
538.000000 0.000008
539.000000 0.000008
540.000000 0.000008
541.000000 0.000008
542.000000 0.000008
543.000000 0.000008
544.000000 0.000008
545.000000 0.000008
546.000000 0.000008
547.000000 0.000008
548.000000 0.000009
549.000000 0.000009
550.000000 0.000009
551.000000 0.000009
552.000000 0.000009
553.000000 0.000009
554.000000 0.000009
555.000000 0.000009
556.000000 0.000009
557.000000 0.000009
558.000000 0.000009
559.000000 0.000010
560.000000 0.000010
561.000000 0.000010
562.000000 0.000010
563.000000 0.000010
564.000000 0.000010
565.000000 0.000010
566.000000 0.000010
567.000000 0.000010
568.000000 0.000010
569.000000 0.000011
570.000000 0.000011
571.000000 0.000011
572.000000 0.000011
573.000000 0.000011
574.000000 0.000011
575.000000 0.000011
576.000000 0.000011
577.000000 0.000011
578.000000 0.000012
579.000000 0.000012
580.000000 0.000012
581.000000 0.000012
582.000000 0.000012
583.000000 0.000012
584.000000 0.000012
585.000000 0.000012
586.000000 0.000013
587.000000 0.000013
588.000000 0.000013
589.000000 0.000013
590.000000 0.000013
591.000000 0.000013
592.000000 0.000013
593.000000 0.000013
594.000000 0.000013
595.000000 0.000014
596.000000 0.000014
597.000000 0.000014
598.000000 0.000014
599.000000 0.000014
600.000000 0.000014
601.000000 0.000014
602.000000 0.000015
603.000000 0.000015
604.000000 0.000015
605.000000 0.000015
606.000000 0.000015
607.000000 0.000015
608.000000 0.000015
609.000000 0.000015
610.000000 0.000016
611.000000 0.000016
612.000000 0.000016
613.000000 0.000016
614.000000 0.000016
615.000000 0.000016
616.000000 0.000016
617.000000 0.000017
618.000000 0.000017
619.000000 0.000017
620.000000 0.000017
621.000000 0.000017
622.000000 0.000017
623.000000 0.000018
624.000000 0.000018
625.000000 0.000018
626.000000 0.000018
627.000000 0.000018
628.000000 0.000018
629.000000 0.000018
630.000000 0.000019
631.000000 0.000019
632.000000 0.000019
633.000000 0.000019
634.000000 0.000019
635.000000 0.000019
636.000000 0.000020
637.000000 0.000020
638.000000 0.000020
639.000000 0.000020
640.000000 0.000020
641.000000 0.000020
642.000000 0.000021
643.000000 0.000021
644.000000 0.000021
645.000000 0.000021
646.000000 0.000021
647.000000 0.000021
648.000000 0.000022
649.000000 0.000022
650.000000 0.000022
651.000000 0.000022
652.000000 0.000022
653.000000 0.000023
654.000000 0.000023
655.000000 0.000023
656.000000 0.000023
657.000000 0.000023
658.000000 0.000023
659.000000 0.000024
660.000000 0.000024
661.000000 0.000024
662.000000 0.000024
663.000000 0.000024
664.000000 0.000025
665.000000 0.000025
666.000000 0.000025
667.000000 0.000025
668.000000 0.000025
669.000000 0.000026
670.000000 0.000026
671.000000 0.000026
672.000000 0.000026
673.000000 0.000026
674.000000 0.000027
675.000000 0.000027
676.000000 0.000027
677.000000 0.000027
678.000000 0.000027
679.000000 0.000028
680.000000 0.000028
681.000000 0.000028
682.000000 0.000028
683.000000 0.000028
684.000000 0.000029
685.000000 0.000029
686.000000 0.000029
687.000000 0.000029
688.000000 0.000030
689.000000 0.000030
690.000000 0.000030
691.000000 0.000030
692.000000 0.000030
693.000000 0.000031
694.000000 0.000031
695.000000 0.000031
696.000000 0.000031
697.000000 0.000032
698.000000 0.000032
699.000000 0.000032
700.000000 0.000032
701.000000 0.000032
702.000000 0.000033
703.000000 0.000033
704.000000 0.000033
705.000000 0.000033
706.000000 0.000034
707.000000 0.000034
708.000000 0.000034
709.000000 0.000034
710.000000 0.000035
711.000000 0.000035
712.000000 0.000035
713.000000 0.000035
714.000000 0.000036
715.000000 0.000036
716.000000 0.000036
717.000000 0.000036
718.000000 0.000037
719.000000 0.000037
720.000000 0.000037
721.000000 0.000037
722.000000 0.000038
723.000000 0.000038
724.000000 0.000038
725.000000 0.000038
726.000000 0.000039
727.000000 0.000039
728.000000 0.000039
729.000000 0.000039
730.000000 0.000040
731.000000 0.000040
732.000000 0.000040
733.000000 0.000041
734.000000 0.000041
735.000000 0.000041
736.000000 0.000041
737.000000 0.000042
738.000000 0.000042
739.000000 0.000042
740.000000 0.000042
741.000000 0.000043
742.000000 0.000043
743.000000 0.000043
744.000000 0.000044
745.000000 0.000044
746.000000 0.000044
747.000000 0.000044
748.000000 0.000045
749.000000 0.000045
750.000000 0.000045
751.000000 0.000046
752.000000 0.000046
753.000000 0.000046
754.000000 0.000047
755.000000 0.000047
756.000000 0.000047
757.000000 0.000047
758.000000 0.000048
759.000000 0.000048
760.000000 0.000048
761.000000 0.000049
762.000000 0.000049
763.000000 0.000049
764.000000 0.000050
765.000000 0.000050
766.000000 0.000050
767.000000 0.000050
768.000000 0.000051
769.000000 0.000051
770.000000 0.000051
771.000000 0.000052
772.000000 0.000052
773.000000 0.000052
774.000000 0.000053
775.000000 0.000053
776.000000 0.000053
777.000000 0.000054
778.000000 0.000054
779.000000 0.000054
780.000000 0.000055
781.000000 0.000055
782.000000 0.000055
783.000000 0.000056
784.000000 0.000056
785.000000 0.000056
786.000000 0.000057
787.000000 0.000057
788.000000 0.000057
789.000000 0.000058
790.000000 0.000058
791.000000 0.000058
792.000000 0.000059
793.000000 0.000059
794.000000 0.000059
795.000000 0.000060
796.000000 0.000060
797.000000 0.000060
798.000000 0.000061
799.000000 0.000061
800.000000 0.000061
801.000000 0.000062
802.000000 0.000062
803.000000 0.000062
804.000000 0.000063
805.000000 0.000063
806.000000 0.000064
807.000000 0.000064
808.000000 0.000064
809.000000 0.000065
810.000000 0.000065
811.000000 0.000065
812.000000 0.000066
813.000000 0.000066
814.000000 0.000066
815.000000 0.000067
816.000000 0.000067
817.000000 0.000068
818.000000 0.000068
819.000000 0.000068
820.000000 0.000069
821.000000 0.000069
822.000000 0.000070
823.000000 0.000070
824.000000 0.000070
825.000000 0.000071
826.000000 0.000071
827.000000 0.000071
828.000000 0.000072
829.000000 0.000072
830.000000 0.000073
831.000000 0.000073
832.000000 0.000073
833.000000 0.000074
834.000000 0.000074
835.000000 0.000075
836.000000 0.000075
837.000000 0.000075
838.000000 0.000076
839.000000 0.000076
840.000000 0.000077
841.000000 0.000077
842.000000 0.000077
843.000000 0.000078
844.000000 0.000078
845.000000 0.000079
846.000000 0.000079
847.000000 0.000079
848.000000 0.000080
849.000000 0.000080
850.000000 0.000081
851.000000 0.000081
852.000000 0.000081
853.000000 0.000082
854.000000 0.000082
855.000000 0.000083
856.000000 0.000083
857.000000 0.000084
858.000000 0.000084
859.000000 0.000084
860.000000 0.000085
861.000000 0.000085
862.000000 0.000086
863.000000 0.000086
864.000000 0.000087
865.000000 0.000087
866.000000 0.000087
867.000000 0.000088
868.000000 0.000088
869.000000 0.000089
870.000000 0.000089
871.000000 0.000090
872.000000 0.000090
873.000000 0.000091
874.000000 0.000091
875.000000 0.000091
876.000000 0.000092
877.000000 0.000092
878.000000 0.000093
879.000000 0.000093
880.000000 0.000094
881.000000 0.000094
882.000000 0.000095
883.000000 0.000095
884.000000 0.000095
885.000000 0.000096
886.000000 0.000096
887.000000 0.000097
888.000000 0.000097
889.000000 0.000098
890.000000 0.000098
891.000000 0.000099
892.000000 0.000099
893.000000 0.000100
894.000000 0.000100
895.000000 0.000101
896.000000 0.000101
897.000000 0.000101
898.000000 0.000102
899.000000 0.000102
900.000000 0.000103
901.000000 0.000103
902.000000 0.000104
903.000000 0.000104
904.000000 0.000105
905.000000 0.000105
906.000000 0.000106
907.000000 0.000106
908.000000 0.000107
909.000000 0.000107
910.000000 0.000108
911.000000 0.000108
912.000000 0.000109
913.000000 0.000109
914.000000 0.000110
915.000000 0.000110
916.000000 0.000111
917.000000 0.000111
918.000000 0.000112
919.000000 0.000112
920.000000 0.000113
921.000000 0.000113
922.000000 0.000114
923.000000 0.000114
924.000000 0.000115
925.000000 0.000115
926.000000 0.000116
927.000000 0.000116
928.000000 0.000117
929.000000 0.000117
930.000000 0.000118
931.000000 0.000118
932.000000 0.000119
933.000000 0.000119
934.000000 0.000120
935.000000 0.000120
936.000000 0.000121
937.000000 0.000121
938.000000 0.000122
939.000000 0.000122
940.000000 0.000123
941.000000 0.000123
942.000000 0.000124
943.000000 0.000124
944.000000 0.000125
945.000000 0.000125
946.000000 0.000126
947.000000 0.000126
948.000000 0.000127
949.000000 0.000128
950.000000 0.000128
951.000000 0.000129
952.000000 0.000129
953.000000 0.000130
954.000000 0.000130
955.000000 0.000131
956.000000 0.000131
957.000000 0.000132
958.000000 0.000132
959.000000 0.000133
960.000000 0.000133
961.000000 0.000134
962.000000 0.000135
963.000000 0.000135
964.000000 0.000136
965.000000 0.000136
966.000000 0.000137
967.000000 0.000137
968.000000 0.000138
969.000000 0.000138
970.000000 0.000139
971.000000 0.000139
972.000000 0.000140
973.000000 0.000141
974.000000 0.000141
975.000000 0.000142
976.000000 0.000142
977.000000 0.000143
978.000000 0.000143
979.000000 0.000144
980.000000 0.000144
981.000000 0.000145
982.000000 0.000146
983.000000 0.000146
984.000000 0.000147
985.000000 0.000147
986.000000 0.000148
987.000000 0.000148
988.000000 0.000149
989.000000 0.000150
990.000000 0.000150
991.000000 0.000151
992.000000 0.000151
993.000000 0.000152
994.000000 0.000152
995.000000 0.000153
996.000000 0.000154
997.000000 0.000154
998.000000 0.000155
999.000000 0.000155
1000.000000 0.000156
1001.000000 0.000156
1002.000000 0.000157
1003.000000 0.000158
1004.000000 0.000158
1005.000000 0.000159
1006.000000 0.000159
1007.000000 0.000160
1008.000000 0.000161
1009.000000 0.000161
1010.000000 0.000162
1011.000000 0.000162
1012.000000 0.000163
1013.000000 0.000164
1014.000000 0.000164
1015.000000 0.000165
1016.000000 0.000165
1017.000000 0.000166
1018.000000 0.000166
1019.000000 0.000167
1020.000000 0.000168
1021.000000 0.000168
1022.000000 0.000169
1023.000000 0.000169
1024.000000 0.000170
1025.000000 0.000171
1026.000000 0.000171
1027.000000 0.000172
1028.000000 0.000172
1029.000000 0.000173
1030.000000 0.000174
1031.000000 0.000174
1032.000000 0.000175
1033.000000 0.000176
1034.000000 0.000176
1035.000000 0.000177
1036.000000 0.000177
1037.000000 0.000178
1038.000000 0.000179
1039.000000 0.000179
1040.000000 0.000180
1041.000000 0.000180
1042.000000 0.000181
1043.000000 0.000182
1044.000000 0.000182
1045.000000 0.000183
1046.000000 0.000184
1047.000000 0.000184
1048.000000 0.000185
1049.000000 0.000185
1050.000000 0.000186
1051.000000 0.000187
1052.000000 0.000187
1053.000000 0.000188
1054.000000 0.000189
1055.000000 0.000189
1056.000000 0.000190
1057.000000 0.000190
1058.000000 0.000191
1059.000000 0.000192
1060.000000 0.000192
1061.000000 0.000193
1062.000000 0.000194
1063.000000 0.000194
1064.000000 0.000195
1065.000000 0.000195
1066.000000 0.000196
1067.000000 0.000197
1068.000000 0.000197
1069.000000 0.000198
1070.000000 0.000199
1071.000000 0.000199
1072.000000 0.000200
1073.000000 0.000201
1074.000000 0.000201
1075.000000 0.000202
1076.000000 0.000202
1077.000000 0.000203
1078.000000 0.000204
1079.000000 0.000204
1080.000000 0.000205
1081.000000 0.000206
1082.000000 0.000206
1083.000000 0.000207
1084.000000 0.000208
1085.000000 0.000208
1086.000000 0.000209
1087.000000 0.000210
1088.000000 0.000210
1089.000000 0.000211
1090.000000 0.000212
1091.000000 0.000212
1092.000000 0.000213
1093.000000 0.000213
1094.000000 0.000214
1095.000000 0.000215
1096.000000 0.000215
1097.000000 0.000216
1098.000000 0.000217
1099.000000 0.000217
1100.000000 0.000218
1101.000000 0.000219
1102.000000 0.000219
1103.000000 0.000220
1104.000000 0.000221
1105.000000 0.000221
1106.000000 0.000222
1107.000000 0.000223
1108.000000 0.000223
1109.000000 0.000224
1110.000000 0.000225
1111.000000 0.000225
1112.000000 0.000226
1113.000000 0.000227
1114.000000 0.000227
1115.000000 0.000228
1116.000000 0.000229
1117.000000 0.000229
1118.000000 0.000230
1119.000000 0.000231
1120.000000 0.000231
1121.000000 0.000232
1122.000000 0.000233
1123.000000 0.000233
1124.000000 0.000234
1125.000000 0.000235
1126.000000 0.000235
1127.000000 0.000236
1128.000000 0.000237
1129.000000 0.000237
1130.000000 0.000238
1131.000000 0.000239
1132.000000 0.000239
1133.000000 0.000240
1134.000000 0.000241
1135.000000 0.000241
1136.000000 0.000242
1137.000000 0.000243
1138.000000 0.000243
1139.000000 0.000244
1140.000000 0.000245
1141.000000 0.000245
1142.000000 0.000246
1143.000000 0.000247
1144.000000 0.000248
1145.000000 0.000248
1146.000000 0.000249
1147.000000 0.000250
1148.000000 0.000250
1149.000000 0.000251
1150.000000 0.000252
1151.000000 0.000252
1152.000000 0.000253
1153.000000 0.000254
1154.000000 0.000254
1155.000000 0.000255
1156.000000 0.000256
1157.000000 0.000256
1158.000000 0.000257
1159.000000 0.000258
1160.000000 0.000258
1161.000000 0.000259
1162.000000 0.000260
1163.000000 0.000261
1164.000000 0.000261
1165.000000 0.000262
1166.000000 0.000263
1167.000000 0.000263
1168.000000 0.000264
1169.000000 0.000265
1170.000000 0.000265
1171.000000 0.000266
1172.000000 0.000267
1173.000000 0.000267
1174.000000 0.000268
1175.000000 0.000269
1176.000000 0.000270
1177.000000 0.000270
1178.000000 0.000271
1179.000000 0.000272
1180.000000 0.000272
1181.000000 0.000273
1182.000000 0.000274
1183.000000 0.000274
1184.000000 0.000275
1185.000000 0.000276
1186.000000 0.000276
1187.000000 0.000277
1188.000000 0.000278
1189.000000 0.000279
1190.000000 0.000279
1191.000000 0.000280
1192.000000 0.000281
1193.000000 0.000281
1194.000000 0.000282
1195.000000 0.000283
1196.000000 0.000283
1197.000000 0.000284
1198.000000 0.000285
1199.000000 0.000286
1200.000000 0.000286
1201.000000 0.000287
1202.000000 0.000288
1203.000000 0.000288
1204.000000 0.000289
1205.000000 0.000290
1206.000000 0.000290
1207.000000 0.000291
1208.000000 0.000292
1209.000000 0.000293
1210.000000 0.000293
1211.000000 0.000294
1212.000000 0.000295
1213.000000 0.000295
1214.000000 0.000296
1215.000000 0.000297
1216.000000 0.000298
1217.000000 0.000298
1218.000000 0.000299
1219.000000 0.000300
1220.000000 0.000300
1221.000000 0.000301
1222.000000 0.000302
1223.000000 0.000302
1224.000000 0.000303
1225.000000 0.000304
1226.000000 0.000305
1227.000000 0.000305
1228.000000 0.000306
1229.000000 0.000307
1230.000000 0.000307
1231.000000 0.000308
1232.000000 0.000309
1233.000000 0.000310
1234.000000 0.000310
1235.000000 0.000311
1236.000000 0.000312
1237.000000 0.000312
1238.000000 0.000313
1239.000000 0.000314
1240.000000 0.000314
1241.000000 0.000315
1242.000000 0.000316
1243.000000 0.000317
1244.000000 0.000317
1245.000000 0.000318
1246.000000 0.000319
1247.000000 0.000319
1248.000000 0.000320
1249.000000 0.000321
1250.000000 0.000322
1251.000000 0.000322
1252.000000 0.000323
1253.000000 0.000324
1254.000000 0.000324
1255.000000 0.000325
1256.000000 0.000326
1257.000000 0.000327
1258.000000 0.000327
1259.000000 0.000328
1260.000000 0.000329
1261.000000 0.000329
1262.000000 0.000330
1263.000000 0.000331
1264.000000 0.000332
1265.000000 0.000332
1266.000000 0.000333
1267.000000 0.000334
1268.000000 0.000334
1269.000000 0.000335
1270.000000 0.000336
1271.000000 0.000337
1272.000000 0.000337
1273.000000 0.000338
1274.000000 0.000339
1275.000000 0.000339
1276.000000 0.000340
1277.000000 0.000341
1278.000000 0.000342
1279.000000 0.000342
1280.000000 0.000343
1281.000000 0.000344
1282.000000 0.000344
1283.000000 0.000345
1284.000000 0.000346
1285.000000 0.000347
1286.000000 0.000347
1287.000000 0.000348
1288.000000 0.000349
1289.000000 0.000349
1290.000000 0.000350
1291.000000 0.000351
1292.000000 0.000352
1293.000000 0.000352
1294.000000 0.000353
1295.000000 0.000354
1296.000000 0.000354
1297.000000 0.000355
1298.000000 0.000356
1299.000000 0.000357
1300.000000 0.000357
1301.000000 0.000358
1302.000000 0.000359
1303.000000 0.000359
1304.000000 0.000360
1305.000000 0.000361
1306.000000 0.000362
1307.000000 0.000362
1308.000000 0.000363
1309.000000 0.000364
1310.000000 0.000364
1311.000000 0.000365
1312.000000 0.000366
1313.000000 0.000367
1314.000000 0.000367
1315.000000 0.000368
1316.000000 0.000369
1317.000000 0.000369
1318.000000 0.000370
1319.000000 0.000371
1320.000000 0.000372
1321.000000 0.000372
1322.000000 0.000373
1323.000000 0.000374
1324.000000 0.000374
1325.000000 0.000375
1326.000000 0.000376
1327.000000 0.000377
1328.000000 0.000377
1329.000000 0.000378
1330.000000 0.000379
1331.000000 0.000379
1332.000000 0.000380
1333.000000 0.000381
1334.000000 0.000382
1335.000000 0.000382
1336.000000 0.000383
1337.000000 0.000384
1338.000000 0.000384
1339.000000 0.000385
1340.000000 0.000386
1341.000000 0.000387
1342.000000 0.000387
1343.000000 0.000388
1344.000000 0.000389
1345.000000 0.000389
1346.000000 0.000390
1347.000000 0.000391
1348.000000 0.000392
1349.000000 0.000392
1350.000000 0.000393
1351.000000 0.000394
1352.000000 0.000394
1353.000000 0.000395
1354.000000 0.000396
1355.000000 0.000397
1356.000000 0.000397
1357.000000 0.000398
1358.000000 0.000399
1359.000000 0.000399
1360.000000 0.000400
1361.000000 0.000401
1362.000000 0.000402
1363.000000 0.000402
1364.000000 0.000403
1365.000000 0.000404
1366.000000 0.000404
1367.000000 0.000405
1368.000000 0.000406
1369.000000 0.000406
1370.000000 0.000407
1371.000000 0.000408
1372.000000 0.000409
1373.000000 0.000409
1374.000000 0.000410
1375.000000 0.000411
1376.000000 0.000411
1377.000000 0.000412
1378.000000 0.000413
1379.000000 0.000414
1380.000000 0.000414
1381.000000 0.000415
1382.000000 0.000416
1383.000000 0.000416
1384.000000 0.000417
1385.000000 0.000418
1386.000000 0.000418
1387.000000 0.000419
1388.000000 0.000420
1389.000000 0.000421
1390.000000 0.000421
1391.000000 0.000422
1392.000000 0.000423
1393.000000 0.000423
1394.000000 0.000424
1395.000000 0.000425
1396.000000 0.000426
1397.000000 0.000426
1398.000000 0.000427
1399.000000 0.000428
1400.000000 0.000428
1401.000000 0.000429
1402.000000 0.000430
1403.000000 0.000430
1404.000000 0.000431
1405.000000 0.000432
1406.000000 0.000433
1407.000000 0.000433
1408.000000 0.000434
1409.000000 0.000435
1410.000000 0.000435
1411.000000 0.000436
1412.000000 0.000437
1413.000000 0.000437
1414.000000 0.000438
1415.000000 0.000439
1416.000000 0.000439
1417.000000 0.000440
1418.000000 0.000441
1419.000000 0.000442
1420.000000 0.000442
1421.000000 0.000443
1422.000000 0.000444
1423.000000 0.000444
1424.000000 0.000445
1425.000000 0.000446
1426.000000 0.000446
1427.000000 0.000447
1428.000000 0.000448
1429.000000 0.000449
1430.000000 0.000449
1431.000000 0.000450
1432.000000 0.000451
1433.000000 0.000451
1434.000000 0.000452
1435.000000 0.000453
1436.000000 0.000453
1437.000000 0.000454
1438.000000 0.000455
1439.000000 0.000455
1440.000000 0.000456
1441.000000 0.000457
1442.000000 0.000457
1443.000000 0.000458
1444.000000 0.000459
1445.000000 0.000460
1446.000000 0.000460
1447.000000 0.000461
1448.000000 0.000462
1449.000000 0.000462
1450.000000 0.000463
1451.000000 0.000464
1452.000000 0.000464
1453.000000 0.000465
1454.000000 0.000466
1455.000000 0.000466
1456.000000 0.000467
1457.000000 0.000468
1458.000000 0.000468
1459.000000 0.000469
1460.000000 0.000470
1461.000000 0.000470
1462.000000 0.000471
1463.000000 0.000472
1464.000000 0.000472
1465.000000 0.000473
1466.000000 0.000474
1467.000000 0.000474
1468.000000 0.000475
1469.000000 0.000476
1470.000000 0.000476
1471.000000 0.000477
1472.000000 0.000478
1473.000000 0.000478
1474.000000 0.000479
1475.000000 0.000480
1476.000000 0.000480
1477.000000 0.000481
1478.000000 0.000482
1479.000000 0.000482
1480.000000 0.000483
1481.000000 0.000484
1482.000000 0.000484
1483.000000 0.000485
1484.000000 0.000486
1485.000000 0.000486
1486.000000 0.000487
1487.000000 0.000488
1488.000000 0.000488
1489.000000 0.000489
1490.000000 0.000490
1491.000000 0.000490
1492.000000 0.000491
1493.000000 0.000492
1494.000000 0.000492
1495.000000 0.000493
1496.000000 0.000494
1497.000000 0.000494
1498.000000 0.000495
1499.000000 0.000496
1500.000000 0.000496
1501.000000 0.000497
1502.000000 0.000498
1503.000000 0.000498
1504.000000 0.000499
1505.000000 0.000500
1506.000000 0.000500
1507.000000 0.000501
1508.000000 0.000502
1509.000000 0.000502
1510.000000 0.000503
1511.000000 0.000504
1512.000000 0.000504
1513.000000 0.000505
1514.000000 0.000505
1515.000000 0.000506
1516.000000 0.000507
1517.000000 0.000507
1518.000000 0.000508
1519.000000 0.000509
1520.000000 0.000509
1521.000000 0.000510
1522.000000 0.000511
1523.000000 0.000511
1524.000000 0.000512
1525.000000 0.000513
1526.000000 0.000513
1527.000000 0.000514
1528.000000 0.000514
1529.000000 0.000515
1530.000000 0.000516
1531.000000 0.000516
1532.000000 0.000517
1533.000000 0.000518
1534.000000 0.000518
1535.000000 0.000519
1536.000000 0.000520
1537.000000 0.000520
1538.000000 0.000521
1539.000000 0.000521
1540.000000 0.000522
1541.000000 0.000523
1542.000000 0.000523
1543.000000 0.000524
1544.000000 0.000525
1545.000000 0.000525
1546.000000 0.000526
1547.000000 0.000526
1548.000000 0.000527
1549.000000 0.000528
1550.000000 0.000528
1551.000000 0.000529
1552.000000 0.000530
1553.000000 0.000530
1554.000000 0.000531
1555.000000 0.000531
1556.000000 0.000532
1557.000000 0.000533
1558.000000 0.000533
1559.000000 0.000534
1560.000000 0.000534
1561.000000 0.000535
1562.000000 0.000536
1563.000000 0.000536
1564.000000 0.000537
1565.000000 0.000537
1566.000000 0.000538
1567.000000 0.000539
1568.000000 0.000539
1569.000000 0.000540
1570.000000 0.000541
1571.000000 0.000541
1572.000000 0.000542
1573.000000 0.000542
1574.000000 0.000543
1575.000000 0.000544
1576.000000 0.000544
1577.000000 0.000545
1578.000000 0.000545
1579.000000 0.000546
1580.000000 0.000547
1581.000000 0.000547
1582.000000 0.000548
1583.000000 0.000548
1584.000000 0.000549
1585.000000 0.000549
1586.000000 0.000550
1587.000000 0.000551
1588.000000 0.000551
1589.000000 0.000552
1590.000000 0.000552
1591.000000 0.000553
1592.000000 0.000554
1593.000000 0.000554
1594.000000 0.000555
1595.000000 0.000555
1596.000000 0.000556
1597.000000 0.000556
1598.000000 0.000557
1599.000000 0.000558
1600.000000 0.000558
1601.000000 0.000559
1602.000000 0.000559
1603.000000 0.000560
1604.000000 0.000561
1605.000000 0.000561
1606.000000 0.000562
1607.000000 0.000562
1608.000000 0.000563
1609.000000 0.000563
1610.000000 0.000564
1611.000000 0.000565
1612.000000 0.000565
1613.000000 0.000566
1614.000000 0.000566
1615.000000 0.000567
1616.000000 0.000567
1617.000000 0.000568
1618.000000 0.000568
1619.000000 0.000569
1620.000000 0.000570
1621.000000 0.000570
1622.000000 0.000571
1623.000000 0.000571
1624.000000 0.000572
1625.000000 0.000572
1626.000000 0.000573
1627.000000 0.000573
1628.000000 0.000574
1629.000000 0.000575
1630.000000 0.000575
1631.000000 0.000576
1632.000000 0.000576
1633.000000 0.000577
1634.000000 0.000577
1635.000000 0.000578
1636.000000 0.000578
1637.000000 0.000579
1638.000000 0.000579
1639.000000 0.000580
1640.000000 0.000581
1641.000000 0.000581
1642.000000 0.000582
1643.000000 0.000582
1644.000000 0.000583
1645.000000 0.000583
1646.000000 0.000584
1647.000000 0.000584
1648.000000 0.000585
1649.000000 0.000585
1650.000000 0.000586
1651.000000 0.000586
1652.000000 0.000587
1653.000000 0.000587
1654.000000 0.000588
1655.000000 0.000588
1656.000000 0.000589
1657.000000 0.000589
1658.000000 0.000590
1659.000000 0.000590
1660.000000 0.000591
1661.000000 0.000592
1662.000000 0.000592
1663.000000 0.000593
1664.000000 0.000593
1665.000000 0.000594
1666.000000 0.000594
1667.000000 0.000595
1668.000000 0.000595
1669.000000 0.000596
1670.000000 0.000596
1671.000000 0.000597
1672.000000 0.000597
1673.000000 0.000598
1674.000000 0.000598
1675.000000 0.000599
1676.000000 0.000599
1677.000000 0.000600
1678.000000 0.000600
1679.000000 0.000601
1680.000000 0.000601
1681.000000 0.000602
1682.000000 0.000602
1683.000000 0.000603
1684.000000 0.000603
1685.000000 0.000604
1686.000000 0.000604
1687.000000 0.000604
1688.000000 0.000605
1689.000000 0.000605
1690.000000 0.000606
1691.000000 0.000606
1692.000000 0.000607
1693.000000 0.000607
1694.000000 0.000608
1695.000000 0.000608
1696.000000 0.000609
1697.000000 0.000609
1698.000000 0.000610
1699.000000 0.000610
1700.000000 0.000611
1701.000000 0.000611
1702.000000 0.000612
1703.000000 0.000612
1704.000000 0.000612
1705.000000 0.000613
1706.000000 0.000613
1707.000000 0.000614
1708.000000 0.000614
1709.000000 0.000615
1710.000000 0.000615
1711.000000 0.000616
1712.000000 0.000616
1713.000000 0.000617
1714.000000 0.000617
1715.000000 0.000617
1716.000000 0.000618
1717.000000 0.000618
1718.000000 0.000619
1719.000000 0.000619
1720.000000 0.000620
1721.000000 0.000620
1722.000000 0.000621
1723.000000 0.000621
1724.000000 0.000621
1725.000000 0.000622
1726.000000 0.000622
1727.000000 0.000623
1728.000000 0.000623
1729.000000 0.000624
1730.000000 0.000624
1731.000000 0.000624
1732.000000 0.000625
1733.000000 0.000625
1734.000000 0.000626
1735.000000 0.000626
1736.000000 0.000627
1737.000000 0.000627
1738.000000 0.000627
1739.000000 0.000628
1740.000000 0.000628
1741.000000 0.000629
1742.000000 0.000629
1743.000000 0.000629
1744.000000 0.000630
1745.000000 0.000630
1746.000000 0.000631
1747.000000 0.000631
1748.000000 0.000632
1749.000000 0.000632
1750.000000 0.000632
1751.000000 0.000633
1752.000000 0.000633
1753.000000 0.000634
1754.000000 0.000634
1755.000000 0.000634
1756.000000 0.000635
1757.000000 0.000635
1758.000000 0.000635
1759.000000 0.000636
1760.000000 0.000636
1761.000000 0.000637
1762.000000 0.000637
1763.000000 0.000637
1764.000000 0.000638
1765.000000 0.000638
1766.000000 0.000639
1767.000000 0.000639
1768.000000 0.000639
1769.000000 0.000640
1770.000000 0.000640
1771.000000 0.000640
1772.000000 0.000641
1773.000000 0.000641
1774.000000 0.000642
1775.000000 0.000642
1776.000000 0.000642
1777.000000 0.000643
1778.000000 0.000643
1779.000000 0.000643
1780.000000 0.000644
1781.000000 0.000644
1782.000000 0.000644
1783.000000 0.000645
1784.000000 0.000645
1785.000000 0.000645
1786.000000 0.000646
1787.000000 0.000646
1788.000000 0.000647
1789.000000 0.000647
1790.000000 0.000647
1791.000000 0.000648
1792.000000 0.000648
1793.000000 0.000648
1794.000000 0.000649
1795.000000 0.000649
1796.000000 0.000649
1797.000000 0.000650
1798.000000 0.000650
1799.000000 0.000650
1800.000000 0.000651
1801.000000 0.000651
1802.000000 0.000651
1803.000000 0.000652
1804.000000 0.000652
1805.000000 0.000652
1806.000000 0.000653
1807.000000 0.000653
1808.000000 0.000653
1809.000000 0.000653
1810.000000 0.000654
1811.000000 0.000654
1812.000000 0.000654
1813.000000 0.000655
1814.000000 0.000655
1815.000000 0.000655
1816.000000 0.000656
1817.000000 0.000656
1818.000000 0.000656
1819.000000 0.000657
1820.000000 0.000657
1821.000000 0.000657
1822.000000 0.000657
1823.000000 0.000658
1824.000000 0.000658
1825.000000 0.000658
1826.000000 0.000659
1827.000000 0.000659
1828.000000 0.000659
1829.000000 0.000659
1830.000000 0.000660
1831.000000 0.000660
1832.000000 0.000660
1833.000000 0.000661
1834.000000 0.000661
1835.000000 0.000661
1836.000000 0.000661
1837.000000 0.000662
1838.000000 0.000662
1839.000000 0.000662
1840.000000 0.000663
1841.000000 0.000663
1842.000000 0.000663
1843.000000 0.000663
1844.000000 0.000664
1845.000000 0.000664
1846.000000 0.000664
1847.000000 0.000664
1848.000000 0.000665
1849.000000 0.000665
1850.000000 0.000665
1851.000000 0.000665
1852.000000 0.000666
1853.000000 0.000666
1854.000000 0.000666
1855.000000 0.000666
1856.000000 0.000667
1857.000000 0.000667
1858.000000 0.000667
1859.000000 0.000667
1860.000000 0.000668
1861.000000 0.000668
1862.000000 0.000668
1863.000000 0.000668
1864.000000 0.000668
1865.000000 0.000669
1866.000000 0.000669
1867.000000 0.000669
1868.000000 0.000669
1869.000000 0.000670
1870.000000 0.000670
1871.000000 0.000670
1872.000000 0.000670
1873.000000 0.000670
1874.000000 0.000671
1875.000000 0.000671
1876.000000 0.000671
1877.000000 0.000671
1878.000000 0.000672
1879.000000 0.000672
1880.000000 0.000672
1881.000000 0.000672
1882.000000 0.000672
1883.000000 0.000673
1884.000000 0.000673
1885.000000 0.000673
1886.000000 0.000673
1887.000000 0.000673
1888.000000 0.000673
1889.000000 0.000674
1890.000000 0.000674
1891.000000 0.000674
1892.000000 0.000674
1893.000000 0.000674
1894.000000 0.000675
1895.000000 0.000675
1896.000000 0.000675
1897.000000 0.000675
1898.000000 0.000675
1899.000000 0.000675
1900.000000 0.000676
1901.000000 0.000676
1902.000000 0.000676
1903.000000 0.000676
1904.000000 0.000676
1905.000000 0.000676
1906.000000 0.000677
1907.000000 0.000677
1908.000000 0.000677
1909.000000 0.000677
1910.000000 0.000677
1911.000000 0.000677
1912.000000 0.000678
1913.000000 0.000678
1914.000000 0.000678
1915.000000 0.000678
1916.000000 0.000678
1917.000000 0.000678
1918.000000 0.000678
1919.000000 0.000679
1920.000000 0.000679
1921.000000 0.000679
1922.000000 0.000679
1923.000000 0.000679
1924.000000 0.000679
1925.000000 0.000679
1926.000000 0.000680
1927.000000 0.000680
1928.000000 0.000680
1929.000000 0.000680
1930.000000 0.000680
1931.000000 0.000680
1932.000000 0.000680
1933.000000 0.000680
1934.000000 0.000680
1935.000000 0.000681
1936.000000 0.000681
1937.000000 0.000681
1938.000000 0.000681
1939.000000 0.000681
1940.000000 0.000681
1941.000000 0.000681
1942.000000 0.000681
1943.000000 0.000681
1944.000000 0.000682
1945.000000 0.000682
1946.000000 0.000682
1947.000000 0.000682
1948.000000 0.000682
1949.000000 0.000682
1950.000000 0.000682
1951.000000 0.000682
1952.000000 0.000682
1953.000000 0.000682
1954.000000 0.000682
1955.000000 0.000682
1956.000000 0.000683
1957.000000 0.000683
1958.000000 0.000683
1959.000000 0.000683
1960.000000 0.000683
1961.000000 0.000683
1962.000000 0.000683
1963.000000 0.000683
1964.000000 0.000683
1965.000000 0.000683
1966.000000 0.000683
1967.000000 0.000683
1968.000000 0.000683
1969.000000 0.000683
1970.000000 0.000683
1971.000000 0.000684
1972.000000 0.000684
1973.000000 0.000684
1974.000000 0.000684
1975.000000 0.000684
1976.000000 0.000684
1977.000000 0.000684
1978.000000 0.000684
1979.000000 0.000684
1980.000000 0.000684
1981.000000 0.000684
1982.000000 0.000684
1983.000000 0.000684
1984.000000 0.000684
1985.000000 0.000684
1986.000000 0.000684
1987.000000 0.000684
1988.000000 0.000684
1989.000000 0.000684
1990.000000 0.000684
1991.000000 0.000684
1992.000000 0.000684
1993.000000 0.000684
1994.000000 0.000684
1995.000000 0.000684
1996.000000 0.000684
1997.000000 0.000684
1998.000000 0.000684
1999.000000 0.000684
2000.000000 0.000684
2001.000000 0.000684
2002.000000 0.000684
2003.000000 0.000684
2004.000000 0.000684
2005.000000 0.000684
2006.000000 0.000684
2007.000000 0.000684
2008.000000 0.000684
2009.000000 0.000684
2010.000000 0.000684
2011.000000 0.000684
2012.000000 0.000684
2013.000000 0.000684
2014.000000 0.000684
2015.000000 0.000684
2016.000000 0.000684
2017.000000 0.000684
2018.000000 0.000684
2019.000000 0.000684
2020.000000 0.000684
2021.000000 0.000684
2022.000000 0.000684
2023.000000 0.000684
2024.000000 0.000684
2025.000000 0.000684
2026.000000 0.000684
2027.000000 0.000684
2028.000000 0.000684
2029.000000 0.000684
2030.000000 0.000684
2031.000000 0.000683
2032.000000 0.000683
2033.000000 0.000683
2034.000000 0.000683
2035.000000 0.000683
2036.000000 0.000683
2037.000000 0.000683
2038.000000 0.000683
2039.000000 0.000683
2040.000000 0.000683
2041.000000 0.000683
2042.000000 0.000683
2043.000000 0.000683
2044.000000 0.000683
2045.000000 0.000683
2046.000000 0.000682
2047.000000 0.000682
2048.000000 0.000682
2049.000000 0.000682
2050.000000 0.000682
2051.000000 0.000682
2052.000000 0.000682
2053.000000 0.000682
2054.000000 0.000682
2055.000000 0.000682
2056.000000 0.000682
2057.000000 0.000682
2058.000000 0.000681
2059.000000 0.000681
2060.000000 0.000681
2061.000000 0.000681
2062.000000 0.000681
2063.000000 0.000681
2064.000000 0.000681
2065.000000 0.000681
2066.000000 0.000681
2067.000000 0.000680
2068.000000 0.000680
2069.000000 0.000680
2070.000000 0.000680
2071.000000 0.000680
2072.000000 0.000680
2073.000000 0.000680
2074.000000 0.000680
2075.000000 0.000680
2076.000000 0.000679
2077.000000 0.000679
2078.000000 0.000679
2079.000000 0.000679
2080.000000 0.000679
2081.000000 0.000679
2082.000000 0.000679
2083.000000 0.000678
2084.000000 0.000678
2085.000000 0.000678
2086.000000 0.000678
2087.000000 0.000678
2088.000000 0.000678
2089.000000 0.000678
2090.000000 0.000677
2091.000000 0.000677
2092.000000 0.000677
2093.000000 0.000677
2094.000000 0.000677
2095.000000 0.000677
2096.000000 0.000676
2097.000000 0.000676
2098.000000 0.000676
2099.000000 0.000676
2100.000000 0.000676
2101.000000 0.000676
2102.000000 0.000675
2103.000000 0.000675
2104.000000 0.000675
2105.000000 0.000675
2106.000000 0.000675
2107.000000 0.000675
2108.000000 0.000674
2109.000000 0.000674
2110.000000 0.000674
2111.000000 0.000674
2112.000000 0.000674
2113.000000 0.000673
2114.000000 0.000673
2115.000000 0.000673
2116.000000 0.000673
2117.000000 0.000673
2118.000000 0.000673
2119.000000 0.000672
2120.000000 0.000672
2121.000000 0.000672
2122.000000 0.000672
2123.000000 0.000672
2124.000000 0.000671
2125.000000 0.000671
2126.000000 0.000671
2127.000000 0.000671
2128.000000 0.000670
2129.000000 0.000670
2130.000000 0.000670
2131.000000 0.000670
2132.000000 0.000670
2133.000000 0.000669
2134.000000 0.000669
2135.000000 0.000669
2136.000000 0.000669
2137.000000 0.000668
2138.000000 0.000668
2139.000000 0.000668
2140.000000 0.000668
2141.000000 0.000668
2142.000000 0.000667
2143.000000 0.000667
2144.000000 0.000667
2145.000000 0.000667
2146.000000 0.000666
2147.000000 0.000666
2148.000000 0.000666
2149.000000 0.000666
2150.000000 0.000665
2151.000000 0.000665
2152.000000 0.000665
2153.000000 0.000665
2154.000000 0.000664
2155.000000 0.000664
2156.000000 0.000664
2157.000000 0.000664
2158.000000 0.000663
2159.000000 0.000663
2160.000000 0.000663
2161.000000 0.000663
2162.000000 0.000662
2163.000000 0.000662
2164.000000 0.000662
2165.000000 0.000661
2166.000000 0.000661
2167.000000 0.000661
2168.000000 0.000661
2169.000000 0.000660
2170.000000 0.000660
2171.000000 0.000660
2172.000000 0.000659
2173.000000 0.000659
2174.000000 0.000659
2175.000000 0.000659
2176.000000 0.000658
2177.000000 0.000658
2178.000000 0.000658
2179.000000 0.000657
2180.000000 0.000657
2181.000000 0.000657
2182.000000 0.000657
2183.000000 0.000656
2184.000000 0.000656
2185.000000 0.000656
2186.000000 0.000655
2187.000000 0.000655
2188.000000 0.000655
2189.000000 0.000654
2190.000000 0.000654
2191.000000 0.000654
2192.000000 0.000653
2193.000000 0.000653
2194.000000 0.000653
2195.000000 0.000653
2196.000000 0.000652
2197.000000 0.000652
2198.000000 0.000652
2199.000000 0.000651
2200.000000 0.000651
2201.000000 0.000651
2202.000000 0.000650
2203.000000 0.000650
2204.000000 0.000650
2205.000000 0.000649
2206.000000 0.000649
2207.000000 0.000649
2208.000000 0.000648
2209.000000 0.000648
2210.000000 0.000648
2211.000000 0.000647
2212.000000 0.000647
2213.000000 0.000647
2214.000000 0.000646
2215.000000 0.000646
2216.000000 0.000645
2217.000000 0.000645
2218.000000 0.000645
2219.000000 0.000644
2220.000000 0.000644
2221.000000 0.000644
2222.000000 0.000643
2223.000000 0.000643
2224.000000 0.000643
2225.000000 0.000642
2226.000000 0.000642
2227.000000 0.000642
2228.000000 0.000641
2229.000000 0.000641
2230.000000 0.000640
2231.000000 0.000640
2232.000000 0.000640
2233.000000 0.000639
2234.000000 0.000639
2235.000000 0.000639
2236.000000 0.000638
2237.000000 0.000638
2238.000000 0.000637
2239.000000 0.000637
2240.000000 0.000637
2241.000000 0.000636
2242.000000 0.000636
2243.000000 0.000635
2244.000000 0.000635
2245.000000 0.000635
2246.000000 0.000634
2247.000000 0.000634
2248.000000 0.000634
2249.000000 0.000633
2250.000000 0.000633
2251.000000 0.000632
2252.000000 0.000632
2253.000000 0.000632
2254.000000 0.000631
2255.000000 0.000631
2256.000000 0.000630
2257.000000 0.000630
2258.000000 0.000629
2259.000000 0.000629
2260.000000 0.000629
2261.000000 0.000628
2262.000000 0.000628
2263.000000 0.000627
2264.000000 0.000627
2265.000000 0.000627
2266.000000 0.000626
2267.000000 0.000626
2268.000000 0.000625
2269.000000 0.000625
2270.000000 0.000624
2271.000000 0.000624
2272.000000 0.000624
2273.000000 0.000623
2274.000000 0.000623
2275.000000 0.000622
2276.000000 0.000622
2277.000000 0.000621
2278.000000 0.000621
2279.000000 0.000621
2280.000000 0.000620
2281.000000 0.000620
2282.000000 0.000619
2283.000000 0.000619
2284.000000 0.000618
2285.000000 0.000618
2286.000000 0.000617
2287.000000 0.000617
2288.000000 0.000617
2289.000000 0.000616
2290.000000 0.000616
2291.000000 0.000615
2292.000000 0.000615
2293.000000 0.000614
2294.000000 0.000614
2295.000000 0.000613
2296.000000 0.000613
2297.000000 0.000612
2298.000000 0.000612
2299.000000 0.000612
2300.000000 0.000611
2301.000000 0.000611
2302.000000 0.000610
2303.000000 0.000610
2304.000000 0.000609
2305.000000 0.000609
2306.000000 0.000608
2307.000000 0.000608
2308.000000 0.000607
2309.000000 0.000607
2310.000000 0.000606
2311.000000 0.000606
2312.000000 0.000605
2313.000000 0.000605
2314.000000 0.000604
2315.000000 0.000604
2316.000000 0.000604
2317.000000 0.000603
2318.000000 0.000603
2319.000000 0.000602
2320.000000 0.000602
2321.000000 0.000601
2322.000000 0.000601
2323.000000 0.000600
2324.000000 0.000600
2325.000000 0.000599
2326.000000 0.000599
2327.000000 0.000598
2328.000000 0.000598
2329.000000 0.000597
2330.000000 0.000597
2331.000000 0.000596
2332.000000 0.000596
2333.000000 0.000595
2334.000000 0.000595
2335.000000 0.000594
2336.000000 0.000594
2337.000000 0.000593
2338.000000 0.000593
2339.000000 0.000592
2340.000000 0.000592
2341.000000 0.000591
2342.000000 0.000590
2343.000000 0.000590
2344.000000 0.000589
2345.000000 0.000589
2346.000000 0.000588
2347.000000 0.000588
2348.000000 0.000587
2349.000000 0.000587
2350.000000 0.000586
2351.000000 0.000586
2352.000000 0.000585
2353.000000 0.000585
2354.000000 0.000584
2355.000000 0.000584
2356.000000 0.000583
2357.000000 0.000583
2358.000000 0.000582
2359.000000 0.000582
2360.000000 0.000581
2361.000000 0.000581
2362.000000 0.000580
2363.000000 0.000579
2364.000000 0.000579
2365.000000 0.000578
2366.000000 0.000578
2367.000000 0.000577
2368.000000 0.000577
2369.000000 0.000576
2370.000000 0.000576
2371.000000 0.000575
2372.000000 0.000575
2373.000000 0.000574
2374.000000 0.000573
2375.000000 0.000573
2376.000000 0.000572
2377.000000 0.000572
2378.000000 0.000571
2379.000000 0.000571
2380.000000 0.000570
2381.000000 0.000570
2382.000000 0.000569
2383.000000 0.000568
2384.000000 0.000568
2385.000000 0.000567
2386.000000 0.000567
2387.000000 0.000566
2388.000000 0.000566
2389.000000 0.000565
2390.000000 0.000565
2391.000000 0.000564
2392.000000 0.000563
2393.000000 0.000563
2394.000000 0.000562
2395.000000 0.000562
2396.000000 0.000561
2397.000000 0.000561
2398.000000 0.000560
2399.000000 0.000559
2400.000000 0.000559
2401.000000 0.000558
2402.000000 0.000558
2403.000000 0.000557
2404.000000 0.000556
2405.000000 0.000556
2406.000000 0.000555
2407.000000 0.000555
2408.000000 0.000554
2409.000000 0.000554
2410.000000 0.000553
2411.000000 0.000552
2412.000000 0.000552
2413.000000 0.000551
2414.000000 0.000551
2415.000000 0.000550
2416.000000 0.000549
2417.000000 0.000549
2418.000000 0.000548
2419.000000 0.000548
2420.000000 0.000547
2421.000000 0.000547
2422.000000 0.000546
2423.000000 0.000545
2424.000000 0.000545
2425.000000 0.000544
2426.000000 0.000544
2427.000000 0.000543
2428.000000 0.000542
2429.000000 0.000542
2430.000000 0.000541
2431.000000 0.000541
2432.000000 0.000540
2433.000000 0.000539
2434.000000 0.000539
2435.000000 0.000538
2436.000000 0.000537
2437.000000 0.000537
2438.000000 0.000536
2439.000000 0.000536
2440.000000 0.000535
2441.000000 0.000534
2442.000000 0.000534
2443.000000 0.000533
2444.000000 0.000533
2445.000000 0.000532
2446.000000 0.000531
2447.000000 0.000531
2448.000000 0.000530
2449.000000 0.000530
2450.000000 0.000529
2451.000000 0.000528
2452.000000 0.000528
2453.000000 0.000527
2454.000000 0.000526
2455.000000 0.000526
2456.000000 0.000525
2457.000000 0.000525
2458.000000 0.000524
2459.000000 0.000523
2460.000000 0.000523
2461.000000 0.000522
2462.000000 0.000521
2463.000000 0.000521
2464.000000 0.000520
2465.000000 0.000520
2466.000000 0.000519
2467.000000 0.000518
2468.000000 0.000518
2469.000000 0.000517
2470.000000 0.000516
2471.000000 0.000516
2472.000000 0.000515
2473.000000 0.000514
2474.000000 0.000514
2475.000000 0.000513
2476.000000 0.000513
2477.000000 0.000512
2478.000000 0.000511
2479.000000 0.000511
2480.000000 0.000510
2481.000000 0.000509
2482.000000 0.000509
2483.000000 0.000508
2484.000000 0.000507
2485.000000 0.000507
2486.000000 0.000506
2487.000000 0.000505
2488.000000 0.000505
2489.000000 0.000504
2490.000000 0.000504
2491.000000 0.000503
2492.000000 0.000502
2493.000000 0.000502
2494.000000 0.000501
2495.000000 0.000500
2496.000000 0.000500
2497.000000 0.000499
2498.000000 0.000498
2499.000000 0.000498
2500.000000 0.000497
2501.000000 0.000496
2502.000000 0.000496
2503.000000 0.000495
2504.000000 0.000494
2505.000000 0.000494
2506.000000 0.000493
2507.000000 0.000492
2508.000000 0.000492
2509.000000 0.000491
2510.000000 0.000490
2511.000000 0.000490
2512.000000 0.000489
2513.000000 0.000488
2514.000000 0.000488
2515.000000 0.000487
2516.000000 0.000486
2517.000000 0.000486
2518.000000 0.000485
2519.000000 0.000484
2520.000000 0.000484
2521.000000 0.000483
2522.000000 0.000482
2523.000000 0.000482
2524.000000 0.000481
2525.000000 0.000480
2526.000000 0.000480
2527.000000 0.000479
2528.000000 0.000478
2529.000000 0.000478
2530.000000 0.000477
2531.000000 0.000476
2532.000000 0.000476
2533.000000 0.000475
2534.000000 0.000474
2535.000000 0.000474
2536.000000 0.000473
2537.000000 0.000472
2538.000000 0.000472
2539.000000 0.000471
2540.000000 0.000470
2541.000000 0.000470
2542.000000 0.000469
2543.000000 0.000468
2544.000000 0.000468
2545.000000 0.000467
2546.000000 0.000466
2547.000000 0.000466
2548.000000 0.000465
2549.000000 0.000464
2550.000000 0.000464
2551.000000 0.000463
2552.000000 0.000462
2553.000000 0.000462
2554.000000 0.000461
2555.000000 0.000460
2556.000000 0.000460
2557.000000 0.000459
2558.000000 0.000458
2559.000000 0.000457
2560.000000 0.000457
2561.000000 0.000456
2562.000000 0.000455
2563.000000 0.000455
2564.000000 0.000454
2565.000000 0.000453
2566.000000 0.000453
2567.000000 0.000452
2568.000000 0.000451
2569.000000 0.000451
2570.000000 0.000450
2571.000000 0.000449
2572.000000 0.000449
2573.000000 0.000448
2574.000000 0.000447
2575.000000 0.000446
2576.000000 0.000446
2577.000000 0.000445
2578.000000 0.000444
2579.000000 0.000444
2580.000000 0.000443
2581.000000 0.000442
2582.000000 0.000442
2583.000000 0.000441
2584.000000 0.000440
2585.000000 0.000439
2586.000000 0.000439
2587.000000 0.000438
2588.000000 0.000437
2589.000000 0.000437
2590.000000 0.000436
2591.000000 0.000435
2592.000000 0.000435
2593.000000 0.000434
2594.000000 0.000433
2595.000000 0.000433
2596.000000 0.000432
2597.000000 0.000431
2598.000000 0.000430
2599.000000 0.000430
2600.000000 0.000429
2601.000000 0.000428
2602.000000 0.000428
2603.000000 0.000427
2604.000000 0.000426
2605.000000 0.000426
2606.000000 0.000425
2607.000000 0.000424
2608.000000 0.000423
2609.000000 0.000423
2610.000000 0.000422
2611.000000 0.000421
2612.000000 0.000421
2613.000000 0.000420
2614.000000 0.000419
2615.000000 0.000418
2616.000000 0.000418
2617.000000 0.000417
2618.000000 0.000416
2619.000000 0.000416
2620.000000 0.000415
2621.000000 0.000414
2622.000000 0.000414
2623.000000 0.000413
2624.000000 0.000412
2625.000000 0.000411
2626.000000 0.000411
2627.000000 0.000410
2628.000000 0.000409
2629.000000 0.000409
2630.000000 0.000408
2631.000000 0.000407
2632.000000 0.000406
2633.000000 0.000406
2634.000000 0.000405
2635.000000 0.000404
2636.000000 0.000404
2637.000000 0.000403
2638.000000 0.000402
2639.000000 0.000402
2640.000000 0.000401
2641.000000 0.000400
2642.000000 0.000399
2643.000000 0.000399
2644.000000 0.000398
2645.000000 0.000397
2646.000000 0.000397
2647.000000 0.000396
2648.000000 0.000395
2649.000000 0.000394
2650.000000 0.000394
2651.000000 0.000393
2652.000000 0.000392
2653.000000 0.000392
2654.000000 0.000391
2655.000000 0.000390
2656.000000 0.000389
2657.000000 0.000389
2658.000000 0.000388
2659.000000 0.000387
2660.000000 0.000387
2661.000000 0.000386
2662.000000 0.000385
2663.000000 0.000384
2664.000000 0.000384
2665.000000 0.000383
2666.000000 0.000382
2667.000000 0.000382
2668.000000 0.000381
2669.000000 0.000380
2670.000000 0.000379
2671.000000 0.000379
2672.000000 0.000378
2673.000000 0.000377
2674.000000 0.000377
2675.000000 0.000376
2676.000000 0.000375
2677.000000 0.000374
2678.000000 0.000374
2679.000000 0.000373
2680.000000 0.000372
2681.000000 0.000372
2682.000000 0.000371
2683.000000 0.000370
2684.000000 0.000369
2685.000000 0.000369
2686.000000 0.000368
2687.000000 0.000367
2688.000000 0.000367
2689.000000 0.000366
2690.000000 0.000365
2691.000000 0.000364
2692.000000 0.000364
2693.000000 0.000363
2694.000000 0.000362
2695.000000 0.000362
2696.000000 0.000361
2697.000000 0.000360
2698.000000 0.000359
2699.000000 0.000359
2700.000000 0.000358
2701.000000 0.000357
2702.000000 0.000357
2703.000000 0.000356
2704.000000 0.000355
2705.000000 0.000354
2706.000000 0.000354
2707.000000 0.000353
2708.000000 0.000352
2709.000000 0.000352
2710.000000 0.000351
2711.000000 0.000350
2712.000000 0.000349
2713.000000 0.000349
2714.000000 0.000348
2715.000000 0.000347
2716.000000 0.000347
2717.000000 0.000346
2718.000000 0.000345
2719.000000 0.000344
2720.000000 0.000344
2721.000000 0.000343
2722.000000 0.000342
2723.000000 0.000342
2724.000000 0.000341
2725.000000 0.000340
2726.000000 0.000339
2727.000000 0.000339
2728.000000 0.000338
2729.000000 0.000337
2730.000000 0.000337
2731.000000 0.000336
2732.000000 0.000335
2733.000000 0.000334
2734.000000 0.000334
2735.000000 0.000333
2736.000000 0.000332
2737.000000 0.000332
2738.000000 0.000331
2739.000000 0.000330
2740.000000 0.000329
2741.000000 0.000329
2742.000000 0.000328
2743.000000 0.000327
2744.000000 0.000327
2745.000000 0.000326
2746.000000 0.000325
2747.000000 0.000324
2748.000000 0.000324
2749.000000 0.000323
2750.000000 0.000322
2751.000000 0.000322
2752.000000 0.000321
2753.000000 0.000320
2754.000000 0.000319
2755.000000 0.000319
2756.000000 0.000318
2757.000000 0.000317
2758.000000 0.000317
2759.000000 0.000316
2760.000000 0.000315
2761.000000 0.000314
2762.000000 0.000314
2763.000000 0.000313
2764.000000 0.000312
2765.000000 0.000312
2766.000000 0.000311
2767.000000 0.000310
2768.000000 0.000310
2769.000000 0.000309
2770.000000 0.000308
2771.000000 0.000307
2772.000000 0.000307
2773.000000 0.000306
2774.000000 0.000305
2775.000000 0.000305
2776.000000 0.000304
2777.000000 0.000303
2778.000000 0.000302
2779.000000 0.000302
2780.000000 0.000301
2781.000000 0.000300
2782.000000 0.000300
2783.000000 0.000299
2784.000000 0.000298
2785.000000 0.000298
2786.000000 0.000297
2787.000000 0.000296
2788.000000 0.000295
2789.000000 0.000295
2790.000000 0.000294
2791.000000 0.000293
2792.000000 0.000293
2793.000000 0.000292
2794.000000 0.000291
2795.000000 0.000290
2796.000000 0.000290
2797.000000 0.000289
2798.000000 0.000288
2799.000000 0.000288
2800.000000 0.000287
2801.000000 0.000286
2802.000000 0.000286
2803.000000 0.000285
2804.000000 0.000284
2805.000000 0.000283
2806.000000 0.000283
2807.000000 0.000282
2808.000000 0.000281
2809.000000 0.000281
2810.000000 0.000280
2811.000000 0.000279
2812.000000 0.000279
2813.000000 0.000278
2814.000000 0.000277
2815.000000 0.000276
2816.000000 0.000276
2817.000000 0.000275
2818.000000 0.000274
2819.000000 0.000274
2820.000000 0.000273
2821.000000 0.000272
2822.000000 0.000272
2823.000000 0.000271
2824.000000 0.000270
2825.000000 0.000270
2826.000000 0.000269
2827.000000 0.000268
2828.000000 0.000267
2829.000000 0.000267
2830.000000 0.000266
2831.000000 0.000265
2832.000000 0.000265
2833.000000 0.000264
2834.000000 0.000263
2835.000000 0.000263
2836.000000 0.000262
2837.000000 0.000261
2838.000000 0.000261
2839.000000 0.000260
2840.000000 0.000259
2841.000000 0.000258
2842.000000 0.000258
2843.000000 0.000257
2844.000000 0.000256
2845.000000 0.000256
2846.000000 0.000255
2847.000000 0.000254
2848.000000 0.000254
2849.000000 0.000253
2850.000000 0.000252
2851.000000 0.000252
2852.000000 0.000251
2853.000000 0.000250
2854.000000 0.000250
2855.000000 0.000249
2856.000000 0.000248
2857.000000 0.000248
2858.000000 0.000247
2859.000000 0.000246
2860.000000 0.000245
2861.000000 0.000245
2862.000000 0.000244
2863.000000 0.000243
2864.000000 0.000243
2865.000000 0.000242
2866.000000 0.000241
2867.000000 0.000241
2868.000000 0.000240
2869.000000 0.000239
2870.000000 0.000239
2871.000000 0.000238
2872.000000 0.000237
2873.000000 0.000237
2874.000000 0.000236
2875.000000 0.000235
2876.000000 0.000235
2877.000000 0.000234
2878.000000 0.000233
2879.000000 0.000233
2880.000000 0.000232
2881.000000 0.000231
2882.000000 0.000231
2883.000000 0.000230
2884.000000 0.000229
2885.000000 0.000229
2886.000000 0.000228
2887.000000 0.000227
2888.000000 0.000227
2889.000000 0.000226
2890.000000 0.000225
2891.000000 0.000225
2892.000000 0.000224
2893.000000 0.000223
2894.000000 0.000223
2895.000000 0.000222
2896.000000 0.000221
2897.000000 0.000221
2898.000000 0.000220
2899.000000 0.000219
2900.000000 0.000219
2901.000000 0.000218
2902.000000 0.000217
2903.000000 0.000217
2904.000000 0.000216
2905.000000 0.000215
2906.000000 0.000215
2907.000000 0.000214
2908.000000 0.000213
2909.000000 0.000213
2910.000000 0.000212
2911.000000 0.000212
2912.000000 0.000211
2913.000000 0.000210
2914.000000 0.000210
2915.000000 0.000209
2916.000000 0.000208
2917.000000 0.000208
2918.000000 0.000207
2919.000000 0.000206
2920.000000 0.000206
2921.000000 0.000205
2922.000000 0.000204
2923.000000 0.000204
2924.000000 0.000203
2925.000000 0.000202
2926.000000 0.000202
2927.000000 0.000201
2928.000000 0.000201
2929.000000 0.000200
2930.000000 0.000199
2931.000000 0.000199
2932.000000 0.000198
2933.000000 0.000197
2934.000000 0.000197
2935.000000 0.000196
2936.000000 0.000195
2937.000000 0.000195
2938.000000 0.000194
2939.000000 0.000194
2940.000000 0.000193
2941.000000 0.000192
2942.000000 0.000192
2943.000000 0.000191
2944.000000 0.000190
2945.000000 0.000190
2946.000000 0.000189
2947.000000 0.000189
2948.000000 0.000188
2949.000000 0.000187
2950.000000 0.000187
2951.000000 0.000186
2952.000000 0.000185
2953.000000 0.000185
2954.000000 0.000184
2955.000000 0.000184
2956.000000 0.000183
2957.000000 0.000182
2958.000000 0.000182
2959.000000 0.000181
2960.000000 0.000180
2961.000000 0.000180
2962.000000 0.000179
2963.000000 0.000179
2964.000000 0.000178
2965.000000 0.000177
2966.000000 0.000177
2967.000000 0.000176
2968.000000 0.000176
2969.000000 0.000175
2970.000000 0.000174
2971.000000 0.000174
2972.000000 0.000173
2973.000000 0.000172
2974.000000 0.000172
2975.000000 0.000171
2976.000000 0.000171
2977.000000 0.000170
2978.000000 0.000169
2979.000000 0.000169
2980.000000 0.000168
2981.000000 0.000168
2982.000000 0.000167
2983.000000 0.000166
2984.000000 0.000166
2985.000000 0.000165
2986.000000 0.000165
2987.000000 0.000164
2988.000000 0.000164
2989.000000 0.000163
2990.000000 0.000162
2991.000000 0.000162
2992.000000 0.000161
2993.000000 0.000161
2994.000000 0.000160
2995.000000 0.000159
2996.000000 0.000159
2997.000000 0.000158
2998.000000 0.000158
2999.000000 0.000157
3000.000000 0.000156
3001.000000 0.000156
3002.000000 0.000155
3003.000000 0.000155
3004.000000 0.000154
3005.000000 0.000154
3006.000000 0.000153
3007.000000 0.000152
3008.000000 0.000152
3009.000000 0.000151
3010.000000 0.000151
3011.000000 0.000150
3012.000000 0.000150
3013.000000 0.000149
3014.000000 0.000148
3015.000000 0.000148
3016.000000 0.000147
3017.000000 0.000147
3018.000000 0.000146
3019.000000 0.000146
3020.000000 0.000145
3021.000000 0.000144
3022.000000 0.000144
3023.000000 0.000143
3024.000000 0.000143
3025.000000 0.000142
3026.000000 0.000142
3027.000000 0.000141
3028.000000 0.000141
3029.000000 0.000140
3030.000000 0.000139
3031.000000 0.000139
3032.000000 0.000138
3033.000000 0.000138
3034.000000 0.000137
3035.000000 0.000137
3036.000000 0.000136
3037.000000 0.000136
3038.000000 0.000135
3039.000000 0.000135
3040.000000 0.000134
3041.000000 0.000133
3042.000000 0.000133
3043.000000 0.000132
3044.000000 0.000132
3045.000000 0.000131
3046.000000 0.000131
3047.000000 0.000130
3048.000000 0.000130
3049.000000 0.000129
3050.000000 0.000129
3051.000000 0.000128
3052.000000 0.000128
3053.000000 0.000127
3054.000000 0.000126
3055.000000 0.000126
3056.000000 0.000125
3057.000000 0.000125
3058.000000 0.000124
3059.000000 0.000124
3060.000000 0.000123
3061.000000 0.000123
3062.000000 0.000122
3063.000000 0.000122
3064.000000 0.000121
3065.000000 0.000121
3066.000000 0.000120
3067.000000 0.000120
3068.000000 0.000119
3069.000000 0.000119
3070.000000 0.000118
3071.000000 0.000118
3072.000000 0.000117
3073.000000 0.000117
3074.000000 0.000116
3075.000000 0.000116
3076.000000 0.000115
3077.000000 0.000115
3078.000000 0.000114
3079.000000 0.000114
3080.000000 0.000113
3081.000000 0.000113
3082.000000 0.000112
3083.000000 0.000112
3084.000000 0.000111
3085.000000 0.000111
3086.000000 0.000110
3087.000000 0.000110
3088.000000 0.000109
3089.000000 0.000109
3090.000000 0.000108
3091.000000 0.000108
3092.000000 0.000107
3093.000000 0.000107
3094.000000 0.000106
3095.000000 0.000106
3096.000000 0.000105
3097.000000 0.000105
3098.000000 0.000104
3099.000000 0.000104
3100.000000 0.000103
3101.000000 0.000103
3102.000000 0.000102
3103.000000 0.000102
3104.000000 0.000101
3105.000000 0.000101
3106.000000 0.000101
3107.000000 0.000100
3108.000000 0.000100
3109.000000 0.000099
3110.000000 0.000099
3111.000000 0.000098
3112.000000 0.000098
3113.000000 0.000097
3114.000000 0.000097
3115.000000 0.000096
3116.000000 0.000096
3117.000000 0.000095
3118.000000 0.000095
3119.000000 0.000095
3120.000000 0.000094
3121.000000 0.000094
3122.000000 0.000093
3123.000000 0.000093
3124.000000 0.000092
3125.000000 0.000092
3126.000000 0.000091
3127.000000 0.000091
3128.000000 0.000091
3129.000000 0.000090
3130.000000 0.000090
3131.000000 0.000089
3132.000000 0.000089
3133.000000 0.000088
3134.000000 0.000088
3135.000000 0.000087
3136.000000 0.000087
3137.000000 0.000087
3138.000000 0.000086
3139.000000 0.000086
3140.000000 0.000085
3141.000000 0.000085
3142.000000 0.000084
3143.000000 0.000084
3144.000000 0.000084
3145.000000 0.000083
3146.000000 0.000083
3147.000000 0.000082
3148.000000 0.000082
3149.000000 0.000081
3150.000000 0.000081
3151.000000 0.000081
3152.000000 0.000080
3153.000000 0.000080
3154.000000 0.000079
3155.000000 0.000079
3156.000000 0.000079
3157.000000 0.000078
3158.000000 0.000078
3159.000000 0.000077
3160.000000 0.000077
3161.000000 0.000077
3162.000000 0.000076
3163.000000 0.000076
3164.000000 0.000075
3165.000000 0.000075
3166.000000 0.000075
3167.000000 0.000074
3168.000000 0.000074
3169.000000 0.000073
3170.000000 0.000073
3171.000000 0.000073
3172.000000 0.000072
3173.000000 0.000072
3174.000000 0.000071
3175.000000 0.000071
3176.000000 0.000071
3177.000000 0.000070
3178.000000 0.000070
3179.000000 0.000070
3180.000000 0.000069
3181.000000 0.000069
3182.000000 0.000068
3183.000000 0.000068
3184.000000 0.000068
3185.000000 0.000067
3186.000000 0.000067
3187.000000 0.000066
3188.000000 0.000066
3189.000000 0.000066
3190.000000 0.000065
3191.000000 0.000065
3192.000000 0.000065
3193.000000 0.000064
3194.000000 0.000064
3195.000000 0.000064
3196.000000 0.000063
3197.000000 0.000063
3198.000000 0.000062
3199.000000 0.000062
3200.000000 0.000062
3201.000000 0.000061
3202.000000 0.000061
3203.000000 0.000061
3204.000000 0.000060
3205.000000 0.000060
3206.000000 0.000060
3207.000000 0.000059
3208.000000 0.000059
3209.000000 0.000059
3210.000000 0.000058
3211.000000 0.000058
3212.000000 0.000058
3213.000000 0.000057
3214.000000 0.000057
3215.000000 0.000057
3216.000000 0.000056
3217.000000 0.000056
3218.000000 0.000056
3219.000000 0.000055
3220.000000 0.000055
3221.000000 0.000055
3222.000000 0.000054
3223.000000 0.000054
3224.000000 0.000054
3225.000000 0.000053
3226.000000 0.000053
3227.000000 0.000053
3228.000000 0.000052
3229.000000 0.000052
3230.000000 0.000052
3231.000000 0.000051
3232.000000 0.000051
3233.000000 0.000051
3234.000000 0.000050
3235.000000 0.000050
3236.000000 0.000050
3237.000000 0.000050
3238.000000 0.000049
3239.000000 0.000049
3240.000000 0.000049
3241.000000 0.000048
3242.000000 0.000048
3243.000000 0.000048
3244.000000 0.000047
3245.000000 0.000047
3246.000000 0.000047
3247.000000 0.000047
3248.000000 0.000046
3249.000000 0.000046
3250.000000 0.000046
3251.000000 0.000045
3252.000000 0.000045
3253.000000 0.000045
3254.000000 0.000044
3255.000000 0.000044
3256.000000 0.000044
3257.000000 0.000044
3258.000000 0.000043
3259.000000 0.000043
3260.000000 0.000043
3261.000000 0.000042
3262.000000 0.000042
3263.000000 0.000042
3264.000000 0.000042
3265.000000 0.000041
3266.000000 0.000041
3267.000000 0.000041
3268.000000 0.000041
3269.000000 0.000040
3270.000000 0.000040
3271.000000 0.000040
3272.000000 0.000039
3273.000000 0.000039
3274.000000 0.000039
3275.000000 0.000039
3276.000000 0.000038
3277.000000 0.000038
3278.000000 0.000038
3279.000000 0.000038
3280.000000 0.000037
3281.000000 0.000037
3282.000000 0.000037
3283.000000 0.000037
3284.000000 0.000036
3285.000000 0.000036
3286.000000 0.000036
3287.000000 0.000036
3288.000000 0.000035
3289.000000 0.000035
3290.000000 0.000035
3291.000000 0.000035
3292.000000 0.000034
3293.000000 0.000034
3294.000000 0.000034
3295.000000 0.000034
3296.000000 0.000033
3297.000000 0.000033
3298.000000 0.000033
3299.000000 0.000033
3300.000000 0.000032
3301.000000 0.000032
3302.000000 0.000032
3303.000000 0.000032
3304.000000 0.000032
3305.000000 0.000031
3306.000000 0.000031
3307.000000 0.000031
3308.000000 0.000031
3309.000000 0.000030
3310.000000 0.000030
3311.000000 0.000030
3312.000000 0.000030
3313.000000 0.000030
3314.000000 0.000029
3315.000000 0.000029
3316.000000 0.000029
3317.000000 0.000029
3318.000000 0.000028
3319.000000 0.000028
3320.000000 0.000028
3321.000000 0.000028
3322.000000 0.000028
3323.000000 0.000027
3324.000000 0.000027
3325.000000 0.000027
3326.000000 0.000027
3327.000000 0.000027
3328.000000 0.000026
3329.000000 0.000026
3330.000000 0.000026
3331.000000 0.000026
3332.000000 0.000026
3333.000000 0.000025
3334.000000 0.000025
3335.000000 0.000025
3336.000000 0.000025
3337.000000 0.000025
3338.000000 0.000024
3339.000000 0.000024
3340.000000 0.000024
3341.000000 0.000024
3342.000000 0.000024
3343.000000 0.000023
3344.000000 0.000023
3345.000000 0.000023
3346.000000 0.000023
3347.000000 0.000023
3348.000000 0.000023
3349.000000 0.000022
3350.000000 0.000022
3351.000000 0.000022
3352.000000 0.000022
3353.000000 0.000022
3354.000000 0.000021
3355.000000 0.000021
3356.000000 0.000021
3357.000000 0.000021
3358.000000 0.000021
3359.000000 0.000021
3360.000000 0.000020
3361.000000 0.000020
3362.000000 0.000020
3363.000000 0.000020
3364.000000 0.000020
3365.000000 0.000020
3366.000000 0.000019
3367.000000 0.000019
3368.000000 0.000019
3369.000000 0.000019
3370.000000 0.000019
3371.000000 0.000019
3372.000000 0.000018
3373.000000 0.000018
3374.000000 0.000018
3375.000000 0.000018
3376.000000 0.000018
3377.000000 0.000018
3378.000000 0.000018
3379.000000 0.000017
3380.000000 0.000017
3381.000000 0.000017
3382.000000 0.000017
3383.000000 0.000017
3384.000000 0.000017
3385.000000 0.000016
3386.000000 0.000016
3387.000000 0.000016
3388.000000 0.000016
3389.000000 0.000016
3390.000000 0.000016
3391.000000 0.000016
3392.000000 0.000015
3393.000000 0.000015
3394.000000 0.000015
3395.000000 0.000015
3396.000000 0.000015
3397.000000 0.000015
3398.000000 0.000015
3399.000000 0.000015
3400.000000 0.000014
3401.000000 0.000014
3402.000000 0.000014
3403.000000 0.000014
3404.000000 0.000014
3405.000000 0.000014
3406.000000 0.000014
3407.000000 0.000013
3408.000000 0.000013
3409.000000 0.000013
3410.000000 0.000013
3411.000000 0.000013
3412.000000 0.000013
3413.000000 0.000013
3414.000000 0.000013
3415.000000 0.000013
3416.000000 0.000012
3417.000000 0.000012
3418.000000 0.000012
3419.000000 0.000012
3420.000000 0.000012
3421.000000 0.000012
3422.000000 0.000012
3423.000000 0.000012
3424.000000 0.000011
3425.000000 0.000011
3426.000000 0.000011
3427.000000 0.000011
3428.000000 0.000011
3429.000000 0.000011
3430.000000 0.000011
3431.000000 0.000011
3432.000000 0.000011
3433.000000 0.000010
3434.000000 0.000010
3435.000000 0.000010
3436.000000 0.000010
3437.000000 0.000010
3438.000000 0.000010
3439.000000 0.000010
3440.000000 0.000010
3441.000000 0.000010
3442.000000 0.000010
3443.000000 0.000009
3444.000000 0.000009
3445.000000 0.000009
3446.000000 0.000009
3447.000000 0.000009
3448.000000 0.000009
3449.000000 0.000009
3450.000000 0.000009
3451.000000 0.000009
3452.000000 0.000009
3453.000000 0.000009
3454.000000 0.000008
3455.000000 0.000008
3456.000000 0.000008
3457.000000 0.000008
3458.000000 0.000008
3459.000000 0.000008
3460.000000 0.000008
3461.000000 0.000008
3462.000000 0.000008
3463.000000 0.000008
3464.000000 0.000008
3465.000000 0.000008
3466.000000 0.000007
3467.000000 0.000007
3468.000000 0.000007
3469.000000 0.000007
3470.000000 0.000007
3471.000000 0.000007
3472.000000 0.000007
3473.000000 0.000007
3474.000000 0.000007
3475.000000 0.000007
3476.000000 0.000007
3477.000000 0.000007
3478.000000 0.000006
3479.000000 0.000006
3480.000000 0.000006
3481.000000 0.000006
3482.000000 0.000006
3483.000000 0.000006
3484.000000 0.000006
3485.000000 0.000006
3486.000000 0.000006
3487.000000 0.000006
3488.000000 0.000006
3489.000000 0.000006
3490.000000 0.000006
3491.000000 0.000006
3492.000000 0.000006
3493.000000 0.000005
3494.000000 0.000005
3495.000000 0.000005
3496.000000 0.000005
3497.000000 0.000005
3498.000000 0.000005
3499.000000 0.000005
3500.000000 0.000005
3501.000000 0.000005
3502.000000 0.000005
3503.000000 0.000005
3504.000000 0.000005
3505.000000 0.000005
3506.000000 0.000005
3507.000000 0.000005
3508.000000 0.000005
3509.000000 0.000004
3510.000000 0.000004
3511.000000 0.000004
3512.000000 0.000004
3513.000000 0.000004
3514.000000 0.000004
3515.000000 0.000004
3516.000000 0.000004
3517.000000 0.000004
3518.000000 0.000004
3519.000000 0.000004
3520.000000 0.000004
3521.000000 0.000004
3522.000000 0.000004
3523.000000 0.000004
3524.000000 0.000004
3525.000000 0.000004
3526.000000 0.000004
3527.000000 0.000004
3528.000000 0.000004
3529.000000 0.000003
3530.000000 0.000003
3531.000000 0.000003
3532.000000 0.000003
3533.000000 0.000003
3534.000000 0.000003
3535.000000 0.000003
3536.000000 0.000003
3537.000000 0.000003
3538.000000 0.000003
3539.000000 0.000003
3540.000000 0.000003
3541.000000 0.000003
3542.000000 0.000003
3543.000000 0.000003
3544.000000 0.000003
3545.000000 0.000003
3546.000000 0.000003
3547.000000 0.000003
3548.000000 0.000003
3549.000000 0.000003
3550.000000 0.000003
3551.000000 0.000003
3552.000000 0.000003
3553.000000 0.000003
3554.000000 0.000002
3555.000000 0.000002
3556.000000 0.000002
3557.000000 0.000002
3558.000000 0.000002
3559.000000 0.000002
3560.000000 0.000002
3561.000000 0.000002
3562.000000 0.000002
3563.000000 0.000002
3564.000000 0.000002
3565.000000 0.000002
3566.000000 0.000002
3567.000000 0.000002
3568.000000 0.000002
3569.000000 0.000002
3570.000000 0.000002
3571.000000 0.000002
3572.000000 0.000002
3573.000000 0.000002
3574.000000 0.000002
3575.000000 0.000002
3576.000000 0.000002
3577.000000 0.000002
3578.000000 0.000002
3579.000000 0.000002
3580.000000 0.000002
3581.000000 0.000002
3582.000000 0.000002
3583.000000 0.000002
3584.000000 0.000002
3585.000000 0.000002
3586.000000 0.000002
3587.000000 0.000001
3588.000000 0.000001
3589.000000 0.000001
3590.000000 0.000001
3591.000000 0.000001
3592.000000 0.000001
3593.000000 0.000001
3594.000000 0.000001
3595.000000 0.000001
3596.000000 0.000001
3597.000000 0.000001
3598.000000 0.000001
3599.000000 0.000001
3600.000000 0.000001
3601.000000 0.000001
3602.000000 0.000001
3603.000000 0.000001
3604.000000 0.000001
3605.000000 0.000001
3606.000000 0.000001
3607.000000 0.000001
3608.000000 0.000001
3609.000000 0.000001
3610.000000 0.000001
3611.000000 0.000001
3612.000000 0.000001
3613.000000 0.000001
3614.000000 0.000001
3615.000000 0.000001
3616.000000 0.000001
3617.000000 0.000001
3618.000000 0.000001
3619.000000 0.000001
3620.000000 0.000001
3621.000000 0.000001
3622.000000 0.000001
3623.000000 0.000001
3624.000000 0.000001
3625.000000 0.000001
3626.000000 0.000001
3627.000000 0.000001
3628.000000 0.000001
3629.000000 0.000001
3630.000000 0.000001
3631.000000 0.000001
3632.000000 0.000001
3633.000000 0.000001
3634.000000 0.000001
3635.000000 0.000001
3636.000000 0.000001
3637.000000 0.000001
3638.000000 0.000001
3639.000000 0.000001
3640.000000 0.000001
3641.000000 0.000001
3642.000000 0.000001
3643.000000 0.000001
3644.000000 0.000001
3645.000000 0.000001
3646.000000 0.000001
3647.000000 0.000001
3648.000000 0.000000
3649.000000 0.000000
3650.000000 0.000000
3651.000000 0.000000
3652.000000 0.000000
3653.000000 0.000000
3654.000000 0.000000
3655.000000 0.000000
3656.000000 0.000000
3657.000000 0.000000
3658.000000 0.000000
3659.000000 0.000000
3660.000000 0.000000
3661.000000 0.000000
3662.000000 0.000000
3663.000000 0.000000
3664.000000 0.000000
3665.000000 0.000000
3666.000000 0.000000
3667.000000 0.000000
3668.000000 0.000000
3669.000000 0.000000
3670.000000 0.000000
3671.000000 0.000000
3672.000000 0.000000
3673.000000 0.000000
3674.000000 0.000000
3675.000000 0.000000
3676.000000 0.000000
3677.000000 0.000000
3678.000000 0.000000
3679.000000 0.000000
3680.000000 0.000000
3681.000000 0.000000
3682.000000 0.000000
3683.000000 0.000000
3684.000000 0.000000
3685.000000 0.000000
3686.000000 0.000000
3687.000000 0.000000
3688.000000 0.000000
3689.000000 0.000000
3690.000000 0.000000
3691.000000 0.000000
3692.000000 0.000000
3693.000000 0.000000
3694.000000 0.000000
3695.000000 0.000000
3696.000000 0.000000
3697.000000 0.000000
3698.000000 0.000000
3699.000000 0.000000
3700.000000 0.000000
3701.000000 0.000000
3702.000000 0.000000
3703.000000 0.000000
3704.000000 0.000000
3705.000000 0.000000
3706.000000 0.000000
3707.000000 0.000000
3708.000000 0.000000
3709.000000 0.000000
3710.000000 0.000000
3711.000000 0.000000
3712.000000 0.000000
3713.000000 0.000000
3714.000000 0.000000
3715.000000 0.000000
3716.000000 0.000000
3717.000000 0.000000
3718.000000 0.000000
3719.000000 0.000000
3720.000000 0.000000
3721.000000 0.000000
3722.000000 0.000000
3723.000000 0.000000
3724.000000 0.000000
3725.000000 0.000000
3726.000000 0.000000
3727.000000 0.000000
3728.000000 0.000000
3729.000000 0.000000
3730.000000 0.000000
3731.000000 0.000000
3732.000000 0.000000
3733.000000 0.000000
3734.000000 0.000000
3735.000000 0.000000
3736.000000 0.000000
3737.000000 0.000000
3738.000000 0.000000
3739.000000 0.000000
3740.000000 0.000000
3741.000000 0.000000
3742.000000 0.000000
3743.000000 0.000000
3744.000000 0.000000
3745.000000 0.000000
3746.000000 0.000000
3747.000000 0.000000
3748.000000 0.000000
3749.000000 0.000000
3750.000000 0.000000
3751.000000 0.000000
3752.000000 0.000000
3753.000000 0.000000
3754.000000 0.000000
3755.000000 0.000000
3756.000000 0.000000
3757.000000 0.000000
3758.000000 0.000000
3759.000000 0.000000
3760.000000 0.000000
3761.000000 0.000000
3762.000000 0.000000
3763.000000 0.000000
3764.000000 0.000000
3765.000000 0.000000
3766.000000 0.000000
3767.000000 0.000000
3768.000000 0.000000
3769.000000 0.000000
3770.000000 0.000000
3771.000000 0.000000
3772.000000 0.000000
3773.000000 0.000000
3774.000000 0.000000
3775.000000 0.000000
3776.000000 0.000000
3777.000000 0.000000
3778.000000 0.000000
3779.000000 0.000000
3780.000000 0.000000
3781.000000 0.000000
3782.000000 0.000000
3783.000000 0.000000
3784.000000 0.000000
3785.000000 0.000000
3786.000000 0.000000
3787.000000 0.000000
3788.000000 0.000000
3789.000000 0.000000
3790.000000 0.000000
3791.000000 0.000000
3792.000000 0.000000
3793.000000 0.000000
3794.000000 0.000000
3795.000000 0.000000
3796.000000 0.000000
3797.000000 0.000000
3798.000000 0.000000
3799.000000 0.000000
3800.000000 0.000000
3801.000000 0.000000
3802.000000 0.000000
3803.000000 0.000000
3804.000000 0.000000
3805.000000 0.000000
3806.000000 0.000000
3807.000000 0.000000
3808.000000 0.000000
3809.000000 0.000000
3810.000000 0.000000
3811.000000 0.000000
3812.000000 0.000000
3813.000000 0.000000
3814.000000 0.000000
3815.000000 0.000000
3816.000000 0.000000
3817.000000 0.000000
3818.000000 0.000000
3819.000000 0.000000
3820.000000 0.000000
3821.000000 0.000000
3822.000000 0.000000
3823.000000 0.000000
3824.000000 0.000000
3825.000000 0.000000
3826.000000 0.000000
3827.000000 0.000000
3828.000000 0.000000
3829.000000 0.000000
3830.000000 0.000000
3831.000000 0.000000
3832.000000 0.000000
3833.000000 0.000000
3834.000000 0.000000
3835.000000 0.000000
3836.000000 0.000000
3837.000000 0.000000
3838.000000 0.000000
3839.000000 0.000000
3840.000000 0.000000
3841.000000 0.000000
3842.000000 0.000000
3843.000000 0.000000
3844.000000 0.000000
3845.000000 0.000000
3846.000000 0.000000
3847.000000 0.000000
3848.000000 0.000000
3849.000000 0.000000
3850.000000 0.000000
3851.000000 0.000000
3852.000000 0.000000
3853.000000 0.000000
3854.000000 0.000000
3855.000000 0.000000
3856.000000 0.000000
3857.000000 0.000000
3858.000000 0.000000
3859.000000 0.000000
3860.000000 0.000000
3861.000000 0.000000
3862.000000 0.000000
3863.000000 0.000000
3864.000000 0.000000
3865.000000 0.000000
3866.000000 0.000000
3867.000000 0.000000
3868.000000 0.000000
3869.000000 0.000000
3870.000000 0.000000
3871.000000 0.000000
3872.000000 0.000000
3873.000000 0.000000
3874.000000 0.000000
3875.000000 0.000000
3876.000000 0.000000
3877.000000 0.000000
3878.000000 0.000000
3879.000000 0.000000
3880.000000 0.000000
3881.000000 0.000000
3882.000000 0.000000
3883.000000 0.000000
3884.000000 0.000000
3885.000000 0.000000
3886.000000 0.000000
3887.000000 0.000000
3888.000000 0.000000
3889.000000 0.000000
3890.000000 0.000000
3891.000000 0.000000
3892.000000 0.000000
3893.000000 0.000000
3894.000000 0.000000
3895.000000 0.000000
3896.000000 0.000000
3897.000000 0.000000
3898.000000 0.000000
3899.000000 0.000000
3900.000000 0.000000
3901.000000 0.000000
3902.000000 0.000000
3903.000000 0.000000
3904.000000 0.000000
3905.000000 0.000000
3906.000000 0.000000
3907.000000 0.000000
3908.000000 0.000000
3909.000000 0.000000
3910.000000 0.000000
3911.000000 0.000000
3912.000000 0.000000
3913.000000 0.000000
3914.000000 0.000000
3915.000000 0.000000
3916.000000 0.000000
3917.000000 0.000000
3918.000000 0.000000
3919.000000 0.000000
3920.000000 0.000000
3921.000000 0.000000
3922.000000 0.000000
3923.000000 0.000000
3924.000000 0.000000
3925.000000 0.000000
3926.000000 0.000000
3927.000000 0.000000
3928.000000 0.000000
3929.000000 0.000000
3930.000000 0.000000
3931.000000 0.000000
3932.000000 0.000000
3933.000000 0.000000
3934.000000 0.000000
3935.000000 0.000000
3936.000000 0.000000
3937.000000 0.000000
3938.000000 0.000000
3939.000000 0.000000
3940.000000 0.000000
3941.000000 0.000000
3942.000000 0.000000
3943.000000 0.000000
3944.000000 0.000000
3945.000000 0.000000
3946.000000 0.000000
3947.000000 0.000000
3948.000000 0.000000
3949.000000 0.000000
3950.000000 0.000000
3951.000000 0.000000
3952.000000 0.000000
3953.000000 0.000000
3954.000000 0.000000
3955.000000 0.000000
3956.000000 0.000000
3957.000000 0.000000
3958.000000 0.000000
3959.000000 0.000000
3960.000000 0.000000
3961.000000 0.000000
3962.000000 0.000000
3963.000000 0.000000
3964.000000 0.000000
3965.000000 0.000000
3966.000000 0.000000
3967.000000 0.000000
3968.000000 0.000000
3969.000000 0.000000
3970.000000 0.000000
3971.000000 0.000000
3972.000000 0.000000
3973.000000 0.000000
3974.000000 0.000000
3975.000000 0.000000
3976.000000 0.000000
3977.000000 0.000000
3978.000000 0.000000
3979.000000 0.000000
3980.000000 0.000000
3981.000000 0.000000
3982.000000 0.000000
3983.000000 0.000000
3984.000000 0.000000
3985.000000 0.000000
3986.000000 0.000000
3987.000000 0.000000
3988.000000 0.000000
3989.000000 0.000000
3990.000000 0.000000
3991.000000 0.000000
3992.000000 0.000000
3993.000000 0.000000
3994.000000 0.000000
3995.000000 0.000000
3996.000000 0.000000
3997.000000 0.000000
3998.000000 0.000000
3999.000000 0.000000
4000.000000 0.000000
