n lam mean variance std
1000 0.670000 500.493085 7978.251423 89.321058
bin_midpoint probability
1.000000 0.000000
2.000000 0.000000
3.000000 0.000000
4.000000 0.000000
5.000000 0.000000
6.000000 0.000000
7.000000 0.000000
8.000000 0.000000
9.000000 0.000000
10.000000 0.000000
11.000000 0.000000
12.000000 0.000000
13.000000 0.000000
14.000000 0.000000
15.000000 0.000000
16.000000 0.000000
17.000000 0.000000
18.000000 0.000000
19.000000 0.000000
20.000000 0.000000
21.000000 0.000000
22.000000 0.000000
23.000000 0.000000
24.000000 0.000000
25.000000 0.000000
26.000000 0.000000
27.000000 0.000000
28.000000 0.000000
29.000000 0.000000
30.000000 0.000000
31.000000 0.000000
32.000000 0.000000
33.000000 0.000000
34.000000 0.000000
35.000000 0.000000
36.000000 0.000000
37.000000 0.000000
38.000000 0.000000
39.000000 0.000000
40.000000 0.000000
41.000000 0.000000
42.000000 0.000000
43.000000 0.000000
44.000000 0.000000
45.000000 0.000000
46.000000 0.000000
47.000000 0.000000
48.000000 0.000000
49.000000 0.000000
50.000000 0.000000
51.000000 0.000000
52.000000 0.000000
53.000000 0.000000
54.000000 0.000000
55.000000 0.000000
56.000000 0.000000
57.000000 0.000000
58.000000 0.000000
59.000000 0.000000
60.000000 0.000000
61.000000 0.000000
62.000000 0.000000
63.000000 0.000000
64.000000 0.000000
65.000000 0.000000
66.000000 0.000000
67.000000 0.000000
68.000000 0.000000
69.000000 0.000000
70.000000 0.000000
71.000000 0.000000
72.000000 0.000000
73.000000 0.000000
74.000000 0.000000
75.000000 0.000000
76.000000 0.000000
77.000000 0.000000
78.000000 0.000000
79.000000 0.000000
80.000000 0.000000
81.000000 0.000000
82.000000 0.000000
83.000000 0.000000
84.000000 0.000000
85.000000 0.000000
86.000000 0.000000
87.000000 0.000000
88.000000 0.000000
89.000000 0.000000
90.000000 0.000000
91.000000 0.000000
92.000000 0.000000
93.000000 0.000000
94.000000 0.000000
95.000000 0.000000
96.000000 0.000000
97.000000 0.000000
98.000000 0.000000
99.000000 0.000000
100.000000 0.000000
101.000000 0.000000
102.000000 0.000000
103.000000 0.000000
104.000000 0.000000
105.000000 0.000000
106.000000 0.000000
107.000000 0.000000
108.000000 0.000000
109.000000 0.000000
110.000000 0.000000
111.000000 0.000000
112.000000 0.000000
113.000000 0.000000
114.000000 0.000000
115.000000 0.000000
116.000000 0.000000
117.000000 0.000000
118.000000 0.000000
119.000000 0.000000
120.000000 0.000000
121.000000 0.000000
122.000000 0.000000
123.000000 0.000000
124.000000 0.000000
125.000000 0.000000
126.000000 0.000000
127.000000 0.000000
128.000000 0.000000
129.000000 0.000000
130.000000 0.000000
131.000000 0.000000
132.000000 0.000000
133.000000 0.000000
134.000000 0.000000
135.000000 0.000000
136.000000 0.000000
137.000000 0.000000
138.000000 0.000000
139.000000 0.000000
140.000000 0.000000
141.000000 0.000000
142.000000 0.000000
143.000000 0.000000
144.000000 0.000000
145.000000 0.000000
146.000000 0.000000
147.000000 0.000000
148.000000 0.000000
149.000000 0.000000
150.000000 0.000000
151.000000 0.000000
152.000000 0.000000
153.000000 0.000000
154.000000 0.000000
155.000000 0.000000
156.000000 0.000000
157.000000 0.000000
158.000000 0.000000
159.000000 0.000000
160.000000 0.000000
161.000000 0.000000
162.000000 0.000000
163.000000 0.000000
164.000000 0.000000
165.000000 0.000000
166.000000 0.000000
167.000000 0.000000
168.000000 0.000000
169.000000 0.000000
170.000000 0.000000
171.000000 0.000001
172.000000 0.000001
173.000000 0.000001
174.000000 0.000001
175.000000 0.000001
176.000000 0.000001
177.000000 0.000001
178.000000 0.000001
179.000000 0.000001
180.000000 0.000001
181.000000 0.000001
182.000000 0.000001
183.000000 0.000001
184.000000 0.000001
185.000000 0.000002
186.000000 0.000002
187.000000 0.000002
188.000000 0.000002
189.000000 0.000002
190.000000 0.000002
191.000000 0.000002
192.000000 0.000003
193.000000 0.000003
194.000000 0.000003
195.000000 0.000003
196.000000 0.000003
197.000000 0.000004
198.000000 0.000004
199.000000 0.000004
200.000000 0.000004
201.000000 0.000005
202.000000 0.000005
203.000000 0.000005
204.000000 0.000006
205.000000 0.000006
206.000000 0.000006
207.000000 0.000007
208.000000 0.000007
209.000000 0.000008
210.000000 0.000008
211.000000 0.000009
212.000000 0.000009
213.000000 0.000010
214.000000 0.000010
215.000000 0.000011
216.000000 0.000012
217.000000 0.000012
218.000000 0.000013
219.000000 0.000014
220.000000 0.000015
221.000000 0.000015
222.000000 0.000016
223.000000 0.000017
224.000000 0.000018
225.000000 0.000019
226.000000 0.000020
227.000000 0.000021
228.000000 0.000022
229.000000 0.000023
230.000000 0.000025
231.000000 0.000026
232.000000 0.000027
233.000000 0.000029
234.000000 0.000030
235.000000 0.000031
236.000000 0.000033
237.000000 0.000034
238.000000 0.000036
239.000000 0.000038
240.000000 0.000040
241.000000 0.000042
242.000000 0.000044
243.000000 0.000045
244.000000 0.000048
245.000000 0.000050
246.000000 0.000052
247.000000 0.000055
248.000000 0.000057
249.000000 0.000059
250.000000 0.000062
251.000000 0.000065
252.000000 0.000067
253.000000 0.000070
254.000000 0.000073
255.000000 0.000076
256.000000 0.000080
257.000000 0.000083
258.000000 0.000086
259.000000 0.000090
260.000000 0.000094
261.000000 0.000097
262.000000 0.000101
263.000000 0.000105
264.000000 0.000109
265.000000 0.000113
266.000000 0.000118
267.000000 0.000122
268.000000 0.000126
269.000000 0.000132
270.000000 0.000136
271.000000 0.000141
272.000000 0.000147
273.000000 0.000152
274.000000 0.000157
275.000000 0.000163
276.000000 0.000169
277.000000 0.000175
278.000000 0.000181
279.000000 0.000187
280.000000 0.000193
281.000000 0.000200
282.000000 0.000207
283.000000 0.000214
284.000000 0.000221
285.000000 0.000228
286.000000 0.000235
287.000000 0.000244
288.000000 0.000250
289.000000 0.000258
290.000000 0.000268
291.000000 0.000276
292.000000 0.000284
293.000000 0.000294
294.000000 0.000303
295.000000 0.000310
296.000000 0.000321
297.000000 0.000330
298.000000 0.000340
299.000000 0.000350
300.000000 0.000360
301.000000 0.000370
302.000000 0.000384
303.000000 0.000391
304.000000 0.000403
305.000000 0.000414
306.000000 0.000427
307.000000 0.000437
308.000000 0.000450
309.000000 0.000464
310.000000 0.000474
311.000000 0.000487
312.000000 0.000500
313.000000 0.000514
314.000000 0.000526
315.000000 0.000540
316.000000 0.000555
317.000000 0.000569
318.000000 0.000582
319.000000 0.000596
320.000000 0.000616
321.000000 0.000625
322.000000 0.000641
323.000000 0.000657
324.000000 0.000675
325.000000 0.000688
326.000000 0.000706
327.000000 0.000726
328.000000 0.000736
329.000000 0.000755
330.000000 0.000774
331.000000 0.000792
332.000000 0.000806
333.000000 0.000829
334.000000 0.000844
335.000000 0.000865
336.000000 0.000880
337.000000 0.000900
338.000000 0.000919
339.000000 0.000941
340.000000 0.000958
341.000000 0.000979
342.000000 0.000999
343.000000 0.001019
344.000000 0.001038
345.000000 0.001064
346.000000 0.001082
347.000000 0.001100
348.000000 0.001123
349.000000 0.001147
350.000000 0.001170
351.000000 0.001189
352.000000 0.001213
353.000000 0.001238
354.000000 0.001256
355.000000 0.001280
356.000000 0.001303
357.000000 0.001330
358.000000 0.001350
359.000000 0.001376
360.000000 0.001402
361.000000 0.001421
362.000000 0.001447
363.000000 0.001473
364.000000 0.001500
365.000000 0.001518
366.000000 0.001548
367.000000 0.001571
368.000000 0.001600
369.000000 0.001625
370.000000 0.001650
371.000000 0.001673
372.000000 0.001702
373.000000 0.001722
374.000000 0.001755
375.000000 0.001781
376.000000 0.001811
377.000000 0.001832
378.000000 0.001862
379.000000 0.001888
380.000000 0.001914
381.000000 0.001942
382.000000 0.001967
383.000000 0.002001
384.000000 0.002022
385.000000 0.002049
386.000000 0.002083
387.000000 0.002109
388.000000 0.002136
389.000000 0.002161
390.000000 0.002193
391.000000 0.002213
392.000000 0.002248
393.000000 0.002280
394.000000 0.002305
395.000000 0.002333
396.000000 0.002358
397.000000 0.002389
398.000000 0.002415
399.000000 0.002442
400.000000 0.002473
401.000000 0.002507
402.000000 0.002527
403.000000 0.002559
404.000000 0.002582
405.000000 0.002617
406.000000 0.002642
407.000000 0.002668
408.000000 0.002700
409.000000 0.002728
410.000000 0.002751
411.000000 0.002783
412.000000 0.002816
413.000000 0.002838
414.000000 0.002863
415.000000 0.002890
416.000000 0.002922
417.000000 0.002944
418.000000 0.002971
419.000000 0.003014
420.000000 0.003025
421.000000 0.003057
422.000000 0.003078
423.000000 0.003112
424.000000 0.003134
425.000000 0.003159
426.000000 0.003196
427.000000 0.003210
428.000000 0.003241
429.000000 0.003260
430.000000 0.003292
431.000000 0.003321
432.000000 0.003337
433.000000 0.003362
434.000000 0.003392
435.000000 0.003409
436.000000 0.003444
437.000000 0.003465
438.000000 0.003486
439.000000 0.003505
440.000000 0.003529
441.000000 0.003553
442.000000 0.003577
443.000000 0.003599
444.000000 0.003631
445.000000 0.003639
446.000000 0.003666
447.000000 0.003681
448.000000 0.003708
449.000000 0.003729
450.000000 0.003745
451.000000 0.003771
452.000000 0.003790
453.000000 0.003802
454.000000 0.003832
455.000000 0.003848
456.000000 0.003863
457.000000 0.003877
458.000000 0.003896
459.000000 0.003919
460.000000 0.003928
461.000000 0.003956
462.000000 0.003970
463.000000 0.003977
464.000000 0.003998
465.000000 0.004008
466.000000 0.004026
467.000000 0.004044
468.000000 0.004052
469.000000 0.004081
470.000000 0.004078
471.000000 0.004096
472.000000 0.004103
473.000000 0.004126
474.000000 0.004127
475.000000 0.004147
476.000000 0.004151
477.000000 0.004167
478.000000 0.004169
479.000000 0.004198
480.000000 0.004189
481.000000 0.004202
482.000000 0.004206
483.000000 0.004215
484.000000 0.004223
485.000000 0.004232
486.000000 0.004246
487.000000 0.004250
488.000000 0.004246
489.000000 0.004257
490.000000 0.004257
491.000000 0.004265
492.000000 0.004271
493.000000 0.004277
494.000000 0.004281
495.000000 0.004274
496.000000 0.004275
497.000000 0.004293
498.000000 0.004285
499.000000 0.004284
500.000000 0.004282
501.000000 0.004283
502.000000 0.004288
503.000000 0.004280
504.000000 0.004295
505.000000 0.004277
506.000000 0.004279
507.000000 0.004272
508.000000 0.004269
509.000000 0.004267
510.000000 0.004268
511.000000 0.004265
512.000000 0.004261
513.000000 0.004246
514.000000 0.004245
515.000000 0.004236
516.000000 0.004237
517.000000 0.004220
518.000000 0.004222
519.000000 0.004207
520.000000 0.004205
521.000000 0.004189
522.000000 0.004195
523.000000 0.004171
524.000000 0.004163
525.000000 0.004150
526.000000 0.004140
527.000000 0.004135
528.000000 0.004116
529.000000 0.004112
530.000000 0.004099
531.000000 0.004080
532.000000 0.004069
533.000000 0.004053
534.000000 0.004040
535.000000 0.004028
536.000000 0.004016
537.000000 0.004002
538.000000 0.003978
539.000000 0.003965
540.000000 0.003954
541.000000 0.003928
542.000000 0.003919
543.000000 0.003895
544.000000 0.003879
545.000000 0.003866
546.000000 0.003847
547.000000 0.003829
548.000000 0.003805
549.000000 0.003786
550.000000 0.003764
551.000000 0.003746
552.000000 0.003724
553.000000 0.003715
554.000000 0.003682
555.000000 0.003669
556.000000 0.003640
557.000000 0.003620
558.000000 0.003598
559.000000 0.003575
560.000000 0.003562
561.000000 0.003528
562.000000 0.003507
563.000000 0.003488
564.000000 0.003463
565.000000 0.003442
566.000000 0.003412
567.000000 0.003388
568.000000 0.003362
569.000000 0.003339
570.000000 0.003318
571.000000 0.003291
572.000000 0.003267
573.000000 0.003237
574.000000 0.003210
575.000000 0.003186
576.000000 0.003160
577.000000 0.003133
578.000000 0.003115
579.000000 0.003079
580.000000 0.003060
581.000000 0.003026
582.000000 0.003000
583.000000 0.002978
584.000000 0.002945
585.000000 0.002921
586.000000 0.002890
587.000000 0.002864
588.000000 0.002840
589.000000 0.002811
590.000000 0.002784
591.000000 0.002753
592.000000 0.002725
593.000000 0.002695
594.000000 0.002669
595.000000 0.002640
596.000000 0.002619
597.000000 0.002583
598.000000 0.002561
599.000000 0.002527
600.000000 0.002499
601.000000 0.002472
602.000000 0.002442
603.000000 0.002421
604.000000 0.002386
605.000000 0.002363
606.000000 0.002330
607.000000 0.002304
608.000000 0.002276
609.000000 0.002247
610.000000 0.002218
611.000000 0.002189
612.000000 0.002162
613.000000 0.002139
614.000000 0.002106
615.000000 0.002081
616.000000 0.002051
617.000000 0.002023
618.000000 0.001994
619.000000 0.001969
620.000000 0.001941
621.000000 0.001917
622.000000 0.001885
623.000000 0.001863
624.000000 0.001832
625.000000 0.001805
626.000000 0.001780
627.000000 0.001756
628.000000 0.001726
629.000000 0.001699
630.000000 0.001674
631.000000 0.001652
632.000000 0.001622
633.000000 0.001598
634.000000 0.001572
635.000000 0.001546
636.000000 0.001520
637.000000 0.001496
638.000000 0.001474
639.000000 0.001447
640.000000 0.001421
641.000000 0.001401
642.000000 0.001374
643.000000 0.001350
644.000000 0.001327
645.000000 0.001303
646.000000 0.001282
647.000000 0.001256
648.000000 0.001237
649.000000 0.001211
650.000000 0.001191
651.000000 0.001167
652.000000 0.001146
653.000000 0.001124
654.000000 0.001101
655.000000 0.001081
656.000000 0.001062
657.000000 0.001039
658.000000 0.001019
659.000000 0.000998
660.000000 0.000978
661.000000 0.000958
662.000000 0.000939
663.000000 0.000919
664.000000 0.000902
665.000000 0.000881
666.000000 0.000864
667.000000 0.000844
668.000000 0.000825
669.000000 0.000808
670.000000 0.000790
671.000000 0.000774
672.000000 0.000755
673.000000 0.000739
674.000000 0.000723
675.000000 0.000705
676.000000 0.000690
677.000000 0.000673
678.000000 0.000657
679.000000 0.000641
680.000000 0.000627
681.000000 0.000613
682.000000 0.000597
683.000000 0.000583
684.000000 0.000568
685.000000 0.000554
686.000000 0.000540
687.000000 0.000527
688.000000 0.000513
689.000000 0.000501
690.000000 0.000487
691.000000 0.000475
692.000000 0.000462
693.000000 0.000449
694.000000 0.000438
695.000000 0.000426
696.000000 0.000414
697.000000 0.000403
698.000000 0.000392
699.000000 0.000382
700.000000 0.000370
701.000000 0.000360
702.000000 0.000350
703.000000 0.000340
704.000000 0.000330
705.000000 0.000321
706.000000 0.000311
707.000000 0.000302
708.000000 0.000293
709.000000 0.000285
710.000000 0.000275
711.000000 0.000267
712.000000 0.000259
713.000000 0.000251
714.000000 0.000244
715.000000 0.000235
716.000000 0.000228
717.000000 0.000221
718.000000 0.000214
719.000000 0.000207
720.000000 0.000200
721.000000 0.000193
722.000000 0.000187
723.000000 0.000181
724.000000 0.000175
725.000000 0.000169
726.000000 0.000163
727.000000 0.000157
728.000000 0.000152
729.000000 0.000146
730.000000 0.000141
731.000000 0.000136
732.000000 0.000132
733.000000 0.000126
734.000000 0.000122
735.000000 0.000117
736.000000 0.000113
737.000000 0.000109
738.000000 0.000105
739.000000 0.000101
740.000000 0.000097
741.000000 0.000093
742.000000 0.000090
743.000000 0.000086
744.000000 0.000083
745.000000 0.000079
746.000000 0.000076
747.000000 0.000073
748.000000 0.000070
749.000000 0.000068
750.000000 0.000065
751.000000 0.000062
752.000000 0.000059
753.000000 0.000057
754.000000 0.000054
755.000000 0.000052
756.000000 0.000050
757.000000 0.000048
758.000000 0.000046
759.000000 0.000043
760.000000 0.000042
761.000000 0.000040
762.000000 0.000038
763.000000 0.000036
764.000000 0.000035
765.000000 0.000033
766.000000 0.000031
767.000000 0.000030
768.000000 0.000028
769.000000 0.000027
770.000000 0.000026
771.000000 0.000025
772.000000 0.000023
773.000000 0.000022
774.000000 0.000021
775.000000 0.000020
776.000000 0.000019
777.000000 0.000018
778.000000 0.000017
779.000000 0.000016
780.000000 0.000015
781.000000 0.000014
782.000000 0.000014
783.000000 0.000013
784.000000 0.000012
785.000000 0.000012
786.000000 0.000011
787.000000 0.000010
788.000000 0.000010
789.000000 0.000009
790.000000 0.000009
791.000000 0.000008
792.000000 0.000008
793.000000 0.000007
794.000000 0.000007
795.000000 0.000006
796.000000 0.000006
797.000000 0.000006
798.000000 0.000005
799.000000 0.000005
800.000000 0.000005
801.000000 0.000004
802.000000 0.000004
803.000000 0.000004
804.000000 0.000004
805.000000 0.000003
806.000000 0.000003
807.000000 0.000003
808.000000 0.000003
809.000000 0.000003
810.000000 0.000002
811.000000 0.000002
812.000000 0.000002
813.000000 0.000002
814.000000 0.000002
815.000000 0.000002
816.000000 0.000002
817.000000 0.000001
818.000000 0.000001
819.000000 0.000001
820.000000 0.000001
821.000000 0.000001
822.000000 0.000001
823.000000 0.000001
824.000000 0.000001
825.000000 0.000001
826.000000 0.000001
827.000000 0.000001
828.000000 0.000001
829.000000 0.000001
830.000000 0.000001
831.000000 0.000000
832.000000 0.000000
833.000000 0.000000
834.000000 0.000000
835.000000 0.000000
836.000000 0.000000
837.000000 0.000000
838.000000 0.000000
839.000000 0.000000
840.000000 0.000000
841.000000 0.000000
842.000000 0.000000
843.000000 0.000000
844.000000 0.000000
845.000000 0.000000
846.000000 0.000000
847.000000 0.000000
848.000000 0.000000
849.000000 0.000000
850.000000 0.000000
851.000000 0.000000
852.000000 0.000000
853.000000 0.000000
854.000000 0.000000
855.000000 0.000000
856.000000 0.000000
857.000000 0.000000
858.000000 0.000000
859.000000 0.000000
860.000000 0.000000
861.000000 0.000000
862.000000 0.000000
863.000000 0.000000
864.000000 0.000000
865.000000 0.000000
866.000000 0.000000
867.000000 0.000000
868.000000 0.000000
869.000000 0.000000
870.000000 0.000000
871.000000 0.000000
872.000000 0.000000
873.000000 0.000000
874.000000 0.000000
875.000000 0.000000
876.000000 0.000000
877.000000 0.000000
878.000000 0.000000
879.000000 0.000000
880.000000 0.000000
881.000000 0.000000
882.000000 0.000000
883.000000 0.000000
884.000000 0.000000
885.000000 0.000000
886.000000 0.000000
887.000000 0.000000
888.000000 0.000000
889.000000 0.000000
890.000000 0.000000
891.000000 0.000000
892.000000 0.000000
893.000000 0.000000
894.000000 0.000000
895.000000 0.000000
896.000000 0.000000
897.000000 0.000000
898.000000 0.000000
899.000000 0.000000
900.000000 0.000000
901.000000 0.000000
902.000000 0.000000
903.000000 0.000000
904.000000 0.000000
905.000000 0.000000
906.000000 0.000000
907.000000 0.000000
908.000000 0.000000
909.000000 0.000000
910.000000 0.000000
911.000000 0.000000
912.000000 0.000000
913.000000 0.000000
914.000000 0.000000
915.000000 0.000000
916.000000 0.000000
917.000000 0.000000
918.000000 0.000000
919.000000 0.000000
920.000000 0.000000
921.000000 0.000000
922.000000 0.000000
923.000000 0.000000
924.000000 0.000000
925.000000 0.000000
926.000000 0.000000
927.000000 0.000000
928.000000 0.000000
929.000000 0.000000
930.000000 0.000000
931.000000 0.000000
932.000000 0.000000
933.000000 0.000000
934.000000 0.000000
935.000000 0.000000
936.000000 0.000000
937.000000 0.000000
938.000000 0.000000
939.000000 0.000000
940.000000 0.000000
941.000000 0.000000
942.000000 0.000000
943.000000 0.000000
944.000000 0.000000
945.000000 0.000000
946.000000 0.000000
947.000000 0.000000
948.000000 0.000000
949.000000 0.000000
950.000000 0.000000
951.000000 0.000000
952.000000 0.000000
953.000000 0.000000
954.000000 0.000000
955.000000 0.000000
956.000000 0.000000
957.000000 0.000000
958.000000 0.000000
959.000000 0.000000
960.000000 0.000000
961.000000 0.000000
962.000000 0.000000
963.000000 0.000000
964.000000 0.000000
965.000000 0.000000
966.000000 0.000000
967.000000 0.000000
968.000000 0.000000
969.000000 0.000000
970.000000 0.000000
971.000000 0.000000
972.000000 0.000000
973.000000 0.000000
974.000000 0.000000
975.000000 0.000000
976.000000 0.000000
977.000000 0.000000
978.000000 0.000000
979.000000 0.000000
980.000000 0.000000
981.000000 0.000000
982.000000 0.000000
983.000000 0.000000
984.000000 0.000000
985.000000 0.000000
986.000000 0.000000
987.000000 0.000000
988.000000 0.000000
989.000000 0.000000
990.000000 0.000000
991.000000 0.000000
992.000000 0.000000
993.000000 0.000000
994.000000 0.000000
995.000000 0.000000
996.000000 0.000000
997.000000 0.000000
998.000000 0.000000
999.000000 0.000000
1000.000000 0.000000
