n lam mean variance std
1000 0.420000 500.502531 15974.982251 126.392176
bin_midpoint probability
1.000000 0.000000
2.000000 0.000000
3.000000 0.000000
4.000000 0.000000
5.000000 0.000000
6.000000 0.000000
7.000000 0.000000
8.000000 0.000000
9.000000 0.000000
10.000000 0.000000
11.000000 0.000000
12.000000 0.000000
13.000000 0.000000
14.000000 0.000000
15.000000 0.000000
16.000000 0.000000
17.000000 0.000000
18.000000 0.000000
19.000000 0.000000
20.000000 0.000000
21.000000 0.000000
22.000000 0.000000
23.000000 0.000000
24.000000 0.000000
25.000000 0.000000
26.000000 0.000000
27.000000 0.000000
28.000000 0.000000
29.000000 0.000000
30.000000 0.000000
31.000000 0.000000
32.000000 0.000000
33.000000 0.000000
34.000000 0.000000
35.000000 0.000000
36.000000 0.000000
37.000000 0.000000
38.000000 0.000000
39.000000 0.000000
40.000000 0.000000
41.000000 0.000000
42.000000 0.000000
43.000000 0.000000
44.000000 0.000000
45.000000 0.000000
46.000000 0.000000
47.000000 0.000000
48.000000 0.000000
49.000000 0.000000
50.000000 0.000000
51.000000 0.000000
52.000000 0.000000
53.000000 0.000000
54.000000 0.000000
55.000000 0.000000
56.000000 0.000000
57.000000 0.000000
58.000000 0.000000
59.000000 0.000000
60.000000 0.000000
61.000000 0.000000
62.000000 0.000000
63.000000 0.000000
64.000000 0.000000
65.000000 0.000000
66.000000 0.000000
67.000000 0.000000
68.000000 0.000000
69.000000 0.000000
70.000000 0.000000
71.000000 0.000000
72.000000 0.000000
73.000000 0.000000
74.000000 0.000000
75.000000 0.000000
76.000000 0.000000
77.000000 0.000000
78.000000 0.000000
79.000000 0.000000
80.000000 0.000000
81.000000 0.000000
82.000000 0.000000
83.000000 0.000000
84.000000 0.000000
85.000000 0.000000
86.000000 0.000000
87.000000 0.000000
88.000000 0.000000
89.000000 0.000001
90.000000 0.000001
91.000000 0.000001
92.000000 0.000001
93.000000 0.000001
94.000000 0.000001
95.000000 0.000001
96.000000 0.000001
97.000000 0.000001
98.000000 0.000001
99.000000 0.000001
100.000000 0.000001
101.000000 0.000001
102.000000 0.000002
103.000000 0.000002
104.000000 0.000002
105.000000 0.000002
106.000000 0.000002
107.000000 0.000002
108.000000 0.000003
109.000000 0.000003
110.000000 0.000003
111.000000 0.000003
112.000000 0.000003
113.000000 0.000004
114.000000 0.000004
115.000000 0.000004
116.000000 0.000004
117.000000 0.000005
118.000000 0.000005
119.000000 0.000005
120.000000 0.000006
121.000000 0.000006
122.000000 0.000006
123.000000 0.000007
124.000000 0.000007
125.000000 0.000008
126.000000 0.000008
127.000000 0.000009
128.000000 0.000009
129.000000 0.000010
130.000000 0.000010
131.000000 0.000011
132.000000 0.000011
133.000000 0.000012
134.000000 0.000013
135.000000 0.000013
136.000000 0.000014
137.000000 0.000015
138.000000 0.000016
139.000000 0.000016
140.000000 0.000017
141.000000 0.000018
142.000000 0.000019
143.000000 0.000020
144.000000 0.000021
145.000000 0.000022
146.000000 0.000023
147.000000 0.000024
148.000000 0.000025
149.000000 0.000026
150.000000 0.000028
151.000000 0.000029
152.000000 0.000030
153.000000 0.000031
154.000000 0.000033
155.000000 0.000034
156.000000 0.000036
157.000000 0.000037
158.000000 0.000039
159.000000 0.000041
160.000000 0.000042
161.000000 0.000044
162.000000 0.000045
163.000000 0.000048
164.000000 0.000049
165.000000 0.000051
166.000000 0.000053
167.000000 0.000055
168.000000 0.000057
169.000000 0.000059
170.000000 0.000062
171.000000 0.000065
172.000000 0.000066
173.000000 0.000069
174.000000 0.000071
175.000000 0.000074
176.000000 0.000076
177.000000 0.000079
178.000000 0.000081
179.000000 0.000085
180.000000 0.000087
181.000000 0.000090
182.000000 0.000093
183.000000 0.000097
184.000000 0.000100
185.000000 0.000102
186.000000 0.000106
187.000000 0.000109
188.000000 0.000112
189.000000 0.000116
190.000000 0.000119
191.000000 0.000123
192.000000 0.000128
193.000000 0.000131
194.000000 0.000134
195.000000 0.000139
196.000000 0.000142
197.000000 0.000147
198.000000 0.000151
199.000000 0.000155
200.000000 0.000161
201.000000 0.000163
202.000000 0.000169
203.000000 0.000173
204.000000 0.000179
205.000000 0.000183
206.000000 0.000188
207.000000 0.000192
208.000000 0.000199
209.000000 0.000203
210.000000 0.000208
211.000000 0.000213
212.000000 0.000220
213.000000 0.000226
214.000000 0.000229
215.000000 0.000236
216.000000 0.000242
217.000000 0.000247
218.000000 0.000253
219.000000 0.000259
220.000000 0.000266
221.000000 0.000272
222.000000 0.000278
223.000000 0.000284
224.000000 0.000293
225.000000 0.000297
226.000000 0.000304
227.000000 0.000311
228.000000 0.000317
229.000000 0.000327
230.000000 0.000331
231.000000 0.000340
232.000000 0.000346
233.000000 0.000356
234.000000 0.000361
235.000000 0.000368
236.000000 0.000375
237.000000 0.000386
238.000000 0.000392
239.000000 0.000400
240.000000 0.000407
241.000000 0.000418
242.000000 0.000425
243.000000 0.000431
244.000000 0.000441
245.000000 0.000451
246.000000 0.000458
247.000000 0.000466
248.000000 0.000475
249.000000 0.000486
250.000000 0.000493
251.000000 0.000503
252.000000 0.000510
253.000000 0.000523
254.000000 0.000529
255.000000 0.000540
256.000000 0.000548
257.000000 0.000557
258.000000 0.000572
259.000000 0.000576
260.000000 0.000588
261.000000 0.000596
262.000000 0.000611
263.000000 0.000617
264.000000 0.000626
265.000000 0.000637
266.000000 0.000651
267.000000 0.000659
268.000000 0.000666
269.000000 0.000680
270.000000 0.000692
271.000000 0.000700
272.000000 0.000710
273.000000 0.000723
274.000000 0.000738
275.000000 0.000741
276.000000 0.000756
277.000000 0.000766
278.000000 0.000780
279.000000 0.000789
280.000000 0.000800
281.000000 0.000813
282.000000 0.000823
283.000000 0.000836
284.000000 0.000846
285.000000 0.000858
286.000000 0.000868
287.000000 0.000885
288.000000 0.000894
289.000000 0.000903
290.000000 0.000918
291.000000 0.000932
292.000000 0.000941
293.000000 0.000952
294.000000 0.000965
295.000000 0.000984
296.000000 0.000988
297.000000 0.001000
298.000000 0.001013
299.000000 0.001034
300.000000 0.001040
301.000000 0.001050
302.000000 0.001067
303.000000 0.001079
304.000000 0.001089
305.000000 0.001102
306.000000 0.001118
307.000000 0.001129
308.000000 0.001142
309.000000 0.001157
310.000000 0.001165
311.000000 0.001184
312.000000 0.001191
313.000000 0.001207
314.000000 0.001216
315.000000 0.001232
316.000000 0.001254
317.000000 0.001255
318.000000 0.001269
319.000000 0.001283
320.000000 0.001304
321.000000 0.001310
322.000000 0.001323
323.000000 0.001336
324.000000 0.001355
325.000000 0.001364
326.000000 0.001374
327.000000 0.001390
328.000000 0.001408
329.000000 0.001417
330.000000 0.001429
331.000000 0.001444
332.000000 0.001463
333.000000 0.001466
334.000000 0.001481
335.000000 0.001498
336.000000 0.001513
337.000000 0.001527
338.000000 0.001536
339.000000 0.001546
340.000000 0.001568
341.000000 0.001576
342.000000 0.001593
343.000000 0.001600
344.000000 0.001618
345.000000 0.001634
346.000000 0.001642
347.000000 0.001655
348.000000 0.001672
349.000000 0.001687
350.000000 0.001693
351.000000 0.001713
352.000000 0.001719
353.000000 0.001745
354.000000 0.001746
355.000000 0.001757
356.000000 0.001777
357.000000 0.001794
358.000000 0.001808
359.000000 0.001806
360.000000 0.001830
361.000000 0.001845
362.000000 0.001852
363.000000 0.001869
364.000000 0.001880
365.000000 0.001898
366.000000 0.001900
367.000000 0.001924
368.000000 0.001924
369.000000 0.001957
370.000000 0.001952
371.000000 0.001969
372.000000 0.001985
373.000000 0.001994
374.000000 0.002019
375.000000 0.002010
376.000000 0.002035
377.000000 0.002045
378.000000 0.002062
379.000000 0.002071
380.000000 0.002079
381.000000 0.002094
382.000000 0.002107
383.000000 0.002124
384.000000 0.002126
385.000000 0.002145
386.000000 0.002161
387.000000 0.002163
388.000000 0.002181
389.000000 0.002186
390.000000 0.002216
391.000000 0.002205
392.000000 0.002230
393.000000 0.002235
394.000000 0.002255
395.000000 0.002265
396.000000 0.002266
397.000000 0.002280
398.000000 0.002306
399.000000 0.002303
400.000000 0.002316
401.000000 0.002328
402.000000 0.002340
403.000000 0.002353
404.000000 0.002360
405.000000 0.002374
406.000000 0.002389
407.000000 0.002391
408.000000 0.002401
409.000000 0.002417
410.000000 0.002421
411.000000 0.002443
412.000000 0.002447
413.000000 0.002455
414.000000 0.002458
415.000000 0.002480
416.000000 0.002497
417.000000 0.002489
418.000000 0.002499
419.000000 0.002527
420.000000 0.002521
421.000000 0.002532
422.000000 0.002544
423.000000 0.002560
424.000000 0.002556
425.000000 0.002569
426.000000 0.002579
427.000000 0.002609
428.000000 0.002586
429.000000 0.002603
430.000000 0.002616
431.000000 0.002626
432.000000 0.002635
433.000000 0.002639
434.000000 0.002656
435.000000 0.002652
436.000000 0.002661
437.000000 0.002685
438.000000 0.002679
439.000000 0.002679
440.000000 0.002705
441.000000 0.002706
442.000000 0.002705
443.000000 0.002716
444.000000 0.002732
445.000000 0.002734
446.000000 0.002732
447.000000 0.002748
448.000000 0.002769
449.000000 0.002749
450.000000 0.002763
451.000000 0.002774
452.000000 0.002789
453.000000 0.002775
454.000000 0.002795
455.000000 0.002795
456.000000 0.002811
457.000000 0.002794
458.000000 0.002827
459.000000 0.002818
460.000000 0.002820
461.000000 0.002838
462.000000 0.002830
463.000000 0.002842
464.000000 0.002847
465.000000 0.002847
466.000000 0.002855
467.000000 0.002854
468.000000 0.002866
469.000000 0.002874
470.000000 0.002872
471.000000 0.002867
472.000000 0.002878
473.000000 0.002890
474.000000 0.002882
475.000000 0.002893
476.000000 0.002892
477.000000 0.002903
478.000000 0.002883
479.000000 0.002918
480.000000 0.002900
481.000000 0.002915
482.000000 0.002906
483.000000 0.002910
484.000000 0.002907
485.000000 0.002935
486.000000 0.002906
487.000000 0.002920
488.000000 0.002922
489.000000 0.002931
490.000000 0.002929
491.000000 0.002919
492.000000 0.002934
493.000000 0.002933
494.000000 0.002925
495.000000 0.002926
496.000000 0.002942
497.000000 0.002924
498.000000 0.002934
499.000000 0.002931
500.000000 0.002942
501.000000 0.002925
502.000000 0.002937
503.000000 0.002939
504.000000 0.002927
505.000000 0.002924
506.000000 0.002949
507.000000 0.002916
508.000000 0.002929
509.000000 0.002924
510.000000 0.002948
511.000000 0.002914
512.000000 0.002919
513.000000 0.002922
514.000000 0.002939
515.000000 0.002904
516.000000 0.002908
517.000000 0.002931
518.000000 0.002906
519.000000 0.002908
520.000000 0.002905
521.000000 0.002917
522.000000 0.002896
523.000000 0.002896
524.000000 0.002905
525.000000 0.002894
526.000000 0.002876
527.000000 0.002897
528.000000 0.002885
529.000000 0.002872
530.000000 0.002868
531.000000 0.002892
532.000000 0.002858
533.000000 0.002859
534.000000 0.002859
535.000000 0.002868
536.000000 0.002837
537.000000 0.002838
538.000000 0.002852
539.000000 0.002839
540.000000 0.002818
541.000000 0.002824
542.000000 0.002825
543.000000 0.002822
544.000000 0.002797
545.000000 0.002811
546.000000 0.002797
547.000000 0.002784
548.000000 0.002791
549.000000 0.002776
550.000000 0.002775
551.000000 0.002759
552.000000 0.002772
553.000000 0.002747
554.000000 0.002749
555.000000 0.002734
556.000000 0.002744
557.000000 0.002724
558.000000 0.002709
559.000000 0.002718
560.000000 0.002709
561.000000 0.002688
562.000000 0.002687
563.000000 0.002689
564.000000 0.002679
565.000000 0.002654
566.000000 0.002666
567.000000 0.002648
568.000000 0.002645
569.000000 0.002628
570.000000 0.002623
571.000000 0.002612
572.000000 0.002615
573.000000 0.002598
574.000000 0.002585
575.000000 0.002584
576.000000 0.002568
577.000000 0.002570
578.000000 0.002547
579.000000 0.002544
580.000000 0.002539
581.000000 0.002522
582.000000 0.002511
583.000000 0.002511
584.000000 0.002496
585.000000 0.002487
586.000000 0.002478
587.000000 0.002466
588.000000 0.002456
589.000000 0.002451
590.000000 0.002429
591.000000 0.002427
592.000000 0.002412
593.000000 0.002409
594.000000 0.002393
595.000000 0.002382
596.000000 0.002373
597.000000 0.002368
598.000000 0.002348
599.000000 0.002336
600.000000 0.002326
601.000000 0.002330
602.000000 0.002298
603.000000 0.002291
604.000000 0.002288
605.000000 0.002277
606.000000 0.002258
607.000000 0.002247
608.000000 0.002246
609.000000 0.002227
610.000000 0.002212
611.000000 0.002202
612.000000 0.002196
613.000000 0.002172
614.000000 0.002169
615.000000 0.002161
616.000000 0.002141
617.000000 0.002130
618.000000 0.002126
619.000000 0.002105
620.000000 0.002094
621.000000 0.002082
622.000000 0.002078
623.000000 0.002051
624.000000 0.002042
625.000000 0.002036
626.000000 0.002028
627.000000 0.002004
628.000000 0.001992
629.000000 0.001984
630.000000 0.001979
631.000000 0.001951
632.000000 0.001943
633.000000 0.001937
634.000000 0.001917
635.000000 0.001904
636.000000 0.001893
637.000000 0.001885
638.000000 0.001865
639.000000 0.001854
640.000000 0.001843
641.000000 0.001832
642.000000 0.001811
643.000000 0.001806
644.000000 0.001791
645.000000 0.001770
646.000000 0.001763
647.000000 0.001757
648.000000 0.001734
649.000000 0.001720
650.000000 0.001712
651.000000 0.001703
652.000000 0.001679
653.000000 0.001668
654.000000 0.001662
655.000000 0.001646
656.000000 0.001625
657.000000 0.001616
658.000000 0.001606
659.000000 0.001595
660.000000 0.001573
661.000000 0.001564
662.000000 0.001555
663.000000 0.001535
664.000000 0.001524
665.000000 0.001511
666.000000 0.001498
667.000000 0.001482
668.000000 0.001471
669.000000 0.001459
670.000000 0.001443
671.000000 0.001429
672.000000 0.001422
673.000000 0.001405
674.000000 0.001386
675.000000 0.001379
676.000000 0.001368
677.000000 0.001345
678.000000 0.001337
679.000000 0.001327
680.000000 0.001314
681.000000 0.001294
682.000000 0.001285
683.000000 0.001275
684.000000 0.001260
685.000000 0.001242
686.000000 0.001232
687.000000 0.001220
688.000000 0.001208
689.000000 0.001191
690.000000 0.001183
691.000000 0.001168
692.000000 0.001153
693.000000 0.001143
694.000000 0.001130
695.000000 0.001116
696.000000 0.001104
697.000000 0.001092
698.000000 0.001076
699.000000 0.001066
700.000000 0.001051
701.000000 0.001042
702.000000 0.001028
703.000000 0.001014
704.000000 0.001005
705.000000 0.000993
706.000000 0.000975
707.000000 0.000966
708.000000 0.000956
709.000000 0.000942
710.000000 0.000928
711.000000 0.000919
712.000000 0.000907
713.000000 0.000894
714.000000 0.000881
715.000000 0.000871
716.000000 0.000857
717.000000 0.000850
718.000000 0.000833
719.000000 0.000823
720.000000 0.000812
721.000000 0.000800
722.000000 0.000790
723.000000 0.000777
724.000000 0.000768
725.000000 0.000755
726.000000 0.000745
727.000000 0.000732
728.000000 0.000724
729.000000 0.000711
730.000000 0.000701
731.000000 0.000691
732.000000 0.000679
733.000000 0.000670
734.000000 0.000659
735.000000 0.000648
736.000000 0.000638
737.000000 0.000629
738.000000 0.000619
739.000000 0.000606
740.000000 0.000598
741.000000 0.000588
742.000000 0.000578
743.000000 0.000567
744.000000 0.000559
745.000000 0.000549
746.000000 0.000541
747.000000 0.000529
748.000000 0.000520
749.000000 0.000513
750.000000 0.000502
751.000000 0.000493
752.000000 0.000484
753.000000 0.000477
754.000000 0.000467
755.000000 0.000458
756.000000 0.000450
757.000000 0.000441
758.000000 0.000433
759.000000 0.000425
760.000000 0.000417
761.000000 0.000407
762.000000 0.000401
763.000000 0.000393
764.000000 0.000383
765.000000 0.000377
766.000000 0.000370
767.000000 0.000362
768.000000 0.000353
769.000000 0.000347
770.000000 0.000340
771.000000 0.000333
772.000000 0.000324
773.000000 0.000318
774.000000 0.000312
775.000000 0.000304
776.000000 0.000298
777.000000 0.000292
778.000000 0.000284
779.000000 0.000278
780.000000 0.000272
781.000000 0.000266
782.000000 0.000259
783.000000 0.000254
784.000000 0.000247
785.000000 0.000241
786.000000 0.000236
787.000000 0.000230
788.000000 0.000224
789.000000 0.000219
790.000000 0.000213
791.000000 0.000209
792.000000 0.000204
793.000000 0.000197
794.000000 0.000193
795.000000 0.000189
796.000000 0.000182
797.000000 0.000178
798.000000 0.000174
799.000000 0.000169
800.000000 0.000164
801.000000 0.000160
802.000000 0.000155
803.000000 0.000151
804.000000 0.000147
805.000000 0.000142
806.000000 0.000139
807.000000 0.000135
808.000000 0.000131
809.000000 0.000127
810.000000 0.000123
811.000000 0.000120
812.000000 0.000116
813.000000 0.000113
814.000000 0.000109
815.000000 0.000106
816.000000 0.000103
817.000000 0.000099
818.000000 0.000096
819.000000 0.000093
820.000000 0.000090
821.000000 0.000087
822.000000 0.000084
823.000000 0.000082
824.000000 0.000079
825.000000 0.000076
826.000000 0.000074
827.000000 0.000071
828.000000 0.000069
829.000000 0.000066
830.000000 0.000064
831.000000 0.000062
832.000000 0.000059
833.000000 0.000057
834.000000 0.000055
835.000000 0.000053
836.000000 0.000051
837.000000 0.000049
838.000000 0.000047
839.000000 0.000046
840.000000 0.000044
841.000000 0.000042
842.000000 0.000040
843.000000 0.000039
844.000000 0.000037
845.000000 0.000036
846.000000 0.000034
847.000000 0.000033
848.000000 0.000031
849.000000 0.000030
850.000000 0.000029
851.000000 0.000028
852.000000 0.000026
853.000000 0.000025
854.000000 0.000024
855.000000 0.000023
856.000000 0.000022
857.000000 0.000021
858.000000 0.000020
859.000000 0.000019
860.000000 0.000018
861.000000 0.000017
862.000000 0.000016
863.000000 0.000016
864.000000 0.000015
865.000000 0.000014
866.000000 0.000013
867.000000 0.000013
868.000000 0.000012
869.000000 0.000011
870.000000 0.000011
871.000000 0.000010
872.000000 0.000010
873.000000 0.000009
874.000000 0.000009
875.000000 0.000008
876.000000 0.000008
877.000000 0.000007
878.000000 0.000007
879.000000 0.000006
880.000000 0.000006
881.000000 0.000006
882.000000 0.000005
883.000000 0.000005
884.000000 0.000005
885.000000 0.000004
886.000000 0.000004
887.000000 0.000004
888.000000 0.000004
889.000000 0.000003
890.000000 0.000003
891.000000 0.000003
892.000000 0.000003
893.000000 0.000003
894.000000 0.000002
895.000000 0.000002
896.000000 0.000002
897.000000 0.000002
898.000000 0.000002
899.000000 0.000002
900.000000 0.000001
901.000000 0.000001
902.000000 0.000001
903.000000 0.000001
904.000000 0.000001
905.000000 0.000001
906.000000 0.000001
907.000000 0.000001
908.000000 0.000001
909.000000 0.000001
910.000000 0.000001
911.000000 0.000001
912.000000 0.000001
913.000000 0.000000
914.000000 0.000000
915.000000 0.000000
916.000000 0.000000
917.000000 0.000000
918.000000 0.000000
919.000000 0.000000
920.000000 0.000000
921.000000 0.000000
922.000000 0.000000
923.000000 0.000000
924.000000 0.000000
925.000000 0.000000
926.000000 0.000000
927.000000 0.000000
928.000000 0.000000
929.000000 0.000000
930.000000 0.000000
931.000000 0.000000
932.000000 0.000000
933.000000 0.000000
934.000000 0.000000
935.000000 0.000000
936.000000 0.000000
937.000000 0.000000
938.000000 0.000000
939.000000 0.000000
940.000000 0.000000
941.000000 0.000000
942.000000 0.000000
943.000000 0.000000
944.000000 0.000000
945.000000 0.000000
946.000000 0.000000
947.000000 0.000000
948.000000 0.000000
949.000000 0.000000
950.000000 0.000000
951.000000 0.000000
952.000000 0.000000
953.000000 0.000000
954.000000 0.000000
955.000000 0.000000
956.000000 0.000000
957.000000 0.000000
958.000000 0.000000
959.000000 0.000000
960.000000 0.000000
961.000000 0.000000
962.000000 0.000000
963.000000 0.000000
964.000000 0.000000
965.000000 0.000000
966.000000 0.000000
967.000000 0.000000
968.000000 0.000000
969.000000 0.000000
970.000000 0.000000
971.000000 0.000000
972.000000 0.000000
973.000000 0.000000
974.000000 0.000000
975.000000 0.000000
976.000000 0.000000
977.000000 0.000000
978.000000 0.000000
979.000000 0.000000
980.000000 0.000000
981.000000 0.000000
982.000000 0.000000
983.000000 0.000000
984.000000 0.000000
985.000000 0.000000
986.000000 0.000000
987.000000 0.000000
988.000000 0.000000
989.000000 0.000000
990.000000 0.000000
991.000000 0.000000
992.000000 0.000000
993.000000 0.000000
994.000000 0.000000
995.000000 0.000000
996.000000 0.000000
997.000000 0.000000
998.000000 0.000000
999.000000 0.000000
1000.000000 0.000000
