n lam mean variance std
1000 0.820000 500.486609 4054.713921 63.676636
bin_midpoint probability
1.000000 0.000000
2.000000 0.000000
3.000000 0.000000
4.000000 0.000000
5.000000 0.000000
6.000000 0.000000
7.000000 0.000000
8.000000 0.000000
9.000000 0.000000
10.000000 0.000000
11.000000 0.000000
12.000000 0.000000
13.000000 0.000000
14.000000 0.000000
15.000000 0.000000
16.000000 0.000000
17.000000 0.000000
18.000000 0.000000
19.000000 0.000000
20.000000 0.000000
21.000000 0.000000
22.000000 0.000000
23.000000 0.000000
24.000000 0.000000
25.000000 0.000000
26.000000 0.000000
27.000000 0.000000
28.000000 0.000000
29.000000 0.000000
30.000000 0.000000
31.000000 0.000000
32.000000 0.000000
33.000000 0.000000
34.000000 0.000000
35.000000 0.000000
36.000000 0.000000
37.000000 0.000000
38.000000 0.000000
39.000000 0.000000
40.000000 0.000000
41.000000 0.000000
42.000000 0.000000
43.000000 0.000000
44.000000 0.000000
45.000000 0.000000
46.000000 0.000000
47.000000 0.000000
48.000000 0.000000
49.000000 0.000000
50.000000 0.000000
51.000000 0.000000
52.000000 0.000000
53.000000 0.000000
54.000000 0.000000
55.000000 0.000000
56.000000 0.000000
57.000000 0.000000
58.000000 0.000000
59.000000 0.000000
60.000000 0.000000
61.000000 0.000000
62.000000 0.000000
63.000000 0.000000
64.000000 0.000000
65.000000 0.000000
66.000000 0.000000
67.000000 0.000000
68.000000 0.000000
69.000000 0.000000
70.000000 0.000000
71.000000 0.000000
72.000000 0.000000
73.000000 0.000000
74.000000 0.000000
75.000000 0.000000
76.000000 0.000000
77.000000 0.000000
78.000000 0.000000
79.000000 0.000000
80.000000 0.000000
81.000000 0.000000
82.000000 0.000000
83.000000 0.000000
84.000000 0.000000
85.000000 0.000000
86.000000 0.000000
87.000000 0.000000
88.000000 0.000000
89.000000 0.000000
90.000000 0.000000
91.000000 0.000000
92.000000 0.000000
93.000000 0.000000
94.000000 0.000000
95.000000 0.000000
96.000000 0.000000
97.000000 0.000000
98.000000 0.000000
99.000000 0.000000
100.000000 0.000000
101.000000 0.000000
102.000000 0.000000
103.000000 0.000000
104.000000 0.000000
105.000000 0.000000
106.000000 0.000000
107.000000 0.000000
108.000000 0.000000
109.000000 0.000000
110.000000 0.000000
111.000000 0.000000
112.000000 0.000000
113.000000 0.000000
114.000000 0.000000
115.000000 0.000000
116.000000 0.000000
117.000000 0.000000
118.000000 0.000000
119.000000 0.000000
120.000000 0.000000
121.000000 0.000000
122.000000 0.000000
123.000000 0.000000
124.000000 0.000000
125.000000 0.000000
126.000000 0.000000
127.000000 0.000000
128.000000 0.000000
129.000000 0.000000
130.000000 0.000000
131.000000 0.000000
132.000000 0.000000
133.000000 0.000000
134.000000 0.000000
135.000000 0.000000
136.000000 0.000000
137.000000 0.000000
138.000000 0.000000
139.000000 0.000000
140.000000 0.000000
141.000000 0.000000
142.000000 0.000000
143.000000 0.000000
144.000000 0.000000
145.000000 0.000000
146.000000 0.000000
147.000000 0.000000
148.000000 0.000000
149.000000 0.000000
150.000000 0.000000
151.000000 0.000000
152.000000 0.000000
153.000000 0.000000
154.000000 0.000000
155.000000 0.000000
156.000000 0.000000
157.000000 0.000000
158.000000 0.000000
159.000000 0.000000
160.000000 0.000000
161.000000 0.000000
162.000000 0.000000
163.000000 0.000000
164.000000 0.000000
165.000000 0.000000
166.000000 0.000000
167.000000 0.000000
168.000000 0.000000
169.000000 0.000000
170.000000 0.000000
171.000000 0.000000
172.000000 0.000000
173.000000 0.000000
174.000000 0.000000
175.000000 0.000000
176.000000 0.000000
177.000000 0.000000
178.000000 0.000000
179.000000 0.000000
180.000000 0.000000
181.000000 0.000000
182.000000 0.000000
183.000000 0.000000
184.000000 0.000000
185.000000 0.000000
186.000000 0.000000
187.000000 0.000000
188.000000 0.000000
189.000000 0.000000
190.000000 0.000000
191.000000 0.000000
192.000000 0.000000
193.000000 0.000000
194.000000 0.000000
195.000000 0.000000
196.000000 0.000000
197.000000 0.000000
198.000000 0.000000
199.000000 0.000000
200.000000 0.000000
201.000000 0.000000
202.000000 0.000000
203.000000 0.000000
204.000000 0.000000
205.000000 0.000000
206.000000 0.000000
207.000000 0.000000
208.000000 0.000000
209.000000 0.000000
210.000000 0.000000
211.000000 0.000000
212.000000 0.000000
213.000000 0.000000
214.000000 0.000000
215.000000 0.000000
216.000000 0.000000
217.000000 0.000000
218.000000 0.000000
219.000000 0.000000
220.000000 0.000000
221.000000 0.000000
222.000000 0.000000
223.000000 0.000000
224.000000 0.000000
225.000000 0.000000
226.000000 0.000000
227.000000 0.000000
228.000000 0.000000
229.000000 0.000000
230.000000 0.000000
231.000000 0.000000
232.000000 0.000000
233.000000 0.000000
234.000000 0.000000
235.000000 0.000000
236.000000 0.000000
237.000000 0.000000
238.000000 0.000000
239.000000 0.000000
240.000000 0.000000
241.000000 0.000000
242.000000 0.000000
243.000000 0.000000
244.000000 0.000000
245.000000 0.000000
246.000000 0.000001
247.000000 0.000001
248.000000 0.000001
249.000000 0.000001
250.000000 0.000001
251.000000 0.000001
252.000000 0.000001
253.000000 0.000001
254.000000 0.000001
255.000000 0.000001
256.000000 0.000001
257.000000 0.000001
258.000000 0.000002
259.000000 0.000002
260.000000 0.000002
261.000000 0.000002
262.000000 0.000002
263.000000 0.000002
264.000000 0.000003
265.000000 0.000003
266.000000 0.000003
267.000000 0.000003
268.000000 0.000004
269.000000 0.000004
270.000000 0.000004
271.000000 0.000004
272.000000 0.000005
273.000000 0.000005
274.000000 0.000006
275.000000 0.000006
276.000000 0.000006
277.000000 0.000007
278.000000 0.000007
279.000000 0.000008
280.000000 0.000009
281.000000 0.000009
282.000000 0.000010
283.000000 0.000011
284.000000 0.000011
285.000000 0.000012
286.000000 0.000013
287.000000 0.000014
288.000000 0.000015
289.000000 0.000016
290.000000 0.000017
291.000000 0.000018
292.000000 0.000019
293.000000 0.000020
294.000000 0.000022
295.000000 0.000023
296.000000 0.000025
297.000000 0.000026
298.000000 0.000028
299.000000 0.000030
300.000000 0.000032
301.000000 0.000034
302.000000 0.000036
303.000000 0.000038
304.000000 0.000040
305.000000 0.000043
306.000000 0.000045
307.000000 0.000048
308.000000 0.000051
309.000000 0.000054
310.000000 0.000056
311.000000 0.000060
312.000000 0.000063
313.000000 0.000067
314.000000 0.000070
315.000000 0.000074
316.000000 0.000079
317.000000 0.000083
318.000000 0.000087
319.000000 0.000091
320.000000 0.000096
321.000000 0.000101
322.000000 0.000107
323.000000 0.000113
324.000000 0.000119
325.000000 0.000126
326.000000 0.000131
327.000000 0.000137
328.000000 0.000143
329.000000 0.000151
330.000000 0.000158
331.000000 0.000166
332.000000 0.000175
333.000000 0.000184
334.000000 0.000192
335.000000 0.000199
336.000000 0.000209
337.000000 0.000218
338.000000 0.000228
339.000000 0.000239
340.000000 0.000249
341.000000 0.000263
342.000000 0.000274
343.000000 0.000284
344.000000 0.000295
345.000000 0.000309
346.000000 0.000321
347.000000 0.000335
348.000000 0.000349
349.000000 0.000367
350.000000 0.000382
351.000000 0.000395
352.000000 0.000410
353.000000 0.000425
354.000000 0.000443
355.000000 0.000460
356.000000 0.000479
357.000000 0.000500
358.000000 0.000521
359.000000 0.000537
360.000000 0.000555
361.000000 0.000576
362.000000 0.000596
363.000000 0.000619
364.000000 0.000640
365.000000 0.000666
366.000000 0.000695
367.000000 0.000716
368.000000 0.000735
369.000000 0.000762
370.000000 0.000788
371.000000 0.000813
372.000000 0.000841
373.000000 0.000870
374.000000 0.000906
375.000000 0.000934
376.000000 0.000958
377.000000 0.000985
378.000000 0.001018
379.000000 0.001050
380.000000 0.001081
381.000000 0.001117
382.000000 0.001156
383.000000 0.001193
384.000000 0.001223
385.000000 0.001255
386.000000 0.001289
387.000000 0.001328
388.000000 0.001366
389.000000 0.001402
390.000000 0.001451
391.000000 0.001496
392.000000 0.001530
393.000000 0.001565
394.000000 0.001606
395.000000 0.001646
396.000000 0.001692
397.000000 0.001735
398.000000 0.001782
399.000000 0.001841
400.000000 0.001883
401.000000 0.001914
402.000000 0.001963
403.000000 0.002010
404.000000 0.002054
405.000000 0.002105
406.000000 0.002159
407.000000 0.002219
408.000000 0.002272
409.000000 0.002309
410.000000 0.002352
411.000000 0.002407
412.000000 0.002459
413.000000 0.002507
414.000000 0.002567
415.000000 0.002636
416.000000 0.002689
417.000000 0.002734
418.000000 0.002781
419.000000 0.002830
420.000000 0.002890
421.000000 0.002945
422.000000 0.002995
423.000000 0.003069
424.000000 0.003140
425.000000 0.003185
426.000000 0.003227
427.000000 0.003283
428.000000 0.003334
429.000000 0.003397
430.000000 0.003453
431.000000 0.003514
432.000000 0.003597
433.000000 0.003655
434.000000 0.003680
435.000000 0.003741
436.000000 0.003798
437.000000 0.003848
438.000000 0.003911
439.000000 0.003975
440.000000 0.004047
441.000000 0.004121
442.000000 0.004144
443.000000 0.004190
444.000000 0.004251
445.000000 0.004307
446.000000 0.004353
447.000000 0.004419
448.000000 0.004497
449.000000 0.004556
450.000000 0.004597
451.000000 0.004634
452.000000 0.004678
453.000000 0.004737
454.000000 0.004788
455.000000 0.004830
456.000000 0.004912
457.000000 0.004981
458.000000 0.005009
459.000000 0.005040
460.000000 0.005086
461.000000 0.005123
462.000000 0.005178
463.000000 0.005222
464.000000 0.005269
465.000000 0.005350
466.000000 0.005401
467.000000 0.005393
468.000000 0.005439
469.000000 0.005478
470.000000 0.005505
471.000000 0.005552
472.000000 0.005596
473.000000 0.005650
474.000000 0.005716
475.000000 0.005704
476.000000 0.005722
477.000000 0.005760
478.000000 0.005789
479.000000 0.005806
480.000000 0.005848
481.000000 0.005900
482.000000 0.005948
483.000000 0.005939
484.000000 0.005949
485.000000 0.005960
486.000000 0.005987
487.000000 0.006005
488.000000 0.006012
489.000000 0.006062
490.000000 0.006105
491.000000 0.006098
492.000000 0.006086
493.000000 0.006095
494.000000 0.006093
495.000000 0.006110
496.000000 0.006116
497.000000 0.006126
498.000000 0.006173
499.000000 0.006176
500.000000 0.006130
501.000000 0.006134
502.000000 0.006132
503.000000 0.006115
504.000000 0.006122
505.000000 0.006122
506.000000 0.006131
507.000000 0.006164
508.000000 0.006105
509.000000 0.006078
510.000000 0.006071
511.000000 0.006055
512.000000 0.006027
513.000000 0.006025
514.000000 0.006028
515.000000 0.006038
516.000000 0.005987
517.000000 0.005949
518.000000 0.005916
519.000000 0.005898
520.000000 0.005871
521.000000 0.005834
522.000000 0.005833
523.000000 0.005845
524.000000 0.005778
525.000000 0.005731
526.000000 0.005697
527.000000 0.005653
528.000000 0.005624
529.000000 0.005589
530.000000 0.005552
531.000000 0.005552
532.000000 0.005520
533.000000 0.005436
534.000000 0.005398
535.000000 0.005355
536.000000 0.005300
537.000000 0.005266
538.000000 0.005227
539.000000 0.005198
540.000000 0.005172
541.000000 0.005097
542.000000 0.005035
543.000000 0.004990
544.000000 0.004939
545.000000 0.004879
546.000000 0.004840
547.000000 0.004801
548.000000 0.004776
549.000000 0.004701
550.000000 0.004636
551.000000 0.004574
552.000000 0.004525
553.000000 0.004469
554.000000 0.004408
555.000000 0.004370
556.000000 0.004344
557.000000 0.004264
558.000000 0.004201
559.000000 0.004141
560.000000 0.004076
561.000000 0.004024
562.000000 0.003968
563.000000 0.003907
564.000000 0.003887
565.000000 0.003820
566.000000 0.003744
567.000000 0.003682
568.000000 0.003627
569.000000 0.003560
570.000000 0.003510
571.000000 0.003455
572.000000 0.003405
573.000000 0.003369
574.000000 0.003289
575.000000 0.003228
576.000000 0.003167
577.000000 0.003113
578.000000 0.003048
579.000000 0.003000
580.000000 0.002955
581.000000 0.002905
582.000000 0.002850
583.000000 0.002779
584.000000 0.002727
585.000000 0.002667
586.000000 0.002617
587.000000 0.002558
588.000000 0.002511
589.000000 0.002483
590.000000 0.002412
591.000000 0.002365
592.000000 0.002303
593.000000 0.002255
594.000000 0.002199
595.000000 0.002156
596.000000 0.002101
597.000000 0.002068
598.000000 0.002023
599.000000 0.001965
600.000000 0.001921
601.000000 0.001867
602.000000 0.001825
603.000000 0.001774
604.000000 0.001736
605.000000 0.001696
606.000000 0.001655
607.000000 0.001615
608.000000 0.001562
609.000000 0.001529
610.000000 0.001479
611.000000 0.001445
612.000000 0.001399
613.000000 0.001367
614.000000 0.001337
615.000000 0.001293
616.000000 0.001260
617.000000 0.001216
618.000000 0.001189
619.000000 0.001144
620.000000 0.001118
621.000000 0.001078
622.000000 0.001053
623.000000 0.001025
624.000000 0.000985
625.000000 0.000963
626.000000 0.000923
627.000000 0.000903
628.000000 0.000864
629.000000 0.000844
630.000000 0.000814
631.000000 0.000787
632.000000 0.000768
633.000000 0.000732
634.000000 0.000717
635.000000 0.000684
636.000000 0.000669
637.000000 0.000637
638.000000 0.000621
639.000000 0.000599
640.000000 0.000575
641.000000 0.000559
642.000000 0.000531
643.000000 0.000520
644.000000 0.000493
645.000000 0.000482
646.000000 0.000458
647.000000 0.000443
648.000000 0.000430
649.000000 0.000407
650.000000 0.000397
651.000000 0.000375
652.000000 0.000367
653.000000 0.000346
654.000000 0.000339
655.000000 0.000321
656.000000 0.000308
657.000000 0.000298
658.000000 0.000281
659.000000 0.000275
660.000000 0.000258
661.000000 0.000252
662.000000 0.000236
663.000000 0.000231
664.000000 0.000218
665.000000 0.000208
666.000000 0.000201
667.000000 0.000189
668.000000 0.000184
669.000000 0.000171
670.000000 0.000168
671.000000 0.000157
672.000000 0.000152
673.000000 0.000144
674.000000 0.000136
675.000000 0.000131
676.000000 0.000122
677.000000 0.000120
678.000000 0.000111
679.000000 0.000109
680.000000 0.000101
681.000000 0.000097
682.000000 0.000092
683.000000 0.000086
684.000000 0.000083
685.000000 0.000077
686.000000 0.000076
687.000000 0.000069
688.000000 0.000068
689.000000 0.000063
690.000000 0.000060
691.000000 0.000057
692.000000 0.000053
693.000000 0.000051
694.000000 0.000047
695.000000 0.000046
696.000000 0.000042
697.000000 0.000041
698.000000 0.000038
699.000000 0.000035
700.000000 0.000034
701.000000 0.000031
702.000000 0.000030
703.000000 0.000027
704.000000 0.000027
705.000000 0.000024
706.000000 0.000023
707.000000 0.000022
708.000000 0.000020
709.000000 0.000019
710.000000 0.000018
711.000000 0.000017
712.000000 0.000016
713.000000 0.000015
714.000000 0.000014
715.000000 0.000013
716.000000 0.000012
717.000000 0.000011
718.000000 0.000011
719.000000 0.000010
720.000000 0.000009
721.000000 0.000008
722.000000 0.000008
723.000000 0.000007
724.000000 0.000007
725.000000 0.000006
726.000000 0.000006
727.000000 0.000006
728.000000 0.000005
729.000000 0.000005
730.000000 0.000004
731.000000 0.000004
732.000000 0.000004
733.000000 0.000003
734.000000 0.000003
735.000000 0.000003
736.000000 0.000003
737.000000 0.000003
738.000000 0.000002
739.000000 0.000002
740.000000 0.000002
741.000000 0.000002
742.000000 0.000002
743.000000 0.000002
744.000000 0.000001
745.000000 0.000001
746.000000 0.000001
747.000000 0.000001
748.000000 0.000001
749.000000 0.000001
750.000000 0.000001
751.000000 0.000001
752.000000 0.000001
753.000000 0.000001
754.000000 0.000001
755.000000 0.000001
756.000000 0.000000
757.000000 0.000000
758.000000 0.000000
759.000000 0.000000
760.000000 0.000000
761.000000 0.000000
762.000000 0.000000
763.000000 0.000000
764.000000 0.000000
765.000000 0.000000
766.000000 0.000000
767.000000 0.000000
768.000000 0.000000
769.000000 0.000000
770.000000 0.000000
771.000000 0.000000
772.000000 0.000000
773.000000 0.000000
774.000000 0.000000
775.000000 0.000000
776.000000 0.000000
777.000000 0.000000
778.000000 0.000000
779.000000 0.000000
780.000000 0.000000
781.000000 0.000000
782.000000 0.000000
783.000000 0.000000
784.000000 0.000000
785.000000 0.000000
786.000000 0.000000
787.000000 0.000000
788.000000 0.000000
789.000000 0.000000
790.000000 0.000000
791.000000 0.000000
792.000000 0.000000
793.000000 0.000000
794.000000 0.000000
795.000000 0.000000
796.000000 0.000000
797.000000 0.000000
798.000000 0.000000
799.000000 0.000000
800.000000 0.000000
801.000000 0.000000
802.000000 0.000000
803.000000 0.000000
804.000000 0.000000
805.000000 0.000000
806.000000 0.000000
807.000000 0.000000
808.000000 0.000000
809.000000 0.000000
810.000000 0.000000
811.000000 0.000000
812.000000 0.000000
813.000000 0.000000
814.000000 0.000000
815.000000 0.000000
816.000000 0.000000
817.000000 0.000000
818.000000 0.000000
819.000000 0.000000
820.000000 0.000000
821.000000 0.000000
822.000000 0.000000
823.000000 0.000000
824.000000 0.000000
825.000000 0.000000
826.000000 0.000000
827.000000 0.000000
828.000000 0.000000
829.000000 0.000000
830.000000 0.000000
831.000000 0.000000
832.000000 0.000000
833.000000 0.000000
834.000000 0.000000
835.000000 0.000000
836.000000 0.000000
837.000000 0.000000
838.000000 0.000000
839.000000 0.000000
840.000000 0.000000
841.000000 0.000000
842.000000 0.000000
843.000000 0.000000
844.000000 0.000000
845.000000 0.000000
846.000000 0.000000
847.000000 0.000000
848.000000 0.000000
849.000000 0.000000
850.000000 0.000000
851.000000 0.000000
852.000000 0.000000
853.000000 0.000000
854.000000 0.000000
855.000000 0.000000
856.000000 0.000000
857.000000 0.000000
858.000000 0.000000
859.000000 0.000000
860.000000 0.000000
861.000000 0.000000
862.000000 0.000000
863.000000 0.000000
864.000000 0.000000
865.000000 0.000000
866.000000 0.000000
867.000000 0.000000
868.000000 0.000000
869.000000 0.000000
870.000000 0.000000
871.000000 0.000000
872.000000 0.000000
873.000000 0.000000
874.000000 0.000000
875.000000 0.000000
876.000000 0.000000
877.000000 0.000000
878.000000 0.000000
879.000000 0.000000
880.000000 0.000000
881.000000 0.000000
882.000000 0.000000
883.000000 0.000000
884.000000 0.000000
885.000000 0.000000
886.000000 0.000000
887.000000 0.000000
888.000000 0.000000
889.000000 0.000000
890.000000 0.000000
891.000000 0.000000
892.000000 0.000000
893.000000 0.000000
894.000000 0.000000
895.000000 0.000000
896.000000 0.000000
897.000000 0.000000
898.000000 0.000000
899.000000 0.000000
900.000000 0.000000
901.000000 0.000000
902.000000 0.000000
903.000000 0.000000
904.000000 0.000000
905.000000 0.000000
906.000000 0.000000
907.000000 0.000000
908.000000 0.000000
909.000000 0.000000
910.000000 0.000000
911.000000 0.000000
912.000000 0.000000
913.000000 0.000000
914.000000 0.000000
915.000000 0.000000
916.000000 0.000000
917.000000 0.000000
918.000000 0.000000
919.000000 0.000000
920.000000 0.000000
921.000000 0.000000
922.000000 0.000000
923.000000 0.000000
924.000000 0.000000
925.000000 0.000000
926.000000 0.000000
927.000000 0.000000
928.000000 0.000000
929.000000 0.000000
930.000000 0.000000
931.000000 0.000000
932.000000 0.000000
933.000000 0.000000
934.000000 0.000000
935.000000 0.000000
936.000000 0.000000
937.000000 0.000000
938.000000 0.000000
939.000000 0.000000
940.000000 0.000000
941.000000 0.000000
942.000000 0.000000
943.000000 0.000000
944.000000 0.000000
945.000000 0.000000
946.000000 0.000000
947.000000 0.000000
948.000000 0.000000
949.000000 0.000000
950.000000 0.000000
951.000000 0.000000
952.000000 0.000000
953.000000 0.000000
954.000000 0.000000
955.000000 0.000000
956.000000 0.000000
957.000000 0.000000
958.000000 0.000000
959.000000 0.000000
960.000000 0.000000
961.000000 0.000000
962.000000 0.000000
963.000000 0.000000
964.000000 0.000000
965.000000 0.000000
966.000000 0.000000
967.000000 0.000000
968.000000 0.000000
969.000000 0.000000
970.000000 0.000000
971.000000 0.000000
972.000000 0.000000
973.000000 0.000000
974.000000 0.000000
975.000000 0.000000
976.000000 0.000000
977.000000 0.000000
978.000000 0.000000
979.000000 0.000000
980.000000 0.000000
981.000000 0.000000
982.000000 0.000000
983.000000 0.000000
984.000000 0.000000
985.000000 0.000000
986.000000 0.000000
987.000000 0.000000
988.000000 0.000000
989.000000 0.000000
990.000000 0.000000
991.000000 0.000000
992.000000 0.000000
993.000000 0.000000
994.000000 0.000000
995.000000 0.000000
996.000000 0.000000
997.000000 0.000000
998.000000 0.000000
999.000000 0.000000
1000.000000 0.000000
