n lam mean variance std
1000 0.190000 500.499138 25496.079661 159.674919
bin_midpoint probability
1.000000 0.000000
2.000000 0.000000
3.000000 0.000000
4.000000 0.000000
5.000000 0.000000
6.000000 0.000000
7.000000 0.000000
8.000000 0.000000
9.000000 0.000000
10.000000 0.000000
11.000000 0.000000
12.000000 0.000000
13.000000 0.000000
14.000000 0.000000
15.000000 0.000000
16.000000 0.000000
17.000000 0.000000
18.000000 0.000000
19.000000 0.000000
20.000000 0.000000
21.000000 0.000000
22.000000 0.000000
23.000000 0.000000
24.000000 0.000000
25.000000 0.000000
26.000000 0.000000
27.000000 0.000000
28.000000 0.000000
29.000000 0.000000
30.000000 0.000000
31.000000 0.000000
32.000000 0.000000
33.000000 0.000000
34.000000 0.000000
35.000000 0.000000
36.000000 0.000000
37.000000 0.000001
38.000000 0.000001
39.000000 0.000001
40.000000 0.000001
41.000000 0.000001
42.000000 0.000001
43.000000 0.000001
44.000000 0.000001
45.000000 0.000001
46.000000 0.000002
47.000000 0.000002
48.000000 0.000002
49.000000 0.000002
50.000000 0.000003
51.000000 0.000003
52.000000 0.000003
53.000000 0.000003
54.000000 0.000004
55.000000 0.000004
56.000000 0.000004
57.000000 0.000005
58.000000 0.000005
59.000000 0.000006
60.000000 0.000006
61.000000 0.000007
62.000000 0.000007
63.000000 0.000008
64.000000 0.000008
65.000000 0.000009
66.000000 0.000010
67.000000 0.000010
68.000000 0.000011
69.000000 0.000012
70.000000 0.000012
71.000000 0.000013
72.000000 0.000014
73.000000 0.000015
74.000000 0.000016
75.000000 0.000017
76.000000 0.000018
77.000000 0.000019
78.000000 0.000020
79.000000 0.000022
80.000000 0.000022
81.000000 0.000024
82.000000 0.000025
83.000000 0.000026
84.000000 0.000028
85.000000 0.000030
86.000000 0.000031
87.000000 0.000032
88.000000 0.000034
89.000000 0.000035
90.000000 0.000037
91.000000 0.000039
92.000000 0.000041
93.000000 0.000043
94.000000 0.000045
95.000000 0.000047
96.000000 0.000049
97.000000 0.000051
98.000000 0.000053
99.000000 0.000055
100.000000 0.000057
101.000000 0.000060
102.000000 0.000062
103.000000 0.000065
104.000000 0.000068
105.000000 0.000069
106.000000 0.000073
107.000000 0.000075
108.000000 0.000077
109.000000 0.000081
110.000000 0.000084
111.000000 0.000086
112.000000 0.000090
113.000000 0.000092
114.000000 0.000095
115.000000 0.000099
116.000000 0.000102
117.000000 0.000105
118.000000 0.000108
119.000000 0.000112
120.000000 0.000115
121.000000 0.000119
122.000000 0.000123
123.000000 0.000127
124.000000 0.000129
125.000000 0.000133
126.000000 0.000137
127.000000 0.000141
128.000000 0.000145
129.000000 0.000150
130.000000 0.000152
131.000000 0.000157
132.000000 0.000160
133.000000 0.000165
134.000000 0.000170
135.000000 0.000174
136.000000 0.000178
137.000000 0.000182
138.000000 0.000185
139.000000 0.000191
140.000000 0.000195
141.000000 0.000201
142.000000 0.000205
143.000000 0.000209
144.000000 0.000212
145.000000 0.000218
146.000000 0.000223
147.000000 0.000229
148.000000 0.000234
149.000000 0.000237
150.000000 0.000241
151.000000 0.000246
152.000000 0.000252
153.000000 0.000258
154.000000 0.000264
155.000000 0.000267
156.000000 0.000272
157.000000 0.000276
158.000000 0.000283
159.000000 0.000288
160.000000 0.000295
161.000000 0.000298
162.000000 0.000304
163.000000 0.000307
164.000000 0.000315
165.000000 0.000320
166.000000 0.000326
167.000000 0.000331
168.000000 0.000336
169.000000 0.000340
170.000000 0.000346
171.000000 0.000353
172.000000 0.000358
173.000000 0.000366
174.000000 0.000369
175.000000 0.000374
176.000000 0.000380
177.000000 0.000388
178.000000 0.000392
179.000000 0.000400
180.000000 0.000404
181.000000 0.000409
182.000000 0.000414
183.000000 0.000422
184.000000 0.000428
185.000000 0.000434
186.000000 0.000440
187.000000 0.000445
188.000000 0.000448
189.000000 0.000457
190.000000 0.000465
191.000000 0.000469
192.000000 0.000477
193.000000 0.000481
194.000000 0.000485
195.000000 0.000493
196.000000 0.000502
197.000000 0.000506
198.000000 0.000514
199.000000 0.000519
200.000000 0.000523
201.000000 0.000530
202.000000 0.000540
203.000000 0.000545
204.000000 0.000551
205.000000 0.000558
206.000000 0.000562
207.000000 0.000568
208.000000 0.000575
209.000000 0.000585
210.000000 0.000589
211.000000 0.000597
212.000000 0.000602
213.000000 0.000606
214.000000 0.000616
215.000000 0.000625
216.000000 0.000630
217.000000 0.000636
218.000000 0.000642
219.000000 0.000646
220.000000 0.000656
221.000000 0.000665
222.000000 0.000672
223.000000 0.000676
224.000000 0.000684
225.000000 0.000689
226.000000 0.000695
227.000000 0.000704
228.000000 0.000714
229.000000 0.000719
230.000000 0.000726
231.000000 0.000731
232.000000 0.000736
233.000000 0.000746
234.000000 0.000755
235.000000 0.000760
236.000000 0.000768
237.000000 0.000774
238.000000 0.000778
239.000000 0.000788
240.000000 0.000797
241.000000 0.000806
242.000000 0.000810
243.000000 0.000818
244.000000 0.000823
245.000000 0.000832
246.000000 0.000839
247.000000 0.000849
248.000000 0.000853
249.000000 0.000863
250.000000 0.000867
251.000000 0.000874
252.000000 0.000884
253.000000 0.000893
254.000000 0.000900
255.000000 0.000906
256.000000 0.000912
257.000000 0.000918
258.000000 0.000928
259.000000 0.000936
260.000000 0.000946
261.000000 0.000951
262.000000 0.000959
263.000000 0.000965
264.000000 0.000973
265.000000 0.000981
266.000000 0.000991
267.000000 0.000997
268.000000 0.001006
269.000000 0.001009
270.000000 0.001020
271.000000 0.001027
272.000000 0.001036
273.000000 0.001042
274.000000 0.001050
275.000000 0.001059
276.000000 0.001064
277.000000 0.001074
278.000000 0.001081
279.000000 0.001093
280.000000 0.001097
281.000000 0.001105
282.000000 0.001109
283.000000 0.001120
284.000000 0.001128
285.000000 0.001137
286.000000 0.001146
287.000000 0.001154
288.000000 0.001157
289.000000 0.001168
290.000000 0.001175
291.000000 0.001184
292.000000 0.001191
293.000000 0.001199
294.000000 0.001206
295.000000 0.001215
296.000000 0.001223
297.000000 0.001231
298.000000 0.001239
299.000000 0.001247
300.000000 0.001254
301.000000 0.001263
302.000000 0.001270
303.000000 0.001278
304.000000 0.001287
305.000000 0.001296
306.000000 0.001304
307.000000 0.001305
308.000000 0.001319
309.000000 0.001325
310.000000 0.001333
311.000000 0.001343
312.000000 0.001347
313.000000 0.001360
314.000000 0.001365
315.000000 0.001373
316.000000 0.001380
317.000000 0.001392
318.000000 0.001397
319.000000 0.001405
320.000000 0.001414
321.000000 0.001421
322.000000 0.001428
323.000000 0.001437
324.000000 0.001446
325.000000 0.001453
326.000000 0.001458
327.000000 0.001471
328.000000 0.001473
329.000000 0.001483
330.000000 0.001492
331.000000 0.001497
332.000000 0.001509
333.000000 0.001517
334.000000 0.001522
335.000000 0.001530
336.000000 0.001540
337.000000 0.001544
338.000000 0.001556
339.000000 0.001565
340.000000 0.001569
341.000000 0.001576
342.000000 0.001585
343.000000 0.001591
344.000000 0.001603
345.000000 0.001607
346.000000 0.001618
347.000000 0.001620
348.000000 0.001633
349.000000 0.001636
350.000000 0.001644
351.000000 0.001655
352.000000 0.001665
353.000000 0.001665
354.000000 0.001675
355.000000 0.001684
356.000000 0.001688
357.000000 0.001698
358.000000 0.001710
359.000000 0.001711
360.000000 0.001720
361.000000 0.001728
362.000000 0.001732
363.000000 0.001745
364.000000 0.001750
365.000000 0.001759
366.000000 0.001760
367.000000 0.001774
368.000000 0.001773
369.000000 0.001788
370.000000 0.001794
371.000000 0.001805
372.000000 0.001804
373.000000 0.001817
374.000000 0.001818
375.000000 0.001826
376.000000 0.001834
377.000000 0.001849
378.000000 0.001845
379.000000 0.001858
380.000000 0.001859
381.000000 0.001865
382.000000 0.001877
383.000000 0.001885
384.000000 0.001890
385.000000 0.001893
386.000000 0.001905
387.000000 0.001903
388.000000 0.001918
389.000000 0.001922
390.000000 0.001935
391.000000 0.001931
392.000000 0.001945
393.000000 0.001941
394.000000 0.001957
395.000000 0.001958
396.000000 0.001974
397.000000 0.001969
398.000000 0.001980
399.000000 0.001983
400.000000 0.001989
401.000000 0.001995
402.000000 0.002007
403.000000 0.002008
404.000000 0.002017
405.000000 0.002018
406.000000 0.002022
407.000000 0.002034
408.000000 0.002037
409.000000 0.002049
410.000000 0.002045
411.000000 0.002057
412.000000 0.002054
413.000000 0.002068
414.000000 0.002069
415.000000 0.002084
416.000000 0.002078
417.000000 0.002090
418.000000 0.002086
419.000000 0.002100
420.000000 0.002100
421.000000 0.002112
422.000000 0.002113
423.000000 0.002119
424.000000 0.002117
425.000000 0.002129
426.000000 0.002130
427.000000 0.002139
428.000000 0.002143
429.000000 0.002150
430.000000 0.002148
431.000000 0.002151
432.000000 0.002161
433.000000 0.002163
434.000000 0.002175
435.000000 0.002169
436.000000 0.002180
437.000000 0.002175
438.000000 0.002187
439.000000 0.002188
440.000000 0.002197
441.000000 0.002198
442.000000 0.002204
443.000000 0.002199
444.000000 0.002212
445.000000 0.002210
446.000000 0.002219
447.000000 0.002219
448.000000 0.002229
449.000000 0.002221
450.000000 0.002233
451.000000 0.002232
452.000000 0.002240
453.000000 0.002241
454.000000 0.002248
455.000000 0.002244
456.000000 0.002246
457.000000 0.002254
458.000000 0.002255
459.000000 0.002260
460.000000 0.002265
461.000000 0.002263
462.000000 0.002261
463.000000 0.002271
464.000000 0.002270
465.000000 0.002276
466.000000 0.002274
467.000000 0.002287
468.000000 0.002274
469.000000 0.002288
470.000000 0.002283
471.000000 0.002291
472.000000 0.002288
473.000000 0.002297
474.000000 0.002286
475.000000 0.002298
476.000000 0.002295
477.000000 0.002301
478.000000 0.002297
479.000000 0.002306
480.000000 0.002302
481.000000 0.002301
482.000000 0.002306
483.000000 0.002307
484.000000 0.002307
485.000000 0.002311
486.000000 0.002314
487.000000 0.002305
488.000000 0.002320
489.000000 0.002309
490.000000 0.002318
491.000000 0.002310
492.000000 0.002323
493.000000 0.002308
494.000000 0.002319
495.000000 0.002316
496.000000 0.002320
497.000000 0.002313
498.000000 0.002323
499.000000 0.002310
500.000000 0.002321
501.000000 0.002315
502.000000 0.002321
503.000000 0.002314
504.000000 0.002318
505.000000 0.002316
506.000000 0.002317
507.000000 0.002320
508.000000 0.002316
509.000000 0.002314
510.000000 0.002316
511.000000 0.002317
512.000000 0.002308
513.000000 0.002315
514.000000 0.002312
515.000000 0.002314
516.000000 0.002304
517.000000 0.002312
518.000000 0.002299
519.000000 0.002309
520.000000 0.002302
521.000000 0.002309
522.000000 0.002297
523.000000 0.002304
524.000000 0.002293
525.000000 0.002300
526.000000 0.002296
527.000000 0.002298
528.000000 0.002288
529.000000 0.002291
530.000000 0.002286
531.000000 0.002286
532.000000 0.002282
533.000000 0.002286
534.000000 0.002278
535.000000 0.002278
536.000000 0.002273
537.000000 0.002267
538.000000 0.002272
539.000000 0.002264
540.000000 0.002270
541.000000 0.002259
542.000000 0.002259
543.000000 0.002249
544.000000 0.002256
545.000000 0.002250
546.000000 0.002252
547.000000 0.002239
548.000000 0.002244
549.000000 0.002232
550.000000 0.002237
551.000000 0.002228
552.000000 0.002234
553.000000 0.002222
554.000000 0.002221
555.000000 0.002212
556.000000 0.002213
557.000000 0.002208
558.000000 0.002206
559.000000 0.002204
560.000000 0.002196
561.000000 0.002195
562.000000 0.002185
563.000000 0.002188
564.000000 0.002181
565.000000 0.002180
566.000000 0.002173
567.000000 0.002167
568.000000 0.002160
569.000000 0.002165
570.000000 0.002151
571.000000 0.002155
572.000000 0.002147
573.000000 0.002143
574.000000 0.002132
575.000000 0.002133
576.000000 0.002127
577.000000 0.002123
578.000000 0.002121
579.000000 0.002113
580.000000 0.002103
581.000000 0.002103
582.000000 0.002097
583.000000 0.002093
584.000000 0.002088
585.000000 0.002083
586.000000 0.002073
587.000000 0.002071
588.000000 0.002065
589.000000 0.002060
590.000000 0.002053
591.000000 0.002055
592.000000 0.002041
593.000000 0.002037
594.000000 0.002033
595.000000 0.002025
596.000000 0.002021
597.000000 0.002016
598.000000 0.002009
599.000000 0.001996
600.000000 0.002000
601.000000 0.001991
602.000000 0.001985
603.000000 0.001980
604.000000 0.001976
605.000000 0.001960
606.000000 0.001964
607.000000 0.001950
608.000000 0.001951
609.000000 0.001936
610.000000 0.001941
611.000000 0.001925
612.000000 0.001926
613.000000 0.001911
614.000000 0.001913
615.000000 0.001896
616.000000 0.001903
617.000000 0.001886
618.000000 0.001879
619.000000 0.001879
620.000000 0.001869
621.000000 0.001862
622.000000 0.001855
623.000000 0.001852
624.000000 0.001833
625.000000 0.001840
626.000000 0.001825
627.000000 0.001823
628.000000 0.001809
629.000000 0.001815
630.000000 0.001794
631.000000 0.001801
632.000000 0.001780
633.000000 0.001785
634.000000 0.001764
635.000000 0.001770
636.000000 0.001754
637.000000 0.001751
638.000000 0.001741
639.000000 0.001739
640.000000 0.001722
641.000000 0.001721
642.000000 0.001716
643.000000 0.001701
644.000000 0.001703
645.000000 0.001689
646.000000 0.001683
647.000000 0.001673
648.000000 0.001673
649.000000 0.001656
650.000000 0.001661
651.000000 0.001641
652.000000 0.001643
653.000000 0.001624
654.000000 0.001630
655.000000 0.001610
656.000000 0.001612
657.000000 0.001598
658.000000 0.001598
659.000000 0.001578
660.000000 0.001580
661.000000 0.001569
662.000000 0.001564
663.000000 0.001552
664.000000 0.001548
665.000000 0.001536
666.000000 0.001531
667.000000 0.001523
668.000000 0.001514
669.000000 0.001511
670.000000 0.001498
671.000000 0.001491
672.000000 0.001482
673.000000 0.001479
674.000000 0.001464
675.000000 0.001465
676.000000 0.001450
677.000000 0.001448
678.000000 0.001431
679.000000 0.001433
680.000000 0.001418
681.000000 0.001416
682.000000 0.001403
683.000000 0.001400
684.000000 0.001385
685.000000 0.001383
686.000000 0.001371
687.000000 0.001370
688.000000 0.001355
689.000000 0.001351
690.000000 0.001339
691.000000 0.001335
692.000000 0.001325
693.000000 0.001317
694.000000 0.001313
695.000000 0.001302
696.000000 0.001293
697.000000 0.001286
698.000000 0.001280
699.000000 0.001268
700.000000 0.001266
701.000000 0.001253
702.000000 0.001249
703.000000 0.001235
704.000000 0.001234
705.000000 0.001218
706.000000 0.001220
707.000000 0.001206
708.000000 0.001202
709.000000 0.001187
710.000000 0.001185
711.000000 0.001172
712.000000 0.001171
713.000000 0.001159
714.000000 0.001153
715.000000 0.001141
716.000000 0.001138
717.000000 0.001127
718.000000 0.001121
719.000000 0.001113
720.000000 0.001105
721.000000 0.001095
722.000000 0.001089
723.000000 0.001082
724.000000 0.001071
725.000000 0.001070
726.000000 0.001057
727.000000 0.001050
728.000000 0.001042
729.000000 0.001037
730.000000 0.001024
731.000000 0.001022
732.000000 0.001013
733.000000 0.001006
734.000000 0.000993
735.000000 0.000991
736.000000 0.000979
737.000000 0.000977
738.000000 0.000965
739.000000 0.000960
740.000000 0.000949
741.000000 0.000945
742.000000 0.000935
743.000000 0.000929
744.000000 0.000921
745.000000 0.000914
746.000000 0.000904
747.000000 0.000899
748.000000 0.000891
749.000000 0.000882
750.000000 0.000877
751.000000 0.000870
752.000000 0.000861
753.000000 0.000854
754.000000 0.000848
755.000000 0.000837
756.000000 0.000834
757.000000 0.000826
758.000000 0.000819
759.000000 0.000808
760.000000 0.000804
761.000000 0.000794
762.000000 0.000791
763.000000 0.000781
764.000000 0.000776
765.000000 0.000765
766.000000 0.000762
767.000000 0.000752
768.000000 0.000747
769.000000 0.000738
770.000000 0.000733
771.000000 0.000724
772.000000 0.000719
773.000000 0.000710
774.000000 0.000703
775.000000 0.000697
776.000000 0.000691
777.000000 0.000682
778.000000 0.000676
779.000000 0.000670
780.000000 0.000661
781.000000 0.000657
782.000000 0.000650
783.000000 0.000643
784.000000 0.000634
785.000000 0.000630
786.000000 0.000621
787.000000 0.000618
788.000000 0.000608
789.000000 0.000603
790.000000 0.000595
791.000000 0.000591
792.000000 0.000581
793.000000 0.000578
794.000000 0.000569
795.000000 0.000565
796.000000 0.000556
797.000000 0.000551
798.000000 0.000543
799.000000 0.000538
800.000000 0.000531
801.000000 0.000526
802.000000 0.000518
803.000000 0.000513
804.000000 0.000507
805.000000 0.000499
806.000000 0.000494
807.000000 0.000488
808.000000 0.000481
809.000000 0.000475
810.000000 0.000470
811.000000 0.000462
812.000000 0.000459
813.000000 0.000450
814.000000 0.000446
815.000000 0.000438
816.000000 0.000434
817.000000 0.000426
818.000000 0.000423
819.000000 0.000415
820.000000 0.000411
821.000000 0.000403
822.000000 0.000399
823.000000 0.000391
824.000000 0.000387
825.000000 0.000380
826.000000 0.000376
827.000000 0.000368
828.000000 0.000365
829.000000 0.000358
830.000000 0.000352
831.000000 0.000347
832.000000 0.000342
833.000000 0.000336
834.000000 0.000330
835.000000 0.000326
836.000000 0.000319
837.000000 0.000315
838.000000 0.000308
839.000000 0.000304
840.000000 0.000298
841.000000 0.000294
842.000000 0.000286
843.000000 0.000284
844.000000 0.000277
845.000000 0.000273
846.000000 0.000266
847.000000 0.000263
848.000000 0.000257
849.000000 0.000253
850.000000 0.000246
851.000000 0.000243
852.000000 0.000236
853.000000 0.000233
854.000000 0.000228
855.000000 0.000223
856.000000 0.000218
857.000000 0.000214
858.000000 0.000209
859.000000 0.000204
860.000000 0.000200
861.000000 0.000194
862.000000 0.000192
863.000000 0.000186
864.000000 0.000183
865.000000 0.000177
866.000000 0.000174
867.000000 0.000168
868.000000 0.000166
869.000000 0.000160
870.000000 0.000158
871.000000 0.000152
872.000000 0.000149
873.000000 0.000144
874.000000 0.000142
875.000000 0.000137
876.000000 0.000134
877.000000 0.000129
878.000000 0.000126
879.000000 0.000122
880.000000 0.000119
881.000000 0.000115
882.000000 0.000112
883.000000 0.000108
884.000000 0.000105
885.000000 0.000102
886.000000 0.000098
887.000000 0.000096
888.000000 0.000092
889.000000 0.000090
890.000000 0.000086
891.000000 0.000084
892.000000 0.000080
893.000000 0.000078
894.000000 0.000075
895.000000 0.000073
896.000000 0.000069
897.000000 0.000068
898.000000 0.000064
899.000000 0.000062
900.000000 0.000060
901.000000 0.000058
902.000000 0.000055
903.000000 0.000053
904.000000 0.000051
905.000000 0.000049
906.000000 0.000047
907.000000 0.000045
908.000000 0.000043
909.000000 0.000041
910.000000 0.000039
911.000000 0.000037
912.000000 0.000036
913.000000 0.000034
914.000000 0.000033
915.000000 0.000031
916.000000 0.000030
917.000000 0.000028
918.000000 0.000027
919.000000 0.000025
920.000000 0.000024
921.000000 0.000022
922.000000 0.000021
923.000000 0.000020
924.000000 0.000019
925.000000 0.000018
926.000000 0.000017
927.000000 0.000016
928.000000 0.000015
929.000000 0.000014
930.000000 0.000013
931.000000 0.000013
932.000000 0.000012
933.000000 0.000011
934.000000 0.000010
935.000000 0.000010
936.000000 0.000009
937.000000 0.000008
938.000000 0.000008
939.000000 0.000007
940.000000 0.000007
941.000000 0.000006
942.000000 0.000006
943.000000 0.000005
944.000000 0.000005
945.000000 0.000004
946.000000 0.000004
947.000000 0.000004
948.000000 0.000003
949.000000 0.000003
950.000000 0.000003
951.000000 0.000003
952.000000 0.000002
953.000000 0.000002
954.000000 0.000002
955.000000 0.000002
956.000000 0.000002
957.000000 0.000001
958.000000 0.000001
959.000000 0.000001
960.000000 0.000001
961.000000 0.000001
962.000000 0.000001
963.000000 0.000001
964.000000 0.000001
965.000000 0.000000
966.000000 0.000000
967.000000 0.000000
968.000000 0.000000
969.000000 0.000000
970.000000 0.000000
971.000000 0.000000
972.000000 0.000000
973.000000 0.000000
974.000000 0.000000
975.000000 0.000000
976.000000 0.000000
977.000000 0.000000
978.000000 0.000000
979.000000 0.000000
980.000000 0.000000
981.000000 0.000000
982.000000 0.000000
983.000000 0.000000
984.000000 0.000000
985.000000 0.000000
986.000000 0.000000
987.000000 0.000000
988.000000 0.000000
989.000000 0.000000
990.000000 0.000000
991.000000 0.000000
992.000000 0.000000
993.000000 0.000000
994.000000 0.000000
995.000000 0.000000
996.000000 0.000000
997.000000 0.000000
998.000000 0.000000
999.000000 0.000000
1000.000000 0.000000
