n lam mean variance std
1000 0.010000 500.494965 34823.256677 186.609905
bin_midpoint probability
1.000000 0.000000
2.000000 0.000000
3.000000 0.000000
4.000000 0.000000
5.000000 0.000001
6.000000 0.000002
7.000000 0.000004
8.000000 0.000005
9.000000 0.000007
10.000000 0.000009
11.000000 0.000012
12.000000 0.000014
13.000000 0.000016
14.000000 0.000018
15.000000 0.000020
16.000000 0.000022
17.000000 0.000025
18.000000 0.000027
19.000000 0.000029
20.000000 0.000031
21.000000 0.000033
22.000000 0.000036
23.000000 0.000038
24.000000 0.000040
25.000000 0.000043
26.000000 0.000045
27.000000 0.000047
28.000000 0.000050
29.000000 0.000052
30.000000 0.000054
31.000000 0.000057
32.000000 0.000059
33.000000 0.000062
34.000000 0.000064
35.000000 0.000066
36.000000 0.000069
37.000000 0.000071
38.000000 0.000074
39.000000 0.000076
40.000000 0.000079
41.000000 0.000081
42.000000 0.000084
43.000000 0.000086
44.000000 0.000089
45.000000 0.000092
46.000000 0.000094
47.000000 0.000097
48.000000 0.000099
49.000000 0.000102
50.000000 0.000105
51.000000 0.000107
52.000000 0.000110
53.000000 0.000113
54.000000 0.000116
55.000000 0.000118
56.000000 0.000121
57.000000 0.000124
58.000000 0.000126
59.000000 0.000129
60.000000 0.000132
61.000000 0.000135
62.000000 0.000138
63.000000 0.000141
64.000000 0.000143
65.000000 0.000146
66.000000 0.000149
67.000000 0.000152
68.000000 0.000155
69.000000 0.000158
70.000000 0.000161
71.000000 0.000164
72.000000 0.000167
73.000000 0.000170
74.000000 0.000173
75.000000 0.000176
76.000000 0.000179
77.000000 0.000182
78.000000 0.000185
79.000000 0.000188
80.000000 0.000191
81.000000 0.000194
82.000000 0.000198
83.000000 0.000201
84.000000 0.000204
85.000000 0.000207
86.000000 0.000210
87.000000 0.000214
88.000000 0.000217
89.000000 0.000220
90.000000 0.000223
91.000000 0.000227
92.000000 0.000230
93.000000 0.000233
94.000000 0.000236
95.000000 0.000240
96.000000 0.000243
97.000000 0.000247
98.000000 0.000250
99.000000 0.000253
100.000000 0.000257
101.000000 0.000260
102.000000 0.000264
103.000000 0.000267
104.000000 0.000271
105.000000 0.000274
106.000000 0.000278
107.000000 0.000281
108.000000 0.000285
109.000000 0.000288
110.000000 0.000292
111.000000 0.000296
112.000000 0.000299
113.000000 0.000303
114.000000 0.000307
115.000000 0.000310
116.000000 0.000314
117.000000 0.000318
118.000000 0.000321
119.000000 0.000325
120.000000 0.000329
121.000000 0.000333
122.000000 0.000336
123.000000 0.000340
124.000000 0.000344
125.000000 0.000348
126.000000 0.000352
127.000000 0.000356
128.000000 0.000360
129.000000 0.000364
130.000000 0.000367
131.000000 0.000371
132.000000 0.000375
133.000000 0.000379
134.000000 0.000383
135.000000 0.000387
136.000000 0.000391
137.000000 0.000395
138.000000 0.000400
139.000000 0.000404
140.000000 0.000408
141.000000 0.000412
142.000000 0.000416
143.000000 0.000420
144.000000 0.000424
145.000000 0.000428
146.000000 0.000433
147.000000 0.000437
148.000000 0.000441
149.000000 0.000445
150.000000 0.000450
151.000000 0.000454
152.000000 0.000458
153.000000 0.000463
154.000000 0.000467
155.000000 0.000471
156.000000 0.000476
157.000000 0.000480
158.000000 0.000484
159.000000 0.000489
160.000000 0.000493
161.000000 0.000498
162.000000 0.000502
163.000000 0.000507
164.000000 0.000511
165.000000 0.000516
166.000000 0.000520
167.000000 0.000525
168.000000 0.000529
169.000000 0.000534
170.000000 0.000539
171.000000 0.000543
172.000000 0.000548
173.000000 0.000553
174.000000 0.000557
175.000000 0.000562
176.000000 0.000567
177.000000 0.000571
178.000000 0.000576
179.000000 0.000581
180.000000 0.000586
181.000000 0.000590
182.000000 0.000595
183.000000 0.000600
184.000000 0.000605
185.000000 0.000610
186.000000 0.000615
187.000000 0.000619
188.000000 0.000624
189.000000 0.000629
190.000000 0.000634
191.000000 0.000639
192.000000 0.000644
193.000000 0.000649
194.000000 0.000654
195.000000 0.000659
196.000000 0.000664
197.000000 0.000669
198.000000 0.000674
199.000000 0.000679
200.000000 0.000684
201.000000 0.000689
202.000000 0.000694
203.000000 0.000700
204.000000 0.000705
205.000000 0.000710
206.000000 0.000715
207.000000 0.000720
208.000000 0.000725
209.000000 0.000731
210.000000 0.000736
211.000000 0.000741
212.000000 0.000746
213.000000 0.000752
214.000000 0.000757
215.000000 0.000762
216.000000 0.000767
217.000000 0.000773
218.000000 0.000778
219.000000 0.000783
220.000000 0.000789
221.000000 0.000794
222.000000 0.000800
223.000000 0.000805
224.000000 0.000810
225.000000 0.000816
226.000000 0.000821
227.000000 0.000827
228.000000 0.000832
229.000000 0.000838
230.000000 0.000843
231.000000 0.000849
232.000000 0.000854
233.000000 0.000860
234.000000 0.000865
235.000000 0.000871
236.000000 0.000876
237.000000 0.000882
238.000000 0.000887
239.000000 0.000893
240.000000 0.000899
241.000000 0.000904
242.000000 0.000910
243.000000 0.000915
244.000000 0.000921
245.000000 0.000927
246.000000 0.000932
247.000000 0.000938
248.000000 0.000944
249.000000 0.000949
250.000000 0.000955
251.000000 0.000961
252.000000 0.000967
253.000000 0.000972
254.000000 0.000978
255.000000 0.000984
256.000000 0.000989
257.000000 0.000995
258.000000 0.001001
259.000000 0.001007
260.000000 0.001013
261.000000 0.001018
262.000000 0.001024
263.000000 0.001030
264.000000 0.001036
265.000000 0.001042
266.000000 0.001047
267.000000 0.001053
268.000000 0.001059
269.000000 0.001065
270.000000 0.001071
271.000000 0.001077
272.000000 0.001082
273.000000 0.001088
274.000000 0.001094
275.000000 0.001100
276.000000 0.001106
277.000000 0.001112
278.000000 0.001118
279.000000 0.001124
280.000000 0.001129
281.000000 0.001135
282.000000 0.001141
283.000000 0.001147
284.000000 0.001153
285.000000 0.001159
286.000000 0.001165
287.000000 0.001171
288.000000 0.001177
289.000000 0.001183
290.000000 0.001188
291.000000 0.001194
292.000000 0.001200
293.000000 0.001206
294.000000 0.001212
295.000000 0.001218
296.000000 0.001224
297.000000 0.001230
298.000000 0.001236
299.000000 0.001242
300.000000 0.001248
301.000000 0.001254
302.000000 0.001259
303.000000 0.001265
304.000000 0.001271
305.000000 0.001277
306.000000 0.001283
307.000000 0.001289
308.000000 0.001295
309.000000 0.001301
310.000000 0.001307
311.000000 0.001312
312.000000 0.001318
313.000000 0.001324
314.000000 0.001330
315.000000 0.001336
316.000000 0.001342
317.000000 0.001348
318.000000 0.001353
319.000000 0.001359
320.000000 0.001365
321.000000 0.001371
322.000000 0.001377
323.000000 0.001383
324.000000 0.001388
325.000000 0.001394
326.000000 0.001400
327.000000 0.001406
328.000000 0.001411
329.000000 0.001417
330.000000 0.001423
331.000000 0.001429
332.000000 0.001434
333.000000 0.001440
334.000000 0.001446
335.000000 0.001452
336.000000 0.001457
337.000000 0.001463
338.000000 0.001469
339.000000 0.001474
340.000000 0.001480
341.000000 0.001485
342.000000 0.001491
343.000000 0.001497
344.000000 0.001502
345.000000 0.001508
346.000000 0.001513
347.000000 0.001519
348.000000 0.001524
349.000000 0.001530
350.000000 0.001535
351.000000 0.001541
352.000000 0.001546
353.000000 0.001552
354.000000 0.001557
355.000000 0.001563
356.000000 0.001568
357.000000 0.001573
358.000000 0.001579
359.000000 0.001584
360.000000 0.001589
361.000000 0.001595
362.000000 0.001600
363.000000 0.001605
364.000000 0.001611
365.000000 0.001616
366.000000 0.001621
367.000000 0.001626
368.000000 0.001631
369.000000 0.001636
370.000000 0.001642
371.000000 0.001647
372.000000 0.001652
373.000000 0.001657
374.000000 0.001662
375.000000 0.001667
376.000000 0.001672
377.000000 0.001677
378.000000 0.001682
379.000000 0.001687
380.000000 0.001691
381.000000 0.001696
382.000000 0.001701
383.000000 0.001706
384.000000 0.001711
385.000000 0.001715
386.000000 0.001720
387.000000 0.001725
388.000000 0.001730
389.000000 0.001734
390.000000 0.001739
391.000000 0.001743
392.000000 0.001748
393.000000 0.001752
394.000000 0.001757
395.000000 0.001761
396.000000 0.001766
397.000000 0.001770
398.000000 0.001775
399.000000 0.001779
400.000000 0.001783
401.000000 0.001788
402.000000 0.001792
403.000000 0.001796
404.000000 0.001800
405.000000 0.001804
406.000000 0.001808
407.000000 0.001813
408.000000 0.001817
409.000000 0.001821
410.000000 0.001825
411.000000 0.001829
412.000000 0.001832
413.000000 0.001836
414.000000 0.001840
415.000000 0.001844
416.000000 0.001848
417.000000 0.001852
418.000000 0.001855
419.000000 0.001859
420.000000 0.001862
421.000000 0.001866
422.000000 0.001870
423.000000 0.001873
424.000000 0.001877
425.000000 0.001880
426.000000 0.001883
427.000000 0.001887
428.000000 0.001890
429.000000 0.001893
430.000000 0.001897
431.000000 0.001900
432.000000 0.001903
433.000000 0.001906
434.000000 0.001909
435.000000 0.001912
436.000000 0.001915
437.000000 0.001918
438.000000 0.001921
439.000000 0.001924
440.000000 0.001927
441.000000 0.001930
442.000000 0.001932
443.000000 0.001935
444.000000 0.001938
445.000000 0.001940
446.000000 0.001943
447.000000 0.001945
448.000000 0.001948
449.000000 0.001950
450.000000 0.001953
451.000000 0.001955
452.000000 0.001957
453.000000 0.001960
454.000000 0.001962
455.000000 0.001964
456.000000 0.001966
457.000000 0.001968
458.000000 0.001970
459.000000 0.001972
460.000000 0.001974
461.000000 0.001976
462.000000 0.001978
463.000000 0.001980
464.000000 0.001982
465.000000 0.001984
466.000000 0.001985
467.000000 0.001987
468.000000 0.001988
469.000000 0.001990
470.000000 0.001991
471.000000 0.001993
472.000000 0.001994
473.000000 0.001996
474.000000 0.001997
475.000000 0.001998
476.000000 0.001999
477.000000 0.002001
478.000000 0.002002
479.000000 0.002003
480.000000 0.002004
481.000000 0.002005
482.000000 0.002006
483.000000 0.002007
484.000000 0.002007
485.000000 0.002008
486.000000 0.002009
487.000000 0.002010
488.000000 0.002010
489.000000 0.002011
490.000000 0.002011
491.000000 0.002012
492.000000 0.002012
493.000000 0.002013
494.000000 0.002013
495.000000 0.002013
496.000000 0.002014
497.000000 0.002014
498.000000 0.002014
499.000000 0.002014
500.000000 0.002014
501.000000 0.002014
502.000000 0.002014
503.000000 0.002014
504.000000 0.002014
505.000000 0.002014
506.000000 0.002013
507.000000 0.002013
508.000000 0.002013
509.000000 0.002012
510.000000 0.002012
511.000000 0.002011
512.000000 0.002011
513.000000 0.002010
514.000000 0.002010
515.000000 0.002009
516.000000 0.002008
517.000000 0.002007
518.000000 0.002007
519.000000 0.002006
520.000000 0.002005
521.000000 0.002004
522.000000 0.002003
523.000000 0.002002
524.000000 0.002001
525.000000 0.001999
526.000000 0.001998
527.000000 0.001997
528.000000 0.001996
529.000000 0.001994
530.000000 0.001993
531.000000 0.001991
532.000000 0.001990
533.000000 0.001988
534.000000 0.001987
535.000000 0.001985
536.000000 0.001984
537.000000 0.001982
538.000000 0.001980
539.000000 0.001978
540.000000 0.001976
541.000000 0.001974
542.000000 0.001972
543.000000 0.001970
544.000000 0.001968
545.000000 0.001966
546.000000 0.001964
547.000000 0.001962
548.000000 0.001960
549.000000 0.001957
550.000000 0.001955
551.000000 0.001953
552.000000 0.001950
553.000000 0.001948
554.000000 0.001945
555.000000 0.001943
556.000000 0.001940
557.000000 0.001938
558.000000 0.001935
559.000000 0.001932
560.000000 0.001930
561.000000 0.001927
562.000000 0.001924
563.000000 0.001921
564.000000 0.001918
565.000000 0.001915
566.000000 0.001912
567.000000 0.001909
568.000000 0.001906
569.000000 0.001903
570.000000 0.001900
571.000000 0.001897
572.000000 0.001893
573.000000 0.001890
574.000000 0.001887
575.000000 0.001883
576.000000 0.001880
577.000000 0.001877
578.000000 0.001873
579.000000 0.001870
580.000000 0.001866
581.000000 0.001862
582.000000 0.001859
583.000000 0.001855
584.000000 0.001851
585.000000 0.001848
586.000000 0.001844
587.000000 0.001840
588.000000 0.001836
589.000000 0.001832
590.000000 0.001829
591.000000 0.001825
592.000000 0.001821
593.000000 0.001817
594.000000 0.001813
595.000000 0.001808
596.000000 0.001804
597.000000 0.001800
598.000000 0.001796
599.000000 0.001792
600.000000 0.001788
601.000000 0.001783
602.000000 0.001779
603.000000 0.001775
604.000000 0.001770
605.000000 0.001766
606.000000 0.001761
607.000000 0.001757
608.000000 0.001752
609.000000 0.001748
610.000000 0.001743
611.000000 0.001739
612.000000 0.001734
613.000000 0.001729
614.000000 0.001725
615.000000 0.001720
616.000000 0.001715
617.000000 0.001711
618.000000 0.001706
619.000000 0.001701
620.000000 0.001696
621.000000 0.001691
622.000000 0.001687
623.000000 0.001682
624.000000 0.001677
625.000000 0.001672
626.000000 0.001667
627.000000 0.001662
628.000000 0.001657
629.000000 0.001652
630.000000 0.001647
631.000000 0.001641
632.000000 0.001636
633.000000 0.001631
634.000000 0.001626
635.000000 0.001621
636.000000 0.001616
637.000000 0.001610
638.000000 0.001605
639.000000 0.001600
640.000000 0.001595
641.000000 0.001589
642.000000 0.001584
643.000000 0.001579
644.000000 0.001573
645.000000 0.001568
646.000000 0.001563
647.000000 0.001557
648.000000 0.001552
649.000000 0.001546
650.000000 0.001541
651.000000 0.001535
652.000000 0.001530
653.000000 0.001524
654.000000 0.001519
655.000000 0.001513
656.000000 0.001508
657.000000 0.001502
658.000000 0.001497
659.000000 0.001491
660.000000 0.001485
661.000000 0.001480
662.000000 0.001474
663.000000 0.001468
664.000000 0.001463
665.000000 0.001457
666.000000 0.001451
667.000000 0.001446
668.000000 0.001440
669.000000 0.001434
670.000000 0.001429
671.000000 0.001423
672.000000 0.001417
673.000000 0.001411
674.000000 0.001406
675.000000 0.001400
676.000000 0.001394
677.000000 0.001388
678.000000 0.001382
679.000000 0.001377
680.000000 0.001371
681.000000 0.001365
682.000000 0.001359
683.000000 0.001353
684.000000 0.001348
685.000000 0.001342
686.000000 0.001336
687.000000 0.001330
688.000000 0.001324
689.000000 0.001318
690.000000 0.001312
691.000000 0.001307
692.000000 0.001301
693.000000 0.001295
694.000000 0.001289
695.000000 0.001283
696.000000 0.001277
697.000000 0.001271
698.000000 0.001265
699.000000 0.001259
700.000000 0.001253
701.000000 0.001248
702.000000 0.001242
703.000000 0.001236
704.000000 0.001230
705.000000 0.001224
706.000000 0.001218
707.000000 0.001212
708.000000 0.001206
709.000000 0.001200
710.000000 0.001194
711.000000 0.001188
712.000000 0.001183
713.000000 0.001177
714.000000 0.001171
715.000000 0.001165
716.000000 0.001159
717.000000 0.001153
718.000000 0.001147
719.000000 0.001141
720.000000 0.001135
721.000000 0.001129
722.000000 0.001124
723.000000 0.001118
724.000000 0.001112
725.000000 0.001106
726.000000 0.001100
727.000000 0.001094
728.000000 0.001088
729.000000 0.001082
730.000000 0.001077
731.000000 0.001071
732.000000 0.001065
733.000000 0.001059
734.000000 0.001053
735.000000 0.001047
736.000000 0.001042
737.000000 0.001036
738.000000 0.001030
739.000000 0.001024
740.000000 0.001018
741.000000 0.001013
742.000000 0.001007
743.000000 0.001001
744.000000 0.000995
745.000000 0.000989
746.000000 0.000984
747.000000 0.000978
748.000000 0.000972
749.000000 0.000966
750.000000 0.000961
751.000000 0.000955
752.000000 0.000949
753.000000 0.000944
754.000000 0.000938
755.000000 0.000932
756.000000 0.000927
757.000000 0.000921
758.000000 0.000915
759.000000 0.000910
760.000000 0.000904
761.000000 0.000899
762.000000 0.000893
763.000000 0.000887
764.000000 0.000882
765.000000 0.000876
766.000000 0.000871
767.000000 0.000865
768.000000 0.000860
769.000000 0.000854
770.000000 0.000849
771.000000 0.000843
772.000000 0.000838
773.000000 0.000832
774.000000 0.000827
775.000000 0.000821
776.000000 0.000816
777.000000 0.000810
778.000000 0.000805
779.000000 0.000800
780.000000 0.000794
781.000000 0.000789
782.000000 0.000783
783.000000 0.000778
784.000000 0.000773
785.000000 0.000767
786.000000 0.000762
787.000000 0.000757
788.000000 0.000752
789.000000 0.000746
790.000000 0.000741
791.000000 0.000736
792.000000 0.000731
793.000000 0.000725
794.000000 0.000720
795.000000 0.000715
796.000000 0.000710
797.000000 0.000705
798.000000 0.000700
799.000000 0.000694
800.000000 0.000689
801.000000 0.000684
802.000000 0.000679
803.000000 0.000674
804.000000 0.000669
805.000000 0.000664
806.000000 0.000659
807.000000 0.000654
808.000000 0.000649
809.000000 0.000644
810.000000 0.000639
811.000000 0.000634
812.000000 0.000629
813.000000 0.000624
814.000000 0.000619
815.000000 0.000614
816.000000 0.000610
817.000000 0.000605
818.000000 0.000600
819.000000 0.000595
820.000000 0.000590
821.000000 0.000586
822.000000 0.000581
823.000000 0.000576
824.000000 0.000571
825.000000 0.000567
826.000000 0.000562
827.000000 0.000557
828.000000 0.000552
829.000000 0.000548
830.000000 0.000543
831.000000 0.000539
832.000000 0.000534
833.000000 0.000529
834.000000 0.000525
835.000000 0.000520
836.000000 0.000516
837.000000 0.000511
838.000000 0.000507
839.000000 0.000502
840.000000 0.000498
841.000000 0.000493
842.000000 0.000489
843.000000 0.000484
844.000000 0.000480
845.000000 0.000476
846.000000 0.000471
847.000000 0.000467
848.000000 0.000462
849.000000 0.000458
850.000000 0.000454
851.000000 0.000450
852.000000 0.000445
853.000000 0.000441
854.000000 0.000437
855.000000 0.000433
856.000000 0.000428
857.000000 0.000424
858.000000 0.000420
859.000000 0.000416
860.000000 0.000412
861.000000 0.000408
862.000000 0.000404
863.000000 0.000399
864.000000 0.000395
865.000000 0.000391
866.000000 0.000387
867.000000 0.000383
868.000000 0.000379
869.000000 0.000375
870.000000 0.000371
871.000000 0.000367
872.000000 0.000363
873.000000 0.000360
874.000000 0.000356
875.000000 0.000352
876.000000 0.000348
877.000000 0.000344
878.000000 0.000340
879.000000 0.000336
880.000000 0.000333
881.000000 0.000329
882.000000 0.000325
883.000000 0.000321
884.000000 0.000318
885.000000 0.000314
886.000000 0.000310
887.000000 0.000307
888.000000 0.000303
889.000000 0.000299
890.000000 0.000296
891.000000 0.000292
892.000000 0.000288
893.000000 0.000285
894.000000 0.000281
895.000000 0.000278
896.000000 0.000274
897.000000 0.000271
898.000000 0.000267
899.000000 0.000264
900.000000 0.000260
901.000000 0.000257
902.000000 0.000253
903.000000 0.000250
904.000000 0.000247
905.000000 0.000243
906.000000 0.000240
907.000000 0.000236
908.000000 0.000233
909.000000 0.000230
910.000000 0.000227
911.000000 0.000223
912.000000 0.000220
913.000000 0.000217
914.000000 0.000213
915.000000 0.000210
916.000000 0.000207
917.000000 0.000204
918.000000 0.000201
919.000000 0.000198
920.000000 0.000194
921.000000 0.000191
922.000000 0.000188
923.000000 0.000185
924.000000 0.000182
925.000000 0.000179
926.000000 0.000176
927.000000 0.000173
928.000000 0.000170
929.000000 0.000167
930.000000 0.000164
931.000000 0.000161
932.000000 0.000158
933.000000 0.000155
934.000000 0.000152
935.000000 0.000149
936.000000 0.000146
937.000000 0.000143
938.000000 0.000141
939.000000 0.000138
940.000000 0.000135
941.000000 0.000132
942.000000 0.000129
943.000000 0.000126
944.000000 0.000124
945.000000 0.000121
946.000000 0.000118
947.000000 0.000115
948.000000 0.000113
949.000000 0.000110
950.000000 0.000107
951.000000 0.000105
952.000000 0.000102
953.000000 0.000099
954.000000 0.000097
955.000000 0.000094
956.000000 0.000092
957.000000 0.000089
958.000000 0.000086
959.000000 0.000084
960.000000 0.000081
961.000000 0.000079
962.000000 0.000076
963.000000 0.000074
964.000000 0.000071
965.000000 0.000069
966.000000 0.000066
967.000000 0.000064
968.000000 0.000062
969.000000 0.000059
970.000000 0.000057
971.000000 0.000054
972.000000 0.000052
973.000000 0.000050
974.000000 0.000047
975.000000 0.000045
976.000000 0.000043
977.000000 0.000040
978.000000 0.000038
979.000000 0.000036
980.000000 0.000033
981.000000 0.000031
982.000000 0.000029
983.000000 0.000027
984.000000 0.000025
985.000000 0.000022
986.000000 0.000020
987.000000 0.000018
988.000000 0.000016
989.000000 0.000014
990.000000 0.000012
991.000000 0.000009
992.000000 0.000007
993.000000 0.000005
994.000000 0.000004
995.000000 0.000002
996.000000 0.000001
997.000000 0.000000
998.000000 0.000000
999.000000 0.000000
1000.000000 0.000000
