n lam mean variance std
1000 0.440000 500.500000 15254.718684 123.509994
bin_midpoint probability
1.000000 0.000000
2.000000 0.000000
3.000000 0.000000
4.000000 0.000000
5.000000 0.000000
6.000000 0.000000
7.000000 0.000000
8.000000 0.000000
9.000000 0.000000
10.000000 0.000000
11.000000 0.000000
12.000000 0.000000
13.000000 0.000000
14.000000 0.000000
15.000000 0.000000
16.000000 0.000000
17.000000 0.000000
18.000000 0.000000
19.000000 0.000000
20.000000 0.000000
21.000000 0.000000
22.000000 0.000000
23.000000 0.000000
24.000000 0.000000
25.000000 0.000000
26.000000 0.000000
27.000000 0.000000
28.000000 0.000000
29.000000 0.000000
30.000000 0.000000
31.000000 0.000000
32.000000 0.000000
33.000000 0.000000
34.000000 0.000000
35.000000 0.000000
36.000000 0.000000
37.000000 0.000000
38.000000 0.000000
39.000000 0.000000
40.000000 0.000000
41.000000 0.000000
42.000000 0.000000
43.000000 0.000000
44.000000 0.000000
45.000000 0.000000
46.000000 0.000000
47.000000 0.000000
48.000000 0.000000
49.000000 0.000000
50.000000 0.000000
51.000000 0.000000
52.000000 0.000000
53.000000 0.000000
54.000000 0.000000
55.000000 0.000000
56.000000 0.000000
57.000000 0.000000
58.000000 0.000000
59.000000 0.000000
60.000000 0.000000
61.000000 0.000000
62.000000 0.000000
63.000000 0.000000
64.000000 0.000000
65.000000 0.000000
66.000000 0.000000
67.000000 0.000000
68.000000 0.000000
69.000000 0.000000
70.000000 0.000000
71.000000 0.000000
72.000000 0.000000
73.000000 0.000000
74.000000 0.000000
75.000000 0.000000
76.000000 0.000000
77.000000 0.000000
78.000000 0.000000
79.000000 0.000000
80.000000 0.000000
81.000000 0.000000
82.000000 0.000000
83.000000 0.000000
84.000000 0.000000
85.000000 0.000000
86.000000 0.000000
87.000000 0.000000
88.000000 0.000000
89.000000 0.000000
90.000000 0.000000
91.000000 0.000000
92.000000 0.000000
93.000000 0.000000
94.000000 0.000001
95.000000 0.000001
96.000000 0.000001
97.000000 0.000001
98.000000 0.000001
99.000000 0.000001
100.000000 0.000001
101.000000 0.000001
102.000000 0.000001
103.000000 0.000001
104.000000 0.000001
105.000000 0.000001
106.000000 0.000001
107.000000 0.000002
108.000000 0.000002
109.000000 0.000002
110.000000 0.000002
111.000000 0.000002
112.000000 0.000002
113.000000 0.000002
114.000000 0.000003
115.000000 0.000003
116.000000 0.000003
117.000000 0.000003
118.000000 0.000003
119.000000 0.000004
120.000000 0.000004
121.000000 0.000004
122.000000 0.000004
123.000000 0.000005
124.000000 0.000005
125.000000 0.000005
126.000000 0.000006
127.000000 0.000006
128.000000 0.000006
129.000000 0.000007
130.000000 0.000007
131.000000 0.000008
132.000000 0.000008
133.000000 0.000009
134.000000 0.000009
135.000000 0.000010
136.000000 0.000010
137.000000 0.000011
138.000000 0.000011
139.000000 0.000012
140.000000 0.000013
141.000000 0.000013
142.000000 0.000014
143.000000 0.000015
144.000000 0.000016
145.000000 0.000016
146.000000 0.000017
147.000000 0.000018
148.000000 0.000019
149.000000 0.000020
150.000000 0.000021
151.000000 0.000022
152.000000 0.000023
153.000000 0.000024
154.000000 0.000025
155.000000 0.000026
156.000000 0.000028
157.000000 0.000029
158.000000 0.000030
159.000000 0.000031
160.000000 0.000033
161.000000 0.000034
162.000000 0.000036
163.000000 0.000037
164.000000 0.000039
165.000000 0.000040
166.000000 0.000042
167.000000 0.000044
168.000000 0.000046
169.000000 0.000047
170.000000 0.000049
171.000000 0.000051
172.000000 0.000053
173.000000 0.000055
174.000000 0.000057
175.000000 0.000060
176.000000 0.000062
177.000000 0.000064
178.000000 0.000066
179.000000 0.000069
180.000000 0.000071
181.000000 0.000074
182.000000 0.000077
183.000000 0.000079
184.000000 0.000082
185.000000 0.000085
186.000000 0.000088
187.000000 0.000091
188.000000 0.000094
189.000000 0.000097
190.000000 0.000100
191.000000 0.000103
192.000000 0.000106
193.000000 0.000110
194.000000 0.000113
195.000000 0.000117
196.000000 0.000121
197.000000 0.000124
198.000000 0.000128
199.000000 0.000132
200.000000 0.000136
201.000000 0.000140
202.000000 0.000144
203.000000 0.000148
204.000000 0.000152
205.000000 0.000157
206.000000 0.000161
207.000000 0.000166
208.000000 0.000171
209.000000 0.000175
210.000000 0.000180
211.000000 0.000185
212.000000 0.000190
213.000000 0.000195
214.000000 0.000200
215.000000 0.000205
216.000000 0.000211
217.000000 0.000216
218.000000 0.000222
219.000000 0.000227
220.000000 0.000233
221.000000 0.000239
222.000000 0.000245
223.000000 0.000251
224.000000 0.000257
225.000000 0.000263
226.000000 0.000270
227.000000 0.000276
228.000000 0.000283
229.000000 0.000289
230.000000 0.000296
231.000000 0.000303
232.000000 0.000310
233.000000 0.000317
234.000000 0.000324
235.000000 0.000331
236.000000 0.000338
237.000000 0.000346
238.000000 0.000353
239.000000 0.000361
240.000000 0.000368
241.000000 0.000376
242.000000 0.000384
243.000000 0.000392
244.000000 0.000400
245.000000 0.000408
246.000000 0.000417
247.000000 0.000425
248.000000 0.000434
249.000000 0.000442
250.000000 0.000451
251.000000 0.000460
252.000000 0.000469
253.000000 0.000478
254.000000 0.000487
255.000000 0.000496
256.000000 0.000505
257.000000 0.000514
258.000000 0.000524
259.000000 0.000533
260.000000 0.000543
261.000000 0.000553
262.000000 0.000563
263.000000 0.000573
264.000000 0.000583
265.000000 0.000593
266.000000 0.000603
267.000000 0.000613
268.000000 0.000624
269.000000 0.000634
270.000000 0.000645
271.000000 0.000655
272.000000 0.000666
273.000000 0.000677
274.000000 0.000688
275.000000 0.000699
276.000000 0.000710
277.000000 0.000721
278.000000 0.000733
279.000000 0.000744
280.000000 0.000755
281.000000 0.000767
282.000000 0.000778
283.000000 0.000790
284.000000 0.000802
285.000000 0.000814
286.000000 0.000825
287.000000 0.000837
288.000000 0.000849
289.000000 0.000862
290.000000 0.000874
291.000000 0.000886
292.000000 0.000898
293.000000 0.000911
294.000000 0.000923
295.000000 0.000936
296.000000 0.000948
297.000000 0.000961
298.000000 0.000974
299.000000 0.000986
300.000000 0.000999
301.000000 0.001012
302.000000 0.001025
303.000000 0.001038
304.000000 0.001051
305.000000 0.001064
306.000000 0.001077
307.000000 0.001090
308.000000 0.001104
309.000000 0.001117
310.000000 0.001130
311.000000 0.001144
312.000000 0.001157
313.000000 0.001171
314.000000 0.001184
315.000000 0.001198
316.000000 0.001211
317.000000 0.001225
318.000000 0.001239
319.000000 0.001252
320.000000 0.001266
321.000000 0.001280
322.000000 0.001294
323.000000 0.001307
324.000000 0.001321
325.000000 0.001335
326.000000 0.001349
327.000000 0.001363
328.000000 0.001377
329.000000 0.001391
330.000000 0.001405
331.000000 0.001419
332.000000 0.001433
333.000000 0.001447
334.000000 0.001461
335.000000 0.001475
336.000000 0.001489
337.000000 0.001503
338.000000 0.001517
339.000000 0.001531
340.000000 0.001545
341.000000 0.001559
342.000000 0.001573
343.000000 0.001587
344.000000 0.001601
345.000000 0.001615
346.000000 0.001629
347.000000 0.001643
348.000000 0.001658
349.000000 0.001672
350.000000 0.001686
351.000000 0.001700
352.000000 0.001714
353.000000 0.001728
354.000000 0.001742
355.000000 0.001756
356.000000 0.001770
357.000000 0.001783
358.000000 0.001797
359.000000 0.001811
360.000000 0.001825
361.000000 0.001839
362.000000 0.001853
363.000000 0.001867
364.000000 0.001880
365.000000 0.001894
366.000000 0.001908
367.000000 0.001921
368.000000 0.001935
369.000000 0.001949
370.000000 0.001962
371.000000 0.001976
372.000000 0.001989
373.000000 0.002003
374.000000 0.002016
375.000000 0.002029
376.000000 0.002043
377.000000 0.002056
378.000000 0.002069
379.000000 0.002083
380.000000 0.002096
381.000000 0.002109
382.000000 0.002122
383.000000 0.002135
384.000000 0.002148
385.000000 0.002161
386.000000 0.002173
387.000000 0.002186
388.000000 0.002199
389.000000 0.002212
390.000000 0.002224
391.000000 0.002237
392.000000 0.002249
393.000000 0.002262
394.000000 0.002274
395.000000 0.002286
396.000000 0.002298
397.000000 0.002311
398.000000 0.002323
399.000000 0.002335
400.000000 0.002347
401.000000 0.002358
402.000000 0.002370
403.000000 0.002382
404.000000 0.002394
405.000000 0.002405
406.000000 0.002417
407.000000 0.002428
408.000000 0.002439
409.000000 0.002451
410.000000 0.002462
411.000000 0.002473
412.000000 0.002484
413.000000 0.002495
414.000000 0.002505
415.000000 0.002516
416.000000 0.002527
417.000000 0.002537
418.000000 0.002548
419.000000 0.002558
420.000000 0.002568
421.000000 0.002579
422.000000 0.002589
423.000000 0.002599
424.000000 0.002608
425.000000 0.002618
426.000000 0.002628
427.000000 0.002637
428.000000 0.002647
429.000000 0.002656
430.000000 0.002666
431.000000 0.002675
432.000000 0.002684
433.000000 0.002693
434.000000 0.002702
435.000000 0.002710
436.000000 0.002719
437.000000 0.002727
438.000000 0.002736
439.000000 0.002744
440.000000 0.002752
441.000000 0.002760
442.000000 0.002768
443.000000 0.002776
444.000000 0.002784
445.000000 0.002791
446.000000 0.002799
447.000000 0.002806
448.000000 0.002813
449.000000 0.002820
450.000000 0.002827
451.000000 0.002834
452.000000 0.002841
453.000000 0.002847
454.000000 0.002854
455.000000 0.002860
456.000000 0.002866
457.000000 0.002873
458.000000 0.002879
459.000000 0.002884
460.000000 0.002890
461.000000 0.002896
462.000000 0.002901
463.000000 0.002906
464.000000 0.002912
465.000000 0.002917
466.000000 0.002921
467.000000 0.002926
468.000000 0.002931
469.000000 0.002935
470.000000 0.002940
471.000000 0.002944
472.000000 0.002948
473.000000 0.002952
474.000000 0.002956
475.000000 0.002960
476.000000 0.002963
477.000000 0.002967
478.000000 0.002970
479.000000 0.002973
480.000000 0.002976
481.000000 0.002979
482.000000 0.002982
483.000000 0.002984
484.000000 0.002987
485.000000 0.002989
486.000000 0.002991
487.000000 0.002993
488.000000 0.002995
489.000000 0.002997
490.000000 0.002998
491.000000 0.003000
492.000000 0.003001
493.000000 0.003002
494.000000 0.003003
495.000000 0.003004
496.000000 0.003005
497.000000 0.003005
498.000000 0.003006
499.000000 0.003006
500.000000 0.003006
501.000000 0.003006
502.000000 0.003006
503.000000 0.003006
504.000000 0.003005
505.000000 0.003005
506.000000 0.003004
507.000000 0.003003
508.000000 0.003002
509.000000 0.003001
510.000000 0.003000
511.000000 0.002998
512.000000 0.002997
513.000000 0.002995
514.000000 0.002993
515.000000 0.002991
516.000000 0.002989
517.000000 0.002987
518.000000 0.002984
519.000000 0.002982
520.000000 0.002979
521.000000 0.002976
522.000000 0.002973
523.000000 0.002970
524.000000 0.002967
525.000000 0.002963
526.000000 0.002960
527.000000 0.002956
528.000000 0.002952
529.000000 0.002948
530.000000 0.002944
531.000000 0.002940
532.000000 0.002935
533.000000 0.002931
534.000000 0.002926
535.000000 0.002921
536.000000 0.002917
537.000000 0.002912
538.000000 0.002906
539.000000 0.002901
540.000000 0.002896
541.000000 0.002890
542.000000 0.002884
543.000000 0.002879
544.000000 0.002873
545.000000 0.002866
546.000000 0.002860
547.000000 0.002854
548.000000 0.002847
549.000000 0.002841
550.000000 0.002834
551.000000 0.002827
552.000000 0.002820
553.000000 0.002813
554.000000 0.002806
555.000000 0.002799
556.000000 0.002791
557.000000 0.002784
558.000000 0.002776
559.000000 0.002768
560.000000 0.002760
561.000000 0.002752
562.000000 0.002744
563.000000 0.002736
564.000000 0.002727
565.000000 0.002719
566.000000 0.002710
567.000000 0.002702
568.000000 0.002693
569.000000 0.002684
570.000000 0.002675
571.000000 0.002666
572.000000 0.002656
573.000000 0.002647
574.000000 0.002637
575.000000 0.002628
576.000000 0.002618
577.000000 0.002608
578.000000 0.002599
579.000000 0.002589
580.000000 0.002579
581.000000 0.002568
582.000000 0.002558
583.000000 0.002548
584.000000 0.002537
585.000000 0.002527
586.000000 0.002516
587.000000 0.002505
588.000000 0.002495
589.000000 0.002484
590.000000 0.002473
591.000000 0.002462
592.000000 0.002451
593.000000 0.002439
594.000000 0.002428
595.000000 0.002417
596.000000 0.002405
597.000000 0.002394
598.000000 0.002382
599.000000 0.002370
600.000000 0.002358
601.000000 0.002347
602.000000 0.002335
603.000000 0.002323
604.000000 0.002311
605.000000 0.002298
606.000000 0.002286
607.000000 0.002274
608.000000 0.002262
609.000000 0.002249
610.000000 0.002237
611.000000 0.002224
612.000000 0.002212
613.000000 0.002199
614.000000 0.002186
615.000000 0.002173
616.000000 0.002161
617.000000 0.002148
618.000000 0.002135
619.000000 0.002122
620.000000 0.002109
621.000000 0.002096
622.000000 0.002083
623.000000 0.002069
624.000000 0.002056
625.000000 0.002043
626.000000 0.002029
627.000000 0.002016
628.000000 0.002003
629.000000 0.001989
630.000000 0.001976
631.000000 0.001962
632.000000 0.001949
633.000000 0.001935
634.000000 0.001921
635.000000 0.001908
636.000000 0.001894
637.000000 0.001880
638.000000 0.001867
639.000000 0.001853
640.000000 0.001839
641.000000 0.001825
642.000000 0.001811
643.000000 0.001797
644.000000 0.001783
645.000000 0.001770
646.000000 0.001756
647.000000 0.001742
648.000000 0.001728
649.000000 0.001714
650.000000 0.001700
651.000000 0.001686
652.000000 0.001672
653.000000 0.001658
654.000000 0.001643
655.000000 0.001629
656.000000 0.001615
657.000000 0.001601
658.000000 0.001587
659.000000 0.001573
660.000000 0.001559
661.000000 0.001545
662.000000 0.001531
663.000000 0.001517
664.000000 0.001503
665.000000 0.001489
666.000000 0.001475
667.000000 0.001461
668.000000 0.001447
669.000000 0.001433
670.000000 0.001419
671.000000 0.001405
672.000000 0.001391
673.000000 0.001377
674.000000 0.001363
675.000000 0.001349
676.000000 0.001335
677.000000 0.001321
678.000000 0.001307
679.000000 0.001294
680.000000 0.001280
681.000000 0.001266
682.000000 0.001252
683.000000 0.001239
684.000000 0.001225
685.000000 0.001211
686.000000 0.001198
687.000000 0.001184
688.000000 0.001171
689.000000 0.001157
690.000000 0.001144
691.000000 0.001130
692.000000 0.001117
693.000000 0.001104
694.000000 0.001090
695.000000 0.001077
696.000000 0.001064
697.000000 0.001051
698.000000 0.001038
699.000000 0.001025
700.000000 0.001012
701.000000 0.000999
702.000000 0.000986
703.000000 0.000974
704.000000 0.000961
705.000000 0.000948
706.000000 0.000936
707.000000 0.000923
708.000000 0.000911
709.000000 0.000898
710.000000 0.000886
711.000000 0.000874
712.000000 0.000862
713.000000 0.000849
714.000000 0.000837
715.000000 0.000825
716.000000 0.000814
717.000000 0.000802
718.000000 0.000790
719.000000 0.000778
720.000000 0.000767
721.000000 0.000755
722.000000 0.000744
723.000000 0.000733
724.000000 0.000721
725.000000 0.000710
726.000000 0.000699
727.000000 0.000688
728.000000 0.000677
729.000000 0.000666
730.000000 0.000655
731.000000 0.000645
732.000000 0.000634
733.000000 0.000624
734.000000 0.000613
735.000000 0.000603
736.000000 0.000593
737.000000 0.000583
738.000000 0.000573
739.000000 0.000563
740.000000 0.000553
741.000000 0.000543
742.000000 0.000533
743.000000 0.000524
744.000000 0.000514
745.000000 0.000505
746.000000 0.000496
747.000000 0.000487
748.000000 0.000478
749.000000 0.000469
750.000000 0.000460
751.000000 0.000451
752.000000 0.000442
753.000000 0.000434
754.000000 0.000425
755.000000 0.000417
756.000000 0.000408
757.000000 0.000400
758.000000 0.000392
759.000000 0.000384
760.000000 0.000376
761.000000 0.000368
762.000000 0.000361
763.000000 0.000353
764.000000 0.000346
765.000000 0.000338
766.000000 0.000331
767.000000 0.000324
768.000000 0.000317
769.000000 0.000310
770.000000 0.000303
771.000000 0.000296
772.000000 0.000289
773.000000 0.000283
774.000000 0.000276
775.000000 0.000270
776.000000 0.000263
777.000000 0.000257
778.000000 0.000251
779.000000 0.000245
780.000000 0.000239
781.000000 0.000233
782.000000 0.000227
783.000000 0.000222
784.000000 0.000216
785.000000 0.000211
786.000000 0.000205
787.000000 0.000200
788.000000 0.000195
789.000000 0.000190
790.000000 0.000185
791.000000 0.000180
792.000000 0.000175
793.000000 0.000171
794.000000 0.000166
795.000000 0.000161
796.000000 0.000157
797.000000 0.000152
798.000000 0.000148
799.000000 0.000144
800.000000 0.000140
801.000000 0.000136
802.000000 0.000132
803.000000 0.000128
804.000000 0.000124
805.000000 0.000121
806.000000 0.000117
807.000000 0.000113
808.000000 0.000110
809.000000 0.000106
810.000000 0.000103
811.000000 0.000100
812.000000 0.000097
813.000000 0.000094
814.000000 0.000091
815.000000 0.000088
816.000000 0.000085
817.000000 0.000082
818.000000 0.000079
819.000000 0.000077
820.000000 0.000074
821.000000 0.000071
822.000000 0.000069
823.000000 0.000066
824.000000 0.000064
825.000000 0.000062
826.000000 0.000060
827.000000 0.000057
828.000000 0.000055
829.000000 0.000053
830.000000 0.000051
831.000000 0.000049
832.000000 0.000047
833.000000 0.000046
834.000000 0.000044
835.000000 0.000042
836.000000 0.000040
837.000000 0.000039
838.000000 0.000037
839.000000 0.000036
840.000000 0.000034
841.000000 0.000033
842.000000 0.000031
843.000000 0.000030
844.000000 0.000029
845.000000 0.000028
846.000000 0.000026
847.000000 0.000025
848.000000 0.000024
849.000000 0.000023
850.000000 0.000022
851.000000 0.000021
852.000000 0.000020
853.000000 0.000019
854.000000 0.000018
855.000000 0.000017
856.000000 0.000016
857.000000 0.000016
858.000000 0.000015
859.000000 0.000014
860.000000 0.000013
861.000000 0.000013
862.000000 0.000012
863.000000 0.000011
864.000000 0.000011
865.000000 0.000010
866.000000 0.000010
867.000000 0.000009
868.000000 0.000009
869.000000 0.000008
870.000000 0.000008
871.000000 0.000007
872.000000 0.000007
873.000000 0.000006
874.000000 0.000006
875.000000 0.000006
876.000000 0.000005
877.000000 0.000005
878.000000 0.000005
879.000000 0.000004
880.000000 0.000004
881.000000 0.000004
882.000000 0.000004
883.000000 0.000003
884.000000 0.000003
885.000000 0.000003
886.000000 0.000003
887.000000 0.000003
888.000000 0.000002
889.000000 0.000002
890.000000 0.000002
891.000000 0.000002
892.000000 0.000002
893.000000 0.000002
894.000000 0.000002
895.000000 0.000001
896.000000 0.000001
897.000000 0.000001
898.000000 0.000001
899.000000 0.000001
900.000000 0.000001
901.000000 0.000001
902.000000 0.000001
903.000000 0.000001
904.000000 0.000001
905.000000 0.000001
906.000000 0.000001
907.000000 0.000001
908.000000 0.000000
909.000000 0.000000
910.000000 0.000000
911.000000 0.000000
912.000000 0.000000
913.000000 0.000000
914.000000 0.000000
915.000000 0.000000
916.000000 0.000000
917.000000 0.000000
918.000000 0.000000
919.000000 0.000000
920.000000 0.000000
921.000000 0.000000
922.000000 0.000000
923.000000 0.000000
924.000000 0.000000
925.000000 0.000000
926.000000 0.000000
927.000000 0.000000
928.000000 0.000000
929.000000 0.000000
930.000000 0.000000
931.000000 0.000000
932.000000 0.000000
933.000000 0.000000
934.000000 0.000000
935.000000 0.000000
936.000000 0.000000
937.000000 0.000000
938.000000 0.000000
939.000000 0.000000
940.000000 0.000000
941.000000 0.000000
942.000000 0.000000
943.000000 0.000000
944.000000 0.000000
945.000000 0.000000
946.000000 0.000000
947.000000 0.000000
948.000000 0.000000
949.000000 0.000000
950.000000 0.000000
951.000000 0.000000
952.000000 0.000000
953.000000 0.000000
954.000000 0.000000
955.000000 0.000000
956.000000 0.000000
957.000000 0.000000
958.000000 0.000000
959.000000 0.000000
960.000000 0.000000
961.000000 0.000000
962.000000 0.000000
963.000000 0.000000
964.000000 0.000000
965.000000 0.000000
966.000000 0.000000
967.000000 0.000000
968.000000 0.000000
969.000000 0.000000
970.000000 0.000000
971.000000 0.000000
972.000000 0.000000
973.000000 0.000000
974.000000 0.000000
975.000000 0.000000
976.000000 0.000000
977.000000 0.000000
978.000000 0.000000
979.000000 0.000000
980.000000 0.000000
981.000000 0.000000
982.000000 0.000000
983.000000 0.000000
984.000000 0.000000
985.000000 0.000000
986.000000 0.000000
987.000000 0.000000
988.000000 0.000000
989.000000 0.000000
990.000000 0.000000
991.000000 0.000000
992.000000 0.000000
993.000000 0.000000
994.000000 0.000000
995.000000 0.000000
996.000000 0.000000
997.000000 0.000000
998.000000 0.000000
999.000000 0.000000
1000.000000 0.000000
