n lam mean variance std
1000 0.500000 500.000000 13185.640231 114.828743
bin_midpoint probability
1.000000 0.000000
2.000000 0.000000
3.000000 0.000000
4.000000 0.000000
5.000000 0.000000
6.000000 0.000000
7.000000 0.000000
8.000000 0.000000
9.000000 0.000000
10.000000 0.000000
11.000000 0.000000
12.000000 0.000000
13.000000 0.000000
14.000000 0.000000
15.000000 0.000000
16.000000 0.000000
17.000000 0.000000
18.000000 0.000000
19.000000 0.000000
20.000000 0.000000
21.000000 0.000000
22.000000 0.000000
23.000000 0.000000
24.000000 0.000000
25.000000 0.000000
26.000000 0.000000
27.000000 0.000000
28.000000 0.000000
29.000000 0.000000
30.000000 0.000000
31.000000 0.000000
32.000000 0.000000
33.000000 0.000000
34.000000 0.000000
35.000000 0.000000
36.000000 0.000000
37.000000 0.000000
38.000000 0.000000
39.000000 0.000000
40.000000 0.000000
41.000000 0.000000
42.000000 0.000000
43.000000 0.000000
44.000000 0.000000
45.000000 0.000000
46.000000 0.000000
47.000000 0.000000
48.000000 0.000000
49.000000 0.000000
50.000000 0.000000
51.000000 0.000000
52.000000 0.000000
53.000000 0.000000
54.000000 0.000000
55.000000 0.000000
56.000000 0.000000
57.000000 0.000000
58.000000 0.000000
59.000000 0.000000
60.000000 0.000000
61.000000 0.000000
62.000000 0.000000
63.000000 0.000000
64.000000 0.000000
65.000000 0.000000
66.000000 0.000000
67.000000 0.000000
68.000000 0.000000
69.000000 0.000000
70.000000 0.000000
71.000000 0.000000
72.000000 0.000000
73.000000 0.000000
74.000000 0.000000
75.000000 0.000000
76.000000 0.000000
77.000000 0.000000
78.000000 0.000000
79.000000 0.000000
80.000000 0.000000
81.000000 0.000000
82.000000 0.000000
83.000000 0.000000
84.000000 0.000000
85.000000 0.000000
86.000000 0.000000
87.000000 0.000000
88.000000 0.000000
89.000000 0.000000
90.000000 0.000000
91.000000 0.000000
92.000000 0.000000
93.000000 0.000000
94.000000 0.000000
95.000000 0.000000
96.000000 0.000000
97.000000 0.000000
98.000000 0.000000
99.000000 0.000000
100.000000 0.000000
101.000000 0.000000
102.000000 0.000000
103.000000 0.000000
104.000000 0.000000
105.000000 0.000000
106.000000 0.000000
107.000000 0.000000
108.000000 0.000000
109.000000 0.000000
110.000000 0.000000
111.000000 0.000001
112.000000 0.000001
113.000000 0.000001
114.000000 0.000001
115.000000 0.000001
116.000000 0.000001
117.000000 0.000001
118.000000 0.000001
119.000000 0.000001
120.000000 0.000001
121.000000 0.000001
122.000000 0.000001
123.000000 0.000001
124.000000 0.000002
125.000000 0.000002
126.000000 0.000002
127.000000 0.000002
128.000000 0.000002
129.000000 0.000002
130.000000 0.000002
131.000000 0.000003
132.000000 0.000003
133.000000 0.000003
134.000000 0.000003
135.000000 0.000003
136.000000 0.000004
137.000000 0.000004
138.000000 0.000004
139.000000 0.000004
140.000000 0.000005
141.000000 0.000005
142.000000 0.000005
143.000000 0.000005
144.000000 0.000006
145.000000 0.000006
146.000000 0.000007
147.000000 0.000007
148.000000 0.000007
149.000000 0.000008
150.000000 0.000008
151.000000 0.000009
152.000000 0.000009
153.000000 0.000010
154.000000 0.000010
155.000000 0.000011
156.000000 0.000012
157.000000 0.000012
158.000000 0.000013
159.000000 0.000013
160.000000 0.000014
161.000000 0.000015
162.000000 0.000016
163.000000 0.000017
164.000000 0.000017
165.000000 0.000018
166.000000 0.000019
167.000000 0.000020
168.000000 0.000021
169.000000 0.000022
170.000000 0.000023
171.000000 0.000024
172.000000 0.000025
173.000000 0.000027
174.000000 0.000028
175.000000 0.000029
176.000000 0.000030
177.000000 0.000032
178.000000 0.000033
179.000000 0.000035
180.000000 0.000036
181.000000 0.000038
182.000000 0.000039
183.000000 0.000041
184.000000 0.000043
185.000000 0.000044
186.000000 0.000046
187.000000 0.000048
188.000000 0.000050
189.000000 0.000052
190.000000 0.000054
191.000000 0.000056
192.000000 0.000058
193.000000 0.000061
194.000000 0.000063
195.000000 0.000065
196.000000 0.000068
197.000000 0.000070
198.000000 0.000073
199.000000 0.000075
200.000000 0.000078
201.000000 0.000081
202.000000 0.000084
203.000000 0.000087
204.000000 0.000090
205.000000 0.000093
206.000000 0.000096
207.000000 0.000099
208.000000 0.000103
209.000000 0.000106
210.000000 0.000110
211.000000 0.000113
212.000000 0.000117
213.000000 0.000121
214.000000 0.000125
215.000000 0.000129
216.000000 0.000133
217.000000 0.000137
218.000000 0.000141
219.000000 0.000145
220.000000 0.000150
221.000000 0.000154
222.000000 0.000159
223.000000 0.000163
224.000000 0.000168
225.000000 0.000173
226.000000 0.000178
227.000000 0.000183
228.000000 0.000188
229.000000 0.000194
230.000000 0.000199
231.000000 0.000205
232.000000 0.000210
233.000000 0.000216
234.000000 0.000222
235.000000 0.000228
236.000000 0.000234
237.000000 0.000240
238.000000 0.000246
239.000000 0.000253
240.000000 0.000259
241.000000 0.000266
242.000000 0.000272
243.000000 0.000279
244.000000 0.000286
245.000000 0.000293
246.000000 0.000301
247.000000 0.000308
248.000000 0.000315
249.000000 0.000323
250.000000 0.000330
251.000000 0.000338
252.000000 0.000346
253.000000 0.000354
254.000000 0.000362
255.000000 0.000370
256.000000 0.000379
257.000000 0.000387
258.000000 0.000396
259.000000 0.000405
260.000000 0.000413
261.000000 0.000422
262.000000 0.000431
263.000000 0.000441
264.000000 0.000450
265.000000 0.000459
266.000000 0.000469
267.000000 0.000479
268.000000 0.000488
269.000000 0.000498
270.000000 0.000508
271.000000 0.000519
272.000000 0.000529
273.000000 0.000539
274.000000 0.000550
275.000000 0.000560
276.000000 0.000571
277.000000 0.000582
278.000000 0.000593
279.000000 0.000604
280.000000 0.000615
281.000000 0.000627
282.000000 0.000638
283.000000 0.000650
284.000000 0.000661
285.000000 0.000673
286.000000 0.000685
287.000000 0.000697
288.000000 0.000709
289.000000 0.000722
290.000000 0.000734
291.000000 0.000746
292.000000 0.000759
293.000000 0.000772
294.000000 0.000784
295.000000 0.000797
296.000000 0.000810
297.000000 0.000824
298.000000 0.000837
299.000000 0.000850
300.000000 0.000863
301.000000 0.000877
302.000000 0.000891
303.000000 0.000904
304.000000 0.000918
305.000000 0.000932
306.000000 0.000946
307.000000 0.000960
308.000000 0.000974
309.000000 0.000989
310.000000 0.001003
311.000000 0.001017
312.000000 0.001032
313.000000 0.001047
314.000000 0.001061
315.000000 0.001076
316.000000 0.001091
317.000000 0.001106
318.000000 0.001121
319.000000 0.001136
320.000000 0.001151
321.000000 0.001166
322.000000 0.001182
323.000000 0.001197
324.000000 0.001212
325.000000 0.001228
326.000000 0.001243
327.000000 0.001259
328.000000 0.001275
329.000000 0.001291
330.000000 0.001306
331.000000 0.001322
332.000000 0.001338
333.000000 0.001354
334.000000 0.001370
335.000000 0.001386
336.000000 0.001402
337.000000 0.001418
338.000000 0.001434
339.000000 0.001451
340.000000 0.001467
341.000000 0.001483
342.000000 0.001500
343.000000 0.001516
344.000000 0.001532
345.000000 0.001549
346.000000 0.001565
347.000000 0.001581
348.000000 0.001598
349.000000 0.001614
350.000000 0.001631
351.000000 0.001647
352.000000 0.001664
353.000000 0.001681
354.000000 0.001697
355.000000 0.001714
356.000000 0.001730
357.000000 0.001747
358.000000 0.001763
359.000000 0.001780
360.000000 0.001796
361.000000 0.001813
362.000000 0.001829
363.000000 0.001846
364.000000 0.001863
365.000000 0.001879
366.000000 0.001896
367.000000 0.001912
368.000000 0.001928
369.000000 0.001945
370.000000 0.001961
371.000000 0.001978
372.000000 0.001994
373.000000 0.002010
374.000000 0.002027
375.000000 0.002043
376.000000 0.002059
377.000000 0.002075
378.000000 0.002091
379.000000 0.002107
380.000000 0.002123
381.000000 0.002139
382.000000 0.002155
383.000000 0.002171
384.000000 0.002187
385.000000 0.002203
386.000000 0.002219
387.000000 0.002234
388.000000 0.002250
389.000000 0.002265
390.000000 0.002281
391.000000 0.002296
392.000000 0.002312
393.000000 0.002327
394.000000 0.002342
395.000000 0.002357
396.000000 0.002372
397.000000 0.002387
398.000000 0.002402
399.000000 0.002417
400.000000 0.002432
401.000000 0.002447
402.000000 0.002461
403.000000 0.002476
404.000000 0.002490
405.000000 0.002504
406.000000 0.002519
407.000000 0.002533
408.000000 0.002547
409.000000 0.002561
410.000000 0.002575
411.000000 0.002588
412.000000 0.002602
413.000000 0.002616
414.000000 0.002629
415.000000 0.002642
416.000000 0.002656
417.000000 0.002669
418.000000 0.002682
419.000000 0.002695
420.000000 0.002707
421.000000 0.002720
422.000000 0.002733
423.000000 0.002745
424.000000 0.002757
425.000000 0.002769
426.000000 0.002782
427.000000 0.002793
428.000000 0.002805
429.000000 0.002817
430.000000 0.002828
431.000000 0.002840
432.000000 0.002851
433.000000 0.002862
434.000000 0.002873
435.000000 0.002884
436.000000 0.002895
437.000000 0.002906
438.000000 0.002916
439.000000 0.002926
440.000000 0.002937
441.000000 0.002947
442.000000 0.002957
443.000000 0.002966
444.000000 0.002976
445.000000 0.002985
446.000000 0.002995
447.000000 0.003004
448.000000 0.003013
449.000000 0.003022
450.000000 0.003031
451.000000 0.003039
452.000000 0.003047
453.000000 0.003056
454.000000 0.003064
455.000000 0.003072
456.000000 0.003080
457.000000 0.003087
458.000000 0.003095
459.000000 0.003102
460.000000 0.003109
461.000000 0.003116
462.000000 0.003123
463.000000 0.003129
464.000000 0.003136
465.000000 0.003142
466.000000 0.003148
467.000000 0.003154
468.000000 0.003160
469.000000 0.003166
470.000000 0.003171
471.000000 0.003176
472.000000 0.003181
473.000000 0.003186
474.000000 0.003191
475.000000 0.003196
476.000000 0.003200
477.000000 0.003204
478.000000 0.003208
479.000000 0.003212
480.000000 0.003216
481.000000 0.003219
482.000000 0.003223
483.000000 0.003226
484.000000 0.003229
485.000000 0.003232
486.000000 0.003234
487.000000 0.003237
488.000000 0.003239
489.000000 0.003241
490.000000 0.003243
491.000000 0.003245
492.000000 0.003246
493.000000 0.003248
494.000000 0.003249
495.000000 0.003250
496.000000 0.003251
497.000000 0.003251
498.000000 0.003252
499.000000 0.003252
500.000000 0.003252
501.000000 0.003252
502.000000 0.003252
503.000000 0.003251
504.000000 0.003251
505.000000 0.003250
506.000000 0.003249
507.000000 0.003248
508.000000 0.003246
509.000000 0.003245
510.000000 0.003243
511.000000 0.003241
512.000000 0.003239
513.000000 0.003237
514.000000 0.003234
515.000000 0.003232
516.000000 0.003229
517.000000 0.003226
518.000000 0.003223
519.000000 0.003219
520.000000 0.003216
521.000000 0.003212
522.000000 0.003208
523.000000 0.003204
524.000000 0.003200
525.000000 0.003196
526.000000 0.003191
527.000000 0.003186
528.000000 0.003181
529.000000 0.003176
530.000000 0.003171
531.000000 0.003166
532.000000 0.003160
533.000000 0.003154
534.000000 0.003148
535.000000 0.003142
536.000000 0.003136
537.000000 0.003129
538.000000 0.003123
539.000000 0.003116
540.000000 0.003109
541.000000 0.003102
542.000000 0.003095
543.000000 0.003087
544.000000 0.003080
545.000000 0.003072
546.000000 0.003064
547.000000 0.003056
548.000000 0.003047
549.000000 0.003039
550.000000 0.003031
551.000000 0.003022
552.000000 0.003013
553.000000 0.003004
554.000000 0.002995
555.000000 0.002985
556.000000 0.002976
557.000000 0.002966
558.000000 0.002957
559.000000 0.002947
560.000000 0.002937
561.000000 0.002926
562.000000 0.002916
563.000000 0.002906
564.000000 0.002895
565.000000 0.002884
566.000000 0.002873
567.000000 0.002862
568.000000 0.002851
569.000000 0.002840
570.000000 0.002828
571.000000 0.002817
572.000000 0.002805
573.000000 0.002793
574.000000 0.002782
575.000000 0.002769
576.000000 0.002757
577.000000 0.002745
578.000000 0.002733
579.000000 0.002720
580.000000 0.002707
581.000000 0.002695
582.000000 0.002682
583.000000 0.002669
584.000000 0.002656
585.000000 0.002642
586.000000 0.002629
587.000000 0.002616
588.000000 0.002602
589.000000 0.002588
590.000000 0.002575
591.000000 0.002561
592.000000 0.002547
593.000000 0.002533
594.000000 0.002519
595.000000 0.002504
596.000000 0.002490
597.000000 0.002476
598.000000 0.002461
599.000000 0.002447
600.000000 0.002432
601.000000 0.002417
602.000000 0.002402
603.000000 0.002387
604.000000 0.002372
605.000000 0.002357
606.000000 0.002342
607.000000 0.002327
608.000000 0.002312
609.000000 0.002296
610.000000 0.002281
611.000000 0.002265
612.000000 0.002250
613.000000 0.002234
614.000000 0.002219
615.000000 0.002203
616.000000 0.002187
617.000000 0.002171
618.000000 0.002155
619.000000 0.002139
620.000000 0.002123
621.000000 0.002107
622.000000 0.002091
623.000000 0.002075
624.000000 0.002059
625.000000 0.002043
626.000000 0.002027
627.000000 0.002010
628.000000 0.001994
629.000000 0.001978
630.000000 0.001961
631.000000 0.001945
632.000000 0.001928
633.000000 0.001912
634.000000 0.001896
635.000000 0.001879
636.000000 0.001863
637.000000 0.001846
638.000000 0.001829
639.000000 0.001813
640.000000 0.001796
641.000000 0.001780
642.000000 0.001763
643.000000 0.001747
644.000000 0.001730
645.000000 0.001714
646.000000 0.001697
647.000000 0.001681
648.000000 0.001664
649.000000 0.001647
650.000000 0.001631
651.000000 0.001614
652.000000 0.001598
653.000000 0.001581
654.000000 0.001565
655.000000 0.001549
656.000000 0.001532
657.000000 0.001516
658.000000 0.001500
659.000000 0.001483
660.000000 0.001467
661.000000 0.001451
662.000000 0.001434
663.000000 0.001418
664.000000 0.001402
665.000000 0.001386
666.000000 0.001370
667.000000 0.001354
668.000000 0.001338
669.000000 0.001322
670.000000 0.001306
671.000000 0.001291
672.000000 0.001275
673.000000 0.001259
674.000000 0.001243
675.000000 0.001228
676.000000 0.001212
677.000000 0.001197
678.000000 0.001182
679.000000 0.001166
680.000000 0.001151
681.000000 0.001136
682.000000 0.001121
683.000000 0.001106
684.000000 0.001091
685.000000 0.001076
686.000000 0.001061
687.000000 0.001047
688.000000 0.001032
689.000000 0.001017
690.000000 0.001003
691.000000 0.000989
692.000000 0.000974
693.000000 0.000960
694.000000 0.000946
695.000000 0.000932
696.000000 0.000918
697.000000 0.000904
698.000000 0.000891
699.000000 0.000877
700.000000 0.000863
701.000000 0.000850
702.000000 0.000837
703.000000 0.000824
704.000000 0.000810
705.000000 0.000797
706.000000 0.000784
707.000000 0.000772
708.000000 0.000759
709.000000 0.000746
710.000000 0.000734
711.000000 0.000722
712.000000 0.000709
713.000000 0.000697
714.000000 0.000685
715.000000 0.000673
716.000000 0.000661
717.000000 0.000650
718.000000 0.000638
719.000000 0.000627
720.000000 0.000615
721.000000 0.000604
722.000000 0.000593
723.000000 0.000582
724.000000 0.000571
725.000000 0.000560
726.000000 0.000550
727.000000 0.000539
728.000000 0.000529
729.000000 0.000519
730.000000 0.000508
731.000000 0.000498
732.000000 0.000488
733.000000 0.000479
734.000000 0.000469
735.000000 0.000459
736.000000 0.000450
737.000000 0.000441
738.000000 0.000431
739.000000 0.000422
740.000000 0.000413
741.000000 0.000405
742.000000 0.000396
743.000000 0.000387
744.000000 0.000379
745.000000 0.000370
746.000000 0.000362
747.000000 0.000354
748.000000 0.000346
749.000000 0.000338
750.000000 0.000330
751.000000 0.000323
752.000000 0.000315
753.000000 0.000308
754.000000 0.000301
755.000000 0.000293
756.000000 0.000286
757.000000 0.000279
758.000000 0.000272
759.000000 0.000266
760.000000 0.000259
761.000000 0.000253
762.000000 0.000246
763.000000 0.000240
764.000000 0.000234
765.000000 0.000228
766.000000 0.000222
767.000000 0.000216
768.000000 0.000210
769.000000 0.000205
770.000000 0.000199
771.000000 0.000194
772.000000 0.000188
773.000000 0.000183
774.000000 0.000178
775.000000 0.000173
776.000000 0.000168
777.000000 0.000163
778.000000 0.000159
779.000000 0.000154
780.000000 0.000150
781.000000 0.000145
782.000000 0.000141
783.000000 0.000137
784.000000 0.000133
785.000000 0.000129
786.000000 0.000125
787.000000 0.000121
788.000000 0.000117
789.000000 0.000113
790.000000 0.000110
791.000000 0.000106
792.000000 0.000103
793.000000 0.000099
794.000000 0.000096
795.000000 0.000093
796.000000 0.000090
797.000000 0.000087
798.000000 0.000084
799.000000 0.000081
800.000000 0.000078
801.000000 0.000075
802.000000 0.000073
803.000000 0.000070
804.000000 0.000068
805.000000 0.000065
806.000000 0.000063
807.000000 0.000061
808.000000 0.000058
809.000000 0.000056
810.000000 0.000054
811.000000 0.000052
812.000000 0.000050
813.000000 0.000048
814.000000 0.000046
815.000000 0.000044
816.000000 0.000043
817.000000 0.000041
818.000000 0.000039
819.000000 0.000038
820.000000 0.000036
821.000000 0.000035
822.000000 0.000033
823.000000 0.000032
824.000000 0.000030
825.000000 0.000029
826.000000 0.000028
827.000000 0.000027
828.000000 0.000025
829.000000 0.000024
830.000000 0.000023
831.000000 0.000022
832.000000 0.000021
833.000000 0.000020
834.000000 0.000019
835.000000 0.000018
836.000000 0.000017
837.000000 0.000017
838.000000 0.000016
839.000000 0.000015
840.000000 0.000014
841.000000 0.000013
842.000000 0.000013
843.000000 0.000012
844.000000 0.000012
845.000000 0.000011
846.000000 0.000010
847.000000 0.000010
848.000000 0.000009
849.000000 0.000009
850.000000 0.000008
851.000000 0.000008
852.000000 0.000007
853.000000 0.000007
854.000000 0.000007
855.000000 0.000006
856.000000 0.000006
857.000000 0.000005
858.000000 0.000005
859.000000 0.000005
860.000000 0.000005
861.000000 0.000004
862.000000 0.000004
863.000000 0.000004
864.000000 0.000004
865.000000 0.000003
866.000000 0.000003
867.000000 0.000003
868.000000 0.000003
869.000000 0.000003
870.000000 0.000002
871.000000 0.000002
872.000000 0.000002
873.000000 0.000002
874.000000 0.000002
875.000000 0.000002
876.000000 0.000002
877.000000 0.000001
878.000000 0.000001
879.000000 0.000001
880.000000 0.000001
881.000000 0.000001
882.000000 0.000001
883.000000 0.000001
884.000000 0.000001
885.000000 0.000001
886.000000 0.000001
887.000000 0.000001
888.000000 0.000001
889.000000 0.000001
890.000000 0.000000
891.000000 0.000000
892.000000 0.000000
893.000000 0.000000
894.000000 0.000000
895.000000 0.000000
896.000000 0.000000
897.000000 0.000000
898.000000 0.000000
899.000000 0.000000
900.000000 0.000000
901.000000 0.000000
902.000000 0.000000
903.000000 0.000000
904.000000 0.000000
905.000000 0.000000
906.000000 0.000000
907.000000 0.000000
908.000000 0.000000
909.000000 0.000000
910.000000 0.000000
911.000000 0.000000
912.000000 0.000000
913.000000 0.000000
914.000000 0.000000
915.000000 0.000000
916.000000 0.000000
917.000000 0.000000
918.000000 0.000000
919.000000 0.000000
920.000000 0.000000
921.000000 0.000000
922.000000 0.000000
923.000000 0.000000
924.000000 0.000000
925.000000 0.000000
926.000000 0.000000
927.000000 0.000000
928.000000 0.000000
929.000000 0.000000
930.000000 0.000000
931.000000 0.000000
932.000000 0.000000
933.000000 0.000000
934.000000 0.000000
935.000000 0.000000
936.000000 0.000000
937.000000 0.000000
938.000000 0.000000
939.000000 0.000000
940.000000 0.000000
941.000000 0.000000
942.000000 0.000000
943.000000 0.000000
944.000000 0.000000
945.000000 0.000000
946.000000 0.000000
947.000000 0.000000
948.000000 0.000000
949.000000 0.000000
950.000000 0.000000
951.000000 0.000000
952.000000 0.000000
953.000000 0.000000
954.000000 0.000000
955.000000 0.000000
956.000000 0.000000
957.000000 0.000000
958.000000 0.000000
959.000000 0.000000
960.000000 0.000000
961.000000 0.000000
962.000000 0.000000
963.000000 0.000000
964.000000 0.000000
965.000000 0.000000
966.000000 0.000000
967.000000 0.000000
968.000000 0.000000
969.000000 0.000000
970.000000 0.000000
971.000000 0.000000
972.000000 0.000000
973.000000 0.000000
974.000000 0.000000
975.000000 0.000000
976.000000 0.000000
977.000000 0.000000
978.000000 0.000000
979.000000 0.000000
980.000000 0.000000
981.000000 0.000000
982.000000 0.000000
983.000000 0.000000
984.000000 0.000000
985.000000 0.000000
986.000000 0.000000
987.000000 0.000000
988.000000 0.000000
989.000000 0.000000
990.000000 0.000000
991.000000 0.000000
992.000000 0.000000
993.000000 0.000000
994.000000 0.000000
995.000000 0.000000
996.000000 0.000000
997.000000 0.000000
998.000000 0.000000
999.000000 0.000000
1000.000000 0.000000
