n lam mean variance std
1000 0.400000 500.500000 16710.225928 129.268039
bin_midpoint probability
1.000000 0.000000
2.000000 0.000000
3.000000 0.000000
4.000000 0.000000
5.000000 0.000000
6.000000 0.000000
7.000000 0.000000
8.000000 0.000000
9.000000 0.000000
10.000000 0.000000
11.000000 0.000000
12.000000 0.000000
13.000000 0.000000
14.000000 0.000000
15.000000 0.000000
16.000000 0.000000
17.000000 0.000000
18.000000 0.000000
19.000000 0.000000
20.000000 0.000000
21.000000 0.000000
22.000000 0.000000
23.000000 0.000000
24.000000 0.000000
25.000000 0.000000
26.000000 0.000000
27.000000 0.000000
28.000000 0.000000
29.000000 0.000000
30.000000 0.000000
31.000000 0.000000
32.000000 0.000000
33.000000 0.000000
34.000000 0.000000
35.000000 0.000000
36.000000 0.000000
37.000000 0.000000
38.000000 0.000000
39.000000 0.000000
40.000000 0.000000
41.000000 0.000000
42.000000 0.000000
43.000000 0.000000
44.000000 0.000000
45.000000 0.000000
46.000000 0.000000
47.000000 0.000000
48.000000 0.000000
49.000000 0.000000
50.000000 0.000000
51.000000 0.000000
52.000000 0.000000
53.000000 0.000000
54.000000 0.000000
55.000000 0.000000
56.000000 0.000000
57.000000 0.000000
58.000000 0.000000
59.000000 0.000000
60.000000 0.000000
61.000000 0.000000
62.000000 0.000000
63.000000 0.000000
64.000000 0.000000
65.000000 0.000000
66.000000 0.000000
67.000000 0.000000
68.000000 0.000000
69.000000 0.000000
70.000000 0.000000
71.000000 0.000000
72.000000 0.000000
73.000000 0.000000
74.000000 0.000000
75.000000 0.000000
76.000000 0.000000
77.000000 0.000000
78.000000 0.000000
79.000000 0.000000
80.000000 0.000000
81.000000 0.000000
82.000000 0.000000
83.000000 0.000000
84.000000 0.000001
85.000000 0.000001
86.000000 0.000001
87.000000 0.000001
88.000000 0.000001
89.000000 0.000001
90.000000 0.000001
91.000000 0.000001
92.000000 0.000001
93.000000 0.000001
94.000000 0.000001
95.000000 0.000001
96.000000 0.000002
97.000000 0.000002
98.000000 0.000002
99.000000 0.000002
100.000000 0.000002
101.000000 0.000002
102.000000 0.000002
103.000000 0.000003
104.000000 0.000003
105.000000 0.000003
106.000000 0.000003
107.000000 0.000004
108.000000 0.000004
109.000000 0.000004
110.000000 0.000004
111.000000 0.000005
112.000000 0.000005
113.000000 0.000005
114.000000 0.000006
115.000000 0.000006
116.000000 0.000006
117.000000 0.000007
118.000000 0.000007
119.000000 0.000008
120.000000 0.000008
121.000000 0.000009
122.000000 0.000009
123.000000 0.000010
124.000000 0.000010
125.000000 0.000011
126.000000 0.000011
127.000000 0.000012
128.000000 0.000013
129.000000 0.000013
130.000000 0.000014
131.000000 0.000015
132.000000 0.000016
133.000000 0.000016
134.000000 0.000017
135.000000 0.000018
136.000000 0.000019
137.000000 0.000020
138.000000 0.000021
139.000000 0.000022
140.000000 0.000023
141.000000 0.000024
142.000000 0.000025
143.000000 0.000026
144.000000 0.000027
145.000000 0.000029
146.000000 0.000030
147.000000 0.000031
148.000000 0.000033
149.000000 0.000034
150.000000 0.000036
151.000000 0.000037
152.000000 0.000039
153.000000 0.000040
154.000000 0.000042
155.000000 0.000044
156.000000 0.000045
157.000000 0.000047
158.000000 0.000049
159.000000 0.000051
160.000000 0.000053
161.000000 0.000055
162.000000 0.000057
163.000000 0.000059
164.000000 0.000061
165.000000 0.000064
166.000000 0.000066
167.000000 0.000068
168.000000 0.000071
169.000000 0.000073
170.000000 0.000076
171.000000 0.000078
172.000000 0.000081
173.000000 0.000084
174.000000 0.000087
175.000000 0.000090
176.000000 0.000092
177.000000 0.000096
178.000000 0.000099
179.000000 0.000102
180.000000 0.000105
181.000000 0.000108
182.000000 0.000112
183.000000 0.000115
184.000000 0.000119
185.000000 0.000122
186.000000 0.000126
187.000000 0.000130
188.000000 0.000134
189.000000 0.000137
190.000000 0.000141
191.000000 0.000145
192.000000 0.000150
193.000000 0.000154
194.000000 0.000158
195.000000 0.000163
196.000000 0.000167
197.000000 0.000172
198.000000 0.000176
199.000000 0.000181
200.000000 0.000186
201.000000 0.000191
202.000000 0.000196
203.000000 0.000201
204.000000 0.000206
205.000000 0.000211
206.000000 0.000216
207.000000 0.000222
208.000000 0.000227
209.000000 0.000233
210.000000 0.000238
211.000000 0.000244
212.000000 0.000250
213.000000 0.000256
214.000000 0.000262
215.000000 0.000268
216.000000 0.000274
217.000000 0.000280
218.000000 0.000287
219.000000 0.000293
220.000000 0.000300
221.000000 0.000306
222.000000 0.000313
223.000000 0.000320
224.000000 0.000327
225.000000 0.000334
226.000000 0.000341
227.000000 0.000348
228.000000 0.000355
229.000000 0.000362
230.000000 0.000370
231.000000 0.000377
232.000000 0.000385
233.000000 0.000393
234.000000 0.000400
235.000000 0.000408
236.000000 0.000416
237.000000 0.000424
238.000000 0.000432
239.000000 0.000440
240.000000 0.000449
241.000000 0.000457
242.000000 0.000466
243.000000 0.000474
244.000000 0.000483
245.000000 0.000491
246.000000 0.000500
247.000000 0.000509
248.000000 0.000518
249.000000 0.000527
250.000000 0.000536
251.000000 0.000545
252.000000 0.000555
253.000000 0.000564
254.000000 0.000573
255.000000 0.000583
256.000000 0.000593
257.000000 0.000602
258.000000 0.000612
259.000000 0.000622
260.000000 0.000632
261.000000 0.000642
262.000000 0.000652
263.000000 0.000662
264.000000 0.000672
265.000000 0.000682
266.000000 0.000692
267.000000 0.000703
268.000000 0.000713
269.000000 0.000724
270.000000 0.000734
271.000000 0.000745
272.000000 0.000756
273.000000 0.000767
274.000000 0.000777
275.000000 0.000788
276.000000 0.000799
277.000000 0.000810
278.000000 0.000821
279.000000 0.000833
280.000000 0.000844
281.000000 0.000855
282.000000 0.000866
283.000000 0.000878
284.000000 0.000889
285.000000 0.000901
286.000000 0.000912
287.000000 0.000924
288.000000 0.000935
289.000000 0.000947
290.000000 0.000959
291.000000 0.000970
292.000000 0.000982
293.000000 0.000994
294.000000 0.001006
295.000000 0.001018
296.000000 0.001030
297.000000 0.001042
298.000000 0.001054
299.000000 0.001066
300.000000 0.001078
301.000000 0.001090
302.000000 0.001102
303.000000 0.001114
304.000000 0.001127
305.000000 0.001139
306.000000 0.001151
307.000000 0.001164
308.000000 0.001176
309.000000 0.001188
310.000000 0.001201
311.000000 0.001213
312.000000 0.001226
313.000000 0.001238
314.000000 0.001250
315.000000 0.001263
316.000000 0.001275
317.000000 0.001288
318.000000 0.001301
319.000000 0.001313
320.000000 0.001326
321.000000 0.001338
322.000000 0.001351
323.000000 0.001364
324.000000 0.001376
325.000000 0.001389
326.000000 0.001401
327.000000 0.001414
328.000000 0.001427
329.000000 0.001439
330.000000 0.001452
331.000000 0.001465
332.000000 0.001477
333.000000 0.001490
334.000000 0.001503
335.000000 0.001515
336.000000 0.001528
337.000000 0.001541
338.000000 0.001553
339.000000 0.001566
340.000000 0.001579
341.000000 0.001591
342.000000 0.001604
343.000000 0.001617
344.000000 0.001629
345.000000 0.001642
346.000000 0.001654
347.000000 0.001667
348.000000 0.001680
349.000000 0.001692
350.000000 0.001705
351.000000 0.001717
352.000000 0.001730
353.000000 0.001742
354.000000 0.001755
355.000000 0.001767
356.000000 0.001779
357.000000 0.001792
358.000000 0.001804
359.000000 0.001816
360.000000 0.001829
361.000000 0.001841
362.000000 0.001853
363.000000 0.001866
364.000000 0.001878
365.000000 0.001890
366.000000 0.001902
367.000000 0.001914
368.000000 0.001926
369.000000 0.001938
370.000000 0.001950
371.000000 0.001962
372.000000 0.001974
373.000000 0.001986
374.000000 0.001998
375.000000 0.002010
376.000000 0.002021
377.000000 0.002033
378.000000 0.002045
379.000000 0.002056
380.000000 0.002068
381.000000 0.002080
382.000000 0.002091
383.000000 0.002103
384.000000 0.002114
385.000000 0.002125
386.000000 0.002137
387.000000 0.002148
388.000000 0.002159
389.000000 0.002170
390.000000 0.002181
391.000000 0.002192
392.000000 0.002203
393.000000 0.002214
394.000000 0.002225
395.000000 0.002236
396.000000 0.002246
397.000000 0.002257
398.000000 0.002268
399.000000 0.002278
400.000000 0.002289
401.000000 0.002299
402.000000 0.002309
403.000000 0.002320
404.000000 0.002330
405.000000 0.002340
406.000000 0.002350
407.000000 0.002360
408.000000 0.002370
409.000000 0.002380
410.000000 0.002390
411.000000 0.002399
412.000000 0.002409
413.000000 0.002418
414.000000 0.002428
415.000000 0.002437
416.000000 0.002447
417.000000 0.002456
418.000000 0.002465
419.000000 0.002474
420.000000 0.002483
421.000000 0.002492
422.000000 0.002501
423.000000 0.002509
424.000000 0.002518
425.000000 0.002527
426.000000 0.002535
427.000000 0.002543
428.000000 0.002552
429.000000 0.002560
430.000000 0.002568
431.000000 0.002576
432.000000 0.002584
433.000000 0.002591
434.000000 0.002599
435.000000 0.002607
436.000000 0.002614
437.000000 0.002622
438.000000 0.002629
439.000000 0.002636
440.000000 0.002643
441.000000 0.002650
442.000000 0.002657
443.000000 0.002664
444.000000 0.002671
445.000000 0.002677
446.000000 0.002684
447.000000 0.002690
448.000000 0.002697
449.000000 0.002703
450.000000 0.002709
451.000000 0.002715
452.000000 0.002721
453.000000 0.002726
454.000000 0.002732
455.000000 0.002737
456.000000 0.002743
457.000000 0.002748
458.000000 0.002753
459.000000 0.002758
460.000000 0.002763
461.000000 0.002768
462.000000 0.002773
463.000000 0.002778
464.000000 0.002782
465.000000 0.002786
466.000000 0.002791
467.000000 0.002795
468.000000 0.002799
469.000000 0.002803
470.000000 0.002807
471.000000 0.002810
472.000000 0.002814
473.000000 0.002817
474.000000 0.002821
475.000000 0.002824
476.000000 0.002827
477.000000 0.002830
478.000000 0.002833
479.000000 0.002835
480.000000 0.002838
481.000000 0.002841
482.000000 0.002843
483.000000 0.002845
484.000000 0.002847
485.000000 0.002849
486.000000 0.002851
487.000000 0.002853
488.000000 0.002854
489.000000 0.002856
490.000000 0.002857
491.000000 0.002859
492.000000 0.002860
493.000000 0.002861
494.000000 0.002862
495.000000 0.002862
496.000000 0.002863
497.000000 0.002863
498.000000 0.002864
499.000000 0.002864
500.000000 0.002864
501.000000 0.002864
502.000000 0.002864
503.000000 0.002864
504.000000 0.002863
505.000000 0.002863
506.000000 0.002862
507.000000 0.002862
508.000000 0.002861
509.000000 0.002860
510.000000 0.002859
511.000000 0.002857
512.000000 0.002856
513.000000 0.002854
514.000000 0.002853
515.000000 0.002851
516.000000 0.002849
517.000000 0.002847
518.000000 0.002845
519.000000 0.002843
520.000000 0.002841
521.000000 0.002838
522.000000 0.002835
523.000000 0.002833
524.000000 0.002830
525.000000 0.002827
526.000000 0.002824
527.000000 0.002821
528.000000 0.002817
529.000000 0.002814
530.000000 0.002810
531.000000 0.002807
532.000000 0.002803
533.000000 0.002799
534.000000 0.002795
535.000000 0.002791
536.000000 0.002786
537.000000 0.002782
538.000000 0.002778
539.000000 0.002773
540.000000 0.002768
541.000000 0.002763
542.000000 0.002758
543.000000 0.002753
544.000000 0.002748
545.000000 0.002743
546.000000 0.002737
547.000000 0.002732
548.000000 0.002726
549.000000 0.002721
550.000000 0.002715
551.000000 0.002709
552.000000 0.002703
553.000000 0.002697
554.000000 0.002690
555.000000 0.002684
556.000000 0.002677
557.000000 0.002671
558.000000 0.002664
559.000000 0.002657
560.000000 0.002650
561.000000 0.002643
562.000000 0.002636
563.000000 0.002629
564.000000 0.002622
565.000000 0.002614
566.000000 0.002607
567.000000 0.002599
568.000000 0.002591
569.000000 0.002584
570.000000 0.002576
571.000000 0.002568
572.000000 0.002560
573.000000 0.002552
574.000000 0.002543
575.000000 0.002535
576.000000 0.002527
577.000000 0.002518
578.000000 0.002509
579.000000 0.002501
580.000000 0.002492
581.000000 0.002483
582.000000 0.002474
583.000000 0.002465
584.000000 0.002456
585.000000 0.002447
586.000000 0.002437
587.000000 0.002428
588.000000 0.002418
589.000000 0.002409
590.000000 0.002399
591.000000 0.002390
592.000000 0.002380
593.000000 0.002370
594.000000 0.002360
595.000000 0.002350
596.000000 0.002340
597.000000 0.002330
598.000000 0.002320
599.000000 0.002309
600.000000 0.002299
601.000000 0.002289
602.000000 0.002278
603.000000 0.002268
604.000000 0.002257
605.000000 0.002246
606.000000 0.002236
607.000000 0.002225
608.000000 0.002214
609.000000 0.002203
610.000000 0.002192
611.000000 0.002181
612.000000 0.002170
613.000000 0.002159
614.000000 0.002148
615.000000 0.002137
616.000000 0.002125
617.000000 0.002114
618.000000 0.002103
619.000000 0.002091
620.000000 0.002080
621.000000 0.002068
622.000000 0.002056
623.000000 0.002045
624.000000 0.002033
625.000000 0.002021
626.000000 0.002010
627.000000 0.001998
628.000000 0.001986
629.000000 0.001974
630.000000 0.001962
631.000000 0.001950
632.000000 0.001938
633.000000 0.001926
634.000000 0.001914
635.000000 0.001902
636.000000 0.001890
637.000000 0.001878
638.000000 0.001866
639.000000 0.001853
640.000000 0.001841
641.000000 0.001829
642.000000 0.001816
643.000000 0.001804
644.000000 0.001792
645.000000 0.001779
646.000000 0.001767
647.000000 0.001755
648.000000 0.001742
649.000000 0.001730
650.000000 0.001717
651.000000 0.001705
652.000000 0.001692
653.000000 0.001680
654.000000 0.001667
655.000000 0.001654
656.000000 0.001642
657.000000 0.001629
658.000000 0.001617
659.000000 0.001604
660.000000 0.001591
661.000000 0.001579
662.000000 0.001566
663.000000 0.001553
664.000000 0.001541
665.000000 0.001528
666.000000 0.001515
667.000000 0.001503
668.000000 0.001490
669.000000 0.001477
670.000000 0.001465
671.000000 0.001452
672.000000 0.001439
673.000000 0.001427
674.000000 0.001414
675.000000 0.001401
676.000000 0.001389
677.000000 0.001376
678.000000 0.001364
679.000000 0.001351
680.000000 0.001338
681.000000 0.001326
682.000000 0.001313
683.000000 0.001301
684.000000 0.001288
685.000000 0.001275
686.000000 0.001263
687.000000 0.001250
688.000000 0.001238
689.000000 0.001226
690.000000 0.001213
691.000000 0.001201
692.000000 0.001188
693.000000 0.001176
694.000000 0.001164
695.000000 0.001151
696.000000 0.001139
697.000000 0.001127
698.000000 0.001114
699.000000 0.001102
700.000000 0.001090
701.000000 0.001078
702.000000 0.001066
703.000000 0.001054
704.000000 0.001042
705.000000 0.001030
706.000000 0.001018
707.000000 0.001006
708.000000 0.000994
709.000000 0.000982
710.000000 0.000970
711.000000 0.000959
712.000000 0.000947
713.000000 0.000935
714.000000 0.000924
715.000000 0.000912
716.000000 0.000901
717.000000 0.000889
718.000000 0.000878
719.000000 0.000866
720.000000 0.000855
721.000000 0.000844
722.000000 0.000833
723.000000 0.000821
724.000000 0.000810
725.000000 0.000799
726.000000 0.000788
727.000000 0.000777
728.000000 0.000767
729.000000 0.000756
730.000000 0.000745
731.000000 0.000734
732.000000 0.000724
733.000000 0.000713
734.000000 0.000703
735.000000 0.000692
736.000000 0.000682
737.000000 0.000672
738.000000 0.000662
739.000000 0.000652
740.000000 0.000642
741.000000 0.000632
742.000000 0.000622
743.000000 0.000612
744.000000 0.000602
745.000000 0.000593
746.000000 0.000583
747.000000 0.000573
748.000000 0.000564
749.000000 0.000555
750.000000 0.000545
751.000000 0.000536
752.000000 0.000527
753.000000 0.000518
754.000000 0.000509
755.000000 0.000500
756.000000 0.000491
757.000000 0.000483
758.000000 0.000474
759.000000 0.000466
760.000000 0.000457
761.000000 0.000449
762.000000 0.000440
763.000000 0.000432
764.000000 0.000424
765.000000 0.000416
766.000000 0.000408
767.000000 0.000400
768.000000 0.000393
769.000000 0.000385
770.000000 0.000377
771.000000 0.000370
772.000000 0.000362
773.000000 0.000355
774.000000 0.000348
775.000000 0.000341
776.000000 0.000334
777.000000 0.000327
778.000000 0.000320
779.000000 0.000313
780.000000 0.000306
781.000000 0.000300
782.000000 0.000293
783.000000 0.000287
784.000000 0.000280
785.000000 0.000274
786.000000 0.000268
787.000000 0.000262
788.000000 0.000256
789.000000 0.000250
790.000000 0.000244
791.000000 0.000238
792.000000 0.000233
793.000000 0.000227
794.000000 0.000222
795.000000 0.000216
796.000000 0.000211
797.000000 0.000206
798.000000 0.000201
799.000000 0.000196
800.000000 0.000191
801.000000 0.000186
802.000000 0.000181
803.000000 0.000176
804.000000 0.000172
805.000000 0.000167
806.000000 0.000163
807.000000 0.000158
808.000000 0.000154
809.000000 0.000150
810.000000 0.000145
811.000000 0.000141
812.000000 0.000137
813.000000 0.000134
814.000000 0.000130
815.000000 0.000126
816.000000 0.000122
817.000000 0.000119
818.000000 0.000115
819.000000 0.000112
820.000000 0.000108
821.000000 0.000105
822.000000 0.000102
823.000000 0.000099
824.000000 0.000096
825.000000 0.000092
826.000000 0.000090
827.000000 0.000087
828.000000 0.000084
829.000000 0.000081
830.000000 0.000078
831.000000 0.000076
832.000000 0.000073
833.000000 0.000071
834.000000 0.000068
835.000000 0.000066
836.000000 0.000064
837.000000 0.000061
838.000000 0.000059
839.000000 0.000057
840.000000 0.000055
841.000000 0.000053
842.000000 0.000051
843.000000 0.000049
844.000000 0.000047
845.000000 0.000045
846.000000 0.000044
847.000000 0.000042
848.000000 0.000040
849.000000 0.000039
850.000000 0.000037
851.000000 0.000036
852.000000 0.000034
853.000000 0.000033
854.000000 0.000031
855.000000 0.000030
856.000000 0.000029
857.000000 0.000027
858.000000 0.000026
859.000000 0.000025
860.000000 0.000024
861.000000 0.000023
862.000000 0.000022
863.000000 0.000021
864.000000 0.000020
865.000000 0.000019
866.000000 0.000018
867.000000 0.000017
868.000000 0.000016
869.000000 0.000016
870.000000 0.000015
871.000000 0.000014
872.000000 0.000013
873.000000 0.000013
874.000000 0.000012
875.000000 0.000011
876.000000 0.000011
877.000000 0.000010
878.000000 0.000010
879.000000 0.000009
880.000000 0.000009
881.000000 0.000008
882.000000 0.000008
883.000000 0.000007
884.000000 0.000007
885.000000 0.000006
886.000000 0.000006
887.000000 0.000006
888.000000 0.000005
889.000000 0.000005
890.000000 0.000005
891.000000 0.000004
892.000000 0.000004
893.000000 0.000004
894.000000 0.000004
895.000000 0.000003
896.000000 0.000003
897.000000 0.000003
898.000000 0.000003
899.000000 0.000002
900.000000 0.000002
901.000000 0.000002
902.000000 0.000002
903.000000 0.000002
904.000000 0.000002
905.000000 0.000002
906.000000 0.000001
907.000000 0.000001
908.000000 0.000001
909.000000 0.000001
910.000000 0.000001
911.000000 0.000001
912.000000 0.000001
913.000000 0.000001
914.000000 0.000001
915.000000 0.000001
916.000000 0.000001
917.000000 0.000001
918.000000 0.000000
919.000000 0.000000
920.000000 0.000000
921.000000 0.000000
922.000000 0.000000
923.000000 0.000000
924.000000 0.000000
925.000000 0.000000
926.000000 0.000000
927.000000 0.000000
928.000000 0.000000
929.000000 0.000000
930.000000 0.000000
931.000000 0.000000
932.000000 0.000000
933.000000 0.000000
934.000000 0.000000
935.000000 0.000000
936.000000 0.000000
937.000000 0.000000
938.000000 0.000000
939.000000 0.000000
940.000000 0.000000
941.000000 0.000000
942.000000 0.000000
943.000000 0.000000
944.000000 0.000000
945.000000 0.000000
946.000000 0.000000
947.000000 0.000000
948.000000 0.000000
949.000000 0.000000
950.000000 0.000000
951.000000 0.000000
952.000000 0.000000
953.000000 0.000000
954.000000 0.000000
955.000000 0.000000
956.000000 0.000000
957.000000 0.000000
958.000000 0.000000
959.000000 0.000000
960.000000 0.000000
961.000000 0.000000
962.000000 0.000000
963.000000 0.000000
964.000000 0.000000
965.000000 0.000000
966.000000 0.000000
967.000000 0.000000
968.000000 0.000000
969.000000 0.000000
970.000000 0.000000
971.000000 0.000000
972.000000 0.000000
973.000000 0.000000
974.000000 0.000000
975.000000 0.000000
976.000000 0.000000
977.000000 0.000000
978.000000 0.000000
979.000000 0.000000
980.000000 0.000000
981.000000 0.000000
982.000000 0.000000
983.000000 0.000000
984.000000 0.000000
985.000000 0.000000
986.000000 0.000000
987.000000 0.000000
988.000000 0.000000
989.000000 0.000000
990.000000 0.000000
991.000000 0.000000
992.000000 0.000000
993.000000 0.000000
994.000000 0.000000
995.000000 0.000000
996.000000 0.000000
997.000000 0.000000
998.000000 0.000000
999.000000 0.000000
1000.000000 0.000000
