n lam mean variance std
1000 0.610000 500.492264 9714.593885 98.562639
bin_midpoint probability
1.000000 0.000000
2.000000 0.000000
3.000000 0.000000
4.000000 0.000000
5.000000 0.000000
6.000000 0.000000
7.000000 0.000000
8.000000 0.000000
9.000000 0.000000
10.000000 0.000000
11.000000 0.000000
12.000000 0.000000
13.000000 0.000000
14.000000 0.000000
15.000000 0.000000
16.000000 0.000000
17.000000 0.000000
18.000000 0.000000
19.000000 0.000000
20.000000 0.000000
21.000000 0.000000
22.000000 0.000000
23.000000 0.000000
24.000000 0.000000
25.000000 0.000000
26.000000 0.000000
27.000000 0.000000
28.000000 0.000000
29.000000 0.000000
30.000000 0.000000
31.000000 0.000000
32.000000 0.000000
33.000000 0.000000
34.000000 0.000000
35.000000 0.000000
36.000000 0.000000
37.000000 0.000000
38.000000 0.000000
39.000000 0.000000
40.000000 0.000000
41.000000 0.000000
42.000000 0.000000
43.000000 0.000000
44.000000 0.000000
45.000000 0.000000
46.000000 0.000000
47.000000 0.000000
48.000000 0.000000
49.000000 0.000000
50.000000 0.000000
51.000000 0.000000
52.000000 0.000000
53.000000 0.000000
54.000000 0.000000
55.000000 0.000000
56.000000 0.000000
57.000000 0.000000
58.000000 0.000000
59.000000 0.000000
60.000000 0.000000
61.000000 0.000000
62.000000 0.000000
63.000000 0.000000
64.000000 0.000000
65.000000 0.000000
66.000000 0.000000
67.000000 0.000000
68.000000 0.000000
69.000000 0.000000
70.000000 0.000000
71.000000 0.000000
72.000000 0.000000
73.000000 0.000000
74.000000 0.000000
75.000000 0.000000
76.000000 0.000000
77.000000 0.000000
78.000000 0.000000
79.000000 0.000000
80.000000 0.000000
81.000000 0.000000
82.000000 0.000000
83.000000 0.000000
84.000000 0.000000
85.000000 0.000000
86.000000 0.000000
87.000000 0.000000
88.000000 0.000000
89.000000 0.000000
90.000000 0.000000
91.000000 0.000000
92.000000 0.000000
93.000000 0.000000
94.000000 0.000000
95.000000 0.000000
96.000000 0.000000
97.000000 0.000000
98.000000 0.000000
99.000000 0.000000
100.000000 0.000000
101.000000 0.000000
102.000000 0.000000
103.000000 0.000000
104.000000 0.000000
105.000000 0.000000
106.000000 0.000000
107.000000 0.000000
108.000000 0.000000
109.000000 0.000000
110.000000 0.000000
111.000000 0.000000
112.000000 0.000000
113.000000 0.000000
114.000000 0.000000
115.000000 0.000000
116.000000 0.000000
117.000000 0.000000
118.000000 0.000000
119.000000 0.000000
120.000000 0.000000
121.000000 0.000000
122.000000 0.000000
123.000000 0.000000
124.000000 0.000000
125.000000 0.000000
126.000000 0.000000
127.000000 0.000000
128.000000 0.000000
129.000000 0.000000
130.000000 0.000000
131.000000 0.000000
132.000000 0.000000
133.000000 0.000000
134.000000 0.000000
135.000000 0.000000
136.000000 0.000000
137.000000 0.000000
138.000000 0.000000
139.000000 0.000000
140.000000 0.000000
141.000000 0.000000
142.000000 0.000000
143.000000 0.000000
144.000000 0.000000
145.000000 0.000000
146.000000 0.000000
147.000000 0.000000
148.000000 0.000001
149.000000 0.000001
150.000000 0.000001
151.000000 0.000001
152.000000 0.000001
153.000000 0.000001
154.000000 0.000001
155.000000 0.000001
156.000000 0.000001
157.000000 0.000001
158.000000 0.000001
159.000000 0.000001
160.000000 0.000001
161.000000 0.000001
162.000000 0.000002
163.000000 0.000002
164.000000 0.000002
165.000000 0.000002
166.000000 0.000002
167.000000 0.000002
168.000000 0.000002
169.000000 0.000003
170.000000 0.000003
171.000000 0.000003
172.000000 0.000003
173.000000 0.000003
174.000000 0.000004
175.000000 0.000004
176.000000 0.000004
177.000000 0.000004
178.000000 0.000005
179.000000 0.000005
180.000000 0.000005
181.000000 0.000006
182.000000 0.000006
183.000000 0.000006
184.000000 0.000007
185.000000 0.000007
186.000000 0.000008
187.000000 0.000008
188.000000 0.000009
189.000000 0.000009
190.000000 0.000010
191.000000 0.000010
192.000000 0.000011
193.000000 0.000011
194.000000 0.000012
195.000000 0.000013
196.000000 0.000013
197.000000 0.000014
198.000000 0.000015
199.000000 0.000016
200.000000 0.000016
201.000000 0.000017
202.000000 0.000018
203.000000 0.000019
204.000000 0.000020
205.000000 0.000021
206.000000 0.000022
207.000000 0.000023
208.000000 0.000024
209.000000 0.000026
210.000000 0.000027
211.000000 0.000028
212.000000 0.000029
213.000000 0.000031
214.000000 0.000032
215.000000 0.000034
216.000000 0.000035
217.000000 0.000037
218.000000 0.000039
219.000000 0.000040
220.000000 0.000042
221.000000 0.000044
222.000000 0.000046
223.000000 0.000048
224.000000 0.000050
225.000000 0.000052
226.000000 0.000054
227.000000 0.000057
228.000000 0.000059
229.000000 0.000061
230.000000 0.000064
231.000000 0.000067
232.000000 0.000069
233.000000 0.000072
234.000000 0.000075
235.000000 0.000078
236.000000 0.000080
237.000000 0.000084
238.000000 0.000087
239.000000 0.000091
240.000000 0.000094
241.000000 0.000098
242.000000 0.000101
243.000000 0.000105
244.000000 0.000108
245.000000 0.000113
246.000000 0.000116
247.000000 0.000121
248.000000 0.000125
249.000000 0.000129
250.000000 0.000134
251.000000 0.000138
252.000000 0.000143
253.000000 0.000148
254.000000 0.000153
255.000000 0.000158
256.000000 0.000163
257.000000 0.000169
258.000000 0.000174
259.000000 0.000180
260.000000 0.000185
261.000000 0.000191
262.000000 0.000198
263.000000 0.000203
264.000000 0.000210
265.000000 0.000216
266.000000 0.000223
267.000000 0.000229
268.000000 0.000237
269.000000 0.000243
270.000000 0.000251
271.000000 0.000257
272.000000 0.000266
273.000000 0.000273
274.000000 0.000281
275.000000 0.000288
276.000000 0.000297
277.000000 0.000306
278.000000 0.000313
279.000000 0.000323
280.000000 0.000331
281.000000 0.000340
282.000000 0.000349
283.000000 0.000358
284.000000 0.000368
285.000000 0.000377
286.000000 0.000388
287.000000 0.000398
288.000000 0.000406
289.000000 0.000417
290.000000 0.000428
291.000000 0.000439
292.000000 0.000449
293.000000 0.000461
294.000000 0.000471
295.000000 0.000484
296.000000 0.000495
297.000000 0.000506
298.000000 0.000519
299.000000 0.000531
300.000000 0.000541
301.000000 0.000555
302.000000 0.000568
303.000000 0.000582
304.000000 0.000593
305.000000 0.000607
306.000000 0.000620
307.000000 0.000635
308.000000 0.000647
309.000000 0.000662
310.000000 0.000674
311.000000 0.000693
312.000000 0.000704
313.000000 0.000718
314.000000 0.000734
315.000000 0.000749
316.000000 0.000765
317.000000 0.000779
318.000000 0.000797
319.000000 0.000810
320.000000 0.000828
321.000000 0.000841
322.000000 0.000861
323.000000 0.000877
324.000000 0.000891
325.000000 0.000909
326.000000 0.000927
327.000000 0.000942
328.000000 0.000961
329.000000 0.000979
330.000000 0.000996
331.000000 0.001013
332.000000 0.001032
333.000000 0.001050
334.000000 0.001070
335.000000 0.001084
336.000000 0.001107
337.000000 0.001123
338.000000 0.001145
339.000000 0.001159
340.000000 0.001182
341.000000 0.001199
342.000000 0.001223
343.000000 0.001240
344.000000 0.001258
345.000000 0.001279
346.000000 0.001301
347.000000 0.001320
348.000000 0.001341
349.000000 0.001359
350.000000 0.001383
351.000000 0.001401
352.000000 0.001420
353.000000 0.001444
354.000000 0.001469
355.000000 0.001483
356.000000 0.001509
357.000000 0.001526
358.000000 0.001554
359.000000 0.001573
360.000000 0.001592
361.000000 0.001614
362.000000 0.001639
363.000000 0.001656
364.000000 0.001681
365.000000 0.001705
366.000000 0.001722
367.000000 0.001749
368.000000 0.001771
369.000000 0.001793
370.000000 0.001816
371.000000 0.001836
372.000000 0.001864
373.000000 0.001884
374.000000 0.001904
375.000000 0.001927
376.000000 0.001954
377.000000 0.001974
378.000000 0.001993
379.000000 0.002026
380.000000 0.002035
381.000000 0.002073
382.000000 0.002084
383.000000 0.002118
384.000000 0.002128
385.000000 0.002163
386.000000 0.002179
387.000000 0.002206
388.000000 0.002223
389.000000 0.002252
390.000000 0.002271
391.000000 0.002290
392.000000 0.002319
393.000000 0.002342
394.000000 0.002364
395.000000 0.002388
396.000000 0.002407
397.000000 0.002437
398.000000 0.002451
399.000000 0.002480
400.000000 0.002495
401.000000 0.002528
402.000000 0.002540
403.000000 0.002566
404.000000 0.002597
405.000000 0.002601
406.000000 0.002638
407.000000 0.002654
408.000000 0.002685
409.000000 0.002691
410.000000 0.002723
411.000000 0.002745
412.000000 0.002767
413.000000 0.002781
414.000000 0.002805
415.000000 0.002835
416.000000 0.002844
417.000000 0.002866
418.000000 0.002892
419.000000 0.002911
420.000000 0.002937
421.000000 0.002950
422.000000 0.002976
423.000000 0.002990
424.000000 0.003014
425.000000 0.003030
426.000000 0.003056
427.000000 0.003066
428.000000 0.003095
429.000000 0.003108
430.000000 0.003121
431.000000 0.003153
432.000000 0.003164
433.000000 0.003194
434.000000 0.003193
435.000000 0.003223
436.000000 0.003242
437.000000 0.003259
438.000000 0.003269
439.000000 0.003287
440.000000 0.003315
441.000000 0.003313
442.000000 0.003346
443.000000 0.003355
444.000000 0.003375
445.000000 0.003385
446.000000 0.003407
447.000000 0.003424
448.000000 0.003432
449.000000 0.003446
450.000000 0.003468
451.000000 0.003483
452.000000 0.003487
453.000000 0.003506
454.000000 0.003524
455.000000 0.003533
456.000000 0.003548
457.000000 0.003558
458.000000 0.003577
459.000000 0.003585
460.000000 0.003596
461.000000 0.003607
462.000000 0.003624
463.000000 0.003635
464.000000 0.003641
465.000000 0.003663
466.000000 0.003653
467.000000 0.003681
468.000000 0.003682
469.000000 0.003697
470.000000 0.003701
471.000000 0.003716
472.000000 0.003727
473.000000 0.003727
474.000000 0.003735
475.000000 0.003751
476.000000 0.003761
477.000000 0.003755
478.000000 0.003765
479.000000 0.003779
480.000000 0.003778
481.000000 0.003792
482.000000 0.003799
483.000000 0.003796
484.000000 0.003807
485.000000 0.003805
486.000000 0.003820
487.000000 0.003814
488.000000 0.003825
489.000000 0.003824
490.000000 0.003835
491.000000 0.003825
492.000000 0.003841
493.000000 0.003835
494.000000 0.003842
495.000000 0.003847
496.000000 0.003839
497.000000 0.003844
498.000000 0.003848
499.000000 0.003850
500.000000 0.003844
501.000000 0.003847
502.000000 0.003845
503.000000 0.003850
504.000000 0.003841
505.000000 0.003839
506.000000 0.003846
507.000000 0.003842
508.000000 0.003834
509.000000 0.003842
510.000000 0.003828
511.000000 0.003835
512.000000 0.003821
513.000000 0.003825
514.000000 0.003817
515.000000 0.003816
516.000000 0.003806
517.000000 0.003811
518.000000 0.003796
519.000000 0.003791
520.000000 0.003797
521.000000 0.003777
522.000000 0.003767
523.000000 0.003774
524.000000 0.003769
525.000000 0.003752
526.000000 0.003746
527.000000 0.003737
528.000000 0.003736
529.000000 0.003717
530.000000 0.003708
531.000000 0.003709
532.000000 0.003700
533.000000 0.003681
534.000000 0.003678
535.000000 0.003660
536.000000 0.003656
537.000000 0.003642
538.000000 0.003634
539.000000 0.003620
540.000000 0.003610
541.000000 0.003598
542.000000 0.003587
543.000000 0.003576
544.000000 0.003550
545.000000 0.003557
546.000000 0.003529
547.000000 0.003519
548.000000 0.003506
549.000000 0.003501
550.000000 0.003477
551.000000 0.003462
552.000000 0.003450
553.000000 0.003440
554.000000 0.003415
555.000000 0.003403
556.000000 0.003396
557.000000 0.003371
558.000000 0.003350
559.000000 0.003341
560.000000 0.003331
561.000000 0.003302
562.000000 0.003289
563.000000 0.003277
564.000000 0.003259
565.000000 0.003232
566.000000 0.003221
567.000000 0.003204
568.000000 0.003186
569.000000 0.003156
570.000000 0.003157
571.000000 0.003126
572.000000 0.003107
573.000000 0.003086
574.000000 0.003078
575.000000 0.003047
576.000000 0.003032
577.000000 0.003012
578.000000 0.002998
579.000000 0.002968
580.000000 0.002953
581.000000 0.002936
582.000000 0.002910
583.000000 0.002881
584.000000 0.002873
585.000000 0.002854
586.000000 0.002823
587.000000 0.002806
588.000000 0.002790
589.000000 0.002766
590.000000 0.002737
591.000000 0.002721
592.000000 0.002701
593.000000 0.002678
594.000000 0.002652
595.000000 0.002637
596.000000 0.002610
597.000000 0.002585
598.000000 0.002565
599.000000 0.002551
600.000000 0.002518
601.000000 0.002499
602.000000 0.002478
603.000000 0.002458
604.000000 0.002430
605.000000 0.002406
606.000000 0.002391
607.000000 0.002362
608.000000 0.002335
609.000000 0.002319
610.000000 0.002301
611.000000 0.002268
612.000000 0.002247
613.000000 0.002230
614.000000 0.002204
615.000000 0.002177
616.000000 0.002155
617.000000 0.002141
618.000000 0.002110
619.000000 0.002087
620.000000 0.002065
621.000000 0.002046
622.000000 0.002014
623.000000 0.001995
624.000000 0.001979
625.000000 0.001949
626.000000 0.001926
627.000000 0.001907
628.000000 0.001886
629.000000 0.001858
630.000000 0.001835
631.000000 0.001819
632.000000 0.001792
633.000000 0.001768
634.000000 0.001746
635.000000 0.001730
636.000000 0.001700
637.000000 0.001680
638.000000 0.001662
639.000000 0.001637
640.000000 0.001613
641.000000 0.001592
642.000000 0.001576
643.000000 0.001549
644.000000 0.001527
645.000000 0.001508
646.000000 0.001488
647.000000 0.001461
648.000000 0.001442
649.000000 0.001427
650.000000 0.001400
651.000000 0.001379
652.000000 0.001362
653.000000 0.001342
654.000000 0.001318
655.000000 0.001298
656.000000 0.001283
657.000000 0.001259
658.000000 0.001238
659.000000 0.001218
660.000000 0.001203
661.000000 0.001178
662.000000 0.001161
663.000000 0.001145
664.000000 0.001123
665.000000 0.001104
666.000000 0.001085
667.000000 0.001071
668.000000 0.001049
669.000000 0.001030
670.000000 0.001014
671.000000 0.000997
672.000000 0.000977
673.000000 0.000958
674.000000 0.000946
675.000000 0.000925
676.000000 0.000908
677.000000 0.000891
678.000000 0.000879
679.000000 0.000858
680.000000 0.000842
681.000000 0.000828
682.000000 0.000812
683.000000 0.000794
684.000000 0.000779
685.000000 0.000766
686.000000 0.000747
687.000000 0.000733
688.000000 0.000721
689.000000 0.000704
690.000000 0.000689
691.000000 0.000675
692.000000 0.000664
693.000000 0.000647
694.000000 0.000633
695.000000 0.000621
696.000000 0.000608
697.000000 0.000593
698.000000 0.000579
699.000000 0.000570
700.000000 0.000554
701.000000 0.000542
702.000000 0.000530
703.000000 0.000520
704.000000 0.000505
705.000000 0.000494
706.000000 0.000484
707.000000 0.000472
708.000000 0.000460
709.000000 0.000449
710.000000 0.000440
711.000000 0.000428
712.000000 0.000416
713.000000 0.000408
714.000000 0.000397
715.000000 0.000386
716.000000 0.000377
717.000000 0.000369
718.000000 0.000358
719.000000 0.000348
720.000000 0.000340
721.000000 0.000331
722.000000 0.000322
723.000000 0.000312
724.000000 0.000306
725.000000 0.000296
726.000000 0.000289
727.000000 0.000280
728.000000 0.000274
729.000000 0.000265
730.000000 0.000258
731.000000 0.000251
732.000000 0.000244
733.000000 0.000236
734.000000 0.000229
735.000000 0.000223
736.000000 0.000216
737.000000 0.000209
738.000000 0.000203
739.000000 0.000198
740.000000 0.000191
741.000000 0.000185
742.000000 0.000180
743.000000 0.000174
744.000000 0.000168
745.000000 0.000163
746.000000 0.000158
747.000000 0.000153
748.000000 0.000147
749.000000 0.000144
750.000000 0.000138
751.000000 0.000133
752.000000 0.000129
753.000000 0.000125
754.000000 0.000120
755.000000 0.000116
756.000000 0.000113
757.000000 0.000109
758.000000 0.000104
759.000000 0.000101
760.000000 0.000098
761.000000 0.000094
762.000000 0.000090
763.000000 0.000087
764.000000 0.000084
765.000000 0.000080
766.000000 0.000078
767.000000 0.000075
768.000000 0.000072
769.000000 0.000069
770.000000 0.000067
771.000000 0.000064
772.000000 0.000061
773.000000 0.000059
774.000000 0.000057
775.000000 0.000054
776.000000 0.000052
777.000000 0.000050
778.000000 0.000048
779.000000 0.000046
780.000000 0.000044
781.000000 0.000042
782.000000 0.000040
783.000000 0.000039
784.000000 0.000037
785.000000 0.000035
786.000000 0.000034
787.000000 0.000032
788.000000 0.000031
789.000000 0.000030
790.000000 0.000028
791.000000 0.000027
792.000000 0.000026
793.000000 0.000024
794.000000 0.000023
795.000000 0.000022
796.000000 0.000021
797.000000 0.000020
798.000000 0.000019
799.000000 0.000018
800.000000 0.000017
801.000000 0.000016
802.000000 0.000016
803.000000 0.000015
804.000000 0.000014
805.000000 0.000013
806.000000 0.000013
807.000000 0.000012
808.000000 0.000011
809.000000 0.000011
810.000000 0.000010
811.000000 0.000010
812.000000 0.000009
813.000000 0.000009
814.000000 0.000008
815.000000 0.000008
816.000000 0.000007
817.000000 0.000007
818.000000 0.000006
819.000000 0.000006
820.000000 0.000006
821.000000 0.000005
822.000000 0.000005
823.000000 0.000005
824.000000 0.000004
825.000000 0.000004
826.000000 0.000004
827.000000 0.000004
828.000000 0.000003
829.000000 0.000003
830.000000 0.000003
831.000000 0.000003
832.000000 0.000003
833.000000 0.000002
834.000000 0.000002
835.000000 0.000002
836.000000 0.000002
837.000000 0.000002
838.000000 0.000002
839.000000 0.000002
840.000000 0.000001
841.000000 0.000001
842.000000 0.000001
843.000000 0.000001
844.000000 0.000001
845.000000 0.000001
846.000000 0.000001
847.000000 0.000001
848.000000 0.000001
849.000000 0.000001
850.000000 0.000001
851.000000 0.000001
852.000000 0.000001
853.000000 0.000001
854.000000 0.000000
855.000000 0.000000
856.000000 0.000000
857.000000 0.000000
858.000000 0.000000
859.000000 0.000000
860.000000 0.000000
861.000000 0.000000
862.000000 0.000000
863.000000 0.000000
864.000000 0.000000
865.000000 0.000000
866.000000 0.000000
867.000000 0.000000
868.000000 0.000000
869.000000 0.000000
870.000000 0.000000
871.000000 0.000000
872.000000 0.000000
873.000000 0.000000
874.000000 0.000000
875.000000 0.000000
876.000000 0.000000
877.000000 0.000000
878.000000 0.000000
879.000000 0.000000
880.000000 0.000000
881.000000 0.000000
882.000000 0.000000
883.000000 0.000000
884.000000 0.000000
885.000000 0.000000
886.000000 0.000000
887.000000 0.000000
888.000000 0.000000
889.000000 0.000000
890.000000 0.000000
891.000000 0.000000
892.000000 0.000000
893.000000 0.000000
894.000000 0.000000
895.000000 0.000000
896.000000 0.000000
897.000000 0.000000
898.000000 0.000000
899.000000 0.000000
900.000000 0.000000
901.000000 0.000000
902.000000 0.000000
903.000000 0.000000
904.000000 0.000000
905.000000 0.000000
906.000000 0.000000
907.000000 0.000000
908.000000 0.000000
909.000000 0.000000
910.000000 0.000000
911.000000 0.000000
912.000000 0.000000
913.000000 0.000000
914.000000 0.000000
915.000000 0.000000
916.000000 0.000000
917.000000 0.000000
918.000000 0.000000
919.000000 0.000000
920.000000 0.000000
921.000000 0.000000
922.000000 0.000000
923.000000 0.000000
924.000000 0.000000
925.000000 0.000000
926.000000 0.000000
927.000000 0.000000
928.000000 0.000000
929.000000 0.000000
930.000000 0.000000
931.000000 0.000000
932.000000 0.000000
933.000000 0.000000
934.000000 0.000000
935.000000 0.000000
936.000000 0.000000
937.000000 0.000000
938.000000 0.000000
939.000000 0.000000
940.000000 0.000000
941.000000 0.000000
942.000000 0.000000
943.000000 0.000000
944.000000 0.000000
945.000000 0.000000
946.000000 0.000000
947.000000 0.000000
948.000000 0.000000
949.000000 0.000000
950.000000 0.000000
951.000000 0.000000
952.000000 0.000000
953.000000 0.000000
954.000000 0.000000
955.000000 0.000000
956.000000 0.000000
957.000000 0.000000
958.000000 0.000000
959.000000 0.000000
960.000000 0.000000
961.000000 0.000000
962.000000 0.000000
963.000000 0.000000
964.000000 0.000000
965.000000 0.000000
966.000000 0.000000
967.000000 0.000000
968.000000 0.000000
969.000000 0.000000
970.000000 0.000000
971.000000 0.000000
972.000000 0.000000
973.000000 0.000000
974.000000 0.000000
975.000000 0.000000
976.000000 0.000000
977.000000 0.000000
978.000000 0.000000
979.000000 0.000000
980.000000 0.000000
981.000000 0.000000
982.000000 0.000000
983.000000 0.000000
984.000000 0.000000
985.000000 0.000000
986.000000 0.000000
987.000000 0.000000
988.000000 0.000000
989.000000 0.000000
990.000000 0.000000
991.000000 0.000000
992.000000 0.000000
993.000000 0.000000
994.000000 0.000000
995.000000 0.000000
996.000000 0.000000
997.000000 0.000000
998.000000 0.000000
999.000000 0.000000
1000.000000 0.000000
