n lam mean variance std
1000 0.330000 500.492775 19415.798142 139.340583
bin_midpoint probability
1.000000 0.000000
2.000000 0.000000
3.000000 0.000000
4.000000 0.000000
5.000000 0.000000
6.000000 0.000000
7.000000 0.000000
8.000000 0.000000
9.000000 0.000000
10.000000 0.000000
11.000000 0.000000
12.000000 0.000000
13.000000 0.000000
14.000000 0.000000
15.000000 0.000000
16.000000 0.000000
17.000000 0.000000
18.000000 0.000000
19.000000 0.000000
20.000000 0.000000
21.000000 0.000000
22.000000 0.000000
23.000000 0.000000
24.000000 0.000000
25.000000 0.000000
26.000000 0.000000
27.000000 0.000000
28.000000 0.000000
29.000000 0.000000
30.000000 0.000000
31.000000 0.000000
32.000000 0.000000
33.000000 0.000000
34.000000 0.000000
35.000000 0.000000
36.000000 0.000000
37.000000 0.000000
38.000000 0.000000
39.000000 0.000000
40.000000 0.000000
41.000000 0.000000
42.000000 0.000000
43.000000 0.000000
44.000000 0.000000
45.000000 0.000000
46.000000 0.000000
47.000000 0.000000
48.000000 0.000000
49.000000 0.000000
50.000000 0.000000
51.000000 0.000000
52.000000 0.000000
53.000000 0.000000
54.000000 0.000000
55.000000 0.000000
56.000000 0.000000
57.000000 0.000000
58.000000 0.000000
59.000000 0.000000
60.000000 0.000000
61.000000 0.000000
62.000000 0.000000
63.000000 0.000000
64.000000 0.000000
65.000000 0.000000
66.000000 0.000000
67.000000 0.000001
68.000000 0.000001
69.000000 0.000001
70.000000 0.000001
71.000000 0.000001
72.000000 0.000001
73.000000 0.000001
74.000000 0.000001
75.000000 0.000001
76.000000 0.000001
77.000000 0.000001
78.000000 0.000002
79.000000 0.000002
80.000000 0.000002
81.000000 0.000002
82.000000 0.000002
83.000000 0.000002
84.000000 0.000003
85.000000 0.000003
86.000000 0.000003
87.000000 0.000003
88.000000 0.000004
89.000000 0.000004
90.000000 0.000004
91.000000 0.000004
92.000000 0.000005
93.000000 0.000005
94.000000 0.000005
95.000000 0.000006
96.000000 0.000006
97.000000 0.000007
98.000000 0.000007
99.000000 0.000007
100.000000 0.000008
101.000000 0.000008
102.000000 0.000009
103.000000 0.000009
104.000000 0.000010
105.000000 0.000011
106.000000 0.000011
107.000000 0.000012
108.000000 0.000013
109.000000 0.000013
110.000000 0.000014
111.000000 0.000015
112.000000 0.000016
113.000000 0.000016
114.000000 0.000017
115.000000 0.000018
116.000000 0.000019
117.000000 0.000020
118.000000 0.000021
119.000000 0.000022
120.000000 0.000023
121.000000 0.000024
122.000000 0.000025
123.000000 0.000027
124.000000 0.000028
125.000000 0.000029
126.000000 0.000030
127.000000 0.000032
128.000000 0.000033
129.000000 0.000035
130.000000 0.000036
131.000000 0.000038
132.000000 0.000039
133.000000 0.000041
134.000000 0.000042
135.000000 0.000044
136.000000 0.000046
137.000000 0.000048
138.000000 0.000050
139.000000 0.000052
140.000000 0.000054
141.000000 0.000056
142.000000 0.000058
143.000000 0.000060
144.000000 0.000062
145.000000 0.000065
146.000000 0.000067
147.000000 0.000069
148.000000 0.000072
149.000000 0.000074
150.000000 0.000076
151.000000 0.000079
152.000000 0.000082
153.000000 0.000085
154.000000 0.000087
155.000000 0.000090
156.000000 0.000094
157.000000 0.000096
158.000000 0.000100
159.000000 0.000102
160.000000 0.000106
161.000000 0.000109
162.000000 0.000112
163.000000 0.000116
164.000000 0.000119
165.000000 0.000123
166.000000 0.000126
167.000000 0.000130
168.000000 0.000134
169.000000 0.000138
170.000000 0.000141
171.000000 0.000145
172.000000 0.000150
173.000000 0.000153
174.000000 0.000158
175.000000 0.000161
176.000000 0.000167
177.000000 0.000170
178.000000 0.000175
179.000000 0.000180
180.000000 0.000184
181.000000 0.000189
182.000000 0.000194
183.000000 0.000198
184.000000 0.000204
185.000000 0.000209
186.000000 0.000214
187.000000 0.000218
188.000000 0.000224
189.000000 0.000229
190.000000 0.000235
191.000000 0.000240
192.000000 0.000246
193.000000 0.000251
194.000000 0.000256
195.000000 0.000262
196.000000 0.000268
197.000000 0.000274
198.000000 0.000280
199.000000 0.000286
200.000000 0.000292
201.000000 0.000298
202.000000 0.000304
203.000000 0.000311
204.000000 0.000317
205.000000 0.000323
206.000000 0.000330
207.000000 0.000336
208.000000 0.000344
209.000000 0.000350
210.000000 0.000356
211.000000 0.000364
212.000000 0.000370
213.000000 0.000378
214.000000 0.000384
215.000000 0.000392
216.000000 0.000399
217.000000 0.000407
218.000000 0.000414
219.000000 0.000421
220.000000 0.000428
221.000000 0.000435
222.000000 0.000444
223.000000 0.000451
224.000000 0.000459
225.000000 0.000467
226.000000 0.000475
227.000000 0.000482
228.000000 0.000490
229.000000 0.000499
230.000000 0.000506
231.000000 0.000515
232.000000 0.000522
233.000000 0.000532
234.000000 0.000540
235.000000 0.000548
236.000000 0.000556
237.000000 0.000564
238.000000 0.000574
239.000000 0.000581
240.000000 0.000591
241.000000 0.000600
242.000000 0.000608
243.000000 0.000616
244.000000 0.000624
245.000000 0.000635
246.000000 0.000644
247.000000 0.000652
248.000000 0.000662
249.000000 0.000670
250.000000 0.000680
251.000000 0.000688
252.000000 0.000699
253.000000 0.000706
254.000000 0.000717
255.000000 0.000726
256.000000 0.000735
257.000000 0.000745
258.000000 0.000754
259.000000 0.000763
260.000000 0.000772
261.000000 0.000782
262.000000 0.000793
263.000000 0.000801
264.000000 0.000812
265.000000 0.000821
266.000000 0.000831
267.000000 0.000841
268.000000 0.000850
269.000000 0.000860
270.000000 0.000871
271.000000 0.000881
272.000000 0.000889
273.000000 0.000901
274.000000 0.000910
275.000000 0.000920
276.000000 0.000929
277.000000 0.000939
278.000000 0.000951
279.000000 0.000961
280.000000 0.000970
281.000000 0.000981
282.000000 0.000990
283.000000 0.001001
284.000000 0.001011
285.000000 0.001021
286.000000 0.001031
287.000000 0.001043
288.000000 0.001052
289.000000 0.001062
290.000000 0.001073
291.000000 0.001083
292.000000 0.001093
293.000000 0.001103
294.000000 0.001115
295.000000 0.001125
296.000000 0.001135
297.000000 0.001146
298.000000 0.001156
299.000000 0.001167
300.000000 0.001177
301.000000 0.001187
302.000000 0.001197
303.000000 0.001209
304.000000 0.001220
305.000000 0.001229
306.000000 0.001241
307.000000 0.001251
308.000000 0.001261
309.000000 0.001272
310.000000 0.001282
311.000000 0.001294
312.000000 0.001304
313.000000 0.001314
314.000000 0.001325
315.000000 0.001335
316.000000 0.001346
317.000000 0.001357
318.000000 0.001367
319.000000 0.001379
320.000000 0.001389
321.000000 0.001400
322.000000 0.001410
323.000000 0.001421
324.000000 0.001431
325.000000 0.001442
326.000000 0.001452
327.000000 0.001464
328.000000 0.001474
329.000000 0.001484
330.000000 0.001495
331.000000 0.001506
332.000000 0.001517
333.000000 0.001526
334.000000 0.001537
335.000000 0.001549
336.000000 0.001559
337.000000 0.001570
338.000000 0.001580
339.000000 0.001591
340.000000 0.001601
341.000000 0.001611
342.000000 0.001622
343.000000 0.001633
344.000000 0.001643
345.000000 0.001654
346.000000 0.001664
347.000000 0.001674
348.000000 0.001685
349.000000 0.001695
350.000000 0.001706
351.000000 0.001715
352.000000 0.001727
353.000000 0.001737
354.000000 0.001747
355.000000 0.001757
356.000000 0.001768
357.000000 0.001778
358.000000 0.001787
359.000000 0.001799
360.000000 0.001808
361.000000 0.001818
362.000000 0.001828
363.000000 0.001839
364.000000 0.001849
365.000000 0.001859
366.000000 0.001869
367.000000 0.001878
368.000000 0.001889
369.000000 0.001898
370.000000 0.001908
371.000000 0.001918
372.000000 0.001928
373.000000 0.001938
374.000000 0.001948
375.000000 0.001957
376.000000 0.001967
377.000000 0.001977
378.000000 0.001986
379.000000 0.001996
380.000000 0.002005
381.000000 0.002015
382.000000 0.002024
383.000000 0.002033
384.000000 0.002043
385.000000 0.002052
386.000000 0.002061
387.000000 0.002070
388.000000 0.002080
389.000000 0.002089
390.000000 0.002097
391.000000 0.002107
392.000000 0.002116
393.000000 0.002124
394.000000 0.002133
395.000000 0.002142
396.000000 0.002151
397.000000 0.002159
398.000000 0.002168
399.000000 0.002177
400.000000 0.002185
401.000000 0.002194
402.000000 0.002202
403.000000 0.002210
404.000000 0.002219
405.000000 0.002227
406.000000 0.002235
407.000000 0.002243
408.000000 0.002251
409.000000 0.002259
410.000000 0.002267
411.000000 0.002275
412.000000 0.002283
413.000000 0.002291
414.000000 0.002298
415.000000 0.002305
416.000000 0.002314
417.000000 0.002321
418.000000 0.002328
419.000000 0.002336
420.000000 0.002343
421.000000 0.002350
422.000000 0.002357
423.000000 0.002365
424.000000 0.002371
425.000000 0.002378
426.000000 0.002385
427.000000 0.002392
428.000000 0.002398
429.000000 0.002405
430.000000 0.002412
431.000000 0.002418
432.000000 0.002424
433.000000 0.002431
434.000000 0.002437
435.000000 0.002443
436.000000 0.002449
437.000000 0.002455
438.000000 0.002461
439.000000 0.002467
440.000000 0.002472
441.000000 0.002478
442.000000 0.002484
443.000000 0.002489
444.000000 0.002494
445.000000 0.002495
446.000000 0.002510
447.000000 0.002510
448.000000 0.002515
449.000000 0.002520
450.000000 0.002525
451.000000 0.002530
452.000000 0.002535
453.000000 0.002535
454.000000 0.002548
455.000000 0.002548
456.000000 0.002553
457.000000 0.002557
458.000000 0.002561
459.000000 0.002565
460.000000 0.002569
461.000000 0.002573
462.000000 0.002577
463.000000 0.002580
464.000000 0.002584
465.000000 0.002588
466.000000 0.002591
467.000000 0.002594
468.000000 0.002598
469.000000 0.002601
470.000000 0.002604
471.000000 0.002607
472.000000 0.002610
473.000000 0.002612
474.000000 0.002615
475.000000 0.002618
476.000000 0.002620
477.000000 0.002622
478.000000 0.002621
479.000000 0.002631
480.000000 0.002629
481.000000 0.002631
482.000000 0.002633
483.000000 0.002635
484.000000 0.002636
485.000000 0.002638
486.000000 0.002637
487.000000 0.002644
488.000000 0.002642
489.000000 0.002643
490.000000 0.002644
491.000000 0.002645
492.000000 0.002646
493.000000 0.002647
494.000000 0.002648
495.000000 0.002648
496.000000 0.002649
497.000000 0.002649
498.000000 0.002650
499.000000 0.002650
500.000000 0.002650
501.000000 0.002650
502.000000 0.002650
503.000000 0.002650
504.000000 0.002649
505.000000 0.002649
506.000000 0.002648
507.000000 0.002648
508.000000 0.002647
509.000000 0.002646
510.000000 0.002645
511.000000 0.002642
512.000000 0.002646
513.000000 0.002642
514.000000 0.002641
515.000000 0.002639
516.000000 0.002638
517.000000 0.002636
518.000000 0.002635
519.000000 0.002632
520.000000 0.002632
521.000000 0.002629
522.000000 0.002627
523.000000 0.002625
524.000000 0.002622
525.000000 0.002620
526.000000 0.002618
527.000000 0.002615
528.000000 0.002612
529.000000 0.002610
530.000000 0.002607
531.000000 0.002604
532.000000 0.002601
533.000000 0.002598
534.000000 0.002594
535.000000 0.002591
536.000000 0.002588
537.000000 0.002584
538.000000 0.002580
539.000000 0.002577
540.000000 0.002573
541.000000 0.002569
542.000000 0.002565
543.000000 0.002561
544.000000 0.002557
545.000000 0.002552
546.000000 0.002548
547.000000 0.002544
548.000000 0.002539
549.000000 0.002535
550.000000 0.002530
551.000000 0.002525
552.000000 0.002520
553.000000 0.002515
554.000000 0.002510
555.000000 0.002505
556.000000 0.002500
557.000000 0.002494
558.000000 0.002489
559.000000 0.002484
560.000000 0.002478
561.000000 0.002472
562.000000 0.002467
563.000000 0.002461
564.000000 0.002455
565.000000 0.002449
566.000000 0.002443
567.000000 0.002437
568.000000 0.002430
569.000000 0.002424
570.000000 0.002418
571.000000 0.002411
572.000000 0.002405
573.000000 0.002398
574.000000 0.002392
575.000000 0.002385
576.000000 0.002378
577.000000 0.002371
578.000000 0.002364
579.000000 0.002357
580.000000 0.002350
581.000000 0.002343
582.000000 0.002335
583.000000 0.002328
584.000000 0.002321
585.000000 0.002313
586.000000 0.002306
587.000000 0.002298
588.000000 0.002290
589.000000 0.002283
590.000000 0.002275
591.000000 0.002267
592.000000 0.002259
593.000000 0.002251
594.000000 0.002243
595.000000 0.002235
596.000000 0.002227
597.000000 0.002219
598.000000 0.002210
599.000000 0.002202
600.000000 0.002194
601.000000 0.002185
602.000000 0.002177
603.000000 0.002168
604.000000 0.002159
605.000000 0.002151
606.000000 0.002142
607.000000 0.002133
608.000000 0.002124
609.000000 0.002115
610.000000 0.002106
611.000000 0.002097
612.000000 0.002088
613.000000 0.002079
614.000000 0.002070
615.000000 0.002061
616.000000 0.002052
617.000000 0.002042
618.000000 0.002033
619.000000 0.002024
620.000000 0.002014
621.000000 0.002005
622.000000 0.001995
623.000000 0.001986
624.000000 0.001976
625.000000 0.001967
626.000000 0.001957
627.000000 0.001947
628.000000 0.001938
629.000000 0.001928
630.000000 0.001918
631.000000 0.001908
632.000000 0.001898
633.000000 0.001888
634.000000 0.001879
635.000000 0.001869
636.000000 0.001859
637.000000 0.001849
638.000000 0.001838
639.000000 0.001828
640.000000 0.001818
641.000000 0.001808
642.000000 0.001798
643.000000 0.001788
644.000000 0.001778
645.000000 0.001767
646.000000 0.001757
647.000000 0.001747
648.000000 0.001736
649.000000 0.001726
650.000000 0.001716
651.000000 0.001705
652.000000 0.001695
653.000000 0.001685
654.000000 0.001674
655.000000 0.001664
656.000000 0.001653
657.000000 0.001643
658.000000 0.001632
659.000000 0.001622
660.000000 0.001611
661.000000 0.001601
662.000000 0.001590
663.000000 0.001580
664.000000 0.001569
665.000000 0.001559
666.000000 0.001548
667.000000 0.001537
668.000000 0.001527
669.000000 0.001516
670.000000 0.001506
671.000000 0.001495
672.000000 0.001484
673.000000 0.001474
674.000000 0.001463
675.000000 0.001453
676.000000 0.001442
677.000000 0.001431
678.000000 0.001421
679.000000 0.001410
680.000000 0.001399
681.000000 0.001389
682.000000 0.001378
683.000000 0.001367
684.000000 0.001357
685.000000 0.001346
686.000000 0.001336
687.000000 0.001325
688.000000 0.001314
689.000000 0.001304
690.000000 0.001293
691.000000 0.001282
692.000000 0.001272
693.000000 0.001261
694.000000 0.001251
695.000000 0.001240
696.000000 0.001230
697.000000 0.001219
698.000000 0.001208
699.000000 0.001198
700.000000 0.001187
701.000000 0.001177
702.000000 0.001166
703.000000 0.001156
704.000000 0.001145
705.000000 0.001135
706.000000 0.001125
707.000000 0.001114
708.000000 0.001104
709.000000 0.001093
710.000000 0.001083
711.000000 0.001073
712.000000 0.001062
713.000000 0.001052
714.000000 0.001042
715.000000 0.001031
716.000000 0.001021
717.000000 0.001011
718.000000 0.001001
719.000000 0.000990
720.000000 0.000980
721.000000 0.000970
722.000000 0.000960
723.000000 0.000950
724.000000 0.000940
725.000000 0.000930
726.000000 0.000920
727.000000 0.000910
728.000000 0.000900
729.000000 0.000890
730.000000 0.000880
731.000000 0.000870
732.000000 0.000860
733.000000 0.000850
734.000000 0.000840
735.000000 0.000831
736.000000 0.000821
737.000000 0.000811
738.000000 0.000802
739.000000 0.000792
740.000000 0.000782
741.000000 0.000773
742.000000 0.000763
743.000000 0.000754
744.000000 0.000744
745.000000 0.000735
746.000000 0.000726
747.000000 0.000716
748.000000 0.000707
749.000000 0.000698
750.000000 0.000689
751.000000 0.000679
752.000000 0.000670
753.000000 0.000661
754.000000 0.000652
755.000000 0.000643
756.000000 0.000634
757.000000 0.000625
758.000000 0.000617
759.000000 0.000608
760.000000 0.000599
761.000000 0.000590
762.000000 0.000582
763.000000 0.000573
764.000000 0.000565
765.000000 0.000556
766.000000 0.000548
767.000000 0.000539
768.000000 0.000531
769.000000 0.000523
770.000000 0.000515
771.000000 0.000506
772.000000 0.000498
773.000000 0.000490
774.000000 0.000482
775.000000 0.000475
776.000000 0.000467
777.000000 0.000459
778.000000 0.000451
779.000000 0.000444
780.000000 0.000436
781.000000 0.000428
782.000000 0.000421
783.000000 0.000414
784.000000 0.000406
785.000000 0.000399
786.000000 0.000392
787.000000 0.000385
788.000000 0.000378
789.000000 0.000371
790.000000 0.000364
791.000000 0.000357
792.000000 0.000350
793.000000 0.000343
794.000000 0.000337
795.000000 0.000330
796.000000 0.000323
797.000000 0.000317
798.000000 0.000311
799.000000 0.000304
800.000000 0.000298
801.000000 0.000292
802.000000 0.000286
803.000000 0.000280
804.000000 0.000274
805.000000 0.000268
806.000000 0.000262
807.000000 0.000257
808.000000 0.000251
809.000000 0.000245
810.000000 0.000240
811.000000 0.000234
812.000000 0.000229
813.000000 0.000224
814.000000 0.000219
815.000000 0.000213
816.000000 0.000208
817.000000 0.000203
818.000000 0.000199
819.000000 0.000194
820.000000 0.000189
821.000000 0.000184
822.000000 0.000180
823.000000 0.000175
824.000000 0.000171
825.000000 0.000166
826.000000 0.000162
827.000000 0.000158
828.000000 0.000154
829.000000 0.000149
830.000000 0.000145
831.000000 0.000141
832.000000 0.000138
833.000000 0.000134
834.000000 0.000130
835.000000 0.000126
836.000000 0.000123
837.000000 0.000119
838.000000 0.000116
839.000000 0.000112
840.000000 0.000109
841.000000 0.000106
842.000000 0.000102
843.000000 0.000099
844.000000 0.000096
845.000000 0.000093
846.000000 0.000090
847.000000 0.000087
848.000000 0.000085
849.000000 0.000082
850.000000 0.000079
851.000000 0.000077
852.000000 0.000074
853.000000 0.000072
854.000000 0.000069
855.000000 0.000067
856.000000 0.000064
857.000000 0.000062
858.000000 0.000060
859.000000 0.000058
860.000000 0.000056
861.000000 0.000054
862.000000 0.000052
863.000000 0.000050
864.000000 0.000048
865.000000 0.000046
866.000000 0.000044
867.000000 0.000042
868.000000 0.000041
869.000000 0.000039
870.000000 0.000038
871.000000 0.000036
872.000000 0.000035
873.000000 0.000033
874.000000 0.000032
875.000000 0.000030
876.000000 0.000029
877.000000 0.000028
878.000000 0.000027
879.000000 0.000025
880.000000 0.000024
881.000000 0.000023
882.000000 0.000022
883.000000 0.000021
884.000000 0.000020
885.000000 0.000019
886.000000 0.000018
887.000000 0.000017
888.000000 0.000016
889.000000 0.000016
890.000000 0.000015
891.000000 0.000014
892.000000 0.000013
893.000000 0.000013
894.000000 0.000012
895.000000 0.000011
896.000000 0.000011
897.000000 0.000010
898.000000 0.000009
899.000000 0.000009
900.000000 0.000008
901.000000 0.000008
902.000000 0.000007
903.000000 0.000007
904.000000 0.000007
905.000000 0.000006
906.000000 0.000006
907.000000 0.000005
908.000000 0.000005
909.000000 0.000005
910.000000 0.000004
911.000000 0.000004
912.000000 0.000004
913.000000 0.000003
914.000000 0.000003
915.000000 0.000003
916.000000 0.000003
917.000000 0.000003
918.000000 0.000002
919.000000 0.000002
920.000000 0.000002
921.000000 0.000002
922.000000 0.000002
923.000000 0.000002
924.000000 0.000001
925.000000 0.000001
926.000000 0.000001
927.000000 0.000001
928.000000 0.000001
929.000000 0.000001
930.000000 0.000001
931.000000 0.000001
932.000000 0.000001
933.000000 0.000001
934.000000 0.000001
935.000000 0.000000
936.000000 0.000000
937.000000 0.000000
938.000000 0.000000
939.000000 0.000000
940.000000 0.000000
941.000000 0.000000
942.000000 0.000000
943.000000 0.000000
944.000000 0.000000
945.000000 0.000000
946.000000 0.000000
947.000000 0.000000
948.000000 0.000000
949.000000 0.000000
950.000000 0.000000
951.000000 0.000000
952.000000 0.000000
953.000000 0.000000
954.000000 0.000000
955.000000 0.000000
956.000000 0.000000
957.000000 0.000000
958.000000 0.000000
959.000000 0.000000
960.000000 0.000000
961.000000 0.000000
962.000000 0.000000
963.000000 0.000000
964.000000 0.000000
965.000000 0.000000
966.000000 0.000000
967.000000 0.000000
968.000000 0.000000
969.000000 0.000000
970.000000 0.000000
971.000000 0.000000
972.000000 0.000000
973.000000 0.000000
974.000000 0.000000
975.000000 0.000000
976.000000 0.000000
977.000000 0.000000
978.000000 0.000000
979.000000 0.000000
980.000000 0.000000
981.000000 0.000000
982.000000 0.000000
983.000000 0.000000
984.000000 0.000000
985.000000 0.000000
986.000000 0.000000
987.000000 0.000000
988.000000 0.000000
989.000000 0.000000
990.000000 0.000000
991.000000 0.000000
992.000000 0.000000
993.000000 0.000000
994.000000 0.000000
995.000000 0.000000
996.000000 0.000000
997.000000 0.000000
998.000000 0.000000
999.000000 0.000000
1000.000000 0.000000
