n lam mean variance std
1000 0.180000 500.497643 25967.728236 161.145053
bin_midpoint probability
1.000000 0.000000
2.000000 0.000000
3.000000 0.000000
4.000000 0.000000
5.000000 0.000000
6.000000 0.000000
7.000000 0.000000
8.000000 0.000000
9.000000 0.000000
10.000000 0.000000
11.000000 0.000000
12.000000 0.000000
13.000000 0.000000
14.000000 0.000000
15.000000 0.000000
16.000000 0.000000
17.000000 0.000000
18.000000 0.000000
19.000000 0.000000
20.000000 0.000000
21.000000 0.000000
22.000000 0.000000
23.000000 0.000000
24.000000 0.000000
25.000000 0.000000
26.000000 0.000000
27.000000 0.000000
28.000000 0.000000
29.000000 0.000000
30.000000 0.000000
31.000000 0.000000
32.000000 0.000000
33.000000 0.000000
34.000000 0.000000
35.000000 0.000001
36.000000 0.000001
37.000000 0.000001
38.000000 0.000001
39.000000 0.000001
40.000000 0.000001
41.000000 0.000001
42.000000 0.000001
43.000000 0.000002
44.000000 0.000002
45.000000 0.000002
46.000000 0.000002
47.000000 0.000002
48.000000 0.000003
49.000000 0.000003
50.000000 0.000003
51.000000 0.000003
52.000000 0.000004
53.000000 0.000004
54.000000 0.000005
55.000000 0.000005
56.000000 0.000005
57.000000 0.000006
58.000000 0.000006
59.000000 0.000007
60.000000 0.000007
61.000000 0.000008
62.000000 0.000009
63.000000 0.000009
64.000000 0.000010
65.000000 0.000011
66.000000 0.000011
67.000000 0.000012
68.000000 0.000013
69.000000 0.000014
70.000000 0.000015
71.000000 0.000016
72.000000 0.000017
73.000000 0.000018
74.000000 0.000019
75.000000 0.000020
76.000000 0.000021
77.000000 0.000023
78.000000 0.000024
79.000000 0.000025
80.000000 0.000026
81.000000 0.000028
82.000000 0.000029
83.000000 0.000031
84.000000 0.000032
85.000000 0.000034
86.000000 0.000036
87.000000 0.000037
88.000000 0.000039
89.000000 0.000041
90.000000 0.000043
91.000000 0.000045
92.000000 0.000047
93.000000 0.000049
94.000000 0.000051
95.000000 0.000053
96.000000 0.000056
97.000000 0.000058
98.000000 0.000060
99.000000 0.000063
100.000000 0.000065
101.000000 0.000068
102.000000 0.000070
103.000000 0.000073
104.000000 0.000076
105.000000 0.000079
106.000000 0.000081
107.000000 0.000085
108.000000 0.000087
109.000000 0.000090
110.000000 0.000094
111.000000 0.000096
112.000000 0.000100
113.000000 0.000103
114.000000 0.000106
115.000000 0.000110
116.000000 0.000113
117.000000 0.000116
118.000000 0.000120
119.000000 0.000124
120.000000 0.000127
121.000000 0.000131
122.000000 0.000134
123.000000 0.000138
124.000000 0.000143
125.000000 0.000146
126.000000 0.000151
127.000000 0.000154
128.000000 0.000158
129.000000 0.000162
130.000000 0.000167
131.000000 0.000170
132.000000 0.000175
133.000000 0.000179
134.000000 0.000183
135.000000 0.000187
136.000000 0.000192
137.000000 0.000197
138.000000 0.000201
139.000000 0.000205
140.000000 0.000210
141.000000 0.000214
142.000000 0.000220
143.000000 0.000223
144.000000 0.000229
145.000000 0.000233
146.000000 0.000239
147.000000 0.000243
148.000000 0.000247
149.000000 0.000253
150.000000 0.000258
151.000000 0.000263
152.000000 0.000266
153.000000 0.000272
154.000000 0.000277
155.000000 0.000283
156.000000 0.000287
157.000000 0.000293
158.000000 0.000298
159.000000 0.000304
160.000000 0.000309
161.000000 0.000313
162.000000 0.000319
163.000000 0.000324
164.000000 0.000330
165.000000 0.000335
166.000000 0.000339
167.000000 0.000346
168.000000 0.000352
169.000000 0.000357
170.000000 0.000362
171.000000 0.000368
172.000000 0.000372
173.000000 0.000380
174.000000 0.000384
175.000000 0.000390
176.000000 0.000395
177.000000 0.000402
178.000000 0.000407
179.000000 0.000412
180.000000 0.000418
181.000000 0.000424
182.000000 0.000430
183.000000 0.000436
184.000000 0.000441
185.000000 0.000447
186.000000 0.000454
187.000000 0.000459
188.000000 0.000465
189.000000 0.000471
190.000000 0.000477
191.000000 0.000483
192.000000 0.000489
193.000000 0.000496
194.000000 0.000499
195.000000 0.000509
196.000000 0.000513
197.000000 0.000519
198.000000 0.000526
199.000000 0.000531
200.000000 0.000538
201.000000 0.000545
202.000000 0.000552
203.000000 0.000556
204.000000 0.000564
205.000000 0.000569
206.000000 0.000577
207.000000 0.000581
208.000000 0.000587
209.000000 0.000597
210.000000 0.000602
211.000000 0.000609
212.000000 0.000614
213.000000 0.000622
214.000000 0.000628
215.000000 0.000634
216.000000 0.000639
217.000000 0.000646
218.000000 0.000657
219.000000 0.000661
220.000000 0.000667
221.000000 0.000673
222.000000 0.000682
223.000000 0.000688
224.000000 0.000692
225.000000 0.000699
226.000000 0.000709
227.000000 0.000717
228.000000 0.000722
229.000000 0.000729
230.000000 0.000734
231.000000 0.000744
232.000000 0.000748
233.000000 0.000754
234.000000 0.000763
235.000000 0.000770
236.000000 0.000780
237.000000 0.000783
238.000000 0.000791
239.000000 0.000799
240.000000 0.000804
241.000000 0.000810
242.000000 0.000818
243.000000 0.000829
244.000000 0.000835
245.000000 0.000842
246.000000 0.000846
247.000000 0.000857
248.000000 0.000864
249.000000 0.000867
250.000000 0.000876
251.000000 0.000884
252.000000 0.000894
253.000000 0.000901
254.000000 0.000906
255.000000 0.000912
256.000000 0.000923
257.000000 0.000929
258.000000 0.000930
259.000000 0.000945
260.000000 0.000950
261.000000 0.000961
262.000000 0.000965
263.000000 0.000973
264.000000 0.000979
265.000000 0.000989
266.000000 0.000995
267.000000 0.000999
268.000000 0.001014
269.000000 0.001019
270.000000 0.001027
271.000000 0.001032
272.000000 0.001042
273.000000 0.001047
274.000000 0.001055
275.000000 0.001064
276.000000 0.001068
277.000000 0.001082
278.000000 0.001085
279.000000 0.001096
280.000000 0.001102
281.000000 0.001110
282.000000 0.001113
283.000000 0.001122
284.000000 0.001137
285.000000 0.001138
286.000000 0.001150
287.000000 0.001153
288.000000 0.001166
289.000000 0.001172
290.000000 0.001178
291.000000 0.001180
292.000000 0.001194
293.000000 0.001208
294.000000 0.001208
295.000000 0.001217
296.000000 0.001225
297.000000 0.001235
298.000000 0.001244
299.000000 0.001243
300.000000 0.001253
301.000000 0.001268
302.000000 0.001275
303.000000 0.001278
304.000000 0.001286
305.000000 0.001295
306.000000 0.001305
307.000000 0.001312
308.000000 0.001316
309.000000 0.001325
310.000000 0.001337
311.000000 0.001343
312.000000 0.001347
313.000000 0.001356
314.000000 0.001366
315.000000 0.001373
316.000000 0.001383
317.000000 0.001387
318.000000 0.001397
319.000000 0.001404
320.000000 0.001412
321.000000 0.001417
322.000000 0.001425
323.000000 0.001437
324.000000 0.001441
325.000000 0.001456
326.000000 0.001457
327.000000 0.001467
328.000000 0.001472
329.000000 0.001482
330.000000 0.001487
331.000000 0.001493
332.000000 0.001508
333.000000 0.001510
334.000000 0.001525
335.000000 0.001525
336.000000 0.001537
337.000000 0.001539
338.000000 0.001550
339.000000 0.001558
340.000000 0.001560
341.000000 0.001582
342.000000 0.001576
343.000000 0.001593
344.000000 0.001592
345.000000 0.001605
346.000000 0.001606
347.000000 0.001617
348.000000 0.001628
349.000000 0.001627
350.000000 0.001650
351.000000 0.001642
352.000000 0.001660
353.000000 0.001658
354.000000 0.001672
355.000000 0.001674
356.000000 0.001682
357.000000 0.001699
358.000000 0.001692
359.000000 0.001715
360.000000 0.001706
361.000000 0.001725
362.000000 0.001726
363.000000 0.001734
364.000000 0.001741
365.000000 0.001746
366.000000 0.001765
367.000000 0.001752
368.000000 0.001782
369.000000 0.001769
370.000000 0.001789
371.000000 0.001790
372.000000 0.001796
373.000000 0.001805
374.000000 0.001809
375.000000 0.001829
376.000000 0.001814
377.000000 0.001843
378.000000 0.001834
379.000000 0.001845
380.000000 0.001852
381.000000 0.001855
382.000000 0.001873
383.000000 0.001861
384.000000 0.001893
385.000000 0.001873
386.000000 0.001901
387.000000 0.001892
388.000000 0.001903
389.000000 0.001912
390.000000 0.001914
391.000000 0.001933
392.000000 0.001918
393.000000 0.001949
394.000000 0.001930
395.000000 0.001955
396.000000 0.001950
397.000000 0.001956
398.000000 0.001974
399.000000 0.001965
400.000000 0.001989
401.000000 0.001971
402.000000 0.002003
403.000000 0.001987
404.000000 0.002003
405.000000 0.002004
406.000000 0.002009
407.000000 0.002029
408.000000 0.002013
409.000000 0.002044
410.000000 0.002020
411.000000 0.002054
412.000000 0.002037
413.000000 0.002051
414.000000 0.002056
415.000000 0.002058
416.000000 0.002079
417.000000 0.002060
418.000000 0.002091
419.000000 0.002070
420.000000 0.002094
421.000000 0.002088
422.000000 0.002094
423.000000 0.002111
424.000000 0.002093
425.000000 0.002128
426.000000 0.002104
427.000000 0.002135
428.000000 0.002112
429.000000 0.002135
430.000000 0.002133
431.000000 0.002135
432.000000 0.002155
433.000000 0.002133
434.000000 0.002167
435.000000 0.002143
436.000000 0.002174
437.000000 0.002153
438.000000 0.002170
439.000000 0.002178
440.000000 0.002167
441.000000 0.002194
442.000000 0.002170
443.000000 0.002201
444.000000 0.002183
445.000000 0.002202
446.000000 0.002190
447.000000 0.002203
448.000000 0.002216
449.000000 0.002193
450.000000 0.002231
451.000000 0.002201
452.000000 0.002232
453.000000 0.002212
454.000000 0.002229
455.000000 0.002223
456.000000 0.002231
457.000000 0.002248
458.000000 0.002220
459.000000 0.002258
460.000000 0.002231
461.000000 0.002250
462.000000 0.002242
463.000000 0.002251
464.000000 0.002257
465.000000 0.002246
466.000000 0.002278
467.000000 0.002242
468.000000 0.002279
469.000000 0.002251
470.000000 0.002268
471.000000 0.002265
472.000000 0.002270
473.000000 0.002282
474.000000 0.002262
475.000000 0.002297
476.000000 0.002259
477.000000 0.002294
478.000000 0.002268
479.000000 0.002280
480.000000 0.002287
481.000000 0.002280
482.000000 0.002300
483.000000 0.002275
484.000000 0.002309
485.000000 0.002275
486.000000 0.002297
487.000000 0.002280
488.000000 0.002289
489.000000 0.002303
490.000000 0.002284
491.000000 0.002315
492.000000 0.002283
493.000000 0.002317
494.000000 0.002279
495.000000 0.002298
496.000000 0.002287
497.000000 0.002294
498.000000 0.002312
499.000000 0.002286
500.000000 0.002319
501.000000 0.002291
502.000000 0.002310
503.000000 0.002283
504.000000 0.002295
505.000000 0.002295
506.000000 0.002285
507.000000 0.002317
508.000000 0.002283
509.000000 0.002317
510.000000 0.002287
511.000000 0.002301
512.000000 0.002281
513.000000 0.002289
514.000000 0.002294
515.000000 0.002278
516.000000 0.002312
517.000000 0.002275
518.000000 0.002308
519.000000 0.002279
520.000000 0.002286
521.000000 0.002278
522.000000 0.002274
523.000000 0.002286
524.000000 0.002266
525.000000 0.002299
526.000000 0.002267
527.000000 0.002286
528.000000 0.002266
529.000000 0.002269
530.000000 0.002269
531.000000 0.002253
532.000000 0.002276
533.000000 0.002249
534.000000 0.002284
535.000000 0.002247
536.000000 0.002262
537.000000 0.002249
538.000000 0.002247
539.000000 0.002253
540.000000 0.002230
541.000000 0.002256
542.000000 0.002232
543.000000 0.002251
544.000000 0.002226
545.000000 0.002233
546.000000 0.002233
547.000000 0.002212
548.000000 0.002234
549.000000 0.002204
550.000000 0.002231
551.000000 0.002205
552.000000 0.002217
553.000000 0.002199
554.000000 0.002201
555.000000 0.002208
556.000000 0.002178
557.000000 0.002207
558.000000 0.002174
559.000000 0.002198
560.000000 0.002174
561.000000 0.002178
562.000000 0.002171
563.000000 0.002162
564.000000 0.002179
565.000000 0.002141
566.000000 0.002173
567.000000 0.002145
568.000000 0.002152
569.000000 0.002139
570.000000 0.002137
571.000000 0.002139
572.000000 0.002116
573.000000 0.002145
574.000000 0.002103
575.000000 0.002135
576.000000 0.002106
577.000000 0.002105
578.000000 0.002100
579.000000 0.002091
580.000000 0.002103
581.000000 0.002068
582.000000 0.002105
583.000000 0.002064
584.000000 0.002084
585.000000 0.002066
586.000000 0.002053
587.000000 0.002061
588.000000 0.002039
589.000000 0.002060
590.000000 0.002020
591.000000 0.002059
592.000000 0.002020
593.000000 0.002030
594.000000 0.002021
595.000000 0.002000
596.000000 0.002018
597.000000 0.001984
598.000000 0.002012
599.000000 0.001972
600.000000 0.002007
601.000000 0.001971
602.000000 0.001971
603.000000 0.001973
604.000000 0.001943
605.000000 0.001970
606.000000 0.001926
607.000000 0.001962
608.000000 0.001922
609.000000 0.001946
610.000000 0.001919
611.000000 0.001912
612.000000 0.001924
613.000000 0.001882
614.000000 0.001916
615.000000 0.001869
616.000000 0.001911
617.000000 0.001864
618.000000 0.001882
619.000000 0.001865
620.000000 0.001850
621.000000 0.001870
622.000000 0.001818
623.000000 0.001859
624.000000 0.001813
625.000000 0.001846
626.000000 0.001810
627.000000 0.001814
628.000000 0.001811
629.000000 0.001782
630.000000 0.001812
631.000000 0.001755
632.000000 0.001801
633.000000 0.001750
634.000000 0.001779
635.000000 0.001750
636.000000 0.001748
637.000000 0.001752
638.000000 0.001716
639.000000 0.001751
640.000000 0.001694
641.000000 0.001736
642.000000 0.001688
643.000000 0.001709
644.000000 0.001690
645.000000 0.001680
646.000000 0.001692
647.000000 0.001647
648.000000 0.001685
649.000000 0.001633
650.000000 0.001666
651.000000 0.001629
652.000000 0.001636
653.000000 0.001633
654.000000 0.001605
655.000000 0.001628
656.000000 0.001579
657.000000 0.001618
658.000000 0.001570
659.000000 0.001593
660.000000 0.001568
661.000000 0.001562
662.000000 0.001569
663.000000 0.001534
664.000000 0.001559
665.000000 0.001516
666.000000 0.001546
667.000000 0.001506
668.000000 0.001519
669.000000 0.001508
670.000000 0.001486
671.000000 0.001505
672.000000 0.001462
673.000000 0.001492
674.000000 0.001449
675.000000 0.001473
676.000000 0.001443
677.000000 0.001443
678.000000 0.001444
679.000000 0.001412
680.000000 0.001437
681.000000 0.001393
682.000000 0.001420
683.000000 0.001384
684.000000 0.001397
685.000000 0.001379
686.000000 0.001368
687.000000 0.001377
688.000000 0.001340
689.000000 0.001367
690.000000 0.001326
691.000000 0.001347
692.000000 0.001319
693.000000 0.001322
694.000000 0.001316
695.000000 0.001292
696.000000 0.001310
697.000000 0.001268
698.000000 0.001297
699.000000 0.001259
700.000000 0.001273
701.000000 0.001254
702.000000 0.001246
703.000000 0.001250
704.000000 0.001218
705.000000 0.001238
706.000000 0.001203
707.000000 0.001223
708.000000 0.001193
709.000000 0.001198
710.000000 0.001191
711.000000 0.001170
712.000000 0.001182
713.000000 0.001147
714.000000 0.001170
715.000000 0.001135
716.000000 0.001150
717.000000 0.001128
718.000000 0.001123
719.000000 0.001125
720.000000 0.001098
721.000000 0.001115
722.000000 0.001079
723.000000 0.001099
724.000000 0.001069
725.000000 0.001077
726.000000 0.001063
727.000000 0.001051
728.000000 0.001059
729.000000 0.001028
730.000000 0.001044
731.000000 0.001014
732.000000 0.001029
733.000000 0.001004
734.000000 0.001004
735.000000 0.001001
736.000000 0.000978
737.000000 0.000991
738.000000 0.000960
739.000000 0.000978
740.000000 0.000948
741.000000 0.000958
742.000000 0.000941
743.000000 0.000933
744.000000 0.000936
745.000000 0.000910
746.000000 0.000924
747.000000 0.000895
748.000000 0.000909
749.000000 0.000885
750.000000 0.000887
751.000000 0.000879
752.000000 0.000863
753.000000 0.000872
754.000000 0.000843
755.000000 0.000858
756.000000 0.000833
757.000000 0.000841
758.000000 0.000823
759.000000 0.000819
760.000000 0.000818
761.000000 0.000796
762.000000 0.000808
763.000000 0.000780
764.000000 0.000793
765.000000 0.000771
766.000000 0.000774
767.000000 0.000763
768.000000 0.000752
769.000000 0.000756
770.000000 0.000733
771.000000 0.000744
772.000000 0.000719
773.000000 0.000728
774.000000 0.000711
775.000000 0.000709
776.000000 0.000704
777.000000 0.000688
778.000000 0.000696
779.000000 0.000670
780.000000 0.000682
781.000000 0.000661
782.000000 0.000665
783.000000 0.000653
784.000000 0.000646
785.000000 0.000646
786.000000 0.000626
787.000000 0.000635
788.000000 0.000613
789.000000 0.000621
790.000000 0.000604
791.000000 0.000603
792.000000 0.000598
793.000000 0.000584
794.000000 0.000588
795.000000 0.000569
796.000000 0.000577
797.000000 0.000557
798.000000 0.000562
799.000000 0.000549
800.000000 0.000543
801.000000 0.000542
802.000000 0.000526
803.000000 0.000532
804.000000 0.000512
805.000000 0.000519
806.000000 0.000503
807.000000 0.000503
808.000000 0.000495
809.000000 0.000486
810.000000 0.000489
811.000000 0.000470
812.000000 0.000476
813.000000 0.000460
814.000000 0.000464
815.000000 0.000451
816.000000 0.000448
817.000000 0.000444
818.000000 0.000431
819.000000 0.000435
820.000000 0.000418
821.000000 0.000423
822.000000 0.000409
823.000000 0.000410
824.000000 0.000400
825.000000 0.000394
826.000000 0.000393
827.000000 0.000379
828.000000 0.000384
829.000000 0.000368
830.000000 0.000371
831.000000 0.000360
832.000000 0.000358
833.000000 0.000352
834.000000 0.000343
835.000000 0.000345
836.000000 0.000330
837.000000 0.000334
838.000000 0.000321
839.000000 0.000322
840.000000 0.000313
841.000000 0.000308
842.000000 0.000305
843.000000 0.000295
844.000000 0.000297
845.000000 0.000283
846.000000 0.000286
847.000000 0.000275
848.000000 0.000274
849.000000 0.000268
850.000000 0.000261
851.000000 0.000260
852.000000 0.000249
853.000000 0.000251
854.000000 0.000239
855.000000 0.000241
856.000000 0.000232
857.000000 0.000229
858.000000 0.000225
859.000000 0.000217
860.000000 0.000218
861.000000 0.000207
862.000000 0.000208
863.000000 0.000198
864.000000 0.000198
865.000000 0.000191
866.000000 0.000187
867.000000 0.000185
868.000000 0.000177
869.000000 0.000177
870.000000 0.000168
871.000000 0.000169
872.000000 0.000160
873.000000 0.000159
874.000000 0.000154
875.000000 0.000149
876.000000 0.000148
877.000000 0.000140
878.000000 0.000141
879.000000 0.000133
880.000000 0.000133
881.000000 0.000126
882.000000 0.000124
883.000000 0.000121
884.000000 0.000115
885.000000 0.000115
886.000000 0.000108
887.000000 0.000108
888.000000 0.000102
889.000000 0.000101
890.000000 0.000096
891.000000 0.000093
892.000000 0.000091
893.000000 0.000086
894.000000 0.000086
895.000000 0.000080
896.000000 0.000080
897.000000 0.000075
898.000000 0.000074
899.000000 0.000070
900.000000 0.000067
901.000000 0.000066
902.000000 0.000062
903.000000 0.000061
904.000000 0.000057
905.000000 0.000056
906.000000 0.000053
907.000000 0.000052
908.000000 0.000049
909.000000 0.000046
910.000000 0.000046
911.000000 0.000042
912.000000 0.000042
913.000000 0.000039
914.000000 0.000038
915.000000 0.000036
916.000000 0.000034
917.000000 0.000033
918.000000 0.000030
919.000000 0.000030
920.000000 0.000027
921.000000 0.000027
922.000000 0.000025
923.000000 0.000024
924.000000 0.000022
925.000000 0.000021
926.000000 0.000020
927.000000 0.000019
928.000000 0.000018
929.000000 0.000017
930.000000 0.000016
931.000000 0.000015
932.000000 0.000014
933.000000 0.000013
934.000000 0.000012
935.000000 0.000012
936.000000 0.000011
937.000000 0.000010
938.000000 0.000009
939.000000 0.000009
940.000000 0.000008
941.000000 0.000007
942.000000 0.000007
943.000000 0.000006
944.000000 0.000006
945.000000 0.000005
946.000000 0.000005
947.000000 0.000004
948.000000 0.000004
949.000000 0.000004
950.000000 0.000003
951.000000 0.000003
952.000000 0.000003
953.000000 0.000003
954.000000 0.000002
955.000000 0.000002
956.000000 0.000002
957.000000 0.000002
958.000000 0.000002
959.000000 0.000001
960.000000 0.000001
961.000000 0.000001
962.000000 0.000001
963.000000 0.000001
964.000000 0.000001
965.000000 0.000001
966.000000 0.000001
967.000000 0.000000
968.000000 0.000000
969.000000 0.000000
970.000000 0.000000
971.000000 0.000000
972.000000 0.000000
973.000000 0.000000
974.000000 0.000000
975.000000 0.000000
976.000000 0.000000
977.000000 0.000000
978.000000 0.000000
979.000000 0.000000
980.000000 0.000000
981.000000 0.000000
982.000000 0.000000
983.000000 0.000000
984.000000 0.000000
985.000000 0.000000
986.000000 0.000000
987.000000 0.000000
988.000000 0.000000
989.000000 0.000000
990.000000 0.000000
991.000000 0.000000
992.000000 0.000000
993.000000 0.000000
994.000000 0.000000
995.000000 0.000000
996.000000 0.000000
997.000000 0.000000
998.000000 0.000000
999.000000 0.000000
1000.000000 0.000000
