n lam mean variance std
1000 0.790000 500.493033 4796.311234 69.255406
bin_midpoint probability
1.000000 0.000000
2.000000 0.000000
3.000000 0.000000
4.000000 0.000000
5.000000 0.000000
6.000000 0.000000
7.000000 0.000000
8.000000 0.000000
9.000000 0.000000
10.000000 0.000000
11.000000 0.000000
12.000000 0.000000
13.000000 0.000000
14.000000 0.000000
15.000000 0.000000
16.000000 0.000000
17.000000 0.000000
18.000000 0.000000
19.000000 0.000000
20.000000 0.000000
21.000000 0.000000
22.000000 0.000000
23.000000 0.000000
24.000000 0.000000
25.000000 0.000000
26.000000 0.000000
27.000000 0.000000
28.000000 0.000000
29.000000 0.000000
30.000000 0.000000
31.000000 0.000000
32.000000 0.000000
33.000000 0.000000
34.000000 0.000000
35.000000 0.000000
36.000000 0.000000
37.000000 0.000000
38.000000 0.000000
39.000000 0.000000
40.000000 0.000000
41.000000 0.000000
42.000000 0.000000
43.000000 0.000000
44.000000 0.000000
45.000000 0.000000
46.000000 0.000000
47.000000 0.000000
48.000000 0.000000
49.000000 0.000000
50.000000 0.000000
51.000000 0.000000
52.000000 0.000000
53.000000 0.000000
54.000000 0.000000
55.000000 0.000000
56.000000 0.000000
57.000000 0.000000
58.000000 0.000000
59.000000 0.000000
60.000000 0.000000
61.000000 0.000000
62.000000 0.000000
63.000000 0.000000
64.000000 0.000000
65.000000 0.000000
66.000000 0.000000
67.000000 0.000000
68.000000 0.000000
69.000000 0.000000
70.000000 0.000000
71.000000 0.000000
72.000000 0.000000
73.000000 0.000000
74.000000 0.000000
75.000000 0.000000
76.000000 0.000000
77.000000 0.000000
78.000000 0.000000
79.000000 0.000000
80.000000 0.000000
81.000000 0.000000
82.000000 0.000000
83.000000 0.000000
84.000000 0.000000
85.000000 0.000000
86.000000 0.000000
87.000000 0.000000
88.000000 0.000000
89.000000 0.000000
90.000000 0.000000
91.000000 0.000000
92.000000 0.000000
93.000000 0.000000
94.000000 0.000000
95.000000 0.000000
96.000000 0.000000
97.000000 0.000000
98.000000 0.000000
99.000000 0.000000
100.000000 0.000000
101.000000 0.000000
102.000000 0.000000
103.000000 0.000000
104.000000 0.000000
105.000000 0.000000
106.000000 0.000000
107.000000 0.000000
108.000000 0.000000
109.000000 0.000000
110.000000 0.000000
111.000000 0.000000
112.000000 0.000000
113.000000 0.000000
114.000000 0.000000
115.000000 0.000000
116.000000 0.000000
117.000000 0.000000
118.000000 0.000000
119.000000 0.000000
120.000000 0.000000
121.000000 0.000000
122.000000 0.000000
123.000000 0.000000
124.000000 0.000000
125.000000 0.000000
126.000000 0.000000
127.000000 0.000000
128.000000 0.000000
129.000000 0.000000
130.000000 0.000000
131.000000 0.000000
132.000000 0.000000
133.000000 0.000000
134.000000 0.000000
135.000000 0.000000
136.000000 0.000000
137.000000 0.000000
138.000000 0.000000
139.000000 0.000000
140.000000 0.000000
141.000000 0.000000
142.000000 0.000000
143.000000 0.000000
144.000000 0.000000
145.000000 0.000000
146.000000 0.000000
147.000000 0.000000
148.000000 0.000000
149.000000 0.000000
150.000000 0.000000
151.000000 0.000000
152.000000 0.000000
153.000000 0.000000
154.000000 0.000000
155.000000 0.000000
156.000000 0.000000
157.000000 0.000000
158.000000 0.000000
159.000000 0.000000
160.000000 0.000000
161.000000 0.000000
162.000000 0.000000
163.000000 0.000000
164.000000 0.000000
165.000000 0.000000
166.000000 0.000000
167.000000 0.000000
168.000000 0.000000
169.000000 0.000000
170.000000 0.000000
171.000000 0.000000
172.000000 0.000000
173.000000 0.000000
174.000000 0.000000
175.000000 0.000000
176.000000 0.000000
177.000000 0.000000
178.000000 0.000000
179.000000 0.000000
180.000000 0.000000
181.000000 0.000000
182.000000 0.000000
183.000000 0.000000
184.000000 0.000000
185.000000 0.000000
186.000000 0.000000
187.000000 0.000000
188.000000 0.000000
189.000000 0.000000
190.000000 0.000000
191.000000 0.000000
192.000000 0.000000
193.000000 0.000000
194.000000 0.000000
195.000000 0.000000
196.000000 0.000000
197.000000 0.000000
198.000000 0.000000
199.000000 0.000000
200.000000 0.000000
201.000000 0.000000
202.000000 0.000000
203.000000 0.000000
204.000000 0.000000
205.000000 0.000000
206.000000 0.000000
207.000000 0.000000
208.000000 0.000000
209.000000 0.000000
210.000000 0.000000
211.000000 0.000000
212.000000 0.000000
213.000000 0.000000
214.000000 0.000000
215.000000 0.000000
216.000000 0.000000
217.000000 0.000000
218.000000 0.000000
219.000000 0.000000
220.000000 0.000000
221.000000 0.000000
222.000000 0.000000
223.000000 0.000000
224.000000 0.000000
225.000000 0.000000
226.000000 0.000000
227.000000 0.000000
228.000000 0.000001
229.000000 0.000001
230.000000 0.000001
231.000000 0.000001
232.000000 0.000001
233.000000 0.000001
234.000000 0.000001
235.000000 0.000001
236.000000 0.000001
237.000000 0.000001
238.000000 0.000001
239.000000 0.000001
240.000000 0.000001
241.000000 0.000002
242.000000 0.000002
243.000000 0.000002
244.000000 0.000002
245.000000 0.000002
246.000000 0.000002
247.000000 0.000003
248.000000 0.000003
249.000000 0.000003
250.000000 0.000003
251.000000 0.000003
252.000000 0.000004
253.000000 0.000004
254.000000 0.000004
255.000000 0.000005
256.000000 0.000005
257.000000 0.000005
258.000000 0.000006
259.000000 0.000006
260.000000 0.000007
261.000000 0.000007
262.000000 0.000007
263.000000 0.000008
264.000000 0.000009
265.000000 0.000009
266.000000 0.000010
267.000000 0.000010
268.000000 0.000011
269.000000 0.000012
270.000000 0.000013
271.000000 0.000013
272.000000 0.000014
273.000000 0.000015
274.000000 0.000016
275.000000 0.000017
276.000000 0.000018
277.000000 0.000020
278.000000 0.000021
279.000000 0.000022
280.000000 0.000023
281.000000 0.000025
282.000000 0.000026
283.000000 0.000028
284.000000 0.000029
285.000000 0.000031
286.000000 0.000033
287.000000 0.000035
288.000000 0.000037
289.000000 0.000039
290.000000 0.000041
291.000000 0.000044
292.000000 0.000046
293.000000 0.000048
294.000000 0.000051
295.000000 0.000054
296.000000 0.000057
297.000000 0.000060
298.000000 0.000063
299.000000 0.000066
300.000000 0.000070
301.000000 0.000073
302.000000 0.000077
303.000000 0.000081
304.000000 0.000085
305.000000 0.000089
306.000000 0.000093
307.000000 0.000098
308.000000 0.000103
309.000000 0.000108
310.000000 0.000113
311.000000 0.000118
312.000000 0.000124
313.000000 0.000130
314.000000 0.000135
315.000000 0.000142
316.000000 0.000149
317.000000 0.000155
318.000000 0.000162
319.000000 0.000170
320.000000 0.000177
321.000000 0.000184
322.000000 0.000193
323.000000 0.000201
324.000000 0.000209
325.000000 0.000218
326.000000 0.000228
327.000000 0.000237
328.000000 0.000246
329.000000 0.000257
330.000000 0.000268
331.000000 0.000278
332.000000 0.000288
333.000000 0.000301
334.000000 0.000313
335.000000 0.000323
336.000000 0.000337
337.000000 0.000351
338.000000 0.000362
339.000000 0.000377
340.000000 0.000391
341.000000 0.000404
342.000000 0.000419
343.000000 0.000435
344.000000 0.000451
345.000000 0.000466
346.000000 0.000483
347.000000 0.000501
348.000000 0.000517
349.000000 0.000534
350.000000 0.000553
351.000000 0.000573
352.000000 0.000590
353.000000 0.000609
354.000000 0.000633
355.000000 0.000653
356.000000 0.000671
357.000000 0.000694
358.000000 0.000717
359.000000 0.000738
360.000000 0.000760
361.000000 0.000785
362.000000 0.000810
363.000000 0.000834
364.000000 0.000857
365.000000 0.000885
366.000000 0.000908
367.000000 0.000935
368.000000 0.000966
369.000000 0.000992
370.000000 0.001018
371.000000 0.001048
372.000000 0.001079
373.000000 0.001106
374.000000 0.001135
375.000000 0.001168
376.000000 0.001200
377.000000 0.001231
378.000000 0.001261
379.000000 0.001297
380.000000 0.001328
381.000000 0.001360
382.000000 0.001397
383.000000 0.001432
384.000000 0.001467
385.000000 0.001499
386.000000 0.001542
387.000000 0.001574
388.000000 0.001610
389.000000 0.001651
390.000000 0.001690
391.000000 0.001725
392.000000 0.001764
393.000000 0.001809
394.000000 0.001847
395.000000 0.001884
396.000000 0.001928
397.000000 0.001971
398.000000 0.002009
399.000000 0.002051
400.000000 0.002093
401.000000 0.002143
402.000000 0.002178
403.000000 0.002221
404.000000 0.002271
405.000000 0.002313
406.000000 0.002350
407.000000 0.002407
408.000000 0.002449
409.000000 0.002490
410.000000 0.002541
411.000000 0.002588
412.000000 0.002630
413.000000 0.002677
414.000000 0.002723
415.000000 0.002774
416.000000 0.002820
417.000000 0.002858
418.000000 0.002922
419.000000 0.002961
420.000000 0.003004
421.000000 0.003060
422.000000 0.003110
423.000000 0.003152
424.000000 0.003200
425.000000 0.003247
426.000000 0.003307
427.000000 0.003337
428.000000 0.003395
429.000000 0.003445
430.000000 0.003486
431.000000 0.003536
432.000000 0.003593
433.000000 0.003636
434.000000 0.003678
435.000000 0.003733
436.000000 0.003782
437.000000 0.003824
438.000000 0.003870
439.000000 0.003916
440.000000 0.003968
441.000000 0.004013
442.000000 0.004054
443.000000 0.004108
444.000000 0.004148
445.000000 0.004187
446.000000 0.004241
447.000000 0.004289
448.000000 0.004317
449.000000 0.004375
450.000000 0.004417
451.000000 0.004451
452.000000 0.004499
453.000000 0.004536
454.000000 0.004583
455.000000 0.004615
456.000000 0.004665
457.000000 0.004706
458.000000 0.004738
459.000000 0.004771
460.000000 0.004819
461.000000 0.004857
462.000000 0.004886
463.000000 0.004922
464.000000 0.004955
465.000000 0.005004
466.000000 0.005018
467.000000 0.005055
468.000000 0.005096
469.000000 0.005111
470.000000 0.005154
471.000000 0.005185
472.000000 0.005210
473.000000 0.005232
474.000000 0.005269
475.000000 0.005296
476.000000 0.005309
477.000000 0.005342
478.000000 0.005369
479.000000 0.005377
480.000000 0.005408
481.000000 0.005425
482.000000 0.005452
483.000000 0.005464
484.000000 0.005477
485.000000 0.005504
486.000000 0.005523
487.000000 0.005525
488.000000 0.005542
489.000000 0.005562
490.000000 0.005558
491.000000 0.005579
492.000000 0.005596
493.000000 0.005586
494.000000 0.005596
495.000000 0.005616
496.000000 0.005617
497.000000 0.005620
498.000000 0.005616
499.000000 0.005629
500.000000 0.005630
501.000000 0.005624
502.000000 0.005623
503.000000 0.005629
504.000000 0.005609
505.000000 0.005616
506.000000 0.005609
507.000000 0.005608
508.000000 0.005594
509.000000 0.005582
510.000000 0.005582
511.000000 0.005567
512.000000 0.005559
513.000000 0.005540
514.000000 0.005533
515.000000 0.005508
516.000000 0.005503
517.000000 0.005489
518.000000 0.005454
519.000000 0.005440
520.000000 0.005434
521.000000 0.005411
522.000000 0.005383
523.000000 0.005358
524.000000 0.005344
525.000000 0.005319
526.000000 0.005289
527.000000 0.005262
528.000000 0.005243
529.000000 0.005208
530.000000 0.005172
531.000000 0.005161
532.000000 0.005110
533.000000 0.005093
534.000000 0.005053
535.000000 0.005033
536.000000 0.004990
537.000000 0.004955
538.000000 0.004927
539.000000 0.004890
540.000000 0.004845
541.000000 0.004819
542.000000 0.004782
543.000000 0.004728
544.000000 0.004701
545.000000 0.004662
546.000000 0.004624
547.000000 0.004578
548.000000 0.004536
549.000000 0.004501
550.000000 0.004461
551.000000 0.004408
552.000000 0.004369
553.000000 0.004328
554.000000 0.004284
555.000000 0.004228
556.000000 0.004205
557.000000 0.004146
558.000000 0.004091
559.000000 0.004064
560.000000 0.004013
561.000000 0.003962
562.000000 0.003917
563.000000 0.003874
564.000000 0.003825
565.000000 0.003777
566.000000 0.003728
567.000000 0.003686
568.000000 0.003632
569.000000 0.003579
570.000000 0.003541
571.000000 0.003499
572.000000 0.003433
573.000000 0.003393
574.000000 0.003348
575.000000 0.003302
576.000000 0.003242
577.000000 0.003204
578.000000 0.003153
579.000000 0.003100
580.000000 0.003061
581.000000 0.003012
582.000000 0.002958
583.000000 0.002906
584.000000 0.002870
585.000000 0.002820
586.000000 0.002770
587.000000 0.002723
588.000000 0.002680
589.000000 0.002631
590.000000 0.002584
591.000000 0.002538
592.000000 0.002496
593.000000 0.002444
594.000000 0.002398
595.000000 0.002363
596.000000 0.002313
597.000000 0.002258
598.000000 0.002227
599.000000 0.002182
600.000000 0.002136
601.000000 0.002095
602.000000 0.002052
603.000000 0.002009
604.000000 0.001965
605.000000 0.001929
606.000000 0.001888
607.000000 0.001844
608.000000 0.001801
609.000000 0.001768
610.000000 0.001731
611.000000 0.001683
612.000000 0.001650
613.000000 0.001614
614.000000 0.001576
615.000000 0.001537
616.000000 0.001502
617.000000 0.001467
618.000000 0.001427
619.000000 0.001395
620.000000 0.001366
621.000000 0.001326
622.000000 0.001293
623.000000 0.001263
624.000000 0.001231
625.000000 0.001198
626.000000 0.001167
627.000000 0.001137
628.000000 0.001107
629.000000 0.001076
630.000000 0.001048
631.000000 0.001021
632.000000 0.000988
633.000000 0.000962
634.000000 0.000938
635.000000 0.000911
636.000000 0.000882
637.000000 0.000858
638.000000 0.000833
639.000000 0.000808
640.000000 0.000784
641.000000 0.000762
642.000000 0.000738
643.000000 0.000715
644.000000 0.000695
645.000000 0.000673
646.000000 0.000650
647.000000 0.000630
648.000000 0.000611
649.000000 0.000592
650.000000 0.000570
651.000000 0.000554
652.000000 0.000536
653.000000 0.000516
654.000000 0.000500
655.000000 0.000484
656.000000 0.000466
657.000000 0.000450
658.000000 0.000435
659.000000 0.000420
660.000000 0.000404
661.000000 0.000390
662.000000 0.000377
663.000000 0.000363
664.000000 0.000349
665.000000 0.000336
666.000000 0.000325
667.000000 0.000312
668.000000 0.000300
669.000000 0.000289
670.000000 0.000278
671.000000 0.000266
672.000000 0.000257
673.000000 0.000247
674.000000 0.000236
675.000000 0.000227
676.000000 0.000219
677.000000 0.000209
678.000000 0.000201
679.000000 0.000193
680.000000 0.000184
681.000000 0.000176
682.000000 0.000169
683.000000 0.000162
684.000000 0.000156
685.000000 0.000148
686.000000 0.000142
687.000000 0.000136
688.000000 0.000130
689.000000 0.000124
690.000000 0.000118
691.000000 0.000113
692.000000 0.000108
693.000000 0.000103
694.000000 0.000098
695.000000 0.000093
696.000000 0.000089
697.000000 0.000085
698.000000 0.000081
699.000000 0.000077
700.000000 0.000073
701.000000 0.000069
702.000000 0.000066
703.000000 0.000063
704.000000 0.000060
705.000000 0.000057
706.000000 0.000054
707.000000 0.000051
708.000000 0.000049
709.000000 0.000046
710.000000 0.000043
711.000000 0.000041
712.000000 0.000039
713.000000 0.000037
714.000000 0.000035
715.000000 0.000033
716.000000 0.000031
717.000000 0.000029
718.000000 0.000028
719.000000 0.000026
720.000000 0.000025
721.000000 0.000023
722.000000 0.000022
723.000000 0.000021
724.000000 0.000020
725.000000 0.000018
726.000000 0.000017
727.000000 0.000016
728.000000 0.000015
729.000000 0.000014
730.000000 0.000013
731.000000 0.000013
732.000000 0.000012
733.000000 0.000011
734.000000 0.000010
735.000000 0.000010
736.000000 0.000009
737.000000 0.000009
738.000000 0.000008
739.000000 0.000007
740.000000 0.000007
741.000000 0.000006
742.000000 0.000006
743.000000 0.000006
744.000000 0.000005
745.000000 0.000005
746.000000 0.000005
747.000000 0.000004
748.000000 0.000004
749.000000 0.000004
750.000000 0.000003
751.000000 0.000003
752.000000 0.000003
753.000000 0.000003
754.000000 0.000003
755.000000 0.000002
756.000000 0.000002
757.000000 0.000002
758.000000 0.000002
759.000000 0.000002
760.000000 0.000002
761.000000 0.000001
762.000000 0.000001
763.000000 0.000001
764.000000 0.000001
765.000000 0.000001
766.000000 0.000001
767.000000 0.000001
768.000000 0.000001
769.000000 0.000001
770.000000 0.000001
771.000000 0.000001
772.000000 0.000001
773.000000 0.000001
774.000000 0.000000
775.000000 0.000000
776.000000 0.000000
777.000000 0.000000
778.000000 0.000000
779.000000 0.000000
780.000000 0.000000
781.000000 0.000000
782.000000 0.000000
783.000000 0.000000
784.000000 0.000000
785.000000 0.000000
786.000000 0.000000
787.000000 0.000000
788.000000 0.000000
789.000000 0.000000
790.000000 0.000000
791.000000 0.000000
792.000000 0.000000
793.000000 0.000000
794.000000 0.000000
795.000000 0.000000
796.000000 0.000000
797.000000 0.000000
798.000000 0.000000
799.000000 0.000000
800.000000 0.000000
801.000000 0.000000
802.000000 0.000000
803.000000 0.000000
804.000000 0.000000
805.000000 0.000000
806.000000 0.000000
807.000000 0.000000
808.000000 0.000000
809.000000 0.000000
810.000000 0.000000
811.000000 0.000000
812.000000 0.000000
813.000000 0.000000
814.000000 0.000000
815.000000 0.000000
816.000000 0.000000
817.000000 0.000000
818.000000 0.000000
819.000000 0.000000
820.000000 0.000000
821.000000 0.000000
822.000000 0.000000
823.000000 0.000000
824.000000 0.000000
825.000000 0.000000
826.000000 0.000000
827.000000 0.000000
828.000000 0.000000
829.000000 0.000000
830.000000 0.000000
831.000000 0.000000
832.000000 0.000000
833.000000 0.000000
834.000000 0.000000
835.000000 0.000000
836.000000 0.000000
837.000000 0.000000
838.000000 0.000000
839.000000 0.000000
840.000000 0.000000
841.000000 0.000000
842.000000 0.000000
843.000000 0.000000
844.000000 0.000000
845.000000 0.000000
846.000000 0.000000
847.000000 0.000000
848.000000 0.000000
849.000000 0.000000
850.000000 0.000000
851.000000 0.000000
852.000000 0.000000
853.000000 0.000000
854.000000 0.000000
855.000000 0.000000
856.000000 0.000000
857.000000 0.000000
858.000000 0.000000
859.000000 0.000000
860.000000 0.000000
861.000000 0.000000
862.000000 0.000000
863.000000 0.000000
864.000000 0.000000
865.000000 0.000000
866.000000 0.000000
867.000000 0.000000
868.000000 0.000000
869.000000 0.000000
870.000000 0.000000
871.000000 0.000000
872.000000 0.000000
873.000000 0.000000
874.000000 0.000000
875.000000 0.000000
876.000000 0.000000
877.000000 0.000000
878.000000 0.000000
879.000000 0.000000
880.000000 0.000000
881.000000 0.000000
882.000000 0.000000
883.000000 0.000000
884.000000 0.000000
885.000000 0.000000
886.000000 0.000000
887.000000 0.000000
888.000000 0.000000
889.000000 0.000000
890.000000 0.000000
891.000000 0.000000
892.000000 0.000000
893.000000 0.000000
894.000000 0.000000
895.000000 0.000000
896.000000 0.000000
897.000000 0.000000
898.000000 0.000000
899.000000 0.000000
900.000000 0.000000
901.000000 0.000000
902.000000 0.000000
903.000000 0.000000
904.000000 0.000000
905.000000 0.000000
906.000000 0.000000
907.000000 0.000000
908.000000 0.000000
909.000000 0.000000
910.000000 0.000000
911.000000 0.000000
912.000000 0.000000
913.000000 0.000000
914.000000 0.000000
915.000000 0.000000
916.000000 0.000000
917.000000 0.000000
918.000000 0.000000
919.000000 0.000000
920.000000 0.000000
921.000000 0.000000
922.000000 0.000000
923.000000 0.000000
924.000000 0.000000
925.000000 0.000000
926.000000 0.000000
927.000000 0.000000
928.000000 0.000000
929.000000 0.000000
930.000000 0.000000
931.000000 0.000000
932.000000 0.000000
933.000000 0.000000
934.000000 0.000000
935.000000 0.000000
936.000000 0.000000
937.000000 0.000000
938.000000 0.000000
939.000000 0.000000
940.000000 0.000000
941.000000 0.000000
942.000000 0.000000
943.000000 0.000000
944.000000 0.000000
945.000000 0.000000
946.000000 0.000000
947.000000 0.000000
948.000000 0.000000
949.000000 0.000000
950.000000 0.000000
951.000000 0.000000
952.000000 0.000000
953.000000 0.000000
954.000000 0.000000
955.000000 0.000000
956.000000 0.000000
957.000000 0.000000
958.000000 0.000000
959.000000 0.000000
960.000000 0.000000
961.000000 0.000000
962.000000 0.000000
963.000000 0.000000
964.000000 0.000000
965.000000 0.000000
966.000000 0.000000
967.000000 0.000000
968.000000 0.000000
969.000000 0.000000
970.000000 0.000000
971.000000 0.000000
972.000000 0.000000
973.000000 0.000000
974.000000 0.000000
975.000000 0.000000
976.000000 0.000000
977.000000 0.000000
978.000000 0.000000
979.000000 0.000000
980.000000 0.000000
981.000000 0.000000
982.000000 0.000000
983.000000 0.000000
984.000000 0.000000
985.000000 0.000000
986.000000 0.000000
987.000000 0.000000
988.000000 0.000000
989.000000 0.000000
990.000000 0.000000
991.000000 0.000000
992.000000 0.000000
993.000000 0.000000
994.000000 0.000000
995.000000 0.000000
996.000000 0.000000
997.000000 0.000000
998.000000 0.000000
999.000000 0.000000
1000.000000 0.000000
