n lam mean variance std
1000 0.750000 500.000000 5817.328341 76.271412
bin_midpoint probability
1.000000 0.000000
2.000000 0.000000
3.000000 0.000000
4.000000 0.000000
5.000000 0.000000
6.000000 0.000000
7.000000 0.000000
8.000000 0.000000
9.000000 0.000000
10.000000 0.000000
11.000000 0.000000
12.000000 0.000000
13.000000 0.000000
14.000000 0.000000
15.000000 0.000000
16.000000 0.000000
17.000000 0.000000
18.000000 0.000000
19.000000 0.000000
20.000000 0.000000
21.000000 0.000000
22.000000 0.000000
23.000000 0.000000
24.000000 0.000000
25.000000 0.000000
26.000000 0.000000
27.000000 0.000000
28.000000 0.000000
29.000000 0.000000
30.000000 0.000000
31.000000 0.000000
32.000000 0.000000
33.000000 0.000000
34.000000 0.000000
35.000000 0.000000
36.000000 0.000000
37.000000 0.000000
38.000000 0.000000
39.000000 0.000000
40.000000 0.000000
41.000000 0.000000
42.000000 0.000000
43.000000 0.000000
44.000000 0.000000
45.000000 0.000000
46.000000 0.000000
47.000000 0.000000
48.000000 0.000000
49.000000 0.000000
50.000000 0.000000
51.000000 0.000000
52.000000 0.000000
53.000000 0.000000
54.000000 0.000000
55.000000 0.000000
56.000000 0.000000
57.000000 0.000000
58.000000 0.000000
59.000000 0.000000
60.000000 0.000000
61.000000 0.000000
62.000000 0.000000
63.000000 0.000000
64.000000 0.000000
65.000000 0.000000
66.000000 0.000000
67.000000 0.000000
68.000000 0.000000
69.000000 0.000000
70.000000 0.000000
71.000000 0.000000
72.000000 0.000000
73.000000 0.000000
74.000000 0.000000
75.000000 0.000000
76.000000 0.000000
77.000000 0.000000
78.000000 0.000000
79.000000 0.000000
80.000000 0.000000
81.000000 0.000000
82.000000 0.000000
83.000000 0.000000
84.000000 0.000000
85.000000 0.000000
86.000000 0.000000
87.000000 0.000000
88.000000 0.000000
89.000000 0.000000
90.000000 0.000000
91.000000 0.000000
92.000000 0.000000
93.000000 0.000000
94.000000 0.000000
95.000000 0.000000
96.000000 0.000000
97.000000 0.000000
98.000000 0.000000
99.000000 0.000000
100.000000 0.000000
101.000000 0.000000
102.000000 0.000000
103.000000 0.000000
104.000000 0.000000
105.000000 0.000000
106.000000 0.000000
107.000000 0.000000
108.000000 0.000000
109.000000 0.000000
110.000000 0.000000
111.000000 0.000000
112.000000 0.000000
113.000000 0.000000
114.000000 0.000000
115.000000 0.000000
116.000000 0.000000
117.000000 0.000000
118.000000 0.000000
119.000000 0.000000
120.000000 0.000000
121.000000 0.000000
122.000000 0.000000
123.000000 0.000000
124.000000 0.000000
125.000000 0.000000
126.000000 0.000000
127.000000 0.000000
128.000000 0.000000
129.000000 0.000000
130.000000 0.000000
131.000000 0.000000
132.000000 0.000000
133.000000 0.000000
134.000000 0.000000
135.000000 0.000000
136.000000 0.000000
137.000000 0.000000
138.000000 0.000000
139.000000 0.000000
140.000000 0.000000
141.000000 0.000000
142.000000 0.000000
143.000000 0.000000
144.000000 0.000000
145.000000 0.000000
146.000000 0.000000
147.000000 0.000000
148.000000 0.000000
149.000000 0.000000
150.000000 0.000000
151.000000 0.000000
152.000000 0.000000
153.000000 0.000000
154.000000 0.000000
155.000000 0.000000
156.000000 0.000000
157.000000 0.000000
158.000000 0.000000
159.000000 0.000000
160.000000 0.000000
161.000000 0.000000
162.000000 0.000000
163.000000 0.000000
164.000000 0.000000
165.000000 0.000000
166.000000 0.000000
167.000000 0.000000
168.000000 0.000000
169.000000 0.000000
170.000000 0.000000
171.000000 0.000000
172.000000 0.000000
173.000000 0.000000
174.000000 0.000000
175.000000 0.000000
176.000000 0.000000
177.000000 0.000000
178.000000 0.000000
179.000000 0.000000
180.000000 0.000000
181.000000 0.000000
182.000000 0.000000
183.000000 0.000000
184.000000 0.000000
185.000000 0.000000
186.000000 0.000000
187.000000 0.000000
188.000000 0.000000
189.000000 0.000000
190.000000 0.000000
191.000000 0.000000
192.000000 0.000000
193.000000 0.000000
194.000000 0.000000
195.000000 0.000000
196.000000 0.000000
197.000000 0.000000
198.000000 0.000000
199.000000 0.000000
200.000000 0.000000
201.000000 0.000000
202.000000 0.000000
203.000000 0.000000
204.000000 0.000000
205.000000 0.000000
206.000000 0.000001
207.000000 0.000001
208.000000 0.000001
209.000000 0.000001
210.000000 0.000001
211.000000 0.000001
212.000000 0.000001
213.000000 0.000001
214.000000 0.000001
215.000000 0.000001
216.000000 0.000001
217.000000 0.000001
218.000000 0.000001
219.000000 0.000001
220.000000 0.000002
221.000000 0.000002
222.000000 0.000002
223.000000 0.000002
224.000000 0.000002
225.000000 0.000002
226.000000 0.000002
227.000000 0.000003
228.000000 0.000003
229.000000 0.000003
230.000000 0.000003
231.000000 0.000004
232.000000 0.000004
233.000000 0.000004
234.000000 0.000004
235.000000 0.000005
236.000000 0.000005
237.000000 0.000005
238.000000 0.000006
239.000000 0.000006
240.000000 0.000007
241.000000 0.000007
242.000000 0.000007
243.000000 0.000008
244.000000 0.000008
245.000000 0.000009
246.000000 0.000010
247.000000 0.000010
248.000000 0.000011
249.000000 0.000012
250.000000 0.000012
251.000000 0.000013
252.000000 0.000014
253.000000 0.000015
254.000000 0.000016
255.000000 0.000017
256.000000 0.000017
257.000000 0.000019
258.000000 0.000020
259.000000 0.000021
260.000000 0.000022
261.000000 0.000023
262.000000 0.000025
263.000000 0.000026
264.000000 0.000027
265.000000 0.000029
266.000000 0.000030
267.000000 0.000032
268.000000 0.000034
269.000000 0.000036
270.000000 0.000038
271.000000 0.000039
272.000000 0.000042
273.000000 0.000044
274.000000 0.000046
275.000000 0.000048
276.000000 0.000051
277.000000 0.000053
278.000000 0.000056
279.000000 0.000059
280.000000 0.000062
281.000000 0.000065
282.000000 0.000068
283.000000 0.000071
284.000000 0.000074
285.000000 0.000078
286.000000 0.000081
287.000000 0.000085
288.000000 0.000089
289.000000 0.000093
290.000000 0.000097
291.000000 0.000102
292.000000 0.000106
293.000000 0.000111
294.000000 0.000116
295.000000 0.000121
296.000000 0.000126
297.000000 0.000132
298.000000 0.000137
299.000000 0.000143
300.000000 0.000149
301.000000 0.000155
302.000000 0.000161
303.000000 0.000168
304.000000 0.000175
305.000000 0.000182
306.000000 0.000189
307.000000 0.000196
308.000000 0.000204
309.000000 0.000212
310.000000 0.000220
311.000000 0.000229
312.000000 0.000237
313.000000 0.000246
314.000000 0.000255
315.000000 0.000265
316.000000 0.000274
317.000000 0.000284
318.000000 0.000295
319.000000 0.000305
320.000000 0.000316
321.000000 0.000327
322.000000 0.000338
323.000000 0.000350
324.000000 0.000362
325.000000 0.000374
326.000000 0.000387
327.000000 0.000400
328.000000 0.000413
329.000000 0.000427
330.000000 0.000441
331.000000 0.000455
332.000000 0.000469
333.000000 0.000484
334.000000 0.000500
335.000000 0.000515
336.000000 0.000531
337.000000 0.000547
338.000000 0.000564
339.000000 0.000581
340.000000 0.000598
341.000000 0.000616
342.000000 0.000634
343.000000 0.000653
344.000000 0.000671
345.000000 0.000691
346.000000 0.000710
347.000000 0.000730
348.000000 0.000751
349.000000 0.000771
350.000000 0.000792
351.000000 0.000814
352.000000 0.000836
353.000000 0.000858
354.000000 0.000881
355.000000 0.000904
356.000000 0.000927
357.000000 0.000951
358.000000 0.000975
359.000000 0.001000
360.000000 0.001025
361.000000 0.001050
362.000000 0.001076
363.000000 0.001102
364.000000 0.001128
365.000000 0.001155
366.000000 0.001183
367.000000 0.001210
368.000000 0.001238
369.000000 0.001267
370.000000 0.001295
371.000000 0.001325
372.000000 0.001354
373.000000 0.001384
374.000000 0.001414
375.000000 0.001445
376.000000 0.001476
377.000000 0.001507
378.000000 0.001539
379.000000 0.001571
380.000000 0.001603
381.000000 0.001636
382.000000 0.001669
383.000000 0.001702
384.000000 0.001736
385.000000 0.001770
386.000000 0.001804
387.000000 0.001838
388.000000 0.001873
389.000000 0.001908
390.000000 0.001944
391.000000 0.001979
392.000000 0.002015
393.000000 0.002051
394.000000 0.002088
395.000000 0.002124
396.000000 0.002161
397.000000 0.002198
398.000000 0.002236
399.000000 0.002273
400.000000 0.002311
401.000000 0.002349
402.000000 0.002387
403.000000 0.002425
404.000000 0.002463
405.000000 0.002502
406.000000 0.002541
407.000000 0.002579
408.000000 0.002618
409.000000 0.002657
410.000000 0.002696
411.000000 0.002735
412.000000 0.002775
413.000000 0.002814
414.000000 0.002853
415.000000 0.002893
416.000000 0.002932
417.000000 0.002972
418.000000 0.003011
419.000000 0.003050
420.000000 0.003090
421.000000 0.003129
422.000000 0.003168
423.000000 0.003208
424.000000 0.003247
425.000000 0.003286
426.000000 0.003325
427.000000 0.003364
428.000000 0.003402
429.000000 0.003441
430.000000 0.003479
431.000000 0.003517
432.000000 0.003556
433.000000 0.003593
434.000000 0.003631
435.000000 0.003669
436.000000 0.003706
437.000000 0.003743
438.000000 0.003779
439.000000 0.003816
440.000000 0.003852
441.000000 0.003888
442.000000 0.003924
443.000000 0.003959
444.000000 0.003994
445.000000 0.004028
446.000000 0.004062
447.000000 0.004096
448.000000 0.004130
449.000000 0.004163
450.000000 0.004195
451.000000 0.004228
452.000000 0.004259
453.000000 0.004291
454.000000 0.004322
455.000000 0.004352
456.000000 0.004382
457.000000 0.004411
458.000000 0.004440
459.000000 0.004469
460.000000 0.004496
461.000000 0.004524
462.000000 0.004551
463.000000 0.004577
464.000000 0.004602
465.000000 0.004628
466.000000 0.004652
467.000000 0.004676
468.000000 0.004699
469.000000 0.004722
470.000000 0.004744
471.000000 0.004765
472.000000 0.004786
473.000000 0.004806
474.000000 0.004826
475.000000 0.004844
476.000000 0.004863
477.000000 0.004880
478.000000 0.004897
479.000000 0.004913
480.000000 0.004928
481.000000 0.004943
482.000000 0.004957
483.000000 0.004970
484.000000 0.004982
485.000000 0.004994
486.000000 0.005005
487.000000 0.005015
488.000000 0.005025
489.000000 0.005034
490.000000 0.005042
491.000000 0.005049
492.000000 0.005055
493.000000 0.005061
494.000000 0.005066
495.000000 0.005070
496.000000 0.005074
497.000000 0.005076
498.000000 0.005078
499.000000 0.005080
500.000000 0.005080
501.000000 0.005080
502.000000 0.005078
503.000000 0.005076
504.000000 0.005074
505.000000 0.005070
506.000000 0.005066
507.000000 0.005061
508.000000 0.005055
509.000000 0.005049
510.000000 0.005042
511.000000 0.005034
512.000000 0.005025
513.000000 0.005015
514.000000 0.005005
515.000000 0.004994
516.000000 0.004982
517.000000 0.004970
518.000000 0.004957
519.000000 0.004943
520.000000 0.004928
521.000000 0.004913
522.000000 0.004897
523.000000 0.004880
524.000000 0.004863
525.000000 0.004844
526.000000 0.004826
527.000000 0.004806
528.000000 0.004786
529.000000 0.004765
530.000000 0.004744
531.000000 0.004722
532.000000 0.004699
533.000000 0.004676
534.000000 0.004652
535.000000 0.004628
536.000000 0.004602
537.000000 0.004577
538.000000 0.004551
539.000000 0.004524
540.000000 0.004496
541.000000 0.004469
542.000000 0.004440
543.000000 0.004411
544.000000 0.004382
545.000000 0.004352
546.000000 0.004322
547.000000 0.004291
548.000000 0.004259
549.000000 0.004228
550.000000 0.004195
551.000000 0.004163
552.000000 0.004130
553.000000 0.004096
554.000000 0.004062
555.000000 0.004028
556.000000 0.003994
557.000000 0.003959
558.000000 0.003924
559.000000 0.003888
560.000000 0.003852
561.000000 0.003816
562.000000 0.003779
563.000000 0.003743
564.000000 0.003706
565.000000 0.003669
566.000000 0.003631
567.000000 0.003593
568.000000 0.003556
569.000000 0.003517
570.000000 0.003479
571.000000 0.003441
572.000000 0.003402
573.000000 0.003364
574.000000 0.003325
575.000000 0.003286
576.000000 0.003247
577.000000 0.003208
578.000000 0.003168
579.000000 0.003129
580.000000 0.003090
581.000000 0.003050
582.000000 0.003011
583.000000 0.002972
584.000000 0.002932
585.000000 0.002893
586.000000 0.002853
587.000000 0.002814
588.000000 0.002775
589.000000 0.002735
590.000000 0.002696
591.000000 0.002657
592.000000 0.002618
593.000000 0.002579
594.000000 0.002541
595.000000 0.002502
596.000000 0.002463
597.000000 0.002425
598.000000 0.002387
599.000000 0.002349
600.000000 0.002311
601.000000 0.002273
602.000000 0.002236
603.000000 0.002198
604.000000 0.002161
605.000000 0.002124
606.000000 0.002088
607.000000 0.002051
608.000000 0.002015
609.000000 0.001979
610.000000 0.001944
611.000000 0.001908
612.000000 0.001873
613.000000 0.001838
614.000000 0.001804
615.000000 0.001770
616.000000 0.001736
617.000000 0.001702
618.000000 0.001669
619.000000 0.001636
620.000000 0.001603
621.000000 0.001571
622.000000 0.001539
623.000000 0.001507
624.000000 0.001476
625.000000 0.001445
626.000000 0.001414
627.000000 0.001384
628.000000 0.001354
629.000000 0.001325
630.000000 0.001295
631.000000 0.001267
632.000000 0.001238
633.000000 0.001210
634.000000 0.001183
635.000000 0.001155
636.000000 0.001128
637.000000 0.001102
638.000000 0.001076
639.000000 0.001050
640.000000 0.001025
641.000000 0.001000
642.000000 0.000975
643.000000 0.000951
644.000000 0.000927
645.000000 0.000904
646.000000 0.000881
647.000000 0.000858
648.000000 0.000836
649.000000 0.000814
650.000000 0.000792
651.000000 0.000771
652.000000 0.000751
653.000000 0.000730
654.000000 0.000710
655.000000 0.000691
656.000000 0.000671
657.000000 0.000653
658.000000 0.000634
659.000000 0.000616
660.000000 0.000598
661.000000 0.000581
662.000000 0.000564
663.000000 0.000547
664.000000 0.000531
665.000000 0.000515
666.000000 0.000500
667.000000 0.000484
668.000000 0.000469
669.000000 0.000455
670.000000 0.000441
671.000000 0.000427
672.000000 0.000413
673.000000 0.000400
674.000000 0.000387
675.000000 0.000374
676.000000 0.000362
677.000000 0.000350
678.000000 0.000338
679.000000 0.000327
680.000000 0.000316
681.000000 0.000305
682.000000 0.000295
683.000000 0.000284
684.000000 0.000274
685.000000 0.000265
686.000000 0.000255
687.000000 0.000246
688.000000 0.000237
689.000000 0.000229
690.000000 0.000220
691.000000 0.000212
692.000000 0.000204
693.000000 0.000196
694.000000 0.000189
695.000000 0.000182
696.000000 0.000175
697.000000 0.000168
698.000000 0.000161
699.000000 0.000155
700.000000 0.000149
701.000000 0.000143
702.000000 0.000137
703.000000 0.000132
704.000000 0.000126
705.000000 0.000121
706.000000 0.000116
707.000000 0.000111
708.000000 0.000106
709.000000 0.000102
710.000000 0.000097
711.000000 0.000093
712.000000 0.000089
713.000000 0.000085
714.000000 0.000081
715.000000 0.000078
716.000000 0.000074
717.000000 0.000071
718.000000 0.000068
719.000000 0.000065
720.000000 0.000062
721.000000 0.000059
722.000000 0.000056
723.000000 0.000053
724.000000 0.000051
725.000000 0.000048
726.000000 0.000046
727.000000 0.000044
728.000000 0.000042
729.000000 0.000039
730.000000 0.000038
731.000000 0.000036
732.000000 0.000034
733.000000 0.000032
734.000000 0.000030
735.000000 0.000029
736.000000 0.000027
737.000000 0.000026
738.000000 0.000025
739.000000 0.000023
740.000000 0.000022
741.000000 0.000021
742.000000 0.000020
743.000000 0.000019
744.000000 0.000017
745.000000 0.000017
746.000000 0.000016
747.000000 0.000015
748.000000 0.000014
749.000000 0.000013
750.000000 0.000012
751.000000 0.000012
752.000000 0.000011
753.000000 0.000010
754.000000 0.000010
755.000000 0.000009
756.000000 0.000008
757.000000 0.000008
758.000000 0.000007
759.000000 0.000007
760.000000 0.000007
761.000000 0.000006
762.000000 0.000006
763.000000 0.000005
764.000000 0.000005
765.000000 0.000005
766.000000 0.000004
767.000000 0.000004
768.000000 0.000004
769.000000 0.000004
770.000000 0.000003
771.000000 0.000003
772.000000 0.000003
773.000000 0.000003
774.000000 0.000002
775.000000 0.000002
776.000000 0.000002
777.000000 0.000002
778.000000 0.000002
779.000000 0.000002
780.000000 0.000002
781.000000 0.000001
782.000000 0.000001
783.000000 0.000001
784.000000 0.000001
785.000000 0.000001
786.000000 0.000001
787.000000 0.000001
788.000000 0.000001
789.000000 0.000001
790.000000 0.000001
791.000000 0.000001
792.000000 0.000001
793.000000 0.000001
794.000000 0.000001
795.000000 0.000000
796.000000 0.000000
797.000000 0.000000
798.000000 0.000000
799.000000 0.000000
800.000000 0.000000
801.000000 0.000000
802.000000 0.000000
803.000000 0.000000
804.000000 0.000000
805.000000 0.000000
806.000000 0.000000
807.000000 0.000000
808.000000 0.000000
809.000000 0.000000
810.000000 0.000000
811.000000 0.000000
812.000000 0.000000
813.000000 0.000000
814.000000 0.000000
815.000000 0.000000
816.000000 0.000000
817.000000 0.000000
818.000000 0.000000
819.000000 0.000000
820.000000 0.000000
821.000000 0.000000
822.000000 0.000000
823.000000 0.000000
824.000000 0.000000
825.000000 0.000000
826.000000 0.000000
827.000000 0.000000
828.000000 0.000000
829.000000 0.000000
830.000000 0.000000
831.000000 0.000000
832.000000 0.000000
833.000000 0.000000
834.000000 0.000000
835.000000 0.000000
836.000000 0.000000
837.000000 0.000000
838.000000 0.000000
839.000000 0.000000
840.000000 0.000000
841.000000 0.000000
842.000000 0.000000
843.000000 0.000000
844.000000 0.000000
845.000000 0.000000
846.000000 0.000000
847.000000 0.000000
848.000000 0.000000
849.000000 0.000000
850.000000 0.000000
851.000000 0.000000
852.000000 0.000000
853.000000 0.000000
854.000000 0.000000
855.000000 0.000000
856.000000 0.000000
857.000000 0.000000
858.000000 0.000000
859.000000 0.000000
860.000000 0.000000
861.000000 0.000000
862.000000 0.000000
863.000000 0.000000
864.000000 0.000000
865.000000 0.000000
866.000000 0.000000
867.000000 0.000000
868.000000 0.000000
869.000000 0.000000
870.000000 0.000000
871.000000 0.000000
872.000000 0.000000
873.000000 0.000000
874.000000 0.000000
875.000000 0.000000
876.000000 0.000000
877.000000 0.000000
878.000000 0.000000
879.000000 0.000000
880.000000 0.000000
881.000000 0.000000
882.000000 0.000000
883.000000 0.000000
884.000000 0.000000
885.000000 0.000000
886.000000 0.000000
887.000000 0.000000
888.000000 0.000000
889.000000 0.000000
890.000000 0.000000
891.000000 0.000000
892.000000 0.000000
893.000000 0.000000
894.000000 0.000000
895.000000 0.000000
896.000000 0.000000
897.000000 0.000000
898.000000 0.000000
899.000000 0.000000
900.000000 0.000000
901.000000 0.000000
902.000000 0.000000
903.000000 0.000000
904.000000 0.000000
905.000000 0.000000
906.000000 0.000000
907.000000 0.000000
908.000000 0.000000
909.000000 0.000000
910.000000 0.000000
911.000000 0.000000
912.000000 0.000000
913.000000 0.000000
914.000000 0.000000
915.000000 0.000000
916.000000 0.000000
917.000000 0.000000
918.000000 0.000000
919.000000 0.000000
920.000000 0.000000
921.000000 0.000000
922.000000 0.000000
923.000000 0.000000
924.000000 0.000000
925.000000 0.000000
926.000000 0.000000
927.000000 0.000000
928.000000 0.000000
929.000000 0.000000
930.000000 0.000000
931.000000 0.000000
932.000000 0.000000
933.000000 0.000000
934.000000 0.000000
935.000000 0.000000
936.000000 0.000000
937.000000 0.000000
938.000000 0.000000
939.000000 0.000000
940.000000 0.000000
941.000000 0.000000
942.000000 0.000000
943.000000 0.000000
944.000000 0.000000
945.000000 0.000000
946.000000 0.000000
947.000000 0.000000
948.000000 0.000000
949.000000 0.000000
950.000000 0.000000
951.000000 0.000000
952.000000 0.000000
953.000000 0.000000
954.000000 0.000000
955.000000 0.000000
956.000000 0.000000
957.000000 0.000000
958.000000 0.000000
959.000000 0.000000
960.000000 0.000000
961.000000 0.000000
962.000000 0.000000
963.000000 0.000000
964.000000 0.000000
965.000000 0.000000
966.000000 0.000000
967.000000 0.000000
968.000000 0.000000
969.000000 0.000000
970.000000 0.000000
971.000000 0.000000
972.000000 0.000000
973.000000 0.000000
974.000000 0.000000
975.000000 0.000000
976.000000 0.000000
977.000000 0.000000
978.000000 0.000000
979.000000 0.000000
980.000000 0.000000
981.000000 0.000000
982.000000 0.000000
983.000000 0.000000
984.000000 0.000000
985.000000 0.000000
986.000000 0.000000
987.000000 0.000000
988.000000 0.000000
989.000000 0.000000
990.000000 0.000000
991.000000 0.000000
992.000000 0.000000
993.000000 0.000000
994.000000 0.000000
995.000000 0.000000
996.000000 0.000000
997.000000 0.000000
998.000000 0.000000
999.000000 0.000000
1000.000000 0.000000
