n lam mean variance std
1000 0.090000 500.496722 30452.738686 174.507131
bin_midpoint probability
1.000000 0.000000
2.000000 0.000000
3.000000 0.000000
4.000000 0.000000
5.000000 0.000000
6.000000 0.000000
7.000000 0.000000
8.000000 0.000000
9.000000 0.000000
10.000000 0.000000
11.000000 0.000000
12.000000 0.000000
13.000000 0.000000
14.000000 0.000000
15.000000 0.000000
16.000000 0.000000
17.000000 0.000000
18.000000 0.000000
19.000000 0.000001
20.000000 0.000001
21.000000 0.000001
22.000000 0.000001
23.000000 0.000001
24.000000 0.000001
25.000000 0.000002
26.000000 0.000002
27.000000 0.000002
28.000000 0.000003
29.000000 0.000003
30.000000 0.000004
31.000000 0.000004
32.000000 0.000005
33.000000 0.000005
34.000000 0.000006
35.000000 0.000006
36.000000 0.000007
37.000000 0.000008
38.000000 0.000009
39.000000 0.000010
40.000000 0.000011
41.000000 0.000012
42.000000 0.000013
43.000000 0.000014
44.000000 0.000015
45.000000 0.000017
46.000000 0.000018
47.000000 0.000020
48.000000 0.000021
49.000000 0.000023
50.000000 0.000024
51.000000 0.000026
52.000000 0.000028
53.000000 0.000030
54.000000 0.000032
55.000000 0.000034
56.000000 0.000036
57.000000 0.000038
58.000000 0.000040
59.000000 0.000043
60.000000 0.000045
61.000000 0.000047
62.000000 0.000050
63.000000 0.000052
64.000000 0.000055
65.000000 0.000058
66.000000 0.000060
67.000000 0.000063
68.000000 0.000066
69.000000 0.000069
70.000000 0.000072
71.000000 0.000074
72.000000 0.000077
73.000000 0.000080
74.000000 0.000083
75.000000 0.000086
76.000000 0.000089
77.000000 0.000093
78.000000 0.000096
79.000000 0.000099
80.000000 0.000102
81.000000 0.000105
82.000000 0.000109
83.000000 0.000112
84.000000 0.000115
85.000000 0.000118
86.000000 0.000122
87.000000 0.000125
88.000000 0.000128
89.000000 0.000132
90.000000 0.000135
91.000000 0.000139
92.000000 0.000142
93.000000 0.000146
94.000000 0.000149
95.000000 0.000153
96.000000 0.000156
97.000000 0.000160
98.000000 0.000163
99.000000 0.000167
100.000000 0.000171
101.000000 0.000174
102.000000 0.000178
103.000000 0.000181
104.000000 0.000185
105.000000 0.000189
106.000000 0.000192
107.000000 0.000196
108.000000 0.000200
109.000000 0.000204
110.000000 0.000208
111.000000 0.000212
112.000000 0.000215
113.000000 0.000219
114.000000 0.000223
115.000000 0.000227
116.000000 0.000231
117.000000 0.000234
118.000000 0.000239
119.000000 0.000242
120.000000 0.000247
121.000000 0.000250
122.000000 0.000255
123.000000 0.000258
124.000000 0.000263
125.000000 0.000267
126.000000 0.000271
127.000000 0.000276
128.000000 0.000279
129.000000 0.000283
130.000000 0.000287
131.000000 0.000292
132.000000 0.000295
133.000000 0.000300
134.000000 0.000305
135.000000 0.000309
136.000000 0.000314
137.000000 0.000318
138.000000 0.000322
139.000000 0.000326
140.000000 0.000330
141.000000 0.000335
142.000000 0.000340
143.000000 0.000345
144.000000 0.000349
145.000000 0.000353
146.000000 0.000357
147.000000 0.000362
148.000000 0.000366
149.000000 0.000370
150.000000 0.000376
151.000000 0.000381
152.000000 0.000386
153.000000 0.000390
154.000000 0.000394
155.000000 0.000399
156.000000 0.000403
157.000000 0.000407
158.000000 0.000412
159.000000 0.000419
160.000000 0.000424
161.000000 0.000428
162.000000 0.000432
163.000000 0.000437
164.000000 0.000441
165.000000 0.000447
166.000000 0.000452
167.000000 0.000456
168.000000 0.000464
169.000000 0.000467
170.000000 0.000472
171.000000 0.000477
172.000000 0.000482
173.000000 0.000486
174.000000 0.000491
175.000000 0.000498
176.000000 0.000500
177.000000 0.000510
178.000000 0.000512
179.000000 0.000518
180.000000 0.000523
181.000000 0.000528
182.000000 0.000532
183.000000 0.000538
184.000000 0.000545
185.000000 0.000547
186.000000 0.000557
187.000000 0.000560
188.000000 0.000565
189.000000 0.000570
190.000000 0.000575
191.000000 0.000581
192.000000 0.000586
193.000000 0.000595
194.000000 0.000595
195.000000 0.000605
196.000000 0.000609
197.000000 0.000613
198.000000 0.000619
199.000000 0.000624
200.000000 0.000632
201.000000 0.000634
202.000000 0.000645
203.000000 0.000647
204.000000 0.000654
205.000000 0.000658
206.000000 0.000663
207.000000 0.000669
208.000000 0.000676
209.000000 0.000683
210.000000 0.000685
211.000000 0.000697
212.000000 0.000698
213.000000 0.000705
214.000000 0.000709
215.000000 0.000715
216.000000 0.000723
217.000000 0.000727
218.000000 0.000737
219.000000 0.000737
220.000000 0.000749
221.000000 0.000751
222.000000 0.000757
223.000000 0.000763
224.000000 0.000768
225.000000 0.000779
226.000000 0.000778
227.000000 0.000792
228.000000 0.000793
229.000000 0.000801
230.000000 0.000804
231.000000 0.000812
232.000000 0.000819
233.000000 0.000822
234.000000 0.000834
235.000000 0.000833
236.000000 0.000847
237.000000 0.000848
238.000000 0.000856
239.000000 0.000859
240.000000 0.000866
241.000000 0.000876
242.000000 0.000876
243.000000 0.000891
244.000000 0.000891
245.000000 0.000901
246.000000 0.000904
247.000000 0.000911
248.000000 0.000915
249.000000 0.000922
250.000000 0.000934
251.000000 0.000932
252.000000 0.000949
253.000000 0.000949
254.000000 0.000957
255.000000 0.000962
256.000000 0.000968
257.000000 0.000972
258.000000 0.000980
259.000000 0.000993
260.000000 0.000991
261.000000 0.001006
262.000000 0.001007
263.000000 0.001015
264.000000 0.001020
265.000000 0.001025
266.000000 0.001032
267.000000 0.001037
268.000000 0.001052
269.000000 0.001051
270.000000 0.001062
271.000000 0.001065
272.000000 0.001074
273.000000 0.001079
274.000000 0.001084
275.000000 0.001092
276.000000 0.001096
277.000000 0.001112
278.000000 0.001110
279.000000 0.001122
280.000000 0.001125
281.000000 0.001132
282.000000 0.001139
283.000000 0.001143
284.000000 0.001154
285.000000 0.001153
286.000000 0.001172
287.000000 0.001170
288.000000 0.001181
289.000000 0.001185
290.000000 0.001192
291.000000 0.001199
292.000000 0.001201
293.000000 0.001216
294.000000 0.001212
295.000000 0.001232
296.000000 0.001229
297.000000 0.001241
298.000000 0.001245
299.000000 0.001252
300.000000 0.001259
301.000000 0.001260
302.000000 0.001278
303.000000 0.001272
304.000000 0.001292
305.000000 0.001290
306.000000 0.001301
307.000000 0.001305
308.000000 0.001311
309.000000 0.001320
310.000000 0.001317
311.000000 0.001340
312.000000 0.001334
313.000000 0.001350
314.000000 0.001350
315.000000 0.001360
316.000000 0.001366
317.000000 0.001368
318.000000 0.001383
319.000000 0.001375
320.000000 0.001402
321.000000 0.001394
322.000000 0.001409
323.000000 0.001410
324.000000 0.001417
325.000000 0.001426
326.000000 0.001425
327.000000 0.001444
328.000000 0.001435
329.000000 0.001460
330.000000 0.001454
331.000000 0.001467
332.000000 0.001470
333.000000 0.001473
334.000000 0.001488
335.000000 0.001481
336.000000 0.001506
337.000000 0.001496
338.000000 0.001517
339.000000 0.001514
340.000000 0.001524
341.000000 0.001528
342.000000 0.001529
343.000000 0.001549
344.000000 0.001536
345.000000 0.001566
346.000000 0.001556
347.000000 0.001572
348.000000 0.001572
349.000000 0.001578
350.000000 0.001587
351.000000 0.001582
352.000000 0.001608
353.000000 0.001594
354.000000 0.001620
355.000000 0.001613
356.000000 0.001626
357.000000 0.001629
358.000000 0.001630
359.000000 0.001647
360.000000 0.001634
361.000000 0.001667
362.000000 0.001652
363.000000 0.001673
364.000000 0.001669
365.000000 0.001679
366.000000 0.001683
367.000000 0.001682
368.000000 0.001704
369.000000 0.001686
370.000000 0.001722
371.000000 0.001708
372.000000 0.001723
373.000000 0.001723
374.000000 0.001728
375.000000 0.001738
376.000000 0.001730
377.000000 0.001759
378.000000 0.001741
379.000000 0.001770
380.000000 0.001761
381.000000 0.001772
382.000000 0.001776
383.000000 0.001774
384.000000 0.001793
385.000000 0.001777
386.000000 0.001812
387.000000 0.001794
388.000000 0.001816
389.000000 0.001811
390.000000 0.001817
391.000000 0.001826
392.000000 0.001820
393.000000 0.001844
394.000000 0.001823
395.000000 0.001861
396.000000 0.001845
397.000000 0.001859
398.000000 0.001859
399.000000 0.001858
400.000000 0.001877
401.000000 0.001861
402.000000 0.001893
403.000000 0.001872
404.000000 0.001901
405.000000 0.001891
406.000000 0.001900
407.000000 0.001903
408.000000 0.001899
409.000000 0.001923
410.000000 0.001901
411.000000 0.001938
412.000000 0.001919
413.000000 0.001937
414.000000 0.001933
415.000000 0.001937
416.000000 0.001947
417.000000 0.001934
418.000000 0.001967
419.000000 0.001943
420.000000 0.001974
421.000000 0.001960
422.000000 0.001974
423.000000 0.001973
424.000000 0.001969
425.000000 0.001989
426.000000 0.001967
427.000000 0.002006
428.000000 0.001981
429.000000 0.002008
430.000000 0.001997
431.000000 0.002005
432.000000 0.002008
433.000000 0.002001
434.000000 0.002027
435.000000 0.001999
436.000000 0.002041
437.000000 0.002018
438.000000 0.002035
439.000000 0.002031
440.000000 0.002032
441.000000 0.002042
442.000000 0.002026
443.000000 0.002060
444.000000 0.002033
445.000000 0.002065
446.000000 0.002049
447.000000 0.002059
448.000000 0.002061
449.000000 0.002054
450.000000 0.002074
451.000000 0.002049
452.000000 0.002089
453.000000 0.002061
454.000000 0.002087
455.000000 0.002075
456.000000 0.002078
457.000000 0.002087
458.000000 0.002073
459.000000 0.002101
460.000000 0.002070
461.000000 0.002112
462.000000 0.002088
463.000000 0.002102
464.000000 0.002098
465.000000 0.002092
466.000000 0.002112
467.000000 0.002088
468.000000 0.002123
469.000000 0.002094
470.000000 0.002124
471.000000 0.002107
472.000000 0.002115
473.000000 0.002117
474.000000 0.002103
475.000000 0.002131
476.000000 0.002099
477.000000 0.002140
478.000000 0.002110
479.000000 0.002134
480.000000 0.002121
481.000000 0.002123
482.000000 0.002130
483.000000 0.002112
484.000000 0.002145
485.000000 0.002109
486.000000 0.002150
487.000000 0.002124
488.000000 0.002138
489.000000 0.002131
490.000000 0.002126
491.000000 0.002140
492.000000 0.002117
493.000000 0.002151
494.000000 0.002121
495.000000 0.002149
496.000000 0.002131
497.000000 0.002140
498.000000 0.002133
499.000000 0.002130
500.000000 0.002144
501.000000 0.002121
502.000000 0.002150
503.000000 0.002127
504.000000 0.002144
505.000000 0.002133
506.000000 0.002137
507.000000 0.002134
508.000000 0.002128
509.000000 0.002141
510.000000 0.002123
511.000000 0.002143
512.000000 0.002126
513.000000 0.002138
514.000000 0.002130
515.000000 0.002131
516.000000 0.002129
517.000000 0.002123
518.000000 0.002132
519.000000 0.002120
520.000000 0.002131
521.000000 0.002120
522.000000 0.002127
523.000000 0.002120
524.000000 0.002122
525.000000 0.002118
526.000000 0.002115
527.000000 0.002119
528.000000 0.002113
529.000000 0.002114
530.000000 0.002109
531.000000 0.002112
532.000000 0.002107
533.000000 0.002107
534.000000 0.002103
535.000000 0.002103
536.000000 0.002101
537.000000 0.002097
538.000000 0.002098
539.000000 0.002093
540.000000 0.002093
541.000000 0.002089
542.000000 0.002089
543.000000 0.002083
544.000000 0.002085
545.000000 0.002081
546.000000 0.002075
547.000000 0.002079
548.000000 0.002072
549.000000 0.002072
550.000000 0.002065
551.000000 0.002068
552.000000 0.002059
553.000000 0.002062
554.000000 0.002057
555.000000 0.002049
556.000000 0.002055
557.000000 0.002045
558.000000 0.002048
559.000000 0.002037
560.000000 0.002043
561.000000 0.002031
562.000000 0.002034
563.000000 0.002030
564.000000 0.002018
565.000000 0.002028
566.000000 0.002013
567.000000 0.002019
568.000000 0.002005
569.000000 0.002013
570.000000 0.002000
571.000000 0.002001
572.000000 0.002000
573.000000 0.001984
574.000000 0.001998
575.000000 0.001978
576.000000 0.001988
577.000000 0.001970
578.000000 0.001980
579.000000 0.001967
580.000000 0.001963
581.000000 0.001966
582.000000 0.001947
583.000000 0.001961
584.000000 0.001939
585.000000 0.001952
586.000000 0.001936
587.000000 0.001937
588.000000 0.001931
589.000000 0.001921
590.000000 0.001928
591.000000 0.001907
592.000000 0.001922
593.000000 0.001900
594.000000 0.001911
595.000000 0.001895
596.000000 0.001894
597.000000 0.001892
598.000000 0.001876
599.000000 0.001888
600.000000 0.001865
601.000000 0.001878
602.000000 0.001857
603.000000 0.001867
604.000000 0.001853
605.000000 0.001847
606.000000 0.001849
607.000000 0.001831
608.000000 0.001843
609.000000 0.001820
610.000000 0.001832
611.000000 0.001816
612.000000 0.001814
613.000000 0.001809
614.000000 0.001797
615.000000 0.001803
616.000000 0.001782
617.000000 0.001795
618.000000 0.001773
619.000000 0.001781
620.000000 0.001768
621.000000 0.001764
622.000000 0.001762
623.000000 0.001745
624.000000 0.001756
625.000000 0.001733
626.000000 0.001744
627.000000 0.001723
628.000000 0.001728
629.000000 0.001720
630.000000 0.001710
631.000000 0.001712
632.000000 0.001693
633.000000 0.001703
634.000000 0.001681
635.000000 0.001691
636.000000 0.001676
637.000000 0.001669
638.000000 0.001670
639.000000 0.001654
640.000000 0.001659
641.000000 0.001639
642.000000 0.001650
643.000000 0.001628
644.000000 0.001633
645.000000 0.001622
646.000000 0.001614
647.000000 0.001616
648.000000 0.001596
649.000000 0.001606
650.000000 0.001584
651.000000 0.001593
652.000000 0.001573
653.000000 0.001576
654.000000 0.001568
655.000000 0.001554
656.000000 0.001562
657.000000 0.001540
658.000000 0.001549
659.000000 0.001527
660.000000 0.001535
661.000000 0.001521
662.000000 0.001513
663.000000 0.001513
664.000000 0.001496
665.000000 0.001503
666.000000 0.001482
667.000000 0.001491
668.000000 0.001471
669.000000 0.001474
670.000000 0.001463
671.000000 0.001455
672.000000 0.001456
673.000000 0.001437
674.000000 0.001445
675.000000 0.001425
676.000000 0.001431
677.000000 0.001416
678.000000 0.001411
679.000000 0.001407
680.000000 0.001392
681.000000 0.001399
682.000000 0.001379
683.000000 0.001385
684.000000 0.001365
685.000000 0.001371
686.000000 0.001358
687.000000 0.001349
688.000000 0.001349
689.000000 0.001333
690.000000 0.001338
691.000000 0.001318
692.000000 0.001326
693.000000 0.001307
694.000000 0.001308
695.000000 0.001298
696.000000 0.001289
697.000000 0.001290
698.000000 0.001272
699.000000 0.001279
700.000000 0.001260
701.000000 0.001264
702.000000 0.001250
703.000000 0.001244
704.000000 0.001241
705.000000 0.001227
706.000000 0.001232
707.000000 0.001213
708.000000 0.001218
709.000000 0.001199
710.000000 0.001203
711.000000 0.001192
712.000000 0.001183
713.000000 0.001182
714.000000 0.001167
715.000000 0.001171
716.000000 0.001153
717.000000 0.001158
718.000000 0.001141
719.000000 0.001141
720.000000 0.001132
721.000000 0.001123
722.000000 0.001123
723.000000 0.001106
724.000000 0.001112
725.000000 0.001094
726.000000 0.001097
727.000000 0.001085
728.000000 0.001078
729.000000 0.001075
730.000000 0.001061
731.000000 0.001065
732.000000 0.001048
733.000000 0.001051
734.000000 0.001035
735.000000 0.001037
736.000000 0.001027
737.000000 0.001018
738.000000 0.001018
739.000000 0.001003
740.000000 0.001006
741.000000 0.000989
742.000000 0.000993
743.000000 0.000979
744.000000 0.000976
745.000000 0.000969
746.000000 0.000960
747.000000 0.000960
748.000000 0.000944
749.000000 0.000948
750.000000 0.000933
751.000000 0.000934
752.000000 0.000923
753.000000 0.000916
754.000000 0.000914
755.000000 0.000901
756.000000 0.000904
757.000000 0.000888
758.000000 0.000890
759.000000 0.000876
760.000000 0.000876
761.000000 0.000868
762.000000 0.000859
763.000000 0.000858
764.000000 0.000845
765.000000 0.000846
766.000000 0.000832
767.000000 0.000833
768.000000 0.000824
769.000000 0.000818
770.000000 0.000813
771.000000 0.000804
772.000000 0.000803
773.000000 0.000789
774.000000 0.000792
775.000000 0.000779
776.000000 0.000777
777.000000 0.000770
778.000000 0.000762
779.000000 0.000760
780.000000 0.000748
781.000000 0.000750
782.000000 0.000737
783.000000 0.000737
784.000000 0.000725
785.000000 0.000723
786.000000 0.000718
787.000000 0.000708
788.000000 0.000707
789.000000 0.000696
790.000000 0.000696
791.000000 0.000684
792.000000 0.000684
793.000000 0.000676
794.000000 0.000669
795.000000 0.000666
796.000000 0.000657
797.000000 0.000656
798.000000 0.000644
799.000000 0.000645
800.000000 0.000634
801.000000 0.000632
802.000000 0.000626
803.000000 0.000618
804.000000 0.000617
805.000000 0.000605
806.000000 0.000606
807.000000 0.000595
808.000000 0.000594
809.000000 0.000585
810.000000 0.000582
811.000000 0.000577
812.000000 0.000568
813.000000 0.000568
814.000000 0.000557
815.000000 0.000557
816.000000 0.000546
817.000000 0.000546
818.000000 0.000539
819.000000 0.000532
820.000000 0.000529
821.000000 0.000521
822.000000 0.000520
823.000000 0.000510
824.000000 0.000510
825.000000 0.000500
826.000000 0.000498
827.000000 0.000493
828.000000 0.000485
829.000000 0.000484
830.000000 0.000474
831.000000 0.000474
832.000000 0.000465
833.000000 0.000463
834.000000 0.000456
835.000000 0.000452
836.000000 0.000448
837.000000 0.000440
838.000000 0.000440
839.000000 0.000430
840.000000 0.000429
841.000000 0.000421
842.000000 0.000419
843.000000 0.000413
844.000000 0.000407
845.000000 0.000405
846.000000 0.000398
847.000000 0.000396
848.000000 0.000387
849.000000 0.000387
850.000000 0.000379
851.000000 0.000376
852.000000 0.000372
853.000000 0.000365
854.000000 0.000364
855.000000 0.000355
856.000000 0.000355
857.000000 0.000347
858.000000 0.000345
859.000000 0.000339
860.000000 0.000335
861.000000 0.000332
862.000000 0.000325
863.000000 0.000324
864.000000 0.000316
865.000000 0.000315
866.000000 0.000307
867.000000 0.000305
868.000000 0.000301
869.000000 0.000295
870.000000 0.000293
871.000000 0.000287
872.000000 0.000285
873.000000 0.000278
874.000000 0.000276
875.000000 0.000270
876.000000 0.000267
877.000000 0.000263
878.000000 0.000258
879.000000 0.000256
880.000000 0.000249
881.000000 0.000248
882.000000 0.000242
883.000000 0.000239
884.000000 0.000234
885.000000 0.000230
886.000000 0.000228
887.000000 0.000222
888.000000 0.000220
889.000000 0.000214
890.000000 0.000212
891.000000 0.000207
892.000000 0.000204
893.000000 0.000200
894.000000 0.000196
895.000000 0.000193
896.000000 0.000188
897.000000 0.000186
898.000000 0.000181
899.000000 0.000178
900.000000 0.000174
901.000000 0.000171
902.000000 0.000167
903.000000 0.000163
904.000000 0.000161
905.000000 0.000155
906.000000 0.000153
907.000000 0.000149
908.000000 0.000146
909.000000 0.000142
910.000000 0.000138
911.000000 0.000136
912.000000 0.000131
913.000000 0.000129
914.000000 0.000125
915.000000 0.000122
916.000000 0.000118
917.000000 0.000115
918.000000 0.000112
919.000000 0.000108
920.000000 0.000106
921.000000 0.000102
922.000000 0.000099
923.000000 0.000095
924.000000 0.000093
925.000000 0.000089
926.000000 0.000086
927.000000 0.000084
928.000000 0.000080
929.000000 0.000078
930.000000 0.000074
931.000000 0.000072
932.000000 0.000068
933.000000 0.000066
934.000000 0.000063
935.000000 0.000060
936.000000 0.000058
937.000000 0.000055
938.000000 0.000053
939.000000 0.000050
940.000000 0.000047
941.000000 0.000045
942.000000 0.000043
943.000000 0.000040
944.000000 0.000038
945.000000 0.000036
946.000000 0.000034
947.000000 0.000032
948.000000 0.000030
949.000000 0.000028
950.000000 0.000026
951.000000 0.000024
952.000000 0.000023
953.000000 0.000021
954.000000 0.000020
955.000000 0.000018
956.000000 0.000017
957.000000 0.000015
958.000000 0.000014
959.000000 0.000013
960.000000 0.000012
961.000000 0.000011
962.000000 0.000010
963.000000 0.000009
964.000000 0.000008
965.000000 0.000007
966.000000 0.000006
967.000000 0.000006
968.000000 0.000005
969.000000 0.000005
970.000000 0.000004
971.000000 0.000003
972.000000 0.000003
973.000000 0.000003
974.000000 0.000002
975.000000 0.000002
976.000000 0.000002
977.000000 0.000001
978.000000 0.000001
979.000000 0.000001
980.000000 0.000001
981.000000 0.000001
982.000000 0.000001
983.000000 0.000000
984.000000 0.000000
985.000000 0.000000
986.000000 0.000000
987.000000 0.000000
988.000000 0.000000
989.000000 0.000000
990.000000 0.000000
991.000000 0.000000
992.000000 0.000000
993.000000 0.000000
994.000000 0.000000
995.000000 0.000000
996.000000 0.000000
997.000000 0.000000
998.000000 0.000000
999.000000 0.000000
1000.000000 0.000000
