n lam mean variance std
1000 0.550000 500.466140 11557.216577 107.504496
bin_midpoint probability
1.000000 0.000000
2.000000 0.000000
3.000000 0.000000
4.000000 0.000000
5.000000 0.000000
6.000000 0.000000
7.000000 0.000000
8.000000 0.000000
9.000000 0.000000
10.000000 0.000000
11.000000 0.000000
12.000000 0.000000
13.000000 0.000000
14.000000 0.000000
15.000000 0.000000
16.000000 0.000000
17.000000 0.000000
18.000000 0.000000
19.000000 0.000000
20.000000 0.000000
21.000000 0.000000
22.000000 0.000000
23.000000 0.000000
24.000000 0.000000
25.000000 0.000000
26.000000 0.000000
27.000000 0.000000
28.000000 0.000000
29.000000 0.000000
30.000000 0.000000
31.000000 0.000000
32.000000 0.000000
33.000000 0.000000
34.000000 0.000000
35.000000 0.000000
36.000000 0.000000
37.000000 0.000000
38.000000 0.000000
39.000000 0.000000
40.000000 0.000000
41.000000 0.000000
42.000000 0.000000
43.000000 0.000000
44.000000 0.000000
45.000000 0.000000
46.000000 0.000000
47.000000 0.000000
48.000000 0.000000
49.000000 0.000000
50.000000 0.000000
51.000000 0.000000
52.000000 0.000000
53.000000 0.000000
54.000000 0.000000
55.000000 0.000000
56.000000 0.000000
57.000000 0.000000
58.000000 0.000000
59.000000 0.000000
60.000000 0.000000
61.000000 0.000000
62.000000 0.000000
63.000000 0.000000
64.000000 0.000000
65.000000 0.000000
66.000000 0.000000
67.000000 0.000000
68.000000 0.000000
69.000000 0.000000
70.000000 0.000000
71.000000 0.000000
72.000000 0.000000
73.000000 0.000000
74.000000 0.000000
75.000000 0.000000
76.000000 0.000000
77.000000 0.000000
78.000000 0.000000
79.000000 0.000000
80.000000 0.000000
81.000000 0.000000
82.000000 0.000000
83.000000 0.000000
84.000000 0.000000
85.000000 0.000000
86.000000 0.000000
87.000000 0.000000
88.000000 0.000000
89.000000 0.000000
90.000000 0.000000
91.000000 0.000000
92.000000 0.000000
93.000000 0.000000
94.000000 0.000000
95.000000 0.000000
96.000000 0.000000
97.000000 0.000000
98.000000 0.000000
99.000000 0.000000
100.000000 0.000000
101.000000 0.000000
102.000000 0.000000
103.000000 0.000000
104.000000 0.000000
105.000000 0.000000
106.000000 0.000000
107.000000 0.000000
108.000000 0.000000
109.000000 0.000000
110.000000 0.000000
111.000000 0.000000
112.000000 0.000000
113.000000 0.000000
114.000000 0.000000
115.000000 0.000000
116.000000 0.000000
117.000000 0.000000
118.000000 0.000000
119.000000 0.000000
120.000000 0.000000
121.000000 0.000000
122.000000 0.000000
123.000000 0.000000
124.000000 0.000000
125.000000 0.000000
126.000000 0.000000
127.000000 0.000001
128.000000 0.000001
129.000000 0.000001
130.000000 0.000001
131.000000 0.000001
132.000000 0.000001
133.000000 0.000001
134.000000 0.000001
135.000000 0.000001
136.000000 0.000001
137.000000 0.000001
138.000000 0.000001
139.000000 0.000001
140.000000 0.000001
141.000000 0.000002
142.000000 0.000002
143.000000 0.000002
144.000000 0.000002
145.000000 0.000002
146.000000 0.000002
147.000000 0.000002
148.000000 0.000003
149.000000 0.000003
150.000000 0.000003
151.000000 0.000003
152.000000 0.000003
153.000000 0.000004
154.000000 0.000004
155.000000 0.000004
156.000000 0.000004
157.000000 0.000005
158.000000 0.000005
159.000000 0.000005
160.000000 0.000006
161.000000 0.000006
162.000000 0.000006
163.000000 0.000007
164.000000 0.000007
165.000000 0.000008
166.000000 0.000008
167.000000 0.000008
168.000000 0.000009
169.000000 0.000009
170.000000 0.000010
171.000000 0.000011
172.000000 0.000011
173.000000 0.000012
174.000000 0.000012
175.000000 0.000013
176.000000 0.000014
177.000000 0.000014
178.000000 0.000015
179.000000 0.000016
180.000000 0.000017
181.000000 0.000018
182.000000 0.000019
183.000000 0.000019
184.000000 0.000020
185.000000 0.000022
186.000000 0.000023
187.000000 0.000024
188.000000 0.000025
189.000000 0.000026
190.000000 0.000027
191.000000 0.000028
192.000000 0.000030
193.000000 0.000031
194.000000 0.000032
195.000000 0.000034
196.000000 0.000035
197.000000 0.000037
198.000000 0.000039
199.000000 0.000040
200.000000 0.000042
201.000000 0.000044
202.000000 0.000046
203.000000 0.000047
204.000000 0.000050
205.000000 0.000052
206.000000 0.000054
207.000000 0.000056
208.000000 0.000058
209.000000 0.000061
210.000000 0.000063
211.000000 0.000065
212.000000 0.000068
213.000000 0.000070
214.000000 0.000073
215.000000 0.000076
216.000000 0.000079
217.000000 0.000081
218.000000 0.000085
219.000000 0.000087
220.000000 0.000091
221.000000 0.000094
222.000000 0.000097
223.000000 0.000101
224.000000 0.000104
225.000000 0.000108
226.000000 0.000111
227.000000 0.000115
228.000000 0.000119
229.000000 0.000123
230.000000 0.000127
231.000000 0.000132
232.000000 0.000136
233.000000 0.000140
234.000000 0.000145
235.000000 0.000149
236.000000 0.000154
237.000000 0.000159
238.000000 0.000164
239.000000 0.000168
240.000000 0.000174
241.000000 0.000178
242.000000 0.000185
243.000000 0.000190
244.000000 0.000194
245.000000 0.000201
246.000000 0.000207
247.000000 0.000213
248.000000 0.000219
249.000000 0.000225
250.000000 0.000231
251.000000 0.000238
252.000000 0.000244
253.000000 0.000251
254.000000 0.000258
255.000000 0.000264
256.000000 0.000272
257.000000 0.000279
258.000000 0.000286
259.000000 0.000294
260.000000 0.000302
261.000000 0.000309
262.000000 0.000317
263.000000 0.000325
264.000000 0.000334
265.000000 0.000342
266.000000 0.000349
267.000000 0.000359
268.000000 0.000367
269.000000 0.000376
270.000000 0.000386
271.000000 0.000394
272.000000 0.000403
273.000000 0.000413
274.000000 0.000421
275.000000 0.000432
276.000000 0.000443
277.000000 0.000451
278.000000 0.000463
279.000000 0.000472
280.000000 0.000481
281.000000 0.000494
282.000000 0.000505
283.000000 0.000515
284.000000 0.000526
285.000000 0.000536
286.000000 0.000548
287.000000 0.000560
288.000000 0.000571
289.000000 0.000583
290.000000 0.000594
291.000000 0.000606
292.000000 0.000620
293.000000 0.000631
294.000000 0.000644
295.000000 0.000656
296.000000 0.000667
297.000000 0.000682
298.000000 0.000694
299.000000 0.000707
300.000000 0.000722
301.000000 0.000734
302.000000 0.000746
303.000000 0.000764
304.000000 0.000775
305.000000 0.000789
306.000000 0.000804
307.000000 0.000815
308.000000 0.000833
309.000000 0.000847
310.000000 0.000861
311.000000 0.000876
312.000000 0.000892
313.000000 0.000903
314.000000 0.000922
315.000000 0.000937
316.000000 0.000950
317.000000 0.000968
318.000000 0.000980
319.000000 0.000999
320.000000 0.001014
321.000000 0.001031
322.000000 0.001045
323.000000 0.001062
324.000000 0.001078
325.000000 0.001095
326.000000 0.001113
327.000000 0.001127
328.000000 0.001146
329.000000 0.001157
330.000000 0.001183
331.000000 0.001195
332.000000 0.001212
333.000000 0.001231
334.000000 0.001244
335.000000 0.001266
336.000000 0.001284
337.000000 0.001301
338.000000 0.001316
339.000000 0.001336
340.000000 0.001349
341.000000 0.001373
342.000000 0.001391
343.000000 0.001406
344.000000 0.001423
345.000000 0.001444
346.000000 0.001462
347.000000 0.001482
348.000000 0.001503
349.000000 0.001513
350.000000 0.001535
351.000000 0.001551
352.000000 0.001574
353.000000 0.001593
354.000000 0.001609
355.000000 0.001628
356.000000 0.001646
357.000000 0.001669
358.000000 0.001684
359.000000 0.001706
360.000000 0.001722
361.000000 0.001741
362.000000 0.001758
363.000000 0.001782
364.000000 0.001801
365.000000 0.001817
366.000000 0.001839
367.000000 0.001852
368.000000 0.001876
369.000000 0.001896
370.000000 0.001912
371.000000 0.001935
372.000000 0.001951
373.000000 0.001968
374.000000 0.001989
375.000000 0.002014
376.000000 0.002027
377.000000 0.002046
378.000000 0.002065
379.000000 0.002082
380.000000 0.002106
381.000000 0.002125
382.000000 0.002144
383.000000 0.002156
384.000000 0.002181
385.000000 0.002197
386.000000 0.002220
387.000000 0.002238
388.000000 0.002249
389.000000 0.002272
390.000000 0.002293
391.000000 0.002313
392.000000 0.002327
393.000000 0.002353
394.000000 0.002360
395.000000 0.002382
396.000000 0.002405
397.000000 0.002418
398.000000 0.002441
399.000000 0.002455
400.000000 0.002473
401.000000 0.002489
402.000000 0.002516
403.000000 0.002526
404.000000 0.002547
405.000000 0.002560
406.000000 0.002573
407.000000 0.002600
408.000000 0.002617
409.000000 0.002634
410.000000 0.002641
411.000000 0.002668
412.000000 0.002679
413.000000 0.002701
414.000000 0.002717
415.000000 0.002728
416.000000 0.002745
417.000000 0.002763
418.000000 0.002783
419.000000 0.002793
420.000000 0.002813
421.000000 0.002825
422.000000 0.002842
423.000000 0.002860
424.000000 0.002870
425.000000 0.002886
426.000000 0.002906
427.000000 0.002921
428.000000 0.002927
429.000000 0.002949
430.000000 0.002959
431.000000 0.002979
432.000000 0.002992
433.000000 0.002997
434.000000 0.003015
435.000000 0.003034
436.000000 0.003047
437.000000 0.003055
438.000000 0.003072
439.000000 0.003078
440.000000 0.003099
441.000000 0.003112
442.000000 0.003117
443.000000 0.003131
444.000000 0.003146
445.000000 0.003160
446.000000 0.003166
447.000000 0.003182
448.000000 0.003189
449.000000 0.003206
450.000000 0.003214
451.000000 0.003220
452.000000 0.003231
453.000000 0.003250
454.000000 0.003259
455.000000 0.003260
456.000000 0.003277
457.000000 0.003281
458.000000 0.003298
459.000000 0.003306
460.000000 0.003308
461.000000 0.003316
462.000000 0.003333
463.000000 0.003342
464.000000 0.003343
465.000000 0.003356
466.000000 0.003364
467.000000 0.003366
468.000000 0.003381
469.000000 0.003379
470.000000 0.003394
471.000000 0.003401
472.000000 0.003399
473.000000 0.003407
474.000000 0.003419
475.000000 0.003426
476.000000 0.003431
477.000000 0.003435
478.000000 0.003426
479.000000 0.003447
480.000000 0.003452
481.000000 0.003456
482.000000 0.003453
483.000000 0.003454
484.000000 0.003469
485.000000 0.003472
486.000000 0.003475
487.000000 0.003469
488.000000 0.003480
489.000000 0.003478
490.000000 0.003487
491.000000 0.003489
492.000000 0.003482
493.000000 0.003492
494.000000 0.003487
495.000000 0.003496
496.000000 0.003494
497.000000 0.003498
498.000000 0.003491
499.000000 0.003498
500.000000 0.003492
501.000000 0.003497
502.000000 0.003499
503.000000 0.003492
504.000000 0.003497
505.000000 0.003487
506.000000 0.003496
507.000000 0.003494
508.000000 0.003493
509.000000 0.003483
510.000000 0.003486
511.000000 0.003480
512.000000 0.003484
513.000000 0.003481
514.000000 0.003468
515.000000 0.003475
516.000000 0.003465
517.000000 0.003468
518.000000 0.003464
519.000000 0.003457
520.000000 0.003449
521.000000 0.003451
522.000000 0.003440
523.000000 0.003439
524.000000 0.003436
525.000000 0.003424
526.000000 0.003425
527.000000 0.003413
528.000000 0.003411
529.000000 0.003407
530.000000 0.003400
531.000000 0.003387
532.000000 0.003383
533.000000 0.003374
534.000000 0.003372
535.000000 0.003365
536.000000 0.003350
537.000000 0.003346
538.000000 0.003335
539.000000 0.003332
540.000000 0.003323
541.000000 0.003311
542.000000 0.003300
543.000000 0.003296
544.000000 0.003282
545.000000 0.003277
546.000000 0.003265
547.000000 0.003252
548.000000 0.003247
549.000000 0.003232
550.000000 0.003223
551.000000 0.003216
552.000000 0.003205
553.000000 0.003188
554.000000 0.003182
555.000000 0.003164
556.000000 0.003159
557.000000 0.003147
558.000000 0.003129
559.000000 0.003119
560.000000 0.003106
561.000000 0.003098
562.000000 0.003085
563.000000 0.003071
564.000000 0.003051
565.000000 0.003046
566.000000 0.003029
567.000000 0.003018
568.000000 0.003001
569.000000 0.002986
570.000000 0.002977
571.000000 0.002959
572.000000 0.002948
573.000000 0.002930
574.000000 0.002919
575.000000 0.002900
576.000000 0.002889
577.000000 0.002868
578.000000 0.002859
579.000000 0.002843
580.000000 0.002824
581.000000 0.002812
582.000000 0.002790
583.000000 0.002780
584.000000 0.002764
585.000000 0.002748
586.000000 0.002725
587.000000 0.002715
588.000000 0.002697
589.000000 0.002682
590.000000 0.002665
591.000000 0.002642
592.000000 0.002632
593.000000 0.002613
594.000000 0.002597
595.000000 0.002576
596.000000 0.002562
597.000000 0.002543
598.000000 0.002527
599.000000 0.002508
600.000000 0.002488
601.000000 0.002474
602.000000 0.002454
603.000000 0.002438
604.000000 0.002415
605.000000 0.002402
606.000000 0.002384
607.000000 0.002365
608.000000 0.002345
609.000000 0.002325
610.000000 0.002309
611.000000 0.002292
612.000000 0.002273
613.000000 0.002249
614.000000 0.002236
615.000000 0.002216
616.000000 0.002198
617.000000 0.002179
618.000000 0.002157
619.000000 0.002140
620.000000 0.002123
621.000000 0.002103
622.000000 0.002081
623.000000 0.002066
624.000000 0.002046
625.000000 0.002028
626.000000 0.002008
627.000000 0.001986
628.000000 0.001970
629.000000 0.001951
630.000000 0.001931
631.000000 0.001909
632.000000 0.001894
633.000000 0.001875
634.000000 0.001856
635.000000 0.001836
636.000000 0.001814
637.000000 0.001798
638.000000 0.001779
639.000000 0.001760
640.000000 0.001737
641.000000 0.001722
642.000000 0.001704
643.000000 0.001684
644.000000 0.001665
645.000000 0.001643
646.000000 0.001628
647.000000 0.001609
648.000000 0.001590
649.000000 0.001570
650.000000 0.001552
651.000000 0.001535
652.000000 0.001516
653.000000 0.001498
654.000000 0.001477
655.000000 0.001459
656.000000 0.001443
657.000000 0.001424
658.000000 0.001404
659.000000 0.001388
660.000000 0.001369
661.000000 0.001353
662.000000 0.001334
663.000000 0.001315
664.000000 0.001299
665.000000 0.001280
666.000000 0.001264
667.000000 0.001245
668.000000 0.001229
669.000000 0.001212
670.000000 0.001194
671.000000 0.001178
672.000000 0.001159
673.000000 0.001144
674.000000 0.001127
675.000000 0.001110
676.000000 0.001094
677.000000 0.001078
678.000000 0.001060
679.000000 0.001045
680.000000 0.001028
681.000000 0.001013
682.000000 0.000998
683.000000 0.000980
684.000000 0.000966
685.000000 0.000949
686.000000 0.000935
687.000000 0.000920
688.000000 0.000905
689.000000 0.000889
690.000000 0.000874
691.000000 0.000861
692.000000 0.000846
693.000000 0.000831
694.000000 0.000816
695.000000 0.000802
696.000000 0.000789
697.000000 0.000775
698.000000 0.000761
699.000000 0.000747
700.000000 0.000732
701.000000 0.000720
702.000000 0.000707
703.000000 0.000694
704.000000 0.000681
705.000000 0.000667
706.000000 0.000656
707.000000 0.000643
708.000000 0.000630
709.000000 0.000618
710.000000 0.000606
711.000000 0.000593
712.000000 0.000582
713.000000 0.000571
714.000000 0.000559
715.000000 0.000548
716.000000 0.000535
717.000000 0.000525
718.000000 0.000514
719.000000 0.000503
720.000000 0.000493
721.000000 0.000482
722.000000 0.000471
723.000000 0.000462
724.000000 0.000451
725.000000 0.000441
726.000000 0.000432
727.000000 0.000421
728.000000 0.000412
729.000000 0.000403
730.000000 0.000394
731.000000 0.000385
732.000000 0.000376
733.000000 0.000366
734.000000 0.000358
735.000000 0.000350
736.000000 0.000341
737.000000 0.000333
738.000000 0.000324
739.000000 0.000317
740.000000 0.000309
741.000000 0.000301
742.000000 0.000293
743.000000 0.000286
744.000000 0.000278
745.000000 0.000271
746.000000 0.000264
747.000000 0.000257
748.000000 0.000251
749.000000 0.000244
750.000000 0.000237
751.000000 0.000231
752.000000 0.000225
753.000000 0.000218
754.000000 0.000212
755.000000 0.000206
756.000000 0.000201
757.000000 0.000195
758.000000 0.000189
759.000000 0.000184
760.000000 0.000178
761.000000 0.000173
762.000000 0.000168
763.000000 0.000163
764.000000 0.000158
765.000000 0.000153
766.000000 0.000149
767.000000 0.000144
768.000000 0.000140
769.000000 0.000135
770.000000 0.000131
771.000000 0.000127
772.000000 0.000123
773.000000 0.000119
774.000000 0.000115
775.000000 0.000111
776.000000 0.000107
777.000000 0.000104
778.000000 0.000100
779.000000 0.000097
780.000000 0.000094
781.000000 0.000090
782.000000 0.000087
783.000000 0.000084
784.000000 0.000081
785.000000 0.000078
786.000000 0.000076
787.000000 0.000073
788.000000 0.000070
789.000000 0.000068
790.000000 0.000065
791.000000 0.000063
792.000000 0.000060
793.000000 0.000058
794.000000 0.000056
795.000000 0.000054
796.000000 0.000051
797.000000 0.000049
798.000000 0.000047
799.000000 0.000046
800.000000 0.000044
801.000000 0.000042
802.000000 0.000040
803.000000 0.000039
804.000000 0.000037
805.000000 0.000035
806.000000 0.000034
807.000000 0.000032
808.000000 0.000031
809.000000 0.000030
810.000000 0.000028
811.000000 0.000027
812.000000 0.000026
813.000000 0.000025
814.000000 0.000024
815.000000 0.000022
816.000000 0.000021
817.000000 0.000020
818.000000 0.000019
819.000000 0.000019
820.000000 0.000018
821.000000 0.000017
822.000000 0.000016
823.000000 0.000015
824.000000 0.000014
825.000000 0.000014
826.000000 0.000013
827.000000 0.000012
828.000000 0.000012
829.000000 0.000011
830.000000 0.000010
831.000000 0.000010
832.000000 0.000009
833.000000 0.000009
834.000000 0.000008
835.000000 0.000008
836.000000 0.000008
837.000000 0.000007
838.000000 0.000007
839.000000 0.000006
840.000000 0.000006
841.000000 0.000006
842.000000 0.000005
843.000000 0.000005
844.000000 0.000005
845.000000 0.000004
846.000000 0.000004
847.000000 0.000004
848.000000 0.000004
849.000000 0.000003
850.000000 0.000003
851.000000 0.000003
852.000000 0.000003
853.000000 0.000003
854.000000 0.000002
855.000000 0.000002
856.000000 0.000002
857.000000 0.000002
858.000000 0.000002
859.000000 0.000002
860.000000 0.000002
861.000000 0.000001
862.000000 0.000001
863.000000 0.000001
864.000000 0.000001
865.000000 0.000001
866.000000 0.000001
867.000000 0.000001
868.000000 0.000001
869.000000 0.000001
870.000000 0.000001
871.000000 0.000001
872.000000 0.000001
873.000000 0.000001
874.000000 0.000001
875.000000 0.000000
876.000000 0.000000
877.000000 0.000000
878.000000 0.000000
879.000000 0.000000
880.000000 0.000000
881.000000 0.000000
882.000000 0.000000
883.000000 0.000000
884.000000 0.000000
885.000000 0.000000
886.000000 0.000000
887.000000 0.000000
888.000000 0.000000
889.000000 0.000000
890.000000 0.000000
891.000000 0.000000
892.000000 0.000000
893.000000 0.000000
894.000000 0.000000
895.000000 0.000000
896.000000 0.000000
897.000000 0.000000
898.000000 0.000000
899.000000 0.000000
900.000000 0.000000
901.000000 0.000000
902.000000 0.000000
903.000000 0.000000
904.000000 0.000000
905.000000 0.000000
906.000000 0.000000
907.000000 0.000000
908.000000 0.000000
909.000000 0.000000
910.000000 0.000000
911.000000 0.000000
912.000000 0.000000
913.000000 0.000000
914.000000 0.000000
915.000000 0.000000
916.000000 0.000000
917.000000 0.000000
918.000000 0.000000
919.000000 0.000000
920.000000 0.000000
921.000000 0.000000
922.000000 0.000000
923.000000 0.000000
924.000000 0.000000
925.000000 0.000000
926.000000 0.000000
927.000000 0.000000
928.000000 0.000000
929.000000 0.000000
930.000000 0.000000
931.000000 0.000000
932.000000 0.000000
933.000000 0.000000
934.000000 0.000000
935.000000 0.000000
936.000000 0.000000
937.000000 0.000000
938.000000 0.000000
939.000000 0.000000
940.000000 0.000000
941.000000 0.000000
942.000000 0.000000
943.000000 0.000000
944.000000 0.000000
945.000000 0.000000
946.000000 0.000000
947.000000 0.000000
948.000000 0.000000
949.000000 0.000000
950.000000 0.000000
951.000000 0.000000
952.000000 0.000000
953.000000 0.000000
954.000000 0.000000
955.000000 0.000000
956.000000 0.000000
957.000000 0.000000
958.000000 0.000000
959.000000 0.000000
960.000000 0.000000
961.000000 0.000000
962.000000 0.000000
963.000000 0.000000
964.000000 0.000000
965.000000 0.000000
966.000000 0.000000
967.000000 0.000000
968.000000 0.000000
969.000000 0.000000
970.000000 0.000000
971.000000 0.000000
972.000000 0.000000
973.000000 0.000000
974.000000 0.000000
975.000000 0.000000
976.000000 0.000000
977.000000 0.000000
978.000000 0.000000
979.000000 0.000000
980.000000 0.000000
981.000000 0.000000
982.000000 0.000000
983.000000 0.000000
984.000000 0.000000
985.000000 0.000000
986.000000 0.000000
987.000000 0.000000
988.000000 0.000000
989.000000 0.000000
990.000000 0.000000
991.000000 0.000000
992.000000 0.000000
993.000000 0.000000
994.000000 0.000000
995.000000 0.000000
996.000000 0.000000
997.000000 0.000000
998.000000 0.000000
999.000000 0.000000
1000.000000 0.000000
