n lam mean variance std
1000 0.040000 500.500000 33140.805688 182.046164
bin_midpoint probability
1.000000 0.000000
2.000000 0.000000
3.000000 0.000000
4.000000 0.000000
5.000000 0.000000
6.000000 0.000000
7.000000 0.000000
8.000000 0.000000
9.000000 0.000000
10.000000 0.000000
11.000000 0.000001
12.000000 0.000001
13.000000 0.000001
14.000000 0.000002
15.000000 0.000002
16.000000 0.000003
17.000000 0.000003
18.000000 0.000004
19.000000 0.000005
20.000000 0.000006
21.000000 0.000007
22.000000 0.000009
23.000000 0.000010
24.000000 0.000012
25.000000 0.000013
26.000000 0.000015
27.000000 0.000017
28.000000 0.000019
29.000000 0.000021
30.000000 0.000023
31.000000 0.000025
32.000000 0.000027
33.000000 0.000030
34.000000 0.000032
35.000000 0.000034
36.000000 0.000037
37.000000 0.000039
38.000000 0.000042
39.000000 0.000044
40.000000 0.000047
41.000000 0.000049
42.000000 0.000052
43.000000 0.000055
44.000000 0.000057
45.000000 0.000060
46.000000 0.000062
47.000000 0.000065
48.000000 0.000068
49.000000 0.000070
50.000000 0.000073
51.000000 0.000076
52.000000 0.000078
53.000000 0.000081
54.000000 0.000084
55.000000 0.000087
56.000000 0.000089
57.000000 0.000092
58.000000 0.000095
59.000000 0.000098
60.000000 0.000101
61.000000 0.000103
62.000000 0.000106
63.000000 0.000109
64.000000 0.000112
65.000000 0.000115
66.000000 0.000118
67.000000 0.000121
68.000000 0.000124
69.000000 0.000127
70.000000 0.000130
71.000000 0.000133
72.000000 0.000136
73.000000 0.000139
74.000000 0.000142
75.000000 0.000145
76.000000 0.000148
77.000000 0.000151
78.000000 0.000154
79.000000 0.000157
80.000000 0.000161
81.000000 0.000164
82.000000 0.000167
83.000000 0.000170
84.000000 0.000173
85.000000 0.000177
86.000000 0.000180
87.000000 0.000183
88.000000 0.000186
89.000000 0.000190
90.000000 0.000193
91.000000 0.000196
92.000000 0.000200
93.000000 0.000203
94.000000 0.000207
95.000000 0.000210
96.000000 0.000213
97.000000 0.000217
98.000000 0.000220
99.000000 0.000224
100.000000 0.000227
101.000000 0.000231
102.000000 0.000234
103.000000 0.000238
104.000000 0.000241
105.000000 0.000245
106.000000 0.000249
107.000000 0.000252
108.000000 0.000256
109.000000 0.000260
110.000000 0.000263
111.000000 0.000267
112.000000 0.000271
113.000000 0.000274
114.000000 0.000278
115.000000 0.000282
116.000000 0.000286
117.000000 0.000289
118.000000 0.000293
119.000000 0.000297
120.000000 0.000301
121.000000 0.000305
122.000000 0.000309
123.000000 0.000313
124.000000 0.000316
125.000000 0.000320
126.000000 0.000324
127.000000 0.000328
128.000000 0.000332
129.000000 0.000336
130.000000 0.000340
131.000000 0.000344
132.000000 0.000348
133.000000 0.000353
134.000000 0.000357
135.000000 0.000361
136.000000 0.000365
137.000000 0.000369
138.000000 0.000373
139.000000 0.000377
140.000000 0.000382
141.000000 0.000386
142.000000 0.000390
143.000000 0.000394
144.000000 0.000399
145.000000 0.000403
146.000000 0.000407
147.000000 0.000412
148.000000 0.000416
149.000000 0.000420
150.000000 0.000425
151.000000 0.000429
152.000000 0.000434
153.000000 0.000438
154.000000 0.000442
155.000000 0.000447
156.000000 0.000451
157.000000 0.000456
158.000000 0.000460
159.000000 0.000465
160.000000 0.000470
161.000000 0.000474
162.000000 0.000479
163.000000 0.000483
164.000000 0.000488
165.000000 0.000493
166.000000 0.000497
167.000000 0.000502
168.000000 0.000507
169.000000 0.000512
170.000000 0.000516
171.000000 0.000521
172.000000 0.000526
173.000000 0.000531
174.000000 0.000535
175.000000 0.000540
176.000000 0.000545
177.000000 0.000550
178.000000 0.000555
179.000000 0.000560
180.000000 0.000565
181.000000 0.000570
182.000000 0.000575
183.000000 0.000580
184.000000 0.000585
185.000000 0.000590
186.000000 0.000595
187.000000 0.000600
188.000000 0.000605
189.000000 0.000610
190.000000 0.000615
191.000000 0.000620
192.000000 0.000625
193.000000 0.000630
194.000000 0.000635
195.000000 0.000641
196.000000 0.000646
197.000000 0.000651
198.000000 0.000656
199.000000 0.000661
200.000000 0.000667
201.000000 0.000672
202.000000 0.000677
203.000000 0.000683
204.000000 0.000688
205.000000 0.000693
206.000000 0.000699
207.000000 0.000704
208.000000 0.000709
209.000000 0.000715
210.000000 0.000720
211.000000 0.000725
212.000000 0.000731
213.000000 0.000736
214.000000 0.000742
215.000000 0.000747
216.000000 0.000753
217.000000 0.000758
218.000000 0.000764
219.000000 0.000769
220.000000 0.000775
221.000000 0.000781
222.000000 0.000786
223.000000 0.000792
224.000000 0.000797
225.000000 0.000803
226.000000 0.000809
227.000000 0.000814
228.000000 0.000820
229.000000 0.000826
230.000000 0.000831
231.000000 0.000837
232.000000 0.000843
233.000000 0.000849
234.000000 0.000854
235.000000 0.000860
236.000000 0.000866
237.000000 0.000872
238.000000 0.000877
239.000000 0.000883
240.000000 0.000889
241.000000 0.000895
242.000000 0.000901
243.000000 0.000907
244.000000 0.000912
245.000000 0.000918
246.000000 0.000924
247.000000 0.000930
248.000000 0.000936
249.000000 0.000942
250.000000 0.000948
251.000000 0.000954
252.000000 0.000960
253.000000 0.000966
254.000000 0.000972
255.000000 0.000978
256.000000 0.000984
257.000000 0.000990
258.000000 0.000996
259.000000 0.001002
260.000000 0.001008
261.000000 0.001014
262.000000 0.001020
263.000000 0.001026
264.000000 0.001032
265.000000 0.001038
266.000000 0.001044
267.000000 0.001050
268.000000 0.001056
269.000000 0.001062
270.000000 0.001068
271.000000 0.001074
272.000000 0.001080
273.000000 0.001086
274.000000 0.001093
275.000000 0.001099
276.000000 0.001105
277.000000 0.001111
278.000000 0.001117
279.000000 0.001123
280.000000 0.001129
281.000000 0.001136
282.000000 0.001142
283.000000 0.001148
284.000000 0.001154
285.000000 0.001160
286.000000 0.001166
287.000000 0.001172
288.000000 0.001179
289.000000 0.001185
290.000000 0.001191
291.000000 0.001197
292.000000 0.001203
293.000000 0.001210
294.000000 0.001216
295.000000 0.001222
296.000000 0.001228
297.000000 0.001234
298.000000 0.001240
299.000000 0.001247
300.000000 0.001253
301.000000 0.001259
302.000000 0.001265
303.000000 0.001271
304.000000 0.001277
305.000000 0.001284
306.000000 0.001290
307.000000 0.001296
308.000000 0.001302
309.000000 0.001308
310.000000 0.001314
311.000000 0.001321
312.000000 0.001327
313.000000 0.001333
314.000000 0.001339
315.000000 0.001345
316.000000 0.001351
317.000000 0.001357
318.000000 0.001363
319.000000 0.001370
320.000000 0.001376
321.000000 0.001382
322.000000 0.001388
323.000000 0.001394
324.000000 0.001400
325.000000 0.001406
326.000000 0.001412
327.000000 0.001418
328.000000 0.001424
329.000000 0.001430
330.000000 0.001436
331.000000 0.001442
332.000000 0.001448
333.000000 0.001454
334.000000 0.001460
335.000000 0.001466
336.000000 0.001472
337.000000 0.001478
338.000000 0.001484
339.000000 0.001490
340.000000 0.001496
341.000000 0.001502
342.000000 0.001508
343.000000 0.001514
344.000000 0.001519
345.000000 0.001525
346.000000 0.001531
347.000000 0.001537
348.000000 0.001543
349.000000 0.001548
350.000000 0.001554
351.000000 0.001560
352.000000 0.001566
353.000000 0.001571
354.000000 0.001577
355.000000 0.001583
356.000000 0.001588
357.000000 0.001594
358.000000 0.001600
359.000000 0.001605
360.000000 0.001611
361.000000 0.001616
362.000000 0.001622
363.000000 0.001628
364.000000 0.001633
365.000000 0.001638
366.000000 0.001644
367.000000 0.001649
368.000000 0.001655
369.000000 0.001660
370.000000 0.001666
371.000000 0.001671
372.000000 0.001676
373.000000 0.001682
374.000000 0.001687
375.000000 0.001692
376.000000 0.001697
377.000000 0.001703
378.000000 0.001708
379.000000 0.001713
380.000000 0.001718
381.000000 0.001723
382.000000 0.001728
383.000000 0.001733
384.000000 0.001738
385.000000 0.001743
386.000000 0.001748
387.000000 0.001753
388.000000 0.001758
389.000000 0.001763
390.000000 0.001768
391.000000 0.001773
392.000000 0.001777
393.000000 0.001782
394.000000 0.001787
395.000000 0.001792
396.000000 0.001796
397.000000 0.001801
398.000000 0.001805
399.000000 0.001810
400.000000 0.001815
401.000000 0.001819
402.000000 0.001823
403.000000 0.001828
404.000000 0.001832
405.000000 0.001837
406.000000 0.001841
407.000000 0.001845
408.000000 0.001850
409.000000 0.001854
410.000000 0.001858
411.000000 0.001862
412.000000 0.001866
413.000000 0.001870
414.000000 0.001874
415.000000 0.001878
416.000000 0.001882
417.000000 0.001886
418.000000 0.001890
419.000000 0.001894
420.000000 0.001898
421.000000 0.001902
422.000000 0.001905
423.000000 0.001909
424.000000 0.001913
425.000000 0.001916
426.000000 0.001920
427.000000 0.001923
428.000000 0.001927
429.000000 0.001930
430.000000 0.001934
431.000000 0.001937
432.000000 0.001941
433.000000 0.001944
434.000000 0.001947
435.000000 0.001950
436.000000 0.001953
437.000000 0.001957
438.000000 0.001960
439.000000 0.001963
440.000000 0.001966
441.000000 0.001969
442.000000 0.001971
443.000000 0.001974
444.000000 0.001977
445.000000 0.001980
446.000000 0.001983
447.000000 0.001985
448.000000 0.001988
449.000000 0.001991
450.000000 0.001993
451.000000 0.001996
452.000000 0.001998
453.000000 0.002000
454.000000 0.002003
455.000000 0.002005
456.000000 0.002007
457.000000 0.002009
458.000000 0.002012
459.000000 0.002014
460.000000 0.002016
461.000000 0.002018
462.000000 0.002020
463.000000 0.002022
464.000000 0.002024
465.000000 0.002025
466.000000 0.002027
467.000000 0.002029
468.000000 0.002031
469.000000 0.002032
470.000000 0.002034
471.000000 0.002035
472.000000 0.002037
473.000000 0.002038
474.000000 0.002040
475.000000 0.002041
476.000000 0.002042
477.000000 0.002043
478.000000 0.002045
479.000000 0.002046
480.000000 0.002047
481.000000 0.002048
482.000000 0.002049
483.000000 0.002050
484.000000 0.002051
485.000000 0.002051
486.000000 0.002052
487.000000 0.002053
488.000000 0.002054
489.000000 0.002054
490.000000 0.002055
491.000000 0.002055
492.000000 0.002056
493.000000 0.002056
494.000000 0.002056
495.000000 0.002057
496.000000 0.002057
497.000000 0.002057
498.000000 0.002057
499.000000 0.002057
500.000000 0.002058
501.000000 0.002058
502.000000 0.002057
503.000000 0.002057
504.000000 0.002057
505.000000 0.002057
506.000000 0.002057
507.000000 0.002056
508.000000 0.002056
509.000000 0.002056
510.000000 0.002055
511.000000 0.002055
512.000000 0.002054
513.000000 0.002054
514.000000 0.002053
515.000000 0.002052
516.000000 0.002051
517.000000 0.002051
518.000000 0.002050
519.000000 0.002049
520.000000 0.002048
521.000000 0.002047
522.000000 0.002046
523.000000 0.002045
524.000000 0.002043
525.000000 0.002042
526.000000 0.002041
527.000000 0.002040
528.000000 0.002038
529.000000 0.002037
530.000000 0.002035
531.000000 0.002034
532.000000 0.002032
533.000000 0.002031
534.000000 0.002029
535.000000 0.002027
536.000000 0.002025
537.000000 0.002024
538.000000 0.002022
539.000000 0.002020
540.000000 0.002018
541.000000 0.002016
542.000000 0.002014
543.000000 0.002012
544.000000 0.002009
545.000000 0.002007
546.000000 0.002005
547.000000 0.002003
548.000000 0.002000
549.000000 0.001998
550.000000 0.001996
551.000000 0.001993
552.000000 0.001991
553.000000 0.001988
554.000000 0.001985
555.000000 0.001983
556.000000 0.001980
557.000000 0.001977
558.000000 0.001974
559.000000 0.001971
560.000000 0.001969
561.000000 0.001966
562.000000 0.001963
563.000000 0.001960
564.000000 0.001957
565.000000 0.001953
566.000000 0.001950
567.000000 0.001947
568.000000 0.001944
569.000000 0.001941
570.000000 0.001937
571.000000 0.001934
572.000000 0.001930
573.000000 0.001927
574.000000 0.001923
575.000000 0.001920
576.000000 0.001916
577.000000 0.001913
578.000000 0.001909
579.000000 0.001905
580.000000 0.001902
581.000000 0.001898
582.000000 0.001894
583.000000 0.001890
584.000000 0.001886
585.000000 0.001882
586.000000 0.001878
587.000000 0.001874
588.000000 0.001870
589.000000 0.001866
590.000000 0.001862
591.000000 0.001858
592.000000 0.001854
593.000000 0.001850
594.000000 0.001845
595.000000 0.001841
596.000000 0.001837
597.000000 0.001832
598.000000 0.001828
599.000000 0.001823
600.000000 0.001819
601.000000 0.001815
602.000000 0.001810
603.000000 0.001805
604.000000 0.001801
605.000000 0.001796
606.000000 0.001792
607.000000 0.001787
608.000000 0.001782
609.000000 0.001777
610.000000 0.001773
611.000000 0.001768
612.000000 0.001763
613.000000 0.001758
614.000000 0.001753
615.000000 0.001748
616.000000 0.001743
617.000000 0.001738
618.000000 0.001733
619.000000 0.001728
620.000000 0.001723
621.000000 0.001718
622.000000 0.001713
623.000000 0.001708
624.000000 0.001703
625.000000 0.001697
626.000000 0.001692
627.000000 0.001687
628.000000 0.001682
629.000000 0.001676
630.000000 0.001671
631.000000 0.001666
632.000000 0.001660
633.000000 0.001655
634.000000 0.001649
635.000000 0.001644
636.000000 0.001638
637.000000 0.001633
638.000000 0.001628
639.000000 0.001622
640.000000 0.001616
641.000000 0.001611
642.000000 0.001605
643.000000 0.001600
644.000000 0.001594
645.000000 0.001588
646.000000 0.001583
647.000000 0.001577
648.000000 0.001571
649.000000 0.001566
650.000000 0.001560
651.000000 0.001554
652.000000 0.001548
653.000000 0.001543
654.000000 0.001537
655.000000 0.001531
656.000000 0.001525
657.000000 0.001519
658.000000 0.001514
659.000000 0.001508
660.000000 0.001502
661.000000 0.001496
662.000000 0.001490
663.000000 0.001484
664.000000 0.001478
665.000000 0.001472
666.000000 0.001466
667.000000 0.001460
668.000000 0.001454
669.000000 0.001448
670.000000 0.001442
671.000000 0.001436
672.000000 0.001430
673.000000 0.001424
674.000000 0.001418
675.000000 0.001412
676.000000 0.001406
677.000000 0.001400
678.000000 0.001394
679.000000 0.001388
680.000000 0.001382
681.000000 0.001376
682.000000 0.001370
683.000000 0.001363
684.000000 0.001357
685.000000 0.001351
686.000000 0.001345
687.000000 0.001339
688.000000 0.001333
689.000000 0.001327
690.000000 0.001321
691.000000 0.001314
692.000000 0.001308
693.000000 0.001302
694.000000 0.001296
695.000000 0.001290
696.000000 0.001284
697.000000 0.001277
698.000000 0.001271
699.000000 0.001265
700.000000 0.001259
701.000000 0.001253
702.000000 0.001247
703.000000 0.001240
704.000000 0.001234
705.000000 0.001228
706.000000 0.001222
707.000000 0.001216
708.000000 0.001210
709.000000 0.001203
710.000000 0.001197
711.000000 0.001191
712.000000 0.001185
713.000000 0.001179
714.000000 0.001172
715.000000 0.001166
716.000000 0.001160
717.000000 0.001154
718.000000 0.001148
719.000000 0.001142
720.000000 0.001136
721.000000 0.001129
722.000000 0.001123
723.000000 0.001117
724.000000 0.001111
725.000000 0.001105
726.000000 0.001099
727.000000 0.001093
728.000000 0.001086
729.000000 0.001080
730.000000 0.001074
731.000000 0.001068
732.000000 0.001062
733.000000 0.001056
734.000000 0.001050
735.000000 0.001044
736.000000 0.001038
737.000000 0.001032
738.000000 0.001026
739.000000 0.001020
740.000000 0.001014
741.000000 0.001008
742.000000 0.001002
743.000000 0.000996
744.000000 0.000990
745.000000 0.000984
746.000000 0.000978
747.000000 0.000972
748.000000 0.000966
749.000000 0.000960
750.000000 0.000954
751.000000 0.000948
752.000000 0.000942
753.000000 0.000936
754.000000 0.000930
755.000000 0.000924
756.000000 0.000918
757.000000 0.000912
758.000000 0.000907
759.000000 0.000901
760.000000 0.000895
761.000000 0.000889
762.000000 0.000883
763.000000 0.000877
764.000000 0.000872
765.000000 0.000866
766.000000 0.000860
767.000000 0.000854
768.000000 0.000849
769.000000 0.000843
770.000000 0.000837
771.000000 0.000831
772.000000 0.000826
773.000000 0.000820
774.000000 0.000814
775.000000 0.000809
776.000000 0.000803
777.000000 0.000797
778.000000 0.000792
779.000000 0.000786
780.000000 0.000781
781.000000 0.000775
782.000000 0.000769
783.000000 0.000764
784.000000 0.000758
785.000000 0.000753
786.000000 0.000747
787.000000 0.000742
788.000000 0.000736
789.000000 0.000731
790.000000 0.000725
791.000000 0.000720
792.000000 0.000715
793.000000 0.000709
794.000000 0.000704
795.000000 0.000699
796.000000 0.000693
797.000000 0.000688
798.000000 0.000683
799.000000 0.000677
800.000000 0.000672
801.000000 0.000667
802.000000 0.000661
803.000000 0.000656
804.000000 0.000651
805.000000 0.000646
806.000000 0.000641
807.000000 0.000635
808.000000 0.000630
809.000000 0.000625
810.000000 0.000620
811.000000 0.000615
812.000000 0.000610
813.000000 0.000605
814.000000 0.000600
815.000000 0.000595
816.000000 0.000590
817.000000 0.000585
818.000000 0.000580
819.000000 0.000575
820.000000 0.000570
821.000000 0.000565
822.000000 0.000560
823.000000 0.000555
824.000000 0.000550
825.000000 0.000545
826.000000 0.000540
827.000000 0.000535
828.000000 0.000531
829.000000 0.000526
830.000000 0.000521
831.000000 0.000516
832.000000 0.000512
833.000000 0.000507
834.000000 0.000502
835.000000 0.000497
836.000000 0.000493
837.000000 0.000488
838.000000 0.000483
839.000000 0.000479
840.000000 0.000474
841.000000 0.000470
842.000000 0.000465
843.000000 0.000460
844.000000 0.000456
845.000000 0.000451
846.000000 0.000447
847.000000 0.000442
848.000000 0.000438
849.000000 0.000434
850.000000 0.000429
851.000000 0.000425
852.000000 0.000420
853.000000 0.000416
854.000000 0.000412
855.000000 0.000407
856.000000 0.000403
857.000000 0.000399
858.000000 0.000394
859.000000 0.000390
860.000000 0.000386
861.000000 0.000382
862.000000 0.000377
863.000000 0.000373
864.000000 0.000369
865.000000 0.000365
866.000000 0.000361
867.000000 0.000357
868.000000 0.000353
869.000000 0.000348
870.000000 0.000344
871.000000 0.000340
872.000000 0.000336
873.000000 0.000332
874.000000 0.000328
875.000000 0.000324
876.000000 0.000320
877.000000 0.000316
878.000000 0.000313
879.000000 0.000309
880.000000 0.000305
881.000000 0.000301
882.000000 0.000297
883.000000 0.000293
884.000000 0.000289
885.000000 0.000286
886.000000 0.000282
887.000000 0.000278
888.000000 0.000274
889.000000 0.000271
890.000000 0.000267
891.000000 0.000263
892.000000 0.000260
893.000000 0.000256
894.000000 0.000252
895.000000 0.000249
896.000000 0.000245
897.000000 0.000241
898.000000 0.000238
899.000000 0.000234
900.000000 0.000231
901.000000 0.000227
902.000000 0.000224
903.000000 0.000220
904.000000 0.000217
905.000000 0.000213
906.000000 0.000210
907.000000 0.000207
908.000000 0.000203
909.000000 0.000200
910.000000 0.000196
911.000000 0.000193
912.000000 0.000190
913.000000 0.000186
914.000000 0.000183
915.000000 0.000180
916.000000 0.000177
917.000000 0.000173
918.000000 0.000170
919.000000 0.000167
920.000000 0.000164
921.000000 0.000161
922.000000 0.000157
923.000000 0.000154
924.000000 0.000151
925.000000 0.000148
926.000000 0.000145
927.000000 0.000142
928.000000 0.000139
929.000000 0.000136
930.000000 0.000133
931.000000 0.000130
932.000000 0.000127
933.000000 0.000124
934.000000 0.000121
935.000000 0.000118
936.000000 0.000115
937.000000 0.000112
938.000000 0.000109
939.000000 0.000106
940.000000 0.000103
941.000000 0.000101
942.000000 0.000098
943.000000 0.000095
944.000000 0.000092
945.000000 0.000089
946.000000 0.000087
947.000000 0.000084
948.000000 0.000081
949.000000 0.000078
950.000000 0.000076
951.000000 0.000073
952.000000 0.000070
953.000000 0.000068
954.000000 0.000065
955.000000 0.000062
956.000000 0.000060
957.000000 0.000057
958.000000 0.000055
959.000000 0.000052
960.000000 0.000049
961.000000 0.000047
962.000000 0.000044
963.000000 0.000042
964.000000 0.000039
965.000000 0.000037
966.000000 0.000034
967.000000 0.000032
968.000000 0.000030
969.000000 0.000027
970.000000 0.000025
971.000000 0.000023
972.000000 0.000021
973.000000 0.000019
974.000000 0.000017
975.000000 0.000015
976.000000 0.000013
977.000000 0.000012
978.000000 0.000010
979.000000 0.000009
980.000000 0.000007
981.000000 0.000006
982.000000 0.000005
983.000000 0.000004
984.000000 0.000003
985.000000 0.000003
986.000000 0.000002
987.000000 0.000002
988.000000 0.000001
989.000000 0.000001
990.000000 0.000001
991.000000 0.000000
992.000000 0.000000
993.000000 0.000000
994.000000 0.000000
995.000000 0.000000
996.000000 0.000000
997.000000 0.000000
998.000000 0.000000
999.000000 0.000000
1000.000000 0.000000
