n lam mean variance std
1000 0.070000 500.494658 31510.374598 177.511618
bin_midpoint probability
1.000000 0.000000
2.000000 0.000000
3.000000 0.000000
4.000000 0.000000
5.000000 0.000000
6.000000 0.000000
7.000000 0.000000
8.000000 0.000000
9.000000 0.000000
10.000000 0.000000
11.000000 0.000000
12.000000 0.000000
13.000000 0.000000
14.000000 0.000000
15.000000 0.000000
16.000000 0.000001
17.000000 0.000001
18.000000 0.000001
19.000000 0.000001
20.000000 0.000001
21.000000 0.000002
22.000000 0.000002
23.000000 0.000003
24.000000 0.000003
25.000000 0.000003
26.000000 0.000004
27.000000 0.000005
28.000000 0.000005
29.000000 0.000006
30.000000 0.000007
31.000000 0.000008
32.000000 0.000009
33.000000 0.000010
34.000000 0.000011
35.000000 0.000012
36.000000 0.000013
37.000000 0.000015
38.000000 0.000016
39.000000 0.000018
40.000000 0.000019
41.000000 0.000021
42.000000 0.000023
43.000000 0.000025
44.000000 0.000027
45.000000 0.000029
46.000000 0.000031
47.000000 0.000033
48.000000 0.000035
49.000000 0.000037
50.000000 0.000040
51.000000 0.000042
52.000000 0.000045
53.000000 0.000047
54.000000 0.000050
55.000000 0.000052
56.000000 0.000055
57.000000 0.000058
58.000000 0.000060
59.000000 0.000063
60.000000 0.000066
61.000000 0.000069
62.000000 0.000072
63.000000 0.000075
64.000000 0.000077
65.000000 0.000081
66.000000 0.000083
67.000000 0.000087
68.000000 0.000089
69.000000 0.000092
70.000000 0.000095
71.000000 0.000098
72.000000 0.000102
73.000000 0.000104
74.000000 0.000108
75.000000 0.000111
76.000000 0.000114
77.000000 0.000117
78.000000 0.000120
79.000000 0.000123
80.000000 0.000127
81.000000 0.000130
82.000000 0.000133
83.000000 0.000136
84.000000 0.000140
85.000000 0.000143
86.000000 0.000146
87.000000 0.000150
88.000000 0.000153
89.000000 0.000156
90.000000 0.000160
91.000000 0.000163
92.000000 0.000166
93.000000 0.000170
94.000000 0.000173
95.000000 0.000177
96.000000 0.000180
97.000000 0.000184
98.000000 0.000187
99.000000 0.000191
100.000000 0.000194
101.000000 0.000198
102.000000 0.000202
103.000000 0.000205
104.000000 0.000209
105.000000 0.000213
106.000000 0.000216
107.000000 0.000220
108.000000 0.000224
109.000000 0.000227
110.000000 0.000231
111.000000 0.000235
112.000000 0.000239
113.000000 0.000242
114.000000 0.000246
115.000000 0.000250
116.000000 0.000254
117.000000 0.000258
118.000000 0.000262
119.000000 0.000266
120.000000 0.000270
121.000000 0.000273
122.000000 0.000277
123.000000 0.000282
124.000000 0.000286
125.000000 0.000289
126.000000 0.000294
127.000000 0.000298
128.000000 0.000302
129.000000 0.000305
130.000000 0.000311
131.000000 0.000314
132.000000 0.000318
133.000000 0.000323
134.000000 0.000327
135.000000 0.000331
136.000000 0.000335
137.000000 0.000340
138.000000 0.000344
139.000000 0.000348
140.000000 0.000352
141.000000 0.000357
142.000000 0.000361
143.000000 0.000365
144.000000 0.000370
145.000000 0.000374
146.000000 0.000379
147.000000 0.000383
148.000000 0.000388
149.000000 0.000392
150.000000 0.000396
151.000000 0.000401
152.000000 0.000406
153.000000 0.000410
154.000000 0.000415
155.000000 0.000419
156.000000 0.000424
157.000000 0.000429
158.000000 0.000433
159.000000 0.000438
160.000000 0.000443
161.000000 0.000447
162.000000 0.000452
163.000000 0.000457
164.000000 0.000462
165.000000 0.000466
166.000000 0.000472
167.000000 0.000476
168.000000 0.000481
169.000000 0.000486
170.000000 0.000491
171.000000 0.000496
172.000000 0.000500
173.000000 0.000506
174.000000 0.000511
175.000000 0.000516
176.000000 0.000521
177.000000 0.000526
178.000000 0.000531
179.000000 0.000536
180.000000 0.000541
181.000000 0.000546
182.000000 0.000551
183.000000 0.000556
184.000000 0.000561
185.000000 0.000566
186.000000 0.000572
187.000000 0.000577
188.000000 0.000582
189.000000 0.000587
190.000000 0.000593
191.000000 0.000598
192.000000 0.000603
193.000000 0.000608
194.000000 0.000614
195.000000 0.000619
196.000000 0.000625
197.000000 0.000630
198.000000 0.000635
199.000000 0.000641
200.000000 0.000646
201.000000 0.000652
202.000000 0.000657
203.000000 0.000663
204.000000 0.000668
205.000000 0.000674
206.000000 0.000679
207.000000 0.000685
208.000000 0.000690
209.000000 0.000696
210.000000 0.000702
211.000000 0.000707
212.000000 0.000713
213.000000 0.000718
214.000000 0.000724
215.000000 0.000730
216.000000 0.000736
217.000000 0.000741
218.000000 0.000747
219.000000 0.000753
220.000000 0.000759
221.000000 0.000764
222.000000 0.000770
223.000000 0.000776
224.000000 0.000782
225.000000 0.000788
226.000000 0.000793
227.000000 0.000799
228.000000 0.000805
229.000000 0.000811
230.000000 0.000817
231.000000 0.000823
232.000000 0.000829
233.000000 0.000835
234.000000 0.000841
235.000000 0.000847
236.000000 0.000853
237.000000 0.000859
238.000000 0.000865
239.000000 0.000871
240.000000 0.000877
241.000000 0.000883
242.000000 0.000889
243.000000 0.000895
244.000000 0.000901
245.000000 0.000907
246.000000 0.000914
247.000000 0.000920
248.000000 0.000926
249.000000 0.000932
250.000000 0.000938
251.000000 0.000944
252.000000 0.000951
253.000000 0.000957
254.000000 0.000963
255.000000 0.000969
256.000000 0.000976
257.000000 0.000982
258.000000 0.000988
259.000000 0.000994
260.000000 0.001001
261.000000 0.001007
262.000000 0.001013
263.000000 0.001019
264.000000 0.001026
265.000000 0.001032
266.000000 0.001038
267.000000 0.001045
268.000000 0.001051
269.000000 0.001057
270.000000 0.001064
271.000000 0.001070
272.000000 0.001077
273.000000 0.001083
274.000000 0.001089
275.000000 0.001096
276.000000 0.001102
277.000000 0.001108
278.000000 0.001115
279.000000 0.001121
280.000000 0.001128
281.000000 0.001134
282.000000 0.001141
283.000000 0.001147
284.000000 0.001153
285.000000 0.001160
286.000000 0.001166
287.000000 0.001173
288.000000 0.001179
289.000000 0.001186
290.000000 0.001192
291.000000 0.001199
292.000000 0.001205
293.000000 0.001212
294.000000 0.001218
295.000000 0.001224
296.000000 0.001231
297.000000 0.001237
298.000000 0.001244
299.000000 0.001250
300.000000 0.001257
301.000000 0.001263
302.000000 0.001270
303.000000 0.001276
304.000000 0.001283
305.000000 0.001289
306.000000 0.001296
307.000000 0.001302
308.000000 0.001308
309.000000 0.001315
310.000000 0.001321
311.000000 0.001328
312.000000 0.001334
313.000000 0.001341
314.000000 0.001347
315.000000 0.001354
316.000000 0.001360
317.000000 0.001366
318.000000 0.001373
319.000000 0.001379
320.000000 0.001386
321.000000 0.001392
322.000000 0.001398
323.000000 0.001405
324.000000 0.001411
325.000000 0.001418
326.000000 0.001424
327.000000 0.001430
328.000000 0.001437
329.000000 0.001443
330.000000 0.001449
331.000000 0.001456
332.000000 0.001462
333.000000 0.001468
334.000000 0.001474
335.000000 0.001481
336.000000 0.001487
337.000000 0.001493
338.000000 0.001499
339.000000 0.001506
340.000000 0.001512
341.000000 0.001518
342.000000 0.001524
343.000000 0.001530
344.000000 0.001536
345.000000 0.001543
346.000000 0.001549
347.000000 0.001555
348.000000 0.001561
349.000000 0.001567
350.000000 0.001573
351.000000 0.001579
352.000000 0.001585
353.000000 0.001591
354.000000 0.001597
355.000000 0.001603
356.000000 0.001609
357.000000 0.001615
358.000000 0.001621
359.000000 0.001627
360.000000 0.001633
361.000000 0.001639
362.000000 0.001644
363.000000 0.001650
364.000000 0.001656
365.000000 0.001662
366.000000 0.001667
367.000000 0.001673
368.000000 0.001679
369.000000 0.001685
370.000000 0.001690
371.000000 0.001696
372.000000 0.001701
373.000000 0.001707
374.000000 0.001713
375.000000 0.001718
376.000000 0.001724
377.000000 0.001729
378.000000 0.001735
379.000000 0.001740
380.000000 0.001745
381.000000 0.001751
382.000000 0.001756
383.000000 0.001761
384.000000 0.001767
385.000000 0.001772
386.000000 0.001777
387.000000 0.001782
388.000000 0.001788
389.000000 0.001793
390.000000 0.001798
391.000000 0.001803
392.000000 0.001808
393.000000 0.001813
394.000000 0.001818
395.000000 0.001823
396.000000 0.001828
397.000000 0.001833
398.000000 0.001838
399.000000 0.001842
400.000000 0.001847
401.000000 0.001852
402.000000 0.001857
403.000000 0.001861
404.000000 0.001866
405.000000 0.001871
406.000000 0.001875
407.000000 0.001880
408.000000 0.001884
409.000000 0.001889
410.000000 0.001893
411.000000 0.001897
412.000000 0.001902
413.000000 0.001906
414.000000 0.001910
415.000000 0.001914
416.000000 0.001919
417.000000 0.001923
418.000000 0.001927
419.000000 0.001931
420.000000 0.001935
421.000000 0.001939
422.000000 0.001943
423.000000 0.001947
424.000000 0.001951
425.000000 0.001955
426.000000 0.001958
427.000000 0.001962
428.000000 0.001966
429.000000 0.001969
430.000000 0.001973
431.000000 0.001977
432.000000 0.001980
433.000000 0.001984
434.000000 0.001987
435.000000 0.001990
436.000000 0.001994
437.000000 0.001997
438.000000 0.002000
439.000000 0.002003
440.000000 0.002007
441.000000 0.002010
442.000000 0.002013
443.000000 0.002016
444.000000 0.002019
445.000000 0.002022
446.000000 0.002024
447.000000 0.002027
448.000000 0.002030
449.000000 0.002033
450.000000 0.002035
451.000000 0.002038
452.000000 0.002041
453.000000 0.002043
454.000000 0.002046
455.000000 0.002048
456.000000 0.002050
457.000000 0.002053
458.000000 0.002055
459.000000 0.002057
460.000000 0.002060
461.000000 0.002062
462.000000 0.002064
463.000000 0.002066
464.000000 0.002068
465.000000 0.002070
466.000000 0.002072
467.000000 0.002073
468.000000 0.002075
469.000000 0.002077
470.000000 0.002078
471.000000 0.002080
472.000000 0.002082
473.000000 0.002083
474.000000 0.002085
475.000000 0.002086
476.000000 0.002087
477.000000 0.002089
478.000000 0.002090
479.000000 0.002091
480.000000 0.002092
481.000000 0.002093
482.000000 0.002094
483.000000 0.002095
484.000000 0.002096
485.000000 0.002097
486.000000 0.002098
487.000000 0.002099
488.000000 0.002099
489.000000 0.002100
490.000000 0.002101
491.000000 0.002101
492.000000 0.002102
493.000000 0.002102
494.000000 0.002102
495.000000 0.002103
496.000000 0.002103
497.000000 0.002103
498.000000 0.002103
499.000000 0.002104
500.000000 0.002104
501.000000 0.002104
502.000000 0.002104
503.000000 0.002103
504.000000 0.002103
505.000000 0.002103
506.000000 0.002103
507.000000 0.002102
508.000000 0.002102
509.000000 0.002102
510.000000 0.002101
511.000000 0.002101
512.000000 0.002100
513.000000 0.002099
514.000000 0.002099
515.000000 0.002098
516.000000 0.002097
517.000000 0.002096
518.000000 0.002095
519.000000 0.002094
520.000000 0.002093
521.000000 0.002092
522.000000 0.002091
523.000000 0.002090
524.000000 0.002089
525.000000 0.002087
526.000000 0.002086
527.000000 0.002085
528.000000 0.002083
529.000000 0.002082
530.000000 0.002080
531.000000 0.002078
532.000000 0.002077
533.000000 0.002075
534.000000 0.002073
535.000000 0.002071
536.000000 0.002070
537.000000 0.002068
538.000000 0.002066
539.000000 0.002064
540.000000 0.002062
541.000000 0.002059
542.000000 0.002057
543.000000 0.002055
544.000000 0.002053
545.000000 0.002050
546.000000 0.002048
547.000000 0.002046
548.000000 0.002043
549.000000 0.002041
550.000000 0.002038
551.000000 0.002035
552.000000 0.002033
553.000000 0.002030
554.000000 0.002027
555.000000 0.002024
556.000000 0.002022
557.000000 0.002019
558.000000 0.002016
559.000000 0.002013
560.000000 0.002010
561.000000 0.002007
562.000000 0.002003
563.000000 0.002000
564.000000 0.001997
565.000000 0.001994
566.000000 0.001990
567.000000 0.001987
568.000000 0.001983
569.000000 0.001980
570.000000 0.001977
571.000000 0.001973
572.000000 0.001969
573.000000 0.001966
574.000000 0.001962
575.000000 0.001958
576.000000 0.001955
577.000000 0.001951
578.000000 0.001947
579.000000 0.001943
580.000000 0.001939
581.000000 0.001935
582.000000 0.001931
583.000000 0.001927
584.000000 0.001923
585.000000 0.001919
586.000000 0.001914
587.000000 0.001910
588.000000 0.001906
589.000000 0.001902
590.000000 0.001897
591.000000 0.001893
592.000000 0.001889
593.000000 0.001884
594.000000 0.001880
595.000000 0.001875
596.000000 0.001870
597.000000 0.001866
598.000000 0.001861
599.000000 0.001857
600.000000 0.001852
601.000000 0.001847
602.000000 0.001842
603.000000 0.001837
604.000000 0.001833
605.000000 0.001828
606.000000 0.001823
607.000000 0.001818
608.000000 0.001813
609.000000 0.001808
610.000000 0.001803
611.000000 0.001798
612.000000 0.001793
613.000000 0.001788
614.000000 0.001782
615.000000 0.001777
616.000000 0.001772
617.000000 0.001767
618.000000 0.001761
619.000000 0.001756
620.000000 0.001751
621.000000 0.001745
622.000000 0.001740
623.000000 0.001735
624.000000 0.001729
625.000000 0.001724
626.000000 0.001718
627.000000 0.001713
628.000000 0.001707
629.000000 0.001701
630.000000 0.001696
631.000000 0.001690
632.000000 0.001685
633.000000 0.001679
634.000000 0.001673
635.000000 0.001667
636.000000 0.001662
637.000000 0.001656
638.000000 0.001650
639.000000 0.001644
640.000000 0.001638
641.000000 0.001633
642.000000 0.001627
643.000000 0.001621
644.000000 0.001615
645.000000 0.001609
646.000000 0.001603
647.000000 0.001597
648.000000 0.001591
649.000000 0.001585
650.000000 0.001579
651.000000 0.001573
652.000000 0.001567
653.000000 0.001561
654.000000 0.001555
655.000000 0.001549
656.000000 0.001543
657.000000 0.001536
658.000000 0.001530
659.000000 0.001524
660.000000 0.001518
661.000000 0.001512
662.000000 0.001506
663.000000 0.001499
664.000000 0.001493
665.000000 0.001487
666.000000 0.001481
667.000000 0.001474
668.000000 0.001468
669.000000 0.001462
670.000000 0.001455
671.000000 0.001449
672.000000 0.001443
673.000000 0.001436
674.000000 0.001430
675.000000 0.001424
676.000000 0.001417
677.000000 0.001411
678.000000 0.001405
679.000000 0.001398
680.000000 0.001392
681.000000 0.001386
682.000000 0.001379
683.000000 0.001373
684.000000 0.001366
685.000000 0.001360
686.000000 0.001353
687.000000 0.001347
688.000000 0.001341
689.000000 0.001334
690.000000 0.001328
691.000000 0.001321
692.000000 0.001315
693.000000 0.001308
694.000000 0.001302
695.000000 0.001296
696.000000 0.001289
697.000000 0.001283
698.000000 0.001276
699.000000 0.001270
700.000000 0.001263
701.000000 0.001257
702.000000 0.001250
703.000000 0.001244
704.000000 0.001237
705.000000 0.001231
706.000000 0.001224
707.000000 0.001218
708.000000 0.001211
709.000000 0.001205
710.000000 0.001199
711.000000 0.001192
712.000000 0.001186
713.000000 0.001179
714.000000 0.001173
715.000000 0.001166
716.000000 0.001160
717.000000 0.001153
718.000000 0.001147
719.000000 0.001141
720.000000 0.001134
721.000000 0.001128
722.000000 0.001121
723.000000 0.001115
724.000000 0.001108
725.000000 0.001102
726.000000 0.001096
727.000000 0.001089
728.000000 0.001083
729.000000 0.001076
730.000000 0.001070
731.000000 0.001064
732.000000 0.001057
733.000000 0.001051
734.000000 0.001045
735.000000 0.001038
736.000000 0.001032
737.000000 0.001026
738.000000 0.001019
739.000000 0.001013
740.000000 0.001007
741.000000 0.001000
742.000000 0.000994
743.000000 0.000988
744.000000 0.000982
745.000000 0.000975
746.000000 0.000969
747.000000 0.000963
748.000000 0.000957
749.000000 0.000951
750.000000 0.000944
751.000000 0.000938
752.000000 0.000932
753.000000 0.000926
754.000000 0.000920
755.000000 0.000914
756.000000 0.000907
757.000000 0.000901
758.000000 0.000895
759.000000 0.000889
760.000000 0.000883
761.000000 0.000877
762.000000 0.000871
763.000000 0.000865
764.000000 0.000859
765.000000 0.000853
766.000000 0.000847
767.000000 0.000841
768.000000 0.000835
769.000000 0.000829
770.000000 0.000823
771.000000 0.000817
772.000000 0.000811
773.000000 0.000805
774.000000 0.000799
775.000000 0.000793
776.000000 0.000788
777.000000 0.000782
778.000000 0.000776
779.000000 0.000770
780.000000 0.000764
781.000000 0.000758
782.000000 0.000753
783.000000 0.000747
784.000000 0.000741
785.000000 0.000735
786.000000 0.000730
787.000000 0.000724
788.000000 0.000718
789.000000 0.000713
790.000000 0.000707
791.000000 0.000701
792.000000 0.000696
793.000000 0.000690
794.000000 0.000685
795.000000 0.000679
796.000000 0.000674
797.000000 0.000668
798.000000 0.000663
799.000000 0.000657
800.000000 0.000652
801.000000 0.000646
802.000000 0.000641
803.000000 0.000635
804.000000 0.000630
805.000000 0.000624
806.000000 0.000619
807.000000 0.000614
808.000000 0.000608
809.000000 0.000603
810.000000 0.000598
811.000000 0.000593
812.000000 0.000587
813.000000 0.000582
814.000000 0.000577
815.000000 0.000572
816.000000 0.000566
817.000000 0.000561
818.000000 0.000556
819.000000 0.000551
820.000000 0.000546
821.000000 0.000541
822.000000 0.000536
823.000000 0.000531
824.000000 0.000526
825.000000 0.000520
826.000000 0.000515
827.000000 0.000510
828.000000 0.000506
829.000000 0.000501
830.000000 0.000496
831.000000 0.000491
832.000000 0.000486
833.000000 0.000481
834.000000 0.000476
835.000000 0.000471
836.000000 0.000466
837.000000 0.000462
838.000000 0.000457
839.000000 0.000452
840.000000 0.000447
841.000000 0.000443
842.000000 0.000438
843.000000 0.000433
844.000000 0.000429
845.000000 0.000424
846.000000 0.000419
847.000000 0.000415
848.000000 0.000410
849.000000 0.000406
850.000000 0.000401
851.000000 0.000396
852.000000 0.000392
853.000000 0.000387
854.000000 0.000383
855.000000 0.000379
856.000000 0.000374
857.000000 0.000370
858.000000 0.000365
859.000000 0.000361
860.000000 0.000357
861.000000 0.000352
862.000000 0.000348
863.000000 0.000344
864.000000 0.000339
865.000000 0.000335
866.000000 0.000331
867.000000 0.000327
868.000000 0.000322
869.000000 0.000318
870.000000 0.000314
871.000000 0.000310
872.000000 0.000306
873.000000 0.000302
874.000000 0.000298
875.000000 0.000294
876.000000 0.000290
877.000000 0.000285
878.000000 0.000281
879.000000 0.000277
880.000000 0.000274
881.000000 0.000270
882.000000 0.000266
883.000000 0.000262
884.000000 0.000258
885.000000 0.000254
886.000000 0.000250
887.000000 0.000246
888.000000 0.000242
889.000000 0.000239
890.000000 0.000235
891.000000 0.000231
892.000000 0.000227
893.000000 0.000224
894.000000 0.000220
895.000000 0.000216
896.000000 0.000213
897.000000 0.000209
898.000000 0.000205
899.000000 0.000202
900.000000 0.000198
901.000000 0.000194
902.000000 0.000191
903.000000 0.000187
904.000000 0.000184
905.000000 0.000180
906.000000 0.000177
907.000000 0.000173
908.000000 0.000170
909.000000 0.000166
910.000000 0.000163
911.000000 0.000160
912.000000 0.000156
913.000000 0.000153
914.000000 0.000150
915.000000 0.000146
916.000000 0.000143
917.000000 0.000140
918.000000 0.000136
919.000000 0.000133
920.000000 0.000130
921.000000 0.000127
922.000000 0.000123
923.000000 0.000120
924.000000 0.000117
925.000000 0.000114
926.000000 0.000111
927.000000 0.000108
928.000000 0.000105
929.000000 0.000102
930.000000 0.000098
931.000000 0.000095
932.000000 0.000092
933.000000 0.000089
934.000000 0.000086
935.000000 0.000083
936.000000 0.000080
937.000000 0.000078
938.000000 0.000075
939.000000 0.000072
940.000000 0.000069
941.000000 0.000066
942.000000 0.000063
943.000000 0.000060
944.000000 0.000058
945.000000 0.000055
946.000000 0.000052
947.000000 0.000050
948.000000 0.000047
949.000000 0.000045
950.000000 0.000042
951.000000 0.000040
952.000000 0.000037
953.000000 0.000035
954.000000 0.000033
955.000000 0.000031
956.000000 0.000029
957.000000 0.000027
958.000000 0.000025
959.000000 0.000023
960.000000 0.000021
961.000000 0.000019
962.000000 0.000018
963.000000 0.000016
964.000000 0.000015
965.000000 0.000013
966.000000 0.000012
967.000000 0.000011
968.000000 0.000010
969.000000 0.000009
970.000000 0.000008
971.000000 0.000007
972.000000 0.000006
973.000000 0.000005
974.000000 0.000005
975.000000 0.000004
976.000000 0.000003
977.000000 0.000003
978.000000 0.000003
979.000000 0.000002
980.000000 0.000002
981.000000 0.000001
982.000000 0.000001
983.000000 0.000001
984.000000 0.000001
985.000000 0.000001
986.000000 0.000000
987.000000 0.000000
988.000000 0.000000
989.000000 0.000000
990.000000 0.000000
991.000000 0.000000
992.000000 0.000000
993.000000 0.000000
994.000000 0.000000
995.000000 0.000000
996.000000 0.000000
997.000000 0.000000
998.000000 0.000000
999.000000 0.000000
1000.000000 0.000000
