n lam mean variance std
1000 0.340000 500.485626 19015.705827 137.897447
bin_midpoint probability
1.000000 0.000000
2.000000 0.000000
3.000000 0.000000
4.000000 0.000000
5.000000 0.000000
6.000000 0.000000
7.000000 0.000000
8.000000 0.000000
9.000000 0.000000
10.000000 0.000000
11.000000 0.000000
12.000000 0.000000
13.000000 0.000000
14.000000 0.000000
15.000000 0.000000
16.000000 0.000000
17.000000 0.000000
18.000000 0.000000
19.000000 0.000000
20.000000 0.000000
21.000000 0.000000
22.000000 0.000000
23.000000 0.000000
24.000000 0.000000
25.000000 0.000000
26.000000 0.000000
27.000000 0.000000
28.000000 0.000000
29.000000 0.000000
30.000000 0.000000
31.000000 0.000000
32.000000 0.000000
33.000000 0.000000
34.000000 0.000000
35.000000 0.000000
36.000000 0.000000
37.000000 0.000000
38.000000 0.000000
39.000000 0.000000
40.000000 0.000000
41.000000 0.000000
42.000000 0.000000
43.000000 0.000000
44.000000 0.000000
45.000000 0.000000
46.000000 0.000000
47.000000 0.000000
48.000000 0.000000
49.000000 0.000000
50.000000 0.000000
51.000000 0.000000
52.000000 0.000000
53.000000 0.000000
54.000000 0.000000
55.000000 0.000000
56.000000 0.000000
57.000000 0.000000
58.000000 0.000000
59.000000 0.000000
60.000000 0.000000
61.000000 0.000000
62.000000 0.000000
63.000000 0.000000
64.000000 0.000000
65.000000 0.000000
66.000000 0.000000
67.000000 0.000000
68.000000 0.000000
69.000000 0.000001
70.000000 0.000001
71.000000 0.000001
72.000000 0.000001
73.000000 0.000001
74.000000 0.000001
75.000000 0.000001
76.000000 0.000001
77.000000 0.000001
78.000000 0.000001
79.000000 0.000001
80.000000 0.000002
81.000000 0.000002
82.000000 0.000002
83.000000 0.000002
84.000000 0.000002
85.000000 0.000002
86.000000 0.000002
87.000000 0.000003
88.000000 0.000003
89.000000 0.000003
90.000000 0.000003
91.000000 0.000004
92.000000 0.000004
93.000000 0.000004
94.000000 0.000004
95.000000 0.000005
96.000000 0.000005
97.000000 0.000005
98.000000 0.000006
99.000000 0.000006
100.000000 0.000007
101.000000 0.000007
102.000000 0.000007
103.000000 0.000008
104.000000 0.000008
105.000000 0.000009
106.000000 0.000010
107.000000 0.000010
108.000000 0.000011
109.000000 0.000011
110.000000 0.000012
111.000000 0.000013
112.000000 0.000013
113.000000 0.000014
114.000000 0.000015
115.000000 0.000016
116.000000 0.000016
117.000000 0.000017
118.000000 0.000018
119.000000 0.000019
120.000000 0.000020
121.000000 0.000021
122.000000 0.000022
123.000000 0.000023
124.000000 0.000024
125.000000 0.000025
126.000000 0.000027
127.000000 0.000028
128.000000 0.000029
129.000000 0.000030
130.000000 0.000032
131.000000 0.000034
132.000000 0.000035
133.000000 0.000036
134.000000 0.000038
135.000000 0.000040
136.000000 0.000041
137.000000 0.000042
138.000000 0.000044
139.000000 0.000046
140.000000 0.000048
141.000000 0.000050
142.000000 0.000052
143.000000 0.000054
144.000000 0.000056
145.000000 0.000058
146.000000 0.000060
147.000000 0.000063
148.000000 0.000065
149.000000 0.000067
150.000000 0.000069
151.000000 0.000072
152.000000 0.000075
153.000000 0.000077
154.000000 0.000079
155.000000 0.000082
156.000000 0.000085
157.000000 0.000088
158.000000 0.000090
159.000000 0.000093
160.000000 0.000097
161.000000 0.000100
162.000000 0.000102
163.000000 0.000105
164.000000 0.000110
165.000000 0.000113
166.000000 0.000116
167.000000 0.000120
168.000000 0.000123
169.000000 0.000127
170.000000 0.000130
171.000000 0.000134
172.000000 0.000137
173.000000 0.000143
174.000000 0.000146
175.000000 0.000150
176.000000 0.000154
177.000000 0.000159
178.000000 0.000163
179.000000 0.000166
180.000000 0.000170
181.000000 0.000176
182.000000 0.000181
183.000000 0.000185
184.000000 0.000190
185.000000 0.000195
186.000000 0.000200
187.000000 0.000204
188.000000 0.000209
189.000000 0.000213
190.000000 0.000220
191.000000 0.000225
192.000000 0.000230
193.000000 0.000235
194.000000 0.000243
195.000000 0.000247
196.000000 0.000251
197.000000 0.000256
198.000000 0.000264
199.000000 0.000270
200.000000 0.000276
201.000000 0.000282
202.000000 0.000289
203.000000 0.000294
204.000000 0.000300
205.000000 0.000305
206.000000 0.000311
207.000000 0.000319
208.000000 0.000326
209.000000 0.000334
210.000000 0.000340
211.000000 0.000347
212.000000 0.000353
213.000000 0.000359
214.000000 0.000364
215.000000 0.000373
216.000000 0.000380
217.000000 0.000388
218.000000 0.000396
219.000000 0.000403
220.000000 0.000410
221.000000 0.000417
222.000000 0.000424
223.000000 0.000430
224.000000 0.000439
225.000000 0.000447
226.000000 0.000457
227.000000 0.000465
228.000000 0.000472
229.000000 0.000479
230.000000 0.000486
231.000000 0.000492
232.000000 0.000503
233.000000 0.000510
234.000000 0.000521
235.000000 0.000530
236.000000 0.000538
237.000000 0.000546
238.000000 0.000554
239.000000 0.000561
240.000000 0.000568
241.000000 0.000576
242.000000 0.000590
243.000000 0.000598
244.000000 0.000608
245.000000 0.000616
246.000000 0.000624
247.000000 0.000632
248.000000 0.000639
249.000000 0.000651
250.000000 0.000657
251.000000 0.000673
252.000000 0.000681
253.000000 0.000689
254.000000 0.000698
255.000000 0.000707
256.000000 0.000716
257.000000 0.000724
258.000000 0.000732
259.000000 0.000745
260.000000 0.000758
261.000000 0.000766
262.000000 0.000775
263.000000 0.000784
264.000000 0.000793
265.000000 0.000801
266.000000 0.000813
267.000000 0.000819
268.000000 0.000836
269.000000 0.000845
270.000000 0.000855
271.000000 0.000864
272.000000 0.000874
273.000000 0.000883
274.000000 0.000892
275.000000 0.000900
276.000000 0.000914
277.000000 0.000927
278.000000 0.000936
279.000000 0.000946
280.000000 0.000955
281.000000 0.000965
282.000000 0.000973
283.000000 0.000986
284.000000 0.000991
285.000000 0.001011
286.000000 0.001019
287.000000 0.001030
288.000000 0.001039
289.000000 0.001049
290.000000 0.001059
291.000000 0.001069
292.000000 0.001077
293.000000 0.001091
294.000000 0.001105
295.000000 0.001114
296.000000 0.001125
297.000000 0.001134
298.000000 0.001145
299.000000 0.001154
300.000000 0.001166
301.000000 0.001171
302.000000 0.001191
303.000000 0.001201
304.000000 0.001210
305.000000 0.001221
306.000000 0.001231
307.000000 0.001241
308.000000 0.001252
309.000000 0.001260
310.000000 0.001272
311.000000 0.001288
312.000000 0.001297
313.000000 0.001307
314.000000 0.001318
315.000000 0.001328
316.000000 0.001338
317.000000 0.001350
318.000000 0.001356
319.000000 0.001373
320.000000 0.001385
321.000000 0.001395
322.000000 0.001405
323.000000 0.001415
324.000000 0.001426
325.000000 0.001437
326.000000 0.001446
327.000000 0.001458
328.000000 0.001471
329.000000 0.001483
330.000000 0.001492
331.000000 0.001503
332.000000 0.001513
333.000000 0.001524
334.000000 0.001535
335.000000 0.001540
336.000000 0.001560
337.000000 0.001569
338.000000 0.001580
339.000000 0.001590
340.000000 0.001600
341.000000 0.001611
342.000000 0.001621
343.000000 0.001631
344.000000 0.001641
345.000000 0.001656
346.000000 0.001666
347.000000 0.001676
348.000000 0.001686
349.000000 0.001697
350.000000 0.001708
351.000000 0.001718
352.000000 0.001723
353.000000 0.001743
354.000000 0.001752
355.000000 0.001761
356.000000 0.001771
357.000000 0.001782
358.000000 0.001792
359.000000 0.001802
360.000000 0.001812
361.000000 0.001820
362.000000 0.001836
363.000000 0.001845
364.000000 0.001854
365.000000 0.001864
366.000000 0.001875
367.000000 0.001885
368.000000 0.001895
369.000000 0.001902
370.000000 0.001917
371.000000 0.001928
372.000000 0.001936
373.000000 0.001945
374.000000 0.001956
375.000000 0.001965
376.000000 0.001976
377.000000 0.001985
378.000000 0.001993
379.000000 0.002006
380.000000 0.002015
381.000000 0.002025
382.000000 0.002034
383.000000 0.002044
384.000000 0.002054
385.000000 0.002063
386.000000 0.002069
387.000000 0.002084
388.000000 0.002092
389.000000 0.002100
390.000000 0.002110
391.000000 0.002119
392.000000 0.002129
393.000000 0.002138
394.000000 0.002147
395.000000 0.002154
396.000000 0.002166
397.000000 0.002174
398.000000 0.002182
399.000000 0.002191
400.000000 0.002200
401.000000 0.002209
402.000000 0.002218
403.000000 0.002224
404.000000 0.002236
405.000000 0.002243
406.000000 0.002251
407.000000 0.002260
408.000000 0.002268
409.000000 0.002277
410.000000 0.002284
411.000000 0.002292
412.000000 0.002299
413.000000 0.002309
414.000000 0.002317
415.000000 0.002324
416.000000 0.002332
417.000000 0.002340
418.000000 0.002347
419.000000 0.002355
420.000000 0.002362
421.000000 0.002370
422.000000 0.002377
423.000000 0.002384
424.000000 0.002391
425.000000 0.002399
426.000000 0.002406
427.000000 0.002412
428.000000 0.002419
429.000000 0.002426
430.000000 0.002433
431.000000 0.002439
432.000000 0.002446
433.000000 0.002448
434.000000 0.002463
435.000000 0.002465
436.000000 0.002471
437.000000 0.002477
438.000000 0.002484
439.000000 0.002489
440.000000 0.002495
441.000000 0.002497
442.000000 0.002512
443.000000 0.002513
444.000000 0.002518
445.000000 0.002524
446.000000 0.002529
447.000000 0.002535
448.000000 0.002539
449.000000 0.002544
450.000000 0.002546
451.000000 0.002559
452.000000 0.002560
453.000000 0.002564
454.000000 0.002569
455.000000 0.002574
456.000000 0.002578
457.000000 0.002582
458.000000 0.002583
459.000000 0.002595
460.000000 0.002595
461.000000 0.002599
462.000000 0.002603
463.000000 0.002607
464.000000 0.002610
465.000000 0.002614
466.000000 0.002612
467.000000 0.002623
468.000000 0.002628
469.000000 0.002628
470.000000 0.002631
471.000000 0.002634
472.000000 0.002637
473.000000 0.002640
474.000000 0.002641
475.000000 0.002642
476.000000 0.002651
477.000000 0.002650
478.000000 0.002652
479.000000 0.002655
480.000000 0.002657
481.000000 0.002659
482.000000 0.002661
483.000000 0.002658
484.000000 0.002666
485.000000 0.002668
486.000000 0.002668
487.000000 0.002669
488.000000 0.002670
489.000000 0.002671
490.000000 0.002673
491.000000 0.002673
492.000000 0.002672
493.000000 0.002679
494.000000 0.002676
495.000000 0.002677
496.000000 0.002677
497.000000 0.002678
498.000000 0.002678
499.000000 0.002678
500.000000 0.002674
501.000000 0.002681
502.000000 0.002678
503.000000 0.002680
504.000000 0.002678
505.000000 0.002677
506.000000 0.002677
507.000000 0.002676
508.000000 0.002675
509.000000 0.002672
510.000000 0.002676
511.000000 0.002673
512.000000 0.002671
513.000000 0.002670
514.000000 0.002669
515.000000 0.002667
516.000000 0.002666
517.000000 0.002661
518.000000 0.002665
519.000000 0.002659
520.000000 0.002660
521.000000 0.002657
522.000000 0.002654
523.000000 0.002652
524.000000 0.002650
525.000000 0.002647
526.000000 0.002644
527.000000 0.002642
528.000000 0.002641
529.000000 0.002637
530.000000 0.002634
531.000000 0.002631
532.000000 0.002628
533.000000 0.002624
534.000000 0.002619
535.000000 0.002617
536.000000 0.002616
537.000000 0.002610
538.000000 0.002607
539.000000 0.002603
540.000000 0.002599
541.000000 0.002595
542.000000 0.002591
543.000000 0.002587
544.000000 0.002582
545.000000 0.002578
546.000000 0.002573
547.000000 0.002569
548.000000 0.002564
549.000000 0.002559
550.000000 0.002555
551.000000 0.002550
552.000000 0.002543
553.000000 0.002541
554.000000 0.002534
555.000000 0.002529
556.000000 0.002524
557.000000 0.002518
558.000000 0.002513
559.000000 0.002507
560.000000 0.002499
561.000000 0.002497
562.000000 0.002489
563.000000 0.002483
564.000000 0.002477
565.000000 0.002471
566.000000 0.002465
567.000000 0.002459
568.000000 0.002452
569.000000 0.002446
570.000000 0.002439
571.000000 0.002433
572.000000 0.002426
573.000000 0.002419
574.000000 0.002412
575.000000 0.002405
576.000000 0.002398
577.000000 0.002391
578.000000 0.002384
579.000000 0.002377
580.000000 0.002369
581.000000 0.002362
582.000000 0.002354
583.000000 0.002347
584.000000 0.002339
585.000000 0.002332
586.000000 0.002324
587.000000 0.002316
588.000000 0.002308
589.000000 0.002300
590.000000 0.002292
591.000000 0.002284
592.000000 0.002276
593.000000 0.002268
594.000000 0.002259
595.000000 0.002251
596.000000 0.002243
597.000000 0.002234
598.000000 0.002226
599.000000 0.002217
600.000000 0.002208
601.000000 0.002200
602.000000 0.002191
603.000000 0.002182
604.000000 0.002173
605.000000 0.002164
606.000000 0.002155
607.000000 0.002146
608.000000 0.002137
609.000000 0.002128
610.000000 0.002119
611.000000 0.002110
612.000000 0.002100
613.000000 0.002091
614.000000 0.002082
615.000000 0.002072
616.000000 0.002063
617.000000 0.002053
618.000000 0.002044
619.000000 0.002034
620.000000 0.002024
621.000000 0.002015
622.000000 0.002005
623.000000 0.001995
624.000000 0.001985
625.000000 0.001975
626.000000 0.001965
627.000000 0.001955
628.000000 0.001945
629.000000 0.001935
630.000000 0.001925
631.000000 0.001915
632.000000 0.001905
633.000000 0.001895
634.000000 0.001885
635.000000 0.001874
636.000000 0.001864
637.000000 0.001854
638.000000 0.001844
639.000000 0.001833
640.000000 0.001823
641.000000 0.001812
642.000000 0.001802
643.000000 0.001792
644.000000 0.001781
645.000000 0.001771
646.000000 0.001760
647.000000 0.001750
648.000000 0.001739
649.000000 0.001728
650.000000 0.001718
651.000000 0.001707
652.000000 0.001696
653.000000 0.001686
654.000000 0.001675
655.000000 0.001664
656.000000 0.001654
657.000000 0.001643
658.000000 0.001632
659.000000 0.001621
660.000000 0.001611
661.000000 0.001600
662.000000 0.001589
663.000000 0.001578
664.000000 0.001567
665.000000 0.001557
666.000000 0.001546
667.000000 0.001535
668.000000 0.001524
669.000000 0.001513
670.000000 0.001502
671.000000 0.001491
672.000000 0.001480
673.000000 0.001470
674.000000 0.001459
675.000000 0.001448
676.000000 0.001437
677.000000 0.001426
678.000000 0.001415
679.000000 0.001404
680.000000 0.001393
681.000000 0.001382
682.000000 0.001372
683.000000 0.001361
684.000000 0.001350
685.000000 0.001339
686.000000 0.001328
687.000000 0.001317
688.000000 0.001306
689.000000 0.001295
690.000000 0.001285
691.000000 0.001274
692.000000 0.001263
693.000000 0.001252
694.000000 0.001241
695.000000 0.001230
696.000000 0.001220
697.000000 0.001209
698.000000 0.001198
699.000000 0.001187
700.000000 0.001177
701.000000 0.001166
702.000000 0.001155
703.000000 0.001144
704.000000 0.001134
705.000000 0.001123
706.000000 0.001112
707.000000 0.001102
708.000000 0.001091
709.000000 0.001080
710.000000 0.001070
711.000000 0.001059
712.000000 0.001049
713.000000 0.001038
714.000000 0.001028
715.000000 0.001017
716.000000 0.001007
717.000000 0.000996
718.000000 0.000986
719.000000 0.000975
720.000000 0.000965
721.000000 0.000955
722.000000 0.000944
723.000000 0.000934
724.000000 0.000924
725.000000 0.000914
726.000000 0.000903
727.000000 0.000893
728.000000 0.000883
729.000000 0.000873
730.000000 0.000863
731.000000 0.000853
732.000000 0.000843
733.000000 0.000833
734.000000 0.000823
735.000000 0.000813
736.000000 0.000803
737.000000 0.000793
738.000000 0.000783
739.000000 0.000774
740.000000 0.000764
741.000000 0.000754
742.000000 0.000745
743.000000 0.000735
744.000000 0.000726
745.000000 0.000716
746.000000 0.000707
747.000000 0.000697
748.000000 0.000688
749.000000 0.000678
750.000000 0.000669
751.000000 0.000660
752.000000 0.000651
753.000000 0.000642
754.000000 0.000633
755.000000 0.000624
756.000000 0.000615
757.000000 0.000606
758.000000 0.000597
759.000000 0.000588
760.000000 0.000579
761.000000 0.000571
762.000000 0.000562
763.000000 0.000553
764.000000 0.000545
765.000000 0.000536
766.000000 0.000528
767.000000 0.000520
768.000000 0.000511
769.000000 0.000503
770.000000 0.000495
771.000000 0.000487
772.000000 0.000479
773.000000 0.000471
774.000000 0.000463
775.000000 0.000455
776.000000 0.000447
777.000000 0.000440
778.000000 0.000432
779.000000 0.000424
780.000000 0.000417
781.000000 0.000409
782.000000 0.000402
783.000000 0.000395
784.000000 0.000387
785.000000 0.000380
786.000000 0.000373
787.000000 0.000366
788.000000 0.000359
789.000000 0.000352
790.000000 0.000345
791.000000 0.000339
792.000000 0.000332
793.000000 0.000325
794.000000 0.000319
795.000000 0.000312
796.000000 0.000306
797.000000 0.000300
798.000000 0.000294
799.000000 0.000287
800.000000 0.000281
801.000000 0.000275
802.000000 0.000269
803.000000 0.000264
804.000000 0.000258
805.000000 0.000252
806.000000 0.000247
807.000000 0.000241
808.000000 0.000235
809.000000 0.000230
810.000000 0.000225
811.000000 0.000220
812.000000 0.000214
813.000000 0.000209
814.000000 0.000204
815.000000 0.000199
816.000000 0.000194
817.000000 0.000190
818.000000 0.000185
819.000000 0.000180
820.000000 0.000176
821.000000 0.000171
822.000000 0.000167
823.000000 0.000162
824.000000 0.000158
825.000000 0.000154
826.000000 0.000150
827.000000 0.000146
828.000000 0.000142
829.000000 0.000138
830.000000 0.000134
831.000000 0.000130
832.000000 0.000127
833.000000 0.000123
834.000000 0.000119
835.000000 0.000116
836.000000 0.000113
837.000000 0.000109
838.000000 0.000106
839.000000 0.000103
840.000000 0.000100
841.000000 0.000097
842.000000 0.000094
843.000000 0.000091
844.000000 0.000088
845.000000 0.000085
846.000000 0.000082
847.000000 0.000079
848.000000 0.000077
849.000000 0.000074
850.000000 0.000072
851.000000 0.000069
852.000000 0.000067
853.000000 0.000065
854.000000 0.000062
855.000000 0.000060
856.000000 0.000058
857.000000 0.000056
858.000000 0.000054
859.000000 0.000052
860.000000 0.000050
861.000000 0.000048
862.000000 0.000046
863.000000 0.000044
864.000000 0.000043
865.000000 0.000041
866.000000 0.000039
867.000000 0.000038
868.000000 0.000036
869.000000 0.000035
870.000000 0.000033
871.000000 0.000032
872.000000 0.000031
873.000000 0.000029
874.000000 0.000028
875.000000 0.000027
876.000000 0.000026
877.000000 0.000024
878.000000 0.000023
879.000000 0.000022
880.000000 0.000021
881.000000 0.000020
882.000000 0.000019
883.000000 0.000018
884.000000 0.000017
885.000000 0.000016
886.000000 0.000016
887.000000 0.000015
888.000000 0.000014
889.000000 0.000013
890.000000 0.000013
891.000000 0.000012
892.000000 0.000011
893.000000 0.000011
894.000000 0.000010
895.000000 0.000010
896.000000 0.000009
897.000000 0.000008
898.000000 0.000008
899.000000 0.000008
900.000000 0.000007
901.000000 0.000007
902.000000 0.000006
903.000000 0.000006
904.000000 0.000005
905.000000 0.000005
906.000000 0.000005
907.000000 0.000004
908.000000 0.000004
909.000000 0.000004
910.000000 0.000004
911.000000 0.000003
912.000000 0.000003
913.000000 0.000003
914.000000 0.000003
915.000000 0.000002
916.000000 0.000002
917.000000 0.000002
918.000000 0.000002
919.000000 0.000002
920.000000 0.000002
921.000000 0.000001
922.000000 0.000001
923.000000 0.000001
924.000000 0.000001
925.000000 0.000001
926.000000 0.000001
927.000000 0.000001
928.000000 0.000001
929.000000 0.000001
930.000000 0.000001
931.000000 0.000001
932.000000 0.000001
933.000000 0.000000
934.000000 0.000000
935.000000 0.000000
936.000000 0.000000
937.000000 0.000000
938.000000 0.000000
939.000000 0.000000
940.000000 0.000000
941.000000 0.000000
942.000000 0.000000
943.000000 0.000000
944.000000 0.000000
945.000000 0.000000
946.000000 0.000000
947.000000 0.000000
948.000000 0.000000
949.000000 0.000000
950.000000 0.000000
951.000000 0.000000
952.000000 0.000000
953.000000 0.000000
954.000000 0.000000
955.000000 0.000000
956.000000 0.000000
957.000000 0.000000
958.000000 0.000000
959.000000 0.000000
960.000000 0.000000
961.000000 0.000000
962.000000 0.000000
963.000000 0.000000
964.000000 0.000000
965.000000 0.000000
966.000000 0.000000
967.000000 0.000000
968.000000 0.000000
969.000000 0.000000
970.000000 0.000000
971.000000 0.000000
972.000000 0.000000
973.000000 0.000000
974.000000 0.000000
975.000000 0.000000
976.000000 0.000000
977.000000 0.000000
978.000000 0.000000
979.000000 0.000000
980.000000 0.000000
981.000000 0.000000
982.000000 0.000000
983.000000 0.000000
984.000000 0.000000
985.000000 0.000000
986.000000 0.000000
987.000000 0.000000
988.000000 0.000000
989.000000 0.000000
990.000000 0.000000
991.000000 0.000000
992.000000 0.000000
993.000000 0.000000
994.000000 0.000000
995.000000 0.000000
996.000000 0.000000
997.000000 0.000000
998.000000 0.000000
999.000000 0.000000
1000.000000 0.000000
